-2.319655e-01
1.050691e+00
-3.639879e-01
5.376000e+01
1.862585e+02
-1.735766e+01
3.519691e-04
-6.645963e+03
-2.818557e+05
-2.900299e+05
2.198726e+04
-2.191788e+04
1.844727e+05
2.337678e+04
-6.908996e+04
-1.333206e+05
-9.248973e+04
6.933801e+04
1.646772e+05
6.554309e+04
-5.611204e+04
2.150183e+04
5.104098e+04
3.518716e+04
2.264634e+04
4.274792e+04
3.968396e+04
1.804882e+04
4.453803e+03
2.928109e+04
-9.134622e+03
4.626366e+03
-5.846330e+04
-3.234080e+04
8.022305e+03
4.970801e+03
-1.681043e+04
-1.807610e+04
-1.692168e+03
1.362606e+04
-1.322696e+04
-1.688536e+04
-1.941182e+03
-6.238792e+03
9.699102e+03
-1.767381e+04
1.458735e+03
5.335586e+03
-8.993536e+03
-1.552867e+03
-1.713862e+02
-2.298816e+03
5.516009e+03
-1.005649e+04
5.406595e+02
1.435266e+04
-3.573965e+03
9.661899e+03
1.546990e+03
-5.263097e+03
1.001477e+03
1.291341e+03
-4.426518e+03
-5.235685e+03
-9.103896e+01
4.964596e+03
3.122917e+03
3.060254e+03
-4.897777e+03
1.821973e+02
-2.054103e+03
-1.722215e+03
4.734266e+02
9.578698e+02
-8.108013e+02
-9.483807e+02
3.858972e+02
8.737147e+02
-2.655270e+03
6.087720e+02
-2.935074e+03
2.381988e+02
-1.297327e+03
1.295276e+03
2.913694e+03
-4.126096e+02
-1.513479e+03
-1.221392e+03
1.391468e+00
-1.937258e+02
7.841548e+02
1.179544e+03
2.253653e+03
7.932396e+02
-1.368068e+03
1.961441e+02
9.102532e+02
-1.394082e+02
4.037340e+02
6.767522e+02
-1.156771e+03
-3.092782e+02
8.455288e+02
-9.104813e+02
1.496216e+02
-1.691967e+02
7.176876e+02
4.131827e+02
1.594474e+02
1.397880e+03
-1.105262e+02
1.196259e+03
-8.679131e+02
2.014366e+02
2.205219e+02
9.409122e+01
5.639966e+02
-8.963408e+02
1.894624e+02
5.068554e+01
5.297410e+02
1.745070e+02
-1.410925e+02
-3.167020e+02
4.635389e+02
-4.308202e+02
3.484924e+02
-1.023090e+01
-3.087104e+01
-1.923726e+02
3.050561e+02
2.390907e+02
-2.673460e+02
1.865780e+02
-2.049651e+02
-2.451187e+01
6.113776e+02
-3.962787e+02
1.586903e+02
-1.140122e+02
-2.119252e+02
2.716347e+02
7.468941e+00
2.153872e+02
-1.812679e+02
-6.101822e+01
2.763329e+02
-2.004287e+02
2.352251e+01
6.616934e+01
1.846015e+02
1.240699e+02
2.730289e+02
-2.011616e+02
-2.022641e+02
7.485453e+01
5.630647e+01
-5.845287e+01
-1.630946e+01
-2.566328e+02
6.690333e+01
4.818194e+01
5.198801e+01
4.799446e+00
-9.460439e+01
-1.231158e+01
-2.311084e+01
1.151801e+02
-6.613031e+01
7.653621e+01
8.910486e+01
3.919550e+01
1.017830e+02
-4.442629e+01
8.774131e+00
-7.187214e+01
-1.089613e+01
-2.349139e+01
-4.426243e+01
8.379643e+01
1.212174e+00
5.297444e+01
3.674321e+01
-1.379271e+01
8.639304e+01
-4.264654e+01
9.176517e+01
1.455718e+01
-9.153000e+01
1.827663e+01
3.418209e+01
1.834813e+01
-8.760896e+01
2.089929e+01
-2.737456e+01
9.046181e+00
-1.722181e+01
-6.087765e+00
-2.175261e+01
-8.454451e+00
-4.229494e+01
-4.476456e+01
4.249511e+01
1.874574e+00
2.907456e+01
2.823903e+01
-2.113182e+00
2.240891e+00
-6.026949e-01
1.170380e+00
6.262354e-01
4.000635e-01
1.769310e-01
-7.882785e-01
-9.992933e-02
-1.825996e-01
-3.117915e-01
-3.862630e-01
-8.199576e-02
-3.669950e-02
2.181081e-02
-1.142225e-01
3.239967e-02
-1.537024e-02
-1.140790e-02
-4.883308e-02
1.221098e-02
1.658587e-01
-4.220817e-02
-1.554596e-02
-9.869451e-03
5.363445e-02
-5.700628e-02
-7.897571e-02
1.221651e-02
