-6.082460e-01
-8.149036e-01
5.908543e-02
5.632000e+01
2.163766e+02
-1.892749e+01
3.634045e-04
-4.155329e+04
1.317991e+05
-4.079853e+04
-1.295626e+05
-3.057512e+04
-1.468065e+05
7.359538e+04
-6.380944e+03
-7.654659e+03
3.481675e+04
-6.477296e+04
1.121662e+05
-1.057189e+04
-9.322059e+02
-1.489400e+04
-3.306849e+03
1.382416e+04
-2.225677e+04
-7.862951e+02
-6.625407e+03
-3.390597e+04
-2.343163e+03
1.221534e+03
-6.522739e+03
-1.791968e+04
-1.182604e+04
-8.909257e+03
-9.601806e+03
-4.017694e+03
3.581105e+03
-1.076114e+04
5.387845e+03
2.619711e+03
-8.996951e+03
-5.113061e+03
-1.411041e+03
-1.088101e+04
-3.054327e+03
-7.898640e+03
1.714170e+04
-1.336745e+03
-4.380404e+03
3.728139e+03
-1.380771e+03
2.395976e+02
-6.658910e+03
6.243334e+03
-9.715814e+02
-9.003809e+02
1.381956e+03
4.859628e+03
5.356939e+03
-4.020920e+03
-6.565683e+03
-5.292494e+02
3.797856e+03
-1.047036e+03
8.266930e+02
4.151530e+03
5.857831e+02
-3.211698e+02
-2.695726e+03
2.633797e+03
1.832542e+03
1.850550e+03
8.014312e+02
-2.885886e+02
-2.481951e+03
-8.376015e+01
-1.221556e+03
5.524015e+02
-2.963739e+03
-6.749227e+02
5.951896e+02
-1.900695e+03
6.513499e+02
5.850497e+02
1.044978e+03
3.943757e+02
-9.215323e+02
-4.861303e+02
4.065122e+02
2.070285e+03
7.642589e+02
1.622268e+02
3.025565e+02
1.321677e+03
-1.031926e+03
9.387028e+02
6.583568e+02
-1.176146e+03
-6.599750e+02
-5.175337e+02
-8.323249e+02
2.784312e+02
1.279717e+03
2.624436e+01
-2.758689e+02
-5.380798e+02
1.430540e+02
1.084241e+03
1.036744e+03
1.171334e+03
6.558217e+02
-3.843726e+02
-3.972136e+02
3.414767e+02
-1.879823e+02
1.906698e+02
-1.833289e+02
2.415748e+01
-7.136846e+02
2.195488e+02
1.729968e+02
1.374712e+01
2.840032e+02
-4.342851e+02
6.256225e+02
-2.358919e+02
3.797107e+02
6.791647e+01
-4.588549e+02
1.473521e+01
3.954030e+02
4.588068e+02
1.130032e+02
2.219254e+02
-1.003747e+02
-2.963462e+02
2.506042e+00
-6.253610e+01
5.312321e+01
-2.028950e+02
-2.175314e+02
-1.439228e+02
2.598131e+02
1.561962e+02
4.411344e+01
1.391952e+01
-2.174251e+02
-2.594119e+02
7.149451e+01
2.781389e+02
1.673732e+02
4.953268e+01
-3.827665e+01
-2.044052e+01
-7.064123e+01
4.443896e+01
7.573202e+01
8.902807e+01
1.409175e+02
2.505585e+01
-9.858218e+01
4.435526e+01
-4.856361e+00
6.805088e+00
-2.196797e+02
-3.443950e+01
-1.144955e+02
1.568896e+02
-1.474277e+02
-1.735066e+01
-1.174396e+00
6.751420e+01
2.612700e+01
2.987388e+01
2.755338e+01
-9.277962e+01
9.274825e+01
3.147478e+00
-1.359098e+02
3.477546e+01
-4.138680e+01
4.156111e+01
2.960804e+01
-1.958754e+01
3.431009e+01
-4.517179e+01
5.363354e+01
1.240001e+02
-4.166364e+01
-4.043362e+01
4.710505e+01
6.933578e+00
-4.592990e+01
1.990736e+01
1.773032e+01
-6.998209e-01
1.679886e+01
2.912690e+01
-2.713896e+01
-3.337595e+00
-1.269256e+01
-2.621136e+01
7.036290e+00
2.984161e+01
2.764134e+01
4.765298e+00
-1.224966e-01
-9.079888e-01
-9.233660e-02
1.949295e-01
1.786559e-01
1.842612e-01
-3.685636e-02
-1.026924e-01
3.413793e-01
-1.043218e-01
2.944281e-01
2.571420e-01
-8.010677e-02
-8.434203e-02
-5.784128e-02
4.789694e-02
-7.716224e-02
-1.765422e-01
-1.264790e-01
1.167081e-01
-1.298436e-01
-1.755190e-02
-6.739733e-02
-9.553437e-02
9.808954e-02
-2.179977e-02
-4.617681e-02
3.815306e-02
-2.599476e-02
