2.155189e-01
-1.008460e-01
-3.970126e-01
3.498667e+01
1.506645e+02
-2.867809e+01
3.365834e-04
-7.422718e+04
4.932374e+04
-1.363004e+05
-7.138212e+04
1.507923e+05
-4.564378e+04
5.527762e+03
-4.092598e+04
-7.706569e+03
-6.091196e+04
-7.530970e+04
5.499086e+04
-1.813709e+04
-2.382904e+04
3.758587e+04
2.501594e+03
-3.002021e+04
2.690499e+04
2.131266e+04
-1.881300e+04
3.059277e+04
-1.469967e+04
-7.573982e+03
2.747588e+04
2.477587e+03
2.461503e+04
6.623356e+01
-1.709124e+04
-2.030162e+04
-1.758146e+04
1.335843e+03
4.100421e+02
3.933038e+03
1.683389e+03
-5.636075e+03
1.086240e+04
1.119488e+03
1.268897e+04
-3.922688e+03
8.941567e+03
-6.561191e+02
7.655258e+03
3.216135e+03
-3.402954e+03
-1.891351e+03
1.584303e+03
-2.586981e+02
6.398571e+02
3.661846e+03
-1.840095e+03
5.680213e+03
-1.549561e+03
7.064739e+02
-2.719828e+03
3.557569e+03
7.855452e+02
2.539470e+03
2.605604e+03
1.550490e+03
2.874528e+03
2.161870e+03
-1.360694e+03
7.397200e+02
1.605370e+03
1.033244e+03
1.633158e+03
3.283399e+02
-1.236726e+03
-8.208353e+02
-1.526373e+03
-8.935512e+02
-2.638734e+03
-8.433707e+02
1.732184e+03
-9.015772e+02
9.581611e+02
6.005306e+01
2.002008e+03
5.317958e+02
-1.025906e+03
-1.858165e+02
-6.785630e+02
1.789090e+03
-1.338017e+03
2.102513e+03
3.319288e+02
1.963044e+02
-1.108397e+03
4.070091e+02
1.040085e+03
-3.049000e+02
5.823782e+01
-5.115169e+02
-6.223223e+01
2.397054e+02
1.515389e+02
-6.941865e+02
-2.030995e+02
-4.108187e+02
5.041672e+01
1.261985e+03
5.749506e+02
5.525841e+02
3.993712e+02
-6.295036e+02
-2.305013e+02
-2.873944e+01
1.815609e+02
-1.598229e+02
-3.795773e+02
5.152095e+01
-2.678336e+02
6.352333e+02
1.062494e+02
7.776437e+02
-3.684163e+02
9.108858e+01
4.916368e+00
-1.005947e+02
2.525820e+02
2.531071e+02
-2.057804e+02
1.526728e+02
-3.756751e+01
1.629411e+02
-5.998242e+01
1.570292e+02
-6.648717e+01
-3.347354e+02
7.724968e+01
-1.886218e+02
-9.637693e+00
8.019655e+01
-1.530351e+02
-5.672675e+01
2.461980e+01
-4.759809e+01
1.523162e+01
1.169047e+02
-1.558824e+02
-2.398279e+02
-3.868041e+01
1.556945e+02
1.090414e+02
3.094521e+02
-2.906616e+01
-1.253954e+02
-4.826482e+00
-1.366218e+02
3.054266e+01
-1.837345e+02
1.731713e+02
2.813973e+01
-1.594763e+02
-7.696014e+01
-1.327144e+01
-1.651575e+02
-3.261482e+01
2.793852e+01
6.511819e+01
1.441364e+02
-3.352712e+01
-7.383250e+00
5.950930e+01
9.449938e+00
1.979273e+01
5.472567e+01
-2.690151e+01
-1.366888e+01
1.100141e+02
3.103262e+01
-1.684641e+01
9.815194e+01
1.274307e+02
1.288488e+01
-1.313815e+01
1.301502e+00
3.525546e+01
-3.294658e+01
-3.523670e+01
5.343651e+01
-1.484893e+01
1.046978e-01
3.917645e+01
3.972797e+01
2.365097e+01
-3.160069e+01
1.464433e+01
-8.240788e+00
-3.978355e+00
1.587278e+01
-3.084487e+01
5.701257e+00
1.731672e+01
-4.912562e+00
2.807144e+01
-4.934612e+00
2.112942e+01
7.802248e+00
-8.930095e-01
-1.659654e-02
-3.859758e-01
3.710788e-01
-6.063653e-02
1.395623e-01
7.964157e-02
-2.980450e-02
-1.341464e-01
-2.145369e-01
5.261809e-01
3.735377e-01
2.795852e-01
-1.230169e-01
7.075164e-02
-1.841612e-01
3.151897e-02
9.510500e-03
-1.839309e-02
2.103767e-01
1.497973e-02
5.354329e-02
-8.320396e-02
-1.192203e-01
2.141392e-01
-2.246717e-03
-5.776710e-02
7.191605e-02
-8.336645e-02
