-6.156983e-01
8.272592e-01
3.616898e-02
5.376000e+01
2.145181e+02
-1.589040e+01
3.518921e-04
-9.227636e+04
-77095
1.439926e+05
-2.857344e+04
-3.873045e+04
1.161104e+05
-1.344213e+05
7.368713e+04
-6.312523e+04
5.936638e+04
1.414123e+04
4.667566e+04
-5.493904e+04
-2.518262e+04
7.590974e+03
4.119698e+04
1.553568e+04
2.911572e+04
-4.608755e+04
-2.325837e+04
-1.246346e+04
-1.640269e+04
1.746764e+03
-5.263395e+04
-1.367592e+04
-2.310182e+03
-2.035908e+04
2.962761e+04
9.008711e+03
-9.818924e+02
5.448846e+03
2.895447e+03
-4.781467e+03
3.033207e+03
-2.038738e+04
-1.135612e+04
-3.336222e+03
2.936953e+03
-2.912553e+02
3.990042e+03
8.388669e+03
-7.127932e+03
-3.433715e+03
9.154753e+02
2.554152e+03
5.049388e+03
2.057565e+03
-4.128064e+03
2.571595e+03
8.724973e+02
6.171393e+03
-2.444708e+03
-1.151599e+04
-3.558022e+03
-1.226970e+03
-4.577419e+02
-5.263791e+03
1.831950e+03
3.659734e+03
5.400788e+03
4.220911e+03
-4.331824e+03
1.292416e+03
3.449259e+03
1.798216e+03
3.431833e+02
1.732949e+02
1.181268e+03
1.304532e+03
3.315464e+03
9.404940e+02
-4.796486e+03
-1.677470e+03
-5.288580e+02
-1.803914e+01
-2.604907e+03
6.377019e+02
1.682127e+03
2.170182e+03
-1.168639e+03
1.230888e+03
-5.266556e+02
-4.072253e+02
-7.346532e+01
-1.403779e+02
1.928563e+03
1.894910e+03
-1.066407e+03
1.076221e+03
2.082929e+03
6.258825e+02
-9.006625e+01
9.434691e+02
-9.726395e+02
-1.796986e+02
-6.100676e+02
-1.298678e+02
4.582592e+02
-2.192728e+02
1.100449e+03
3.244975e+02
6.102863e+02
1.177398e+03
3.798677e+02
1.280073e+03
-6.102790e+02
3.206266e+02
-1.842393e+02
-4.736760e+02
-2.162543e+02
-3.148652e+02
-5.453389e+02
4.140718e+02
-4.107746e+02
-2.137877e+01
-3.147895e+02
3.591523e+02
6.773060e+01
-3.100050e+02
-2.565099e+02
3.260226e+02
1.018409e+02
-3.161693e+02
2.398470e+02
2.789287e+02
7.254034e+01
3.557264e+02
-1.188322e+02
-1.601439e+02
4.192636e+02
-2.489563e+02
-1.408671e+01
1.790945e+02
-3.564480e+00
-1.528470e+02
-8.186132e+01
1.505483e+02
-1.580081e+01
1.183979e+02
3.982514e+00
-6.212748e+01
8.460660e+01
8.955980e+01
2.412389e+01
3.716999e+01
7.521446e+01
-4.366516e+01
-1.480470e+02
-2.594890e+01
1.428376e+02
4.502923e+01
-2.256851e+02
1.185138e+02
2.827418e+02
-7.456594e+01
2.144918e+01
8.557832e+01
2.735518e+01
-4.513327e+01
-5.505141e+01
4.081599e+01
-9.297320e+00
-3.086136e+01
4.848308e+01
1.239790e+02
8.633924e+01
1.026623e+01
7.753975e+00
-1.947211e+01
-8.313069e+00
2.773529e+01
-5.047990e+01
2.815058e+01
4.970731e+01
-3.632672e+01
-4.911902e+01
5.511187e+00
4.335540e+01
-2.554358e+01
3.627583e+01
3.581597e+01
-7.622684e+01
1.611127e+01
2.785994e+01
4.359889e+01
8.615927e+00
-1.304667e+00
6.018295e+01
-3.198875e+01
-4.612183e+01
-6.791272e+00
-2.808429e+00
5.755447e+00
-1.898973e+01
-5.762020e+01
2.692126e+01
-2.997512e+01
1.326063e+01
2.478975e+01
-8.255388e-01
-5.462260e-01
1.965320e-01
4.459777e-01
3.137906e-01
-4.195438e-01
-3.615974e-01
2.853907e-02
-1.451376e-01
-3.138189e-02
-1.517511e-01
-1.511556e-01
1.570646e-02
9.783085e-02
2.493270e-01
1.840130e-01
-8.441693e-03
1.490443e-01
1.262855e-01
-1.071377e-01
1.053849e-01
-1.034180e-02
-3.773844e-02
1.857881e-02
4.559210e-03
9.520159e-02
1.828013e-02
-5.966754e-02
2.183081e-02
