-1.352350e-01
-1.247881e+00
-3.298105e-02
5.347556e+01
1.753259e+02
-1.368820e+01
3.459792e-04
-1.104405e+05
-2.008482e+04
2.775832e+05
-4.437515e+03
-6.837472e+04
2.236326e+04
-1.322202e+05
1.174701e+05
-8.428961e+04
2.168970e+04
-2.047196e+04
9.668313e+04
-9.610395e+04
-6.253135e+04
4.258226e+03
3.767480e+04
-4.323644e+03
7.048511e+03
-3.324369e+04
1.161935e+04
-2.142337e+04
-3.250573e+04
-5.713972e+03
-1.260241e+04
-6.296263e+02
-1.068639e+04
-2.035584e+04
-1.563182e+03
7.427471e+03
-1.172102e+03
-1.279724e+04
-1.008684e+04
-4.588470e+03
6.917543e+02
-7.663025e+03
-2.650092e+02
-7.881043e+03
1.385261e+04
-2.802060e+03
-3.959060e+03
6.129700e+03
-2.173881e+02
-1.142481e+03
1.961899e+03
-2.680508e+03
3.132906e+03
-3.472747e+03
-5.274597e+03
1.273030e+03
-5.129417e+03
5.549904e+03
9.384149e+02
-8.297038e+03
-2.700880e+03
-1.598939e+03
-2.924956e+02
-3.297001e+03
-2.476239e+02
5.414254e+03
3.964321e+03
2.833915e+03
-5.203740e+03
-1.067141e+02
4.961596e+03
4.002822e+03
1.005909e+03
6.666528e+02
-5.886216e+02
2.513998e+03
1.830781e+03
2.169764e+03
-4.265363e+03
-3.064848e+03
3.514962e+02
-5.594510e+02
-1.601911e+03
2.679217e+02
2.297541e+03
1.075448e+03
-1.357488e+03
-1.479325e+03
-5.882166e+02
1.469763e+03
-1.275362e+02
-6.395984e+02
1.878604e+03
1.866354e+03
-1.366412e+03
6.088191e+02
1.936339e+03
-1.152804e+02
2.924643e+02
2.578454e+02
-9.723114e+02
-6.387394e+02
1.735883e+02
3.370799e+02
5.406841e+02
-6.122612e+02
6.753339e+02
-2.392937e+02
4.108449e+02
8.438270e+02
7.445181e+00
1.060937e+03
-5.378849e+02
9.672952e+01
-4.116321e+02
-2.238775e+02
-7.645402e+02
1.845135e+02
-1.927872e+02
4.280505e+02
-5.120267e+02
-9.799223e+00
-7.014601e+02
2.724324e+02
3.719535e+01
8.186482e+01
-1.098236e+01
5.461861e+02
-2.516429e+02
-3.328604e+02
1.718309e+02
1.360128e+02
2.539831e+02
4.071177e+02
-1.427984e+02
-1.319453e+02
5.237294e+02
-1.012745e+02
-4.574978e-01
3.253685e+02
5.242929e+01
6.967327e+01
-5.492768e+01
-1.635681e+02
-7.678990e+01
1.320638e+02
-4.863312e+01
-1.991277e+02
1.392922e+00
2.503277e+02
7.274075e+01
3.972673e+01
1.154202e+02
2.656841e+01
-8.132915e+01
-5.959333e+01
6.363717e+01
8.733224e+01
-3.898511e+01
-3.692299e+01
1.052706e+02
-2.456041e+01
-1.970020e+01
3.477977e+01
2.572595e+01
-1.625517e+01
-9.922307e-01
1.410957e+01
-6.055002e+01
-5.290404e+01
2.201920e+01
1.762477e+02
-3.835166e+00
2.645090e+01
-5.619511e+01
-4.662365e+01
3.254355e+01
2.036855e-01
-5.487804e+01
-1.876925e+00
7.651745e+01
-7.048181e+01
5.404431e+00
5.163287e+01
3.885593e+01
-1.739760e+01
5.225878e+01
3.226608e+01
-1.408390e+01
1.600445e+01
-2.713723e+01
2.531588e+01
-2.009948e+01
-6.881684e-01
1.951834e+01
4.285911e+00
-7.654443e+01
-2.731783e+01
1.410715e+01
1.648636e+01
1.915167e+01
-2.513938e+01
3.646407e+00
-4.426335e+01
1.393820e+01
1.944517e+01
-8.902109e-02
3.102382e-01
-6.766194e-01
-2.981621e-01
-2.466501e-01
-7.284920e-02
5.892475e-02
2.203613e-02
1.699250e-01
-4.204372e-01
4.632434e-02
-4.027600e-01
6.286772e-02
6.515753e-02
6.851530e-02
2.034685e-01
-1.643727e-02
5.186862e-02
6.673592e-02
-2.193785e-01
-7.576991e-02
1.696648e-02
-8.156107e-02
-4.168162e-03
-1.196193e-01
-2.694143e-02
2.121306e-02
-2.762071e-02
1.500566e-02
