3.908043e-01
-8.159260e-01
1.113120e-01
4.807111e+01
1.494937e+02
-2.123764e+01
3.243347e-04
-2.283954e+05
1.432668e+04
-1.813603e+05
-2.767049e+05
7.781531e+04
2.362875e+04
-7.772007e+04
1.357957e+05
-1.251476e+05
-7.359391e+04
-3.734360e+04
1.151629e+05
-5.958364e+04
-7.474649e+04
5.495824e+02
4.928170e+04
-3.285943e+04
3.819278e+04
3.954434e+04
-1.154635e+04
2.162712e+04
-2.270141e+04
-5.190156e+04
-3.227396e+04
-1.627806e+04
4.601266e+03
-4.073580e+04
1.955462e+04
-8.665831e+03
-1.507277e+04
1.265006e+04
4.712078e+01
2.028143e+04
-1.384431e+04
-2.154709e+04
-4.793115e+03
-1.040913e+04
1.150432e+04
-1.849952e+03
1.942041e+04
7.349410e+03
-1.841014e+04
-9.019514e+02
-5.348632e+03
-9.769735e+03
6.164113e+03
-3.605642e+03
-2.015206e+03
9.297785e+03
5.760810e+01
1.217119e+04
2.047782e+03
-1.333733e+04
-1.746933e+03
6.913937e+03
-2.412453e+03
-2.534476e+03
-1.185491e+03
3.767685e+03
6.043400e+03
10238
-2.413490e+03
2.093847e+03
2.371659e+03
-1.557010e+02
2.480329e+03
-1.329647e+03
1.595746e+03
3.614234e+02
-5.759127e+01
-4.792516e+02
-8.162562e+03
2.144234e+02
-2.280576e+03
1.888737e+02
-1.217708e+03
1.300464e+03
2.986415e+03
-2.072392e+02
-2.692931e+03
-2.319300e+02
-5.574395e+02
9.311953e+02
5.299026e+02
2.767007e+03
2.165932e+03
1.376463e+03
-4.964052e+02
1.534059e+02
2.082085e+03
-7.798735e+02
-5.130623e+02
9.501758e+02
-1.173061e+03
-1.563989e+02
7.764810e+02
-2.028815e+03
1.149620e+03
-5.746111e+02
4.491257e+02
1.106007e+03
6.458720e+02
1.525912e+03
3.581268e+02
1.507962e+03
-2.734967e+02
2.911571e+02
7.560767e+02
-8.808936e+02
1.141458e+01
-1.173891e+03
-4.475981e+02
5.311049e+02
2.029122e+02
7.971708e+02
-5.200438e+02
2.059507e+02
7.557637e+02
-4.238072e+02
3.155960e+02
-4.338390e+02
-3.601627e+02
8.098251e+00
3.039775e+01
1.159320e+02
-3.617463e+02
3.995508e+01
-4.064045e+02
-6.299428e+01
7.822993e+02
-5.336812e+02
1.719337e+02
3.361457e+02
-2.104966e+02
-5.315036e+00
1.632531e+02
5.023228e+02
-1.711416e+02
1.021906e+02
-3.588019e+01
-3.674330e+02
-1.165592e+02
1.196461e+02
2.457827e+02
4.517785e+02
7.116708e+01
-2.564026e+02
-1.901433e+02
-1.805308e+02
3.019763e+00
-5.926986e+01
-5.176885e+01
1.002302e+02
2.649624e+02
1.237969e+02
-7.050273e+01
-2.774675e+01
-1.211054e+02
3.911960e+01
2.921306e+01
1.563138e+02
-3.299479e+02
3.664843e+01
1.600761e+01
8.152982e+01
3.153840e+02
7.489284e+01
-1.036180e+02
-4.575581e+01
9.180447e+01
1.387336e+02
-4.924282e-01
6.558830e+00
3.482815e+01
-4.089689e+01
-3.745126e+01
-9.658569e+01
8.194563e+01
-3.343057e+01
1.089744e+02
4.898677e+01
-1.416040e+02
-1.533016e+01
5.380005e+01
6.891450e+00
-4.835668e+01
-3.714742e+01
1.537520e+01
-3.262396e+01
-4.689756e+01
8.856507e+01
-6.716269e+01
8.716611e+01
-3.306471e+01
-8.064512e+01
8.279517e+01
-1.892320e+00
-3.241214e+00
4.491277e+01
-4.445721e+00
-2.637177e+00
7.007292e-01
2.233727e+00
6.127622e-01
-1.865567e-01
-2.147389e-01
-7.476471e-01
-7.746940e-02
4.718807e-01
5.419857e-01
-1.646098e-01
3.389933e-03
-6.928403e-02
1.657999e-01
-1.664538e-01
-6.510625e-02
6.846587e-02
6.752186e-02
-2.411728e-04
-1.507238e-01
4.231334e-01
-2.847489e-02
-1.506848e-01
2.752592e-01
6.850725e-02
-4.253034e-02
-7.445526e-02
-1.518568e-02
