-1.413702e-01
3.573344e-01
-8.850098e-02
4.636444e+01
1.853694e+02
-2.321610e+01
3.414874e-04
-2.662104e+05
1.348991e+05
2.076377e+05
-3.951575e+04
-1.045253e+04
2.979753e+04
-1.319200e+05
1.408030e+05
-2.747021e+05
3.056313e+04
-8.265158e+04
2.651691e+04
-2.587026e+03
-4.206036e+04
-5.327751e+04
1.040348e+05
4.791959e+04
2.967522e+04
-6.844577e+04
6.234298e+04
-6.422182e+04
-4.339465e+04
2.348752e+04
-8.400053e+04
1.958891e+04
-1.393063e+04
-1.842061e+04
1.522136e+04
3.707322e+03
2.780622e+04
-3.573361e+03
-2.131789e+04
-1.673340e+04
-1.405629e+01
-4.394928e+03
-9.693562e+03
-3.514841e+03
1.266936e+04
-1.077786e+04
1.601321e+04
-6.624114e+01
1.072426e+04
-5.369380e+03
7.952397e+03
-7.067877e+03
2.893350e+03
2.912702e+02
-1.704237e+04
3.008604e+03
4.570010e+03
1.143719e+04
-4.691776e+02
-9.433432e+03
-3.796511e+03
-2.594130e+03
-1.769271e+03
-4.601146e+03
3.016265e+03
3.455119e+03
7.072628e+02
7.553132e+03
-5.143379e+03
3.598467e+03
3.513621e+03
7.052010e+03
1.080294e+03
-2.455633e+03
-4.077150e+00
-3.246877e+02
2.676511e+03
4.683681e+02
-5.956623e+03
-2.083687e+03
-9.319773e+02
-1.449202e+03
-4.670158e+03
-1.193070e+03
3.550452e+03
2.432550e+03
-2.549279e+03
1.080964e+03
-1.704506e+03
-4.072687e+02
3.562009e+02
-2.262240e+03
2.098246e+03
1.803865e+03
-1.684801e+03
3.578199e+02
2.646167e+03
9.497842e+02
-8.697323e+02
3.691743e+02
-1.155818e+03
-4.234156e+02
-6.214043e+02
-5.450039e+02
-2.896831e+01
-5.199968e+02
6.213246e+02
1.149624e+03
3.419181e+02
1.201930e+03
6.841286e+02
7.387381e+02
-2.657530e+02
5.795633e+02
2.149963e+01
-8.625927e+02
9.802787e+00
-6.621891e+02
-6.811224e+02
4.022184e+02
-3.488898e+02
-4.518231e+02
-7.822414e+02
4.241259e+02
4.169656e+02
-5.812219e+02
-6.252929e+02
1.779763e+02
1.499552e+02
-4.692372e+01
7.889657e+01
6.333114e+02
9.181262e+01
7.016812e+02
-3.775250e+02
1.118994e+02
4.555046e+02
-1.182580e+02
-2.467736e+01
1.398054e+00
7.807396e+00
-2.815262e+02
-1.469396e+02
1.531485e+02
1.078611e+02
3.286628e+02
-1.436380e+02
-1.709385e+02
4.453932e+01
-1.294864e+02
5.297441e+02
1.457305e+02
3.161487e+01
9.514864e+01
1.752399e+02
8.169274e+01
1.567110e+02
5.210435e+02
-1.781165e+02
-8.282919e+01
3.774928e+02
4.252810e+00
-5.157576e+01
1.267816e+02
-8.740237e+01
-1.278323e+02
-1.206498e+02
8.036626e+01
-1.518925e+02
-8.055081e+01
5.264649e+01
1.498128e+02
7.113863e+01
4.270327e+01
-4.851606e+01
-1.875316e+02
3.561324e+01
-8.890443e+01
7.278042e+00
4.704165e+01
-2.887364e+01
-9.709551e+01
-1.851699e+01
5.728554e+01
1.255154e+02
-1.178381e+02
-4.650763e+01
1.372484e+01
-1.681189e+02
-3.802417e+01
-2.058211e+01
8.954985e-01
3.686063e+01
7.004337e+01
1.866657e+01
-2.632382e+01
1.454916e+01
3.400648e+01
1.792533e+01
-7.746243e-01
-1.821857e+01
-3.472580e+00
2.970793e+01
-5.593053e+01
-6.249729e+00
2.928796e+01
-5.232981e-01
4.313653e-01
4.397094e-01
-1.067985e+00
4.509384e-01
-5.305915e-01
-8.018225e-01
-3.283972e-01
-1.514447e-01
-5.862572e-01
5.033287e-01
-2.553603e-01
3.624076e-02
1.469826e-01
1.775952e-02
4.170245e-01
7.298356e-02
-1.306165e-01
-8.929553e-03
-2.271354e-01
-3.311365e-01
5.407598e-02
-8.375625e-02
-3.358407e-02
-2.404002e-01
7.664473e-02
-2.479089e-02
-2.660711e-02
1.082864e-01
