-6.557515e-02
-9.717444e-01
-5.472650e-02
5.347556e+01
1.744874e+02
-1.913797e+01
3.460811e-04
9.331466e+04
-1.644387e+05
-2.728327e+04
3.690728e+05
1.192395e+04
-1.889791e+04
6.504336e+04
-4.138205e+04
-3.696807e+04
5.129853e+04
-9.353320e+03
-4.354121e+04
-3.015052e+04
2.632758e+02
-7.618681e+04
-1.590705e+03
-6.280572e+03
1.446702e+04
-1.009603e+04
-5.792234e+04
6.988294e+03
-4.438736e+04
1.427103e+04
-3.349483e+04
2.923139e+04
-2.315696e+04
-4.130087e+03
-2.364230e+02
5.978326e+02
-2.215229e+02
6.122290e+03
1.004460e+04
-4.995706e+03
-1.455202e+04
24093
-1.253283e+04
1.236754e+04
8.450292e+03
3.984021e+03
-5.010066e+03
6.667203e+03
8.688360e+03
-4.698856e+02
7.517074e+03
1.073136e+03
-1.343142e+03
4.364359e+03
1.689087e+03
-3.216849e+03
1.711941e+03
5.634114e+03
-2.092282e+03
-3.735491e+03
2.177707e+02
3.240043e+02
-7.475560e+02
-3.923418e+02
2.271499e+03
2.082670e+03
1.481096e+03
-7.626532e+03
-4.613605e+03
6.341509e+03
1.433289e+03
-2.571274e+03
-6.138951e+03
2.675218e+03
-1.164315e+01
1.779890e+03
3.554158e+03
3.462323e+03
-1.114034e+03
3.455166e+02
1.001744e+03
1.013172e+03
7.415475e+02
1.011128e+03
2.444902e+03
2.663273e+03
-9.465209e+02
5.045821e+01
-1.249482e+03
-9.633068e+02
-1.762399e+02
-1.180474e+03
6.090312e+02
7.486761e+02
-1.353134e+03
8.312473e+02
-2.835635e+02
9.038664e+02
8.239216e+02
6.524709e+02
4.391136e+02
7.807321e+02
3.870093e+02
5.222239e+01
-7.962103e+02
1.622171e+02
6.848663e+02
-2.373811e+02
-7.218353e+02
2.796925e+02
-6.110060e+02
5.050587e+02
-2.058679e+02
8.735242e+02
-2.421607e+02
1.261827e+02
-3.471042e+02
-1.046245e+01
5.605906e+02
8.972805e+01
-3.125392e+02
-3.941951e+02
-3.453198e+02
3.168943e+02
4.242101e+01
-2.491276e+02
-2.288184e+02
3.660836e+02
2.265634e+02
5.258936e+00
3.960918e+02
8.628889e+02
5.570933e+02
2.715877e+02
4.325733e+01
3.776234e+02
-2.088217e+01
2.178322e+02
1.498945e+02
-2.717615e+02
1.843804e+02
1.953688e+02
-1.169123e+02
5.638212e+01
1.850242e+02
1.676594e+02
6.219910e+01
1.321089e+02
2.225237e+02
5.763152e+01
-8.752944e+01
-1.345168e+02
1.290649e+02
2.271995e+02
-7.978898e+01
3.341248e+00
3.023538e+02
1.793834e+02
-4.952766e+01
-2.547446e+02
6.894398e+01
7.699672e+01
9.712560e+01
7.334495e+01
2.088024e+02
-1.282199e+02
-1.049118e+02
2.896564e+01
1.079019e+02
5.004428e+01
1.006198e+02
-6.445694e+01
-1.437877e+02
-2.583510e+01
7.540213e+01
-9.979199e+01
-2.994845e+01
-4.279400e+01
-5.196882e+01
2.977365e+01
-1.143986e+02
1.247009e+02
-2.394410e+01
4.293671e+01
3.453850e+01
-3.172409e+01
-5.889703e+01
-7.003213e+01
2.680833e+01
-7.774535e+00
1.460578e+01
8.896676e-02
-3.913370e+00
1.048879e+02
7.401460e+01
-9.575315e+00
-8.029585e-01
-6.737758e+01
2.007920e+01
-5.053362e+01
2.130161e+01
-1.330279e+01
-2.175324e+01
-2.548144e+00
5.181219e+01
1.757301e+01
1.210184e+00
1.425113e+00
5.868833e-01
-7.137025e-01
9.534661e-02
-1.426947e-01
-9.228141e-02
-8.405899e-02
-1.563618e-02
-3.881077e-01
-5.583894e-01
-4.127529e-01
2.947773e-02
1.396420e-01
-2.441640e-01
7.653160e-02
3.418823e-02
-8.508822e-02
-3.810033e-02
-1.689981e-01
4.342769e-02
-2.149294e-01
1.395669e-01
5.267447e-02
-1.470444e-01
3.442153e-02
-8.015779e-02
-9.186409e-02
3.792339e-02
