-4.446285e-01
3.040318e-01
-3.890358e-01
5.290667e+01
2.038297e+02
-2.309608e+01
3.349704e-04
8.642577e+04
-1.009971e+05
-4.278440e+04
5.557062e+04
-1.642308e+05
-3.373285e+04
2.406093e+04
3.330147e+03
-3.943996e+02
-7.716550e+04
-3.877147e+04
2.072639e+05
5.205273e+04
-2.359691e+04
-8.985503e+03
4.045104e+03
3.300663e+04
-1.654730e+04
-1.937382e+04
2.201201e+04
-3.205624e+04
-4.968254e+04
1.609914e+04
-1.752566e+04
4.277531e+04
-6.153990e+04
6.533160e+03
-6.673550e+03
1.754769e+04
-1.292332e+04
-1.097693e+04
8.718670e+03
-2.755667e+04
-9.421945e+03
2.324288e+04
4.429018e+03
7.004206e+03
5.752027e+03
-2.475776e+04
1.330256e+04
-8.847893e+03
4.940548e+03
7.253814e+03
-8.938839e+03
-3.832632e+03
-4.421969e+03
1.082918e+03
5.689836e+02
-3.049552e+03
4.770027e+03
5.957554e+03
7.318506e+03
-1.619729e+03
-3.459825e+03
-1.732152e+03
3.919018e+03
-1.573218e+03
3.946039e+02
3.390916e+03
-4.903733e+02
-7.414848e+03
-1.195435e+03
1.987526e+02
6.137396e+02
1.210535e+03
-1.027711e+03
7.809174e+02
-2.227866e+03
-3.472034e+02
-1.113320e+03
1.076874e+03
2.049181e+02
-1.488235e+03
1.724810e+02
-1.375276e+03
-7.618102e+02
4.675763e+02
6.483722e+02
9.984341e+02
1.235985e+03
-5.109339e+02
3.619249e+02
1.306271e+03
-1.937444e+03
-1.920919e+03
1.032554e+03
1.244104e+03
-2.087517e+03
1.273523e+03
4.220296e+02
-2.155955e+02
9.967601e+01
6.084930e+02
-5.549802e+02
9.290855e+01
1.201739e+03
6.643818e+02
-1.028898e+03
-5.598939e+02
8.180815e+02
3.502466e+00
3.612679e+02
2.110603e+02
-3.829840e+01
2.563074e+01
-1.959881e+02
5.794635e+02
-8.783705e+02
8.915676e+02
5.159365e+02
6.268170e+02
4.528449e+02
-1.384543e+02
-3.690659e+02
-5.096258e+02
2.229964e+02
-4.329125e+02
4.895493e+01
-9.679256e+01
1.750124e+02
3.810312e+02
-1.384344e+02
1.674697e+02
4.452449e+02
6.260589e+02
8.022728e+02
3.943665e+02
3.182781e+01
2.941160e+01
9.965101e+01
3.076932e+02
-3.363715e+01
-3.949675e+02
-1.866742e+02
2.976198e+02
-4.411182e+01
2.983652e+01
1.912374e+02
6.320844e+01
3.313948e+01
-3.258323e+02
8.183808e+01
-5.738542e+00
-7.397321e+01
-1.997386e+02
3.444240e+02
-5.443956e+01
1.621638e+02
5.867035e+01
-4.000403e+00
1.446128e+02
7.989180e+01
-1.634836e+02
-9.200537e+01
3.818467e+01
4.991356e+00
4.890288e+01
3.043273e+01
-1.145923e+02
-2.078164e+02
1.080412e+02
1.299921e+02
-1.554763e+01
2.941821e+01
2.603076e+01
-1.074868e+02
4.386679e+01
4.823014e+01
-9.620782e+01
-6.612048e+01
-9.935271e+01
-1.078407e+02
1.286365e+02
-7.424830e+01
-4.120132e+00
4.461320e+01
4.620340e+01
1.009443e+02
-1.133680e+02
-3.920318e+01
1.244470e+01
1.381658e+01
-1.945390e+01
6.117875e+01
-2.229138e+01
-1.212636e+02
3.874994e+01
2.794991e+01
7.916359e+01
5.137353e+01
-2.022980e+01
4.701621e+01
-6.797241e+01
1.934295e+01
3.850089e+01
-1.924970e+01
4.087976e+01
3.616508e+01
9.680638e+00
1.017034e+00
3.476084e+00
-1.918280e+00
5.401178e-01
3.458202e-01
1.261038e-01
-2.444701e-01
-4.234915e-01
7.491660e-02
-3.019139e-01
-4.495701e-01
5.211681e-01
-1.137524e-01
6.610233e-02
-2.444770e-01
-8.362940e-02
-1.097567e-02
-3.246886e-01
-2.836468e-01
2.885254e-02
-2.942123e-01
1.981868e-02
1.118358e-01
-2.025748e-02
-9.111141e-02
5.059339e-02
-1.313906e-01
-2.125275e-02
8.888383e-02
