1.343558e-01
-5.801578e-01
2.966259e-03
4.494222e+01
1.651842e+02
-2.472806e+01
3.455906e-04
-1.195528e+05
1.283212e+05
1.004480e+05
-2.735295e+05
-7.977588e+04
1.084834e+05
-7.246522e+04
6.552747e+04
-1.014254e+05
-8.254734e+03
-7.589755e+04
1.384552e+05
-1.318794e+04
-2.461808e+04
3.462372e+04
-5.387614e+03
1.043533e+04
1.724225e+03
-2.344532e+04
-1.963352e+04
-4.246882e+04
-2.031058e+04
-1.650737e+04
-2.085375e+04
-2.112021e+04
-1.863213e+04
-7.209116e+03
8.679956e+03
5.236151e+03
-5.629938e+02
-5.300374e+03
1.400243e+03
3.613939e+03
-8.835085e+02
-1.475011e+04
3.652989e+03
-1.524595e+04
1.435706e+03
-7.704740e+03
1.289176e+04
5.042917e+03
-6.474389e+03
1.885980e+03
2.198157e+03
1.475479e+03
-3.712424e+03
6.335021e+03
2.403193e+03
1.275933e+03
2.628732e+02
4.770525e+03
1.317878e+03
-4.123312e+03
-6.659741e+03
-4.924771e+02
9.001169e+02
-2.305676e+03
1.207230e+03
3.931844e+03
2.244844e+03
3.870756e+03
-1.665475e+03
-2.774490e+02
-3.177025e+01
3.825340e+03
3.112615e+03
2.043931e+02
8.034900e+02
-1.979784e+02
6.330161e+02
-3.989603e+02
-3.694253e+03
-1.788314e+03
-3.336317e+02
-1.526560e+03
-1.998833e+03
-4.810023e+02
4.933697e+02
9.744365e+02
-6.291685e+02
5.208261e+02
-6.478578e+02
1.452710e+03
-2.262733e+02
-1.286769e+02
1.634184e+03
1.128773e+03
-1.003670e+03
8.023879e+02
2.577781e+03
-4.073846e+02
-1.650880e+02
-4.577139e+02
-1.198627e+03
-3.442148e+02
-5.360812e+01
-2.927525e+02
-1.869283e+02
-6.657180e+02
6.245515e+02
1.076486e+03
9.842097e+02
9.325673e+02
1.187540e+03
-1.459802e+01
-1.411665e+02
6.997222e+01
-1.674219e+01
2.316064e+02
2.062395e+02
-1.327550e+02
-5.064936e+02
4.103204e+02
-1.249070e+02
3.551191e+02
-4.083480e+01
-2.485248e+01
5.704450e+01
-2.362981e+02
9.868459e+01
3.652927e+02
-2.111009e+02
-2.376260e+02
3.886068e+01
2.528874e+02
-1.138919e+02
2.621077e+02
1.091881e+01
-2.089023e+02
2.282081e+02
-1.674859e+02
7.260052e+00
-1.001241e+02
-1.702173e+02
9.372687e+01
1.465611e+01
1.996155e+02
1.383234e+01
-5.245999e+01
3.592286e+00
-1.872957e+02
-7.133362e+01
5.970847e+01
1.789760e+02
9.283180e+01
-7.502492e+01
-1.155455e+02
9.452119e+01
-4.455961e+01
2.259120e+01
4.300954e+01
-1.599798e+01
5.965208e+00
1.184719e+02
-1.004072e+02
-1.054263e+02
-2.632843e+00
-2.045803e+02
-6.207960e+01
-1.072377e+02
1.266684e+02
-1.815414e+02
-6.441695e+01
1.121594e+01
1.403212e+02
9.521065e+01
8.314164e+01
2.123240e+01
-9.672872e+01
6.253477e+01
1.066154e+01
-1.095676e+02
5.205709e+01
7.641689e+01
-4.303142e+01
-1.115274e+01
2.944388e+01
4.576199e+01
-5.075534e+01
2.350680e+01
1.025006e+02
-7.683652e+01
3.274170e-01
4.146190e+01
2.876427e+01
-1.188692e+01
-3.485715e+01
2.226609e+01
-7.946280e-01
-4.463364e+00
1.782709e+01
-2.156197e+01
-1.809661e+01
-3.897668e-01
-2.159932e+01
1.720800e+01
-5.095589e-02
-6.924918e+00
3.519775e+00
-5.859596e-01
-6.577346e-01
-8.846901e-01
2.968270e-01
2.368295e-01
-7.826101e-02
-3.190271e-02
2.080609e-01
-8.977236e-02
-8.939224e-02
5.912025e-01
3.618024e-01
-1.482892e-01
-1.988091e-02
2.083615e-01
2.822907e-02
-6.079158e-02
6.465661e-03
4.557365e-02
1.157702e-01
-2.665644e-02
7.084706e-02
-7.734635e-02
-8.875677e-02
1.194045e-01
7.307449e-02
-8.240087e-02
3.846392e-02
5.098133e-02
