-2.330346e-01
6.103782e-01
-1.024093e-01
4.807111e+01
1.956059e+02
-2.285347e+01
3.426695e-04
-2.117984e+04
-6.914435e+04
-1.840193e+05
-1.654368e+04
-6.549346e+04
-8.932587e+03
1.636921e+04
3.975248e+03
-7.423369e+04
-8.139856e+03
-3.846496e+04
1.214521e+05
2.128278e+04
-1.489864e+04
-1.532219e+03
8.249251e+03
5.156706e+04
-2.315528e+03
2.072053e+03
-2.096630e+03
-1.239673e+04
-1.854520e+04
3.156513e+04
-6.287954e+03
27484
-1.410772e+04
-2.044114e+04
3.255452e+03
6.114623e+03
9.786055e+03
-6.749958e+03
5.896141e+03
-5.056854e+03
-9.683645e+03
-5.224825e+03
-7.153004e+03
2.524588e+03
1.225690e+04
-1.249978e+04
7.111212e+03
1.561315e+03
7.219006e+02
4.806259e+02
2.096011e+03
2.483339e+03
-1.884762e+03
4.272396e+03
-3.809634e+02
3.986628e+03
2.981356e+03
6.148151e+03
2.709007e+03
-2.664913e+03
-3.586908e+03
-1.704330e+03
3.913477e+02
-2.446500e+03
2.179148e+03
4.117689e+03
7.908401e+02
-2.386968e+03
-2.455076e+03
2.614696e+03
3.893803e+02
-1.408606e+01
-1.438649e+03
6.758688e+02
-7.749832e+02
-6.298184e+02
-5.300486e+02
1.115626e+03
-2.863141e+03
-7.461714e+02
4.052663e+02
-6.196214e+02
-7.500121e+02
4.156394e+02
2.638535e+03
1.243876e+03
-1.447291e+03
6.260948e+01
-3.330333e+01
1.723854e+02
-4.645540e+02
-3.274031e+02
1.034324e+03
1.498955e+03
-1.604422e+03
2.167253e+02
1.063830e+03
5.282740e+02
-1.863992e+02
3.096305e+01
-8.298300e+02
1.518740e+02
7.711412e+02
-2.793697e+02
-2.374469e+02
-4.460110e+02
4.952948e+02
6.071445e+02
1.319802e+02
1.145182e+03
-2.429695e+02
6.783481e+02
-4.137216e+02
7.307223e+02
-2.741217e+02
8.021262e+01
5.001477e+02
-1.586728e+02
-1.293926e+02
4.296088e+01
-1.709035e+02
-1.273749e+02
-6.704803e+01
-8.559220e+01
1.383972e+02
-2.524366e+02
6.572791e+01
7.707188e+01
-7.885276e+01
1.920921e+02
3.521361e+02
4.542442e+02
3.132235e+02
3.622598e+02
-1.553141e+02
1.117154e+02
2.938402e+02
-3.747942e+01
4.050803e+01
-2.369975e+02
-1.195061e+02
7.079471e+01
1.806754e+01
5.295235e+01
6.349297e+01
-4.178812e+00
-4.684108e+01
-1.562097e+02
5.781245e+01
2.221625e+01
4.903896e+01
-1.995151e+00
1.469732e+02
4.565840e+01
-1.514639e+02
4.184488e+01
1.185544e+02
1.283855e+02
2.864878e+01
-1.480864e+02
5.514621e+01
5.232882e+01
4.312973e+01
4.463211e+01
-9.117567e+00
-9.551716e+01
-5.551062e+01
1.036391e+02
2.245534e+01
4.002261e+01
1.806622e+01
2.097876e+01
-4.351837e+01
4.361608e+01
2.541883e+01
-5.867756e+01
1.660538e+01
-3.115074e+01
-6.350086e+01
4.900918e+01
-9.407607e+01
-1.763823e+00
6.558886e+01
2.639092e+01
7.490428e+01
-6.123598e+01
1.974510e+01
1.815797e+01
-5.775781e+01
1.329495e+01
6.481747e+01
-5.414724e-01
-3.303855e+01
2.180137e+01
1.630791e+01
8.493756e+00
4.741678e+01
3.566002e+00
1.979937e+01
-2.604415e+01
-6.047400e-01
-6.152366e-01
1.271518e+01
2.931772e+01
1.269752e+01
1.280441e+01
-9.710168e-01
2.381241e+00
-7.170749e-01
2.144595e-01
2.525972e-01
-5.150476e-02
-1.064871e-01
-6.749992e-01
1.103229e-01
-3.203866e-01
-1.763811e-02
9.563217e-02
-1.592340e-01
-7.226345e-03
-1.249952e-01
5.312524e-02
1.178214e-02
-3.566965e-02
-1.873858e-02
4.863480e-03
-8.939186e-02
5.947658e-02
5.387378e-02
-1.054905e-01
-7.802900e-02
-2.227230e-02
1.453878e-02
-4.650640e-02
-2.939610e-02
