-4.753123e-01
-5.822912e-01
4.794520e-01
5.461333e+01
2.084166e+02
-2.185985e+01
3.518648e-04
-2.074399e+05
2.086577e+05
1.086039e+05
-7.859881e+04
-1.003022e+05
-7.606940e+04
-1.147467e+05
1.037868e+05
-2.606680e+05
3.841174e+04
-1.846495e+05
9.826019e+04
-9.995669e+04
-5.382369e+04
-4.832780e+04
5.854511e+04
2.680272e+03
-1.994203e+04
-3.839259e+04
3.394607e+04
-5.710104e+04
-2.945922e+04
-4.354825e+03
-1.472518e+04
2.418910e+04
9.792665e+03
-2.531754e+04
4.925659e+03
-5.968663e+03
2.684927e+04
1.544623e+04
-4.017477e+04
1.288304e+03
-3.555801e+03
-4.714165e+03
-9.896021e+02
-1.628588e+04
1.966327e+04
-5.247944e+03
1.338923e+03
-4.199520e+03
7.562044e+03
-4.655472e+03
1.166511e+04
-3.068383e+03
1.146782e+03
6.590410e+03
-1.118175e+04
4.999397e+03
-1.138210e+03
9.490576e+03
-2.288242e+03
-3.784191e+03
-2.541252e+03
-8.639813e+02
1.745354e+03
-8.103497e+02
3.736316e+03
3.601399e+03
3.224595e+03
3.518665e+03
-4.157650e+03
2.452436e+03
3.991048e+03
5.698279e+03
6.598118e+02
-3.084504e+03
-1.789680e+03
-3.723531e+01
-6.684991e+01
3.611877e+03
-5.621444e+03
-3.388050e+03
6.142178e+01
-8.650152e+02
-1.733468e+03
-8.740831e+02
4.120331e+03
1.508164e+03
-1.335143e+03
-1.628244e+03
-1.105446e+03
2.394893e+03
8.442623e+02
-1.671160e+03
1.661910e+03
1.966751e+03
-1.933489e+03
9.664433e+02
2.030196e+03
7.166013e+02
-4.575360e+02
-1.173626e+03
-1.010263e+03
-7.794174e+02
5.262779e+02
-2.151647e+02
2.786400e+02
-5.321752e+02
4.389852e+02
1.256246e+03
6.617733e+01
1.034051e+03
2.440229e+02
6.733520e+02
-3.757921e+02
8.049641e+02
-4.267315e+00
-5.003149e+02
-3.599378e+02
8.656818e+01
-3.379054e+02
5.499825e+02
-6.503840e+02
2.578156e+01
-5.994351e+02
4.183289e+02
5.190610e+02
1.355597e+01
-2.092577e+02
1.907861e+02
-1.420570e+02
3.963211e+01
2.848245e+02
3.265291e+02
1.420298e+02
5.590002e+02
-2.772286e+02
-1.350422e+01
6.982510e+02
-1.461602e+01
1.688480e+02
9.871712e+01
-1.654585e+02
-1.886205e+02
-3.947157e+01
-1.542010e+02
-7.101137e+01
2.902514e+02
-9.749122e+01
-1.252927e+02
-3.950888e+01
1.229040e+02
3.112863e+02
8.277563e+01
8.419350e+01
1.997657e+02
-2.059959e+01
-9.282289e+00
3.748963e+00
2.197371e+02
4.777374e+01
-8.958937e+01
1.301659e+01
-3.574902e+01
-3.518673e+01
4.904748e+01
3.725615e+01
-1.041600e+02
-8.715559e+01
5.716743e+01
-1.036583e+02
-2.175555e+01
-2.105794e+01
1.439161e+02
-7.799995e+01
1.270789e+02
-7.148542e+01
-3.017457e+01
4.958936e+01
-2.540363e+01
-2.762924e+01
-4.746241e+01
5.838363e+01
-7.672976e+01
1.618130e+01
1.331836e+02
5.961576e+01
-6.057439e+01
5.326256e+01
6.775196e+01
-7.754191e+01
-3.533529e+01
-1.141516e+01
-2.718654e+00
1.798350e+01
4.397092e+01
-3.145496e+01
-9.786005e+00
-2.083891e+01
-1.764175e+01
1.445955e+01
2.397425e+01
3.123389e+01
4.135543e+00
2.104100e+01
-2.705133e+01
-6.765159e-01
9.240355e+00
-6.820511e-01
8.381235e-01
-8.104936e-01
-5.449338e-01
-7.211249e-02
3.106673e-02
-2.273283e-01
-8.562440e-01
3.859359e-02
-9.167771e-01
4.110632e-01
-1.794608e-01
5.278886e-02
-3.463813e-02
-1.775743e-01
1.418272e-01
-8.444069e-03
1.381661e-01
9.779094e-02
-6.679989e-02
-1.729189e-01
7.464810e-03
-2.669600e-02
-2.693142e-01
-1.985177e-01
-8.493691e-02
5.051377e-02
-9.157473e-03
3.113931e-02
