-2.900179e-01
3.872251e-01
-1.055924e-01
5.518222e+01
2.097749e+02
-2.581750e+01
3.564772e-04
-1.702492e+05
-1.200375e+05
-2.081227e+05
-6.545837e+04
1.748410e+05
-2.085865e+05
7.943188e+04
-1.031527e+05
-1.519958e+05
7.346304e+04
-2.392566e+04
1.702558e+04
4.867971e+04
4.121006e+03
-6.113337e+03
5.748836e+03
4.386478e+04
8.281577e+04
4.765643e+04
1.518749e+04
2.906688e+04
-1.770979e+03
3.160948e+03
-1.661143e+04
1.549707e+04
1.049438e+03
-4.115289e+04
-2.114337e+04
-8.166681e+03
5.474488e+03
-2.672273e+04
9.553240e+03
1.322740e+04
1.658745e+04
-2.007948e+04
3.749656e+02
4.998556e+03
-6.001740e+02
-1.079843e+04
1.222960e+04
6.960136e+03
3.107500e+03
7.392367e+03
-2.700067e+02
-8.500538e+03
4.056006e+03
-7.421309e+03
-3.806911e+03
5.020625e+03
1.941974e+03
6.111024e+03
7.702911e+03
-1.226814e+04
-6.685805e+03
1.526304e+03
-2.849581e+03
-7.850813e+02
-6.945870e+02
3.733617e+03
9.848885e+02
7.970276e+03
-2.422414e+03
2.669958e+03
-4.306943e+02
-9.568461e+02
4.438169e+02
7.949062e+02
1.354947e+03
1.261654e+03
-3.657557e+02
-2.986319e+03
-4.479237e+03
1.632591e+03
-8.761013e+02
-2.401304e+02
1.125217e+03
1.086283e+03
4.003149e+03
-1.011313e+02
-3.163725e+03
-5.039437e+02
9.958848e+00
7.786618e+02
5.672069e+02
2.491728e+03
1.002959e+01
1.619763e+03
-6.149531e+02
-1.075667e+03
8.142161e+02
-3.778663e+02
-9.042933e+02
-3.833261e+02
4.695091e+02
2.808834e+02
1.079135e+03
-1.105538e+03
6.998238e+02
-1.202944e+03
2.175440e+02
1.071458e+03
1.021552e+03
2.354020e+03
-4.920042e+02
8.714438e+02
2.095959e+02
4.492258e+02
5.232106e+02
-3.661247e+02
-4.181187e+02
-1.254644e+03
-7.423076e+02
5.056506e+02
5.001973e+02
4.447988e+02
-5.885106e+02
-1.339623e+02
5.869171e+02
-5.448608e+02
1.037777e+02
-5.891933e+02
-1.676801e+02
-1.459514e+02
3.213788e+02
4.717815e+02
-7.208688e+01
8.093820e+01
-5.910157e+02
-1.206117e+02
1.631397e+02
-4.329392e+02
1.831278e+01
1.203215e+02
-2.165947e+02
-1.808236e+02
1.885726e+02
2.077919e+02
-1.744923e+02
1.268431e+02
1.139403e+02
-2.093905e+02
-1.456871e+01
3.275803e+02
2.561297e+02
3.566065e+02
5.515950e+01
-2.301707e+02
-1.322891e+02
1.084014e+02
1.741524e+02
2.983155e+01
6.737132e+01
-7.456406e+01
1.349901e+02
-1.793634e+01
1.134533e+02
-1.151942e+02
-1.919305e+02
3.449413e+00
7.840149e+01
8.729318e+01
-1.585923e+02
6.768534e+01
1.405930e+02
6.524811e+01
1.716280e+02
6.863725e+01
-2.638532e+01
-1.651114e+01
1.635340e+02
1.276103e+02
-2.206373e+01
7.816553e+01
-6.286635e+00
7.447253e+01
-6.687665e+00
-6.575241e+01
9.982562e+01
1.083461e+01
1.198517e+02
8.899786e+01
-1.261424e+02
1.634597e+01
4.733759e+01
8.205506e+00
-2.830925e+01
8.742721e-01
3.275431e+00
-2.706140e+01
-2.313576e+01
4.039097e+01
-5.209729e+01
5.731544e+01
-2.183393e+01
-7.839862e+01
4.341119e+01
-4.506769e+01
4.442437e+01
4.429132e+01
-2.961462e+00
-6.344699e-01
2.824501e-01
9.686201e-01
-1.231364e-01
-7.835363e-02
-3.673328e-01
-4.799868e-01
-3.244814e-03
8.445022e-02
5.172046e-01
6.150449e-02
1.199265e-01
4.607129e-02
2.554115e-01
-5.952428e-02
4.197185e-03
-1.230337e-01
-1.651378e-01
1.878314e-01
-1.336704e-01
6.945845e-02
-6.549871e-02
-2.051597e-01
2.490736e-01
1.656375e-02
-5.110187e-02
-1.512706e-01
-8.594607e-02
