-6.536993e-01
-1.307599e+00
4.665971e-01
5.632000e+01
1.945340e+02
-1.134095e+01
3.472280e-04
-1.368611e+05
1.636148e+05
1.747475e+05
1.570356e+05
1.028788e+05
1.508016e+04
-7.514738e+04
4.022576e+04
-7.622966e+04
6.389076e+04
-1.358502e+05
2.800042e+04
-3.770629e+04
-1.887087e+04
-3.937098e+04
6.110376e+04
2.658797e+04
6.938704e+03
-9.200695e+04
6.412344e+03
4.263298e+04
-6.271853e+03
-8.751951e+03
-1.884260e+04
6.810274e+04
-2.068287e+04
7.144135e+03
1.551383e+04
-4.261711e+03
3.735070e+04
1.608745e+04
-2.443039e+04
-7.891394e+03
-2.274617e+04
-5.754086e+03
-1.378355e+04
-1.941589e+04
9.629221e+03
-2.211489e+01
-3.813620e+03
-2.455226e+03
-2.731587e+03
-6.367620e+03
5.983778e+03
1.323032e+04
8.046037e+03
1.086520e+04
-4.695379e+03
3.371645e+03
8.137238e+03
1.142321e+04
-7.658173e+03
-2.078447e+03
-2.151814e+03
3.633844e+02
4.747451e+03
-1.075785e+03
-5.837382e+02
-4.361438e+03
4.663123e+03
-4.894427e+02
3.413562e+02
4.370366e+03
4.567360e+03
3.342509e+03
-1.040354e+03
-1.808523e+03
-3.258369e+03
-2.528732e+03
-2.395526e+03
1.332146e+03
-4.218346e+03
-3.554718e+03
-2.606900e+03
1.312449e+03
-1.677604e+03
-6.747117e+02
1.783938e+03
2.126197e+02
-2.228301e+03
1.512124e+03
5.075866e+02
1.022633e+03
6.277185e+02
-7.593163e+02
1.680405e+03
1.641747e+03
-1.307221e+03
1.423142e+03
2.148585e+03
7.117474e+02
-1.985828e+02
8.147359e+02
-1.708386e+03
6.633179e+01
-4.142981e+02
-7.535814e+02
4.798561e+02
1.749941e+01
3.658490e+01
1.239709e+03
5.234808e+02
1.122182e+03
1.118067e+03
7.334796e+02
-1.127164e+03
8.116767e+02
-1.666381e+02
-1.082302e+03
-1.302370e+02
-4.308278e+02
-2.308347e+02
8.395657e+02
-5.887692e+02
2.641456e+02
-2.603632e+02
4.125097e+02
5.065778e+02
-1.767744e+02
-4.634448e+02
1.349256e+02
2.932892e+02
1.523205e+02
1.130349e+02
2.615700e+02
1.186931e+02
2.136310e+02
-2.425547e+02
-4.890775e+01
5.818203e+02
2.546542e+00
1.189516e+01
4.597136e+01
-3.209238e+02
-3.245593e+02
-4.309904e+02
4.354292e+02
1.176475e+02
3.341201e+02
-1.060235e+02
1.718199e+02
-4.988676e+01
-6.534740e+01
4.415649e+01
-7.051805e+01
-1.185505e+02
1.093538e+02
-1.497010e+01
8.787011e+00
1.028384e+02
1.458070e+02
-1.125981e+01
-4.751705e+01
1.520451e+02
-9.710023e+01
-8.881741e+01
8.070883e+01
6.842787e+01
-1.135226e+02
-1.540404e+02
2.328733e+02
-6.776505e+01
-4.261137e+01
-1.386150e+01
-6.344189e+01
-7.106283e+01
1.680555e+02
-1.591879e+02
-1.073645e+02
-8.808762e+01
6.104022e-01
-1.292968e+01
-4.693700e+01
-6.159861e+01
1.554524e+00
-8.143279e+01
1.862718e+01
3.567388e+01
-5.505629e+01
6.684146e+01
4.095081e+01
-1.050512e+02
-5.153924e+01
2.015732e+01
-1.740024e+01
3.292195e+00
1.667666e+01
3.310814e+01
2.709884e+01
6.186584e+00
1.426541e+01
3.013778e+01
-1.116724e+01
2.588145e+01
-2.142846e+01
3.331320e+01
4.784405e+01
-1.366427e+01
2.575462e+01
-4.294287e-01
1.206701e-01
-5.720572e-01
-7.275153e-01
-1.976323e-03
-6.553905e-01
-3.542520e-01
-4.699862e-01
-8.417089e-02
-2.412410e-01
1.745877e-02
-9.082305e-02
1.676070e-01
9.575120e-02
-6.384486e-02
2.811819e-01
4.506750e-02
-3.012492e-02
-1.482281e-02
-1.954421e-01
-8.326723e-02
1.302302e-02
5.946447e-02
-1.484181e-01
-2.047777e-01
-5.190340e-02
2.054373e-01
7.056206e-02
2.051992e-02
