-2.855403e-02
8.140401e-01
1.431370e-01
4.721778e+01
1.755993e+02
-2.379981e+01
3.399084e-04
84632
-1.293533e+05
-2.729859e+05
-4.219109e+04
2.730048e+04
-1.529631e+05
9.645073e+04
-5.257865e+04
6.522059e+04
7.834366e+03
-5.625425e+04
3.471932e+04
7.006377e+04
-2.135964e+04
2.627107e+04
-1.178133e+04
-5.449382e+03
3.945424e+04
2.122531e+04
-2.447593e+04
4.083396e+03
-2.197223e+04
-4.598918e+03
6.697702e+03
-2.720755e+04
-8.495737e+03
9.862063e+01
-2.964657e+04
-5.095319e+03
-1.653821e+04
-2.511558e+04
3.344392e+04
1.317143e+04
5.375456e+03
-1.544288e+00
-4.481777e+03
1.141382e+04
-7.300935e+03
4.906199e+02
2.724020e+03
1.114154e+04
1.348127e+04
6.884880e+03
-3.718962e+03
-5.762250e+03
-3.117072e+03
4.637105e+03
4.921805e+03
-6.030770e+03
-9.900638e+02
-1.205817e+03
2.847926e+03
-2.469244e+03
1.973584e+02
2.814245e+02
-4.417080e+03
3.012999e+03
-4.411396e+02
5.450480e+03
-1.062760e+03
-2.531054e+03
-3.364508e+03
3.704553e+03
-1.053542e+03
-1.814446e+03
-3.569846e+03
2.245046e+03
1.802736e+03
8.650135e+02
9.785524e+02
3.114112e+02
4.623559e+02
-2.068833e+02
3.308269e+03
-1.489130e+03
1.423094e+03
-7.375219e+02
1.917931e+03
1.235099e+03
4.374671e+01
-1.048166e+03
-5.649584e+02
-2.066126e+02
-6.991361e+02
1.357219e+03
-3.667933e+02
-3.681548e+01
-7.794768e+02
-1.312593e+02
-6.811901e+02
-1.152769e+03
3.800919e+02
-1.177758e+02
3.842721e+02
3.104209e+02
8.261577e+02
-1.945605e+02
-1.058187e+03
-2.630716e+02
8.205007e+02
7.912918e+01
6.338074e+01
4.967605e+02
-4.203778e+02
-4.581002e+02
-1.256988e+02
2.506336e+02
-2.795760e+02
5.748430e+02
-4.959116e+02
-2.404993e+02
-1.356732e+02
2.765862e+02
5.921805e+01
-1.344921e+02
-1.379607e+02
-1.214420e+02
-3.272137e+02
6.626907e+01
-2.801643e+01
-8.292686e+01
-4.461495e+02
1.130720e+02
7.243052e+01
8.063396e+02
2.977146e+02
2.134415e+02
9.381158e+01
-1.815560e+02
-3.919073e+02
-1.396671e+02
-8.088000e+01
-3.113383e+02
-1.156128e+02
1.528380e+02
1.274542e+02
-4.157515e+01
1.466648e+02
2.120295e+01
3.909055e+01
-9.471194e+01
-4.050734e+00
1.700141e+02
8.580166e+01
5.233645e+00
-3.794297e+01
-1.222051e+00
-2.713920e+01
-2.144909e+01
2.066422e+02
-2.176678e+01
1.007205e+02
-7.420050e+01
-1.566983e+01
-3.257145e+01
9.635552e+01
-1.112534e+02
7.841139e+01
-7.794553e+01
-8.985381e+00
-9.783663e+00
8.783630e+01
1.264896e+01
6.855433e+01
4.479782e+01
-2.816559e+01
-3.903666e+01
5.770574e+01
-3.958607e+01
8.515025e+01
6.362845e+01
-6.455751e+01
1.145039e+02
3.543147e+01
1.315538e+02
-1.888378e+01
-1.356085e+01
1.040783e+02
-2.875834e+01
-4.385062e+01
4.271160e+01
1.335070e+01
1.158589e+01
6.856178e+01
5.745253e+01
1.180690e+01
1.557987e+01
6.294634e+01
-1.763884e+01
1.745307e+01
-3.822191e+01
-9.610019e+00
-3.146991e+01
1.897209e+01
-1.317068e+01
4.339403e+00
-2.243860e+01
3.552380e+01
-5.484091e+00
-3.457980e-01
2.734319e-01
-2.270340e-01
-1.130376e-01
-2.050177e-01
-1.687973e-01
6.384786e-02
2.434835e-01
1.232922e-01
-5.044693e-02
1.206683e-01
1.949967e-01
3.376633e-01
1.186074e-01
-2.661020e-02
-2.051719e-01
2.153115e-02
3.314874e-02
1.432121e-01
2.180355e-01
1.437891e-01
-6.781086e-02
-1.149051e-02
-6.486633e-03
2.009090e-01
7.617380e-02
-9.377922e-02
-1.041384e-01
5.441424e-02
