-2.602087e-01
4.047923e-01
-2.716016e-01
5.034667e+01
1.977360e+02
-2.471765e+01
3.475272e-04
-6.382614e+04
-9.095023e+04
5.241537e+04
-1.000193e+05
1.054793e+04
1.161533e+05
-6.150829e+04
8.422479e+04
-1.051574e+05
-3.075091e+04
-4.077021e+03
7.303268e+04
4.785070e+03
-3.645570e+04
2.462284e+04
1.257089e+04
-1.051070e+04
8.353964e+03
-7.662072e+02
-2.614889e+04
-8.146707e+03
-9.263543e+03
6.036271e+03
-2.057819e+04
-1.390865e+04
-5.140536e+03
-1.181937e+04
1.901883e+04
4.115608e+02
-1.298647e+04
3.095500e+03
3.237149e+03
-1.835026e+03
1.828618e+04
-2.712340e+03
-4.559703e+03
-4.229092e+03
9.092667e+03
-7.371228e+03
7.769446e+03
1.360644e+04
-1.641544e+03
1.832715e+03
4.981066e+03
8.546192e+02
3.223164e+03
-8.751350e+01
-2.737582e+03
1.787092e+03
1.068758e+03
8.158221e+03
-1.408010e+03
-7.478518e+03
-4.481577e+03
8.106319e+02
-9.100781e+02
-1.379878e+03
-1.839195e+02
3.556475e+03
2.604638e+03
2.649357e+03
-2.632558e+03
2.018653e+03
5.744384e+02
1.167706e+03
-2.616184e+02
2.420391e+03
1.546019e+03
5.835361e+02
1.860986e+03
6.718975e+02
-4.082936e+03
-8.165618e+02
-6.958377e+01
-2.610129e+02
-1.117251e+03
1.070640e+03
1.010367e+03
2.700560e+03
-8.639963e+02
1.533112e+02
-6.805085e+02
-8.473657e+02
-6.491801e+02
5.233542e+02
1.112644e+03
1.189200e+03
-9.770056e+02
8.659904e+02
1.836287e+03
9.392344e+01
-2.930286e+02
4.279366e+02
-9.740963e+02
-2.773076e+02
-1.390263e+02
-6.894835e+02
-3.126207e+02
-5.448506e+02
1.174091e+03
1.052010e+03
4.237447e+02
9.682698e+02
5.244960e+02
3.868656e+02
-4.012508e+02
8.139782e+02
2.325084e+02
-2.941525e+02
-1.598554e+02
-2.100145e+02
-3.522046e+02
4.774122e+02
5.302695e+01
1.023301e+02
-1.180520e+02
2.817026e+02
1.101904e+02
-3.596385e+02
4.024216e+01
4.588090e+02
5.640850e+01
-3.362308e+02
8.582140e+01
3.968452e+02
-9.783559e+01
1.321361e+02
2.030270e+01
2.899615e+01
9.102779e+01
-9.450438e+01
-1.171661e+02
-2.108213e+02
-1.531224e+02
7.873981e+01
-1.213173e+01
1.384661e+02
4.766624e+01
2.510844e+01
3.524459e+01
-5.436913e+01
7.141233e+00
2.740411e+01
1.646678e+02
7.749294e+01
-4.413374e+01
-1.582128e+00
6.441958e+01
-1.118380e+02
1.710597e+01
1.491324e+01
-9.160251e+01
-6.913905e+01
1.982306e+02
-1.140189e+02
2.143767e+01
-1.393921e+01
-6.208914e+01
-5.426860e+01
-2.677064e+01
1.120259e+02
-8.900602e+01
4.112429e+01
6.857227e+01
5.399045e+01
5.875111e+01
5.417076e+01
6.817300e+01
-8.708741e+01
3.133762e+01
-1.424171e+01
-9.735382e+01
3.901115e+01
7.108210e+01
4.656308e+01
-1.892166e+01
1.579370e+01
4.179706e+01
-5.821367e+01
2.842354e+01
7.002841e+01
-5.578739e+01
3.075072e+01
4.114270e+01
4.461944e+01
-9.419471e+00
1.009554e+00
4.910429e+01
-8.340730e+00
-1.701228e+00
-6.561257e+00
-1.178556e+01
-7.473350e+00
3.363276e+00
-4.186493e+01
-8.059796e+00
-1.346904e+01
1.740512e+01
1.079848e+01
-8.064857e-01
9.412813e-02
-1.233564e-01
4.616471e-02
2.722558e-01
-4.143357e-01
5.093570e-02
3.043182e-01
-2.678764e-01
-2.166916e-01
2.194627e-01
4.348589e-02
-6.889926e-02
-7.103732e-02
1.204732e-01
-1.249314e-01
-5.968527e-02
4.051604e-02
1.870670e-02
4.224461e-02
1.395312e-01
1.848045e-02
1.814425e-02
-1.006338e-01
1.447777e-01
5.870771e-02
-7.510796e-02
-5.986293e-02
6.580669e-03
