-2.884139e-01
5.811742e-01
-2.282021e-01
5.233778e+01
2.015282e+02
-2.213562e+01
3.244264e-04
-1.994854e+05
-1.166451e+05
-1.973479e+04
-308601
1.974391e+03
1.019417e+05
-1.172033e+05
4.423929e+04
-1.875937e+05
1.903762e+04
-6.186533e+03
1.083638e+05
-5.095977e+04
-2.814752e+04
-1.805163e+04
-1.618730e+04
1.851166e+04
1.524794e+04
1.350164e+03
-3.137106e+04
1.564047e+04
-8.356566e+03
-3.115581e+04
-4.081734e+04
-3.623741e+02
-1.213761e+03
-2.116254e+04
1.140780e+04
-7.171974e+03
-7.476979e+03
-2.469744e+03
8.010565e+03
8.152989e+03
-4.913533e+03
-3.379224e+04
3.550308e+02
-8.457946e+03
1.047435e+04
-1.151142e+03
8.503469e+03
1.012925e+04
-1.682587e+04
-4.035999e+02
2.253432e+03
-5.510545e+03
2.146370e+03
-2.913396e+03
-3.088374e+03
3.891945e+03
9.011271e+02
8.260035e+03
1.977370e+03
-7.793515e+03
-7.867910e+03
1.512419e+03
-2.275062e+03
-6.297527e+02
-8.234675e+02
4.454646e+03
4.743995e+03
1.034960e+04
-4.457369e+03
6.525287e+02
1.663769e+03
1.533539e+03
3.158066e+03
1.292770e+03
1.347024e+03
3.888654e+02
1.868620e+03
-4.299746e+02
-5.268951e+03
6.503204e+02
-2.123371e+03
-9.522984e+01
-1.867152e+03
1.334813e+03
2.211903e+03
1.261195e+03
-1.270082e+03
7.813661e+02
-4.506275e+02
6.502452e+02
1.616298e+02
1.449213e+03
1.371465e+03
1.723963e+03
-4.371038e+02
1.586467e+02
2.804420e+03
-3.076529e+02
2.230411e+02
6.622225e+02
-4.716775e+02
-1.022085e+02
1.413249e+02
-1.142536e+03
1.125843e+03
-9.799874e+02
6.403070e+02
9.229074e+02
1.495261e+03
1.556634e+03
7.772321e+02
1.264543e+03
-1.675898e+02
2.546999e+01
3.426238e+02
-9.155463e+01
1.522843e+02
-6.773373e+02
-6.875244e+02
3.256738e+02
3.208952e+02
7.611904e+02
-3.192936e+02
2.270330e+02
3.879156e+02
-5.334847e+02
-1.347712e+02
-1.048534e+02
-1.985359e+02
-3.322845e+02
1.333085e+02
2.830666e+02
-2.769979e+02
-1.904761e+00
-3.204635e+02
-2.761986e+02
3.508033e+02
-3.964853e+02
6.806014e+01
9.452551e+01
-1.191398e+02
1.171158e+02
-4.682095e+00
2.584722e+02
-1.740584e+02
1.993177e+00
9.270980e+01
-1.990851e+02
-1.240818e+02
1.773045e+02
1.780259e+02
2.579120e+02
-5.754603e+01
-1.240225e+02
-9.331456e+01
-3.539737e-01
-1.224918e+01
5.181657e+01
-7.023643e+01
-1.043107e+02
2.715207e+02
-5.694518e+01
-3.710931e+01
-7.282380e+01
-1.543254e+02
4.821473e+00
5.157020e+01
1.685068e+02
-2.035559e+02
5.225418e+01
9.638057e+01
1.079351e+02
1.696227e+02
8.554610e+01
-6.548411e+01
-6.014478e+01
4.693789e+01
6.834618e+01
-3.420383e+01
-6.806842e+00
3.999244e+01
-7.438508e+00
-5.961196e+01
-4.210553e+01
1.018980e+02
-1.320158e+01
1.164312e+02
8.624403e+01
-1.418249e+02
1.180777e+01
5.181221e+01
3.712119e+01
-3.607748e+01
-2.100899e+01
1.554060e+01
6.831021e+00
-4.088577e+01
1.313791e+01
-3.736712e+01
3.270194e+01
-2.375557e+01
-6.734047e+01
3.912970e+01
-1.659774e+01
5.329796e+00
3.582549e+01
-3.942432e+00
-4.831150e-01
-4.130208e-02
8.157542e-01
1.597158e-01
-7.500827e-01
-1.291861e-01
-2.823175e-01
5.252395e-02
9.726302e-02
5.819979e-01
-6.597575e-02
-2.367311e-01
5.534773e-03
4.138130e-01
-9.049675e-02
-7.754318e-02
2.420388e-02
1.552642e-02
8.433736e-02
9.132581e-02
1.735176e-01
-8.603582e-02
-1.996544e-01
2.793970e-01
7.316242e-02
-3.755283e-02
-6.546009e-02
-1.297988e-02
