-5.343947e-02
-4.218363e-01
-1.981555e-01
4.209778e+01
1.752212e+02
-2.476789e+01
3.380397e-04
-2.080958e+05
1.229454e+05
9.664016e+04
-1.289394e+05
-5.024498e+03
-6.289264e+04
-1.275143e+05
1.324832e+05
-1.702018e+05
7.196112e+04
-9.010731e+04
2.108071e+04
-1.022221e+05
-2.468122e+04
-1.612853e+04
1.380774e+04
1.354058e+04
-4.367380e+03
-1.791815e+04
2.053248e+04
-3.703230e+04
-1.979492e+04
-3.605305e+04
-1.681611e+04
1.830398e+04
-2.955399e+04
-1.524270e+04
2.686444e+04
9.555901e+03
1.635098e+04
8.225380e+03
-2.871852e+03
2.878885e+03
-2.475537e+03
-9.552694e+03
1.949353e+03
-1.187322e+04
1.866816e+03
-1.445960e+03
6.127035e+03
-8.160678e+03
-1.716301e+03
-3.910723e+03
5.730871e+03
-4.890582e+02
1.464969e+03
5.811562e+03
-5.944238e+03
3.823071e+03
4.029928e+03
6.935445e+03
-5.308431e+02
-6.416911e+03
-3.473696e+03
-3.102959e+03
4.396207e+02
-1.018565e+03
2.299001e+03
8.782931e+02
3.233496e+03
5.004284e+03
-3.428960e+03
4.898459e+01
4.225288e+03
3.069206e+03
2.142486e+03
-1.725523e+03
-4.841747e+02
1.266313e+03
-1.124144e+03
4.693812e+02
-5.715142e+03
-1.042381e+03
-1.566575e+03
-2.277782e+02
-1.192855e+03
-2.936151e+02
3.671686e+03
-9.576473e+01
-2.718818e+03
-6.624714e+02
2.976973e+02
1.114826e+03
9.001027e+02
-1.290798e+02
9.403280e+02
2.133816e+03
-1.338481e+03
9.270144e+02
1.107678e+03
8.706938e+02
-1.230291e+02
-4.610153e+02
-1.097105e+03
-2.872879e+02
5.462446e+02
-6.827685e+02
9.266039e+02
-5.572779e+02
-3.253009e+02
8.911598e+02
8.234464e+02
1.310242e+03
3.102361e+02
1.266511e+03
-5.751507e+02
1.787665e+02
-3.858937e+02
-5.682468e+02
-1.053440e+02
-3.407082e+02
-6.207513e+02
5.961436e+02
-3.447899e+02
2.244442e+02
-5.985578e+02
1.957937e+02
3.199503e+02
-1.472032e+02
-1.386534e+02
-1.362593e+02
-1.209732e+02
9.569438e+01
2.484257e+02
2.673505e+02
1.049067e+02
4.033990e+02
-5.723578e+02
-1.855122e+02
4.510183e+02
-1.912760e+02
1.473522e+02
1.546871e+02
-1.992449e+02
-3.887194e+02
7.995240e+01
1.306698e+02
-4.880029e+01
1.971358e+02
-6.036185e+01
-2.140604e+02
-3.356374e+01
1.236928e+02
2.377172e+02
1.505569e+02
6.668837e+01
1.922314e+01
-6.670249e+01
7.495404e+01
3.733769e+01
1.234493e+02
2.426760e+00
2.753039e+01
1.031895e+02
5.369979e+01
-2.084594e+01
3.541034e+01
-6.361990e+01
-1.864752e+01
-7.630064e+01
1.102824e+02
-1.234455e+02
1.192983e+01
5.115366e+01
8.129126e+01
6.802576e+01
3.444518e+00
-1.109374e+02
-4.126481e+01
2.348601e+00
2.284739e+01
-2.673379e+01
4.810910e+01
2.253153e+01
-3.480976e+00
-9.970036e+00
6.736645e+00
7.706835e+01
-9.491799e+00
8.838295e+01
6.370877e+01
-1.009794e+02
-2.661114e+01
1.315000e+01
-6.759584e+00
-4.228200e-01
3.253837e+01
-1.794761e+01
-1.214868e+01
-4.849464e+01
2.996935e+01
-2.622545e+01
3.208799e+01
1.020939e+01
-2.920599e+01
4.312466e+01
-3.536469e+01
1.183459e+01
1.507050e+01
-1.782003e+00
-3.808433e-01
6.017645e-02
1.200391e-01
-6.260608e-02
-2.540183e-02
-3.865004e-01
-7.470672e-01
4.108438e-02
-1.263675e-01
2.300508e-01
-2.667532e-01
3.256484e-02
4.436879e-02
-2.368412e-02
2.509421e-01
5.042914e-02
-4.504491e-02
-5.168683e-03
-1.616600e-01
-2.061725e-01
5.712708e-02
-8.142968e-02
-1.169681e-01
-6.317160e-02
-2.128208e-02
6.962197e-02
1.807068e-02
-3.631646e-02
