-7.965565e-02
-1.429023e+00
4.381067e-02
5.859555e+01
1.811252e+02
-1.208434e+01
3.684503e-04
3.398391e+04
-1.200314e+05
-1.195329e+05
-1.483176e+05
-1.152009e+05
-3.071927e+05
1.656645e+05
-1.738714e+04
2.235772e+04
-5.347386e+04
-8.302090e+04
1.130330e+05
-8.086962e+04
1.481336e+04
-1.464108e+04
1.283952e+04
-1.462474e+04
1.571061e+04
3.134523e+04
-3.144557e+04
4.587751e+03
-2.263279e+04
-6.572771e+03
2.170248e+04
-9.159213e+03
-3.115047e+04
-3.615387e+03
-2.454891e+04
4.924864e+03
-3.421093e+02
-2.387706e+04
1.636395e+04
-1.292929e+04
-9.075408e+03
-1.356605e+04
-3.597999e+03
-6.851051e+03
4.172361e+03
-7.094989e+03
-4.611691e+02
-4.544269e+03
-3.411049e+03
7.659348e+02
-1.330251e+04
1.291995e+03
-1.877714e+03
-2.035442e+03
6.771712e+01
6.308506e+03
-1.182596e+03
9.820318e+03
7.027089e+03
-7.981832e+03
-4.616886e+03
2.569997e+03
-3.360438e+03
-2.099258e+03
8.119117e+02
1.721856e+03
2.902812e+03
-3.052183e+03
-3.226494e+03
3.257568e+03
9.415768e+01
2.617368e+02
-1.598746e+03
3.802771e+02
-8.400381e+02
1.468448e+03
-2.394923e+02
1.662673e+03
-1.952236e+03
-6.190224e+02
2.040752e+03
-1.099353e+03
2.313047e+03
9.025555e+02
3.057036e+03
6.530024e+02
-1.251838e+03
-1.432851e+03
-1.833887e+02
1.883967e+03
-1.419128e+03
1.292203e+03
6.565894e+02
1.590403e+03
-1.750781e+03
1.001794e+03
2.392339e+02
-8.505148e+02
2.014218e+02
-3.966797e+02
5.995907e+01
6.910966e+02
6.835356e+02
-2.143615e+02
-3.015868e+02
-1.434043e+02
1.433959e+03
4.763402e+02
-3.951656e+02
6.767170e+02
-4.320013e+02
-1.122972e+02
-3.655861e+02
7.383376e+02
2.166381e+02
6.468890e+02
-5.704995e+02
-1.142587e+00
1.780024e+02
1.630713e+02
-1.507350e+02
5.772568e+01
-1.825287e+02
-2.544997e+02
4.957483e+02
1.795704e+02
-8.527664e+01
1.915117e+02
-6.085684e+02
1.697835e+02
4.260721e+02
4.920688e+02
1.796926e+02
5.887700e+01
-1.656455e+02
-7.199062e+01
3.578341e+02
-2.072441e+02
1.465434e+01
1.801240e+02
-3.668866e+02
2.285522e+02
1.356191e+02
-1.180626e+02
-2.068512e+01
-1.792620e+01
-1.073647e+01
-2.405421e+02
-3.068440e+01
4.306401e+02
-1.183504e+02
1.761647e+02
1.905576e+02
-6.827444e+01
-1.154196e+02
-1.109481e+02
8.345080e+01
-8.454600e+00
2.448539e+02
-2.491703e+02
-1.974135e+02
1.436743e+02
8.882368e+01
-9.575958e+01
-5.256454e+01
3.489984e+01
-4.343737e+01
7.455800e+01
1.392470e+02
7.070564e+01
1.269391e+02
-8.171072e+00
-8.802476e+01
1.157470e+02
5.915813e+01
-4.457087e+01
9.725325e+00
3.965900e+01
-7.405089e+00
7.226034e+01
-7.265175e+01
7.519986e+01
6.850692e+01
6.630116e+00
1.170874e+02
-4.270121e+01
-2.950897e+01
8.489683e+00
6.782548e+00
-6.946111e+00
4.006138e+01
2.202927e+01
-2.482878e+01
-2.032700e+01
-5.496702e+00
4.204695e+01
3.639756e+01
-1.952307e+01
1.406927e+01
-5.868485e+00
7.398246e+00
-3.245980e+01
2.867007e+01
2.368328e+01
3.061652e+01
2.429647e+01
-8.801893e-01
3.016818e+00
-6.450868e-01
3.329494e-01
-7.859980e-02
1.775565e-01
4.675446e-01
-4.956867e-01
2.627427e-02
-4.603399e-01
1.501586e-01
1.830235e-01
1.460413e-01
7.967976e-02
-1.065025e-01
-1.847570e-01
3.252479e-02
9.457589e-03
1.403312e-02
2.070797e-01
-1.067565e-01
1.350463e-01
8.891347e-02
1.179699e-02
1.554749e-01
1.134223e-02
-5.702566e-04
-6.236267e-02
-6.903096e-02
