-1.335452e-01
-1.479920e+00
2.889490e-01
5.632000e+01
1.728961e+02
-1.191313e+01
3.562160e-04
-1.018388e+04
6.984950e+04
-1.377335e+05
1.674803e+05
1.113028e+04
-9.146747e+04
5.616211e+04
1.716902e+03
-1.054807e+05
-2.511888e+04
-7.903269e+04
-4.346000e+03
-3.717542e+04
-3.002156e+04
-2.773765e+04
3.368995e+04
-2.466997e+04
1.273897e+04
1.862724e+04
-2.890003e+02
-2.183271e+04
-3.049479e+04
-1.305144e+04
1.626482e+04
3.601608e+04
-7.734914e+03
-8.875163e+03
1.724998e+04
-1.487337e+03
-2.012094e+03
1.770870e+04
-6.761782e+03
-7.577347e+03
-1.398909e+04
4.926450e+03
-1.043163e+03
3.904887e+03
4.514835e+03
-1.201750e+04
4.415739e+02
-4.012493e+03
9.479195e+03
-3.051928e+03
4.457956e+03
1.748418e+03
-1.136921e+03
9.680604e+03
-6.258851e+03
4.658343e+03
3.536473e+03
6.378710e+03
-2.796273e+03
-4.653121e+03
7.643566e+02
-1.636267e+03
-3.683986e+02
-2.744414e+03
2.766121e+03
3.592518e+02
1.412458e+03
-4.955151e+03
-2.309014e+03
4.161179e+03
1.601046e+03
6.366991e+01
-2.855280e+03
7.159984e+02
1.638747e+02
6.301081e+02
-1.054005e+03
1.038900e+03
-4.008762e+03
-1.465812e+03
8.314081e+02
1.764538e+02
6.525323e+02
8.396527e+02
5.244491e+03
1.315085e+03
-2.067611e+03
-9.580421e+02
-1.170758e+03
1.805551e+02
-8.857414e+02
-7.904971e+02
-1.123833e+02
7.688987e+02
-2.500319e+03
6.153527e+02
1.418976e+02
1.125546e+03
1.680858e+01
-1.822058e+02
-1.087125e+03
4.396832e+02
3.310836e+02
-3.107172e+02
-3.862375e+02
-3.701489e+02
3.317495e+02
9.716444e+02
-3.657635e+02
6.557513e+02
-8.381732e+02
2.718406e+02
-3.311932e+02
1.197973e+03
-8.742422e+01
-2.543254e+02
1.536206e+02
1.915825e+02
6.484382e+01
2.752849e+02
-2.360884e+02
1.184341e+02
-4.564389e+02
1.691856e+02
1.943940e+02
1.697689e+01
-1.841652e+02
-8.421104e+01
-1.013837e+02
3.414975e+02
4.385456e+02
4.273036e+02
2.705276e+02
3.190902e+02
-6.930133e+01
1.490218e+02
2.629582e+02
-2.184796e+02
1.047765e+02
-1.049513e+02
-2.122038e+02
-1.185403e+02
-5.179049e+01
-4.473279e+00
6.872070e+01
1.787433e+02
-5.314660e+01
-1.517077e+02
7.869025e+01
-2.298902e+01
1.310702e+02
8.727094e+01
2.345657e+02
6.681847e+01
-1.025073e+02
-9.547100e+00
1.660329e+02
2.623221e+01
7.151275e+01
-8.537405e+01
-2.295969e+01
7.454731e+01
1.335647e+02
6.722944e+00
1.002790e+02
-1.156618e+02
-6.017004e+01
3.949998e+01
8.270720e+01
4.648029e+01
8.882532e+01
-3.523129e+01
-1.449395e+02
4.933195e+01
-2.999674e+01
-2.191328e+01
3.902903e+01
1.963427e+01
3.985866e-01
4.921579e+01
-2.378719e+01
5.139986e+01
2.477086e+01
3.582072e+01
6.459059e+01
-4.429109e+01
-1.891547e+01
-1.710009e+01
-1.079537e+01
1.201621e+01
3.047396e+01
-1.053936e+01
1.877712e+01
6.287842e+01
9.236714e+00
-1.848187e+01
8.244414e+00
-1.302971e+01
1.441759e+01
3.405393e+00
2.954522e+01
-9.234896e+00
1.457000e+01
1.630200e+01
2.154105e+01
2.500743e+01
-3.729262e-01
1.057001e+00
6.086840e-02
-4.594506e-01
-1.551075e-01
4.337454e-02
1.538323e-01
-7.121018e-01
-2.714163e-01
-2.860969e-01
4.392324e-03
-2.662020e-01
1.707840e-01
5.290828e-02
-3.522437e-01
4.305416e-02
7.538753e-02
3.629955e-02
4.711615e-03
-8.341113e-02
-6.678341e-02
4.429693e-02
7.034246e-02
-1.704624e-02
-1.031089e-01
-1.301927e-03
6.329771e-02
-2.112638e-02
-5.983173e-02
