9.677786e-02
-8.452578e-01
7.343978e-02
4.807111e+01
1.707837e+02
-2.210904e+01
3.407857e-04
-1.138300e+05
6.437887e+04
-1.015303e+05
-3.920352e+05
-1.036915e+05
-1.296947e+05
3.625648e+04
2.231351e+04
-1.337567e+05
-1.352767e+04
-5.499765e+04
1.352588e+05
-6.692696e+03
-7.712307e+03
5.069725e+03
-1.225505e+04
3.061604e+04
1.375047e+04
3.065711e+04
-1.557478e+04
-3.969227e+04
-5.933618e+03
-3.486850e+04
5.609891e+02
-2.450390e+04
-2.662639e+04
-1.809684e+04
-5.971457e+03
-1.880362e+03
-1.012649e+04
-1.832553e+04
4.847930e+03
1.643912e+03
-3.825636e+03
-2.210231e+04
4.628894e+03
-6.995266e+03
-2.796629e+03
-6.333177e+03
1.660414e+04
3.960773e+03
-1.265332e+04
2.050394e+03
-2.809357e+03
-6.305532e+03
-2.253149e+03
5.854451e+02
4.035545e+02
1.118314e+03
1.772113e+03
4.896597e+03
8.012455e+03
-7.497273e+03
-6.699891e+03
1.532544e+03
-1.256211e+03
-2.348540e+02
-9.426240e+02
4.827176e+03
8.111843e+02
4.276834e+03
-2.859395e+03
1.476864e+03
-5.536765e+02
1.522190e+03
1.543397e+03
1.024604e+03
6.062654e+02
3.480910e+01
-5.300514e+02
-1.089602e+03
-3.862468e+03
-5.300870e+02
6.538223e+02
-1.939923e+03
-4.125952e+02
1.505272e+03
1.708466e+03
9.262283e+02
-1.516498e+03
-6.769066e+02
-6.478743e+02
9.941373e+02
-4.269363e+02
8.549014e+02
3.448048e+02
1.634790e+03
-1.008324e+03
-3.683426e+01
1.535414e+03
-1.059588e+03
-8.045461e+01
-2.807873e+02
-5.677326e+02
-2.073586e+02
7.552027e+02
-4.855598e+02
-3.372815e+02
-1.031966e+03
8.076028e+02
1.209743e+03
9.136154e+02
8.507466e+02
3.758981e+02
1.444731e+02
-9.906570e+01
1.473268e+02
3.612268e+02
2.756070e+02
-2.166348e+02
-3.944060e+02
-4.465573e+02
2.409561e+02
2.997866e+02
5.711069e+02
3.138239e+01
-3.287711e+02
3.796591e+02
-5.914766e+01
8.311460e+01
1.215796e+01
-5.228866e+02
-1.006835e+02
2.240282e+02
3.894234e+02
-2.161120e+02
1.025746e+02
-1.292379e+02
-2.252951e+02
1.313744e+02
-2.285358e+02
-1.585504e+01
-7.849728e+01
-2.728487e+02
6.103993e+01
1.508531e+02
1.703206e+02
1.812252e+01
-5.292279e+01
3.962091e+00
-2.177097e+02
-1.348644e+02
2.019122e+02
1.596021e+02
1.499152e+02
-6.121609e+01
-1.325811e+02
3.230701e+01
1.450753e+01
1.042913e+01
3.549491e+01
1.262883e+02
-4.303509e+01
5.192831e+01
4.523042e+01
-6.029570e+01
-2.178531e+01
-2.297256e+02
-8.609694e+00
-7.526944e+01
1.250755e+02
-1.545289e+02
-4.568298e+01
4.957569e+01
9.007435e+01
1.369874e+02
8.893309e+01
3.256512e-02
-6.035773e+01
8.634486e+01
8.726350e+01
-6.916462e+01
4.631622e+01
8.766035e-01
1.159559e+00
1.731966e+01
-2.646805e+01
7.979420e+01
-3.616280e+01
3.651697e+01
1.115659e+02
-7.955208e+01
6.273790e+00
4.397365e+01
3.554526e+01
-3.385168e+01
-2.569031e+01
-1.287351e+00
5.364482e+00
1.698082e+01
3.499936e+01
-2.490576e+01
5.495982e+00
-2.705689e+00
-4.617579e+01
2.740980e+01
-6.035776e+00
7.810330e+00
1.668829e+01
-1.880588e+00
-2.516349e-01
-1.095293e-01
2.084558e-01
4.235019e-01
2.304872e-03
-1.686352e-01
-2.034999e-01
3.617454e-02
7.804330e-02
7.798745e-01
2.633323e-01
-1.715392e-01
-1.834430e-02
1.529346e-01
-1.791137e-01
-3.987569e-02
-6.116231e-03
4.089514e-02
2.493547e-01
-9.853540e-02
1.501575e-01
4.144127e-03
-7.078182e-02
2.551657e-01
5.992183e-02
-7.125946e-02
3.315489e-03
9.206885e-03
