-2.108832e-01
8.736836e-01
-4.972048e-01
5.063111e+01
1.873004e+02
-2.047478e+01
3.519698e-04
-6.473980e+03
-2.813951e+05
-2.899565e+05
2.201934e+04
-2.203202e+04
1.843967e+05
2.334237e+04
-6.915891e+04
-1.333082e+05
-9.249810e+04
6.928389e+04
1.647097e+05
6.554129e+04
-5.613731e+04
2.156068e+04
5.102390e+04
3.515399e+04
22631
4.275515e+04
3.967541e+04
1.805796e+04
4.477797e+03
2.933952e+04
-9.136291e+03
4.603144e+03
-5.841458e+04
-3.236440e+04
8.003812e+03
4.974044e+03
-1.682519e+04
-1.806929e+04
-1.685006e+03
1.365318e+04
-1.324523e+04
-1.688266e+04
-1.945394e+03
-6.235463e+03
9.692528e+03
-1.769605e+04
1.448579e+03
5.335806e+03
-8.976606e+03
-1.540032e+03
-1.804862e+02
-2.309806e+03
5.513149e+03
-1.004210e+04
5.569882e+02
1.435070e+04
-3.577943e+03
9.662396e+03
1.547342e+03
-5.261496e+03
9.992772e+02
1.292257e+03
-4.426808e+03
-5.224799e+03
-1.031769e+02
4.964789e+03
3.123058e+03
3.066677e+03
-4.904944e+03
1.779338e+02
-2.052327e+03
-1.721735e+03
4.687376e+02
9.606898e+02
-8.138715e+02
-9.481108e+02
3.827510e+02
8.687023e+02
-2.655906e+03
6.090097e+02
-2.935331e+03
2.388164e+02
-1.299873e+03
1.294907e+03
2.911799e+03
-4.151167e+02
-1.515157e+03
-1.221625e+03
3.116549e+00
-1.956227e+02
7.849540e+02
1.179776e+03
2.252931e+03
7.931434e+02
-1.367094e+03
1.957948e+02
9.088315e+02
-1.415135e+02
4.031113e+02
6.788777e+02
-1.158236e+03
-3.109493e+02
8.460649e+02
-9.106044e+02
1.488675e+02
-1.695790e+02
7.171685e+02
4.129510e+02
1.612988e+02
1.397367e+03
-1.102153e+02
1.195672e+03
-8.678913e+02
2.011697e+02
2.212435e+02
9.451436e+01
5.639543e+02
-8.967971e+02
1.896304e+02
5.065492e+01
5.304081e+02
1.736512e+02
-1.410595e+02
-3.174464e+02
4.639062e+02
-4.311087e+02
3.496492e+02
-1.009074e+01
-3.095214e+01
-1.923192e+02
3.055119e+02
2.392025e+02
-2.677164e+02
1.865390e+02
-2.051552e+02
-2.450993e+01
6.107265e+02
-3.957505e+02
1.584802e+02
-1.143995e+02
-2.120722e+02
2.712355e+02
7.852534e+00
2.161001e+02
-1.814596e+02
-6.109699e+01
2.765438e+02
-2.003468e+02
2.349826e+01
6.643343e+01
1.850555e+02
1.236818e+02
2.731660e+02
-2.008129e+02
-2.022578e+02
7.495832e+01
5.652775e+01
-5.817044e+01
-1.627943e+01
-2.564484e+02
6.697121e+01
4.790033e+01
5.196652e+01
4.573625e+00
-9.488960e+01
-1.246100e+01
-2.318305e+01
1.152373e+02
-6.646326e+01
7.659658e+01
8.913165e+01
3.919585e+01
1.019246e+02
-4.477271e+01
8.575879e+00
-7.197810e+01
-1.094128e+01
-2.344629e+01
-4.436765e+01
8.369640e+01
1.213379e+00
5.318084e+01
3.663934e+01
-1.374944e+01
8.631087e+01
-4.273647e+01
9.203700e+01
1.455599e+01
-9.173750e+01
1.833112e+01
3.406082e+01
1.830672e+01
-8.761019e+01
2.097082e+01
-2.735036e+01
9.079104e+00
-1.728848e+01
-6.123487e+00
-2.184802e+01
-8.395046e+00
-4.227311e+01
-4.482156e+01
4.245622e+01
1.802004e+00
2.913751e+01
2.828244e+01
-2.113605e+00
2.242363e+00
-6.021960e-01
1.170802e+00
6.259110e-01
3.998156e-01
1.762987e-01
-7.878796e-01
-9.982137e-02
-1.821012e-01
-3.119055e-01
-3.867947e-01
-8.208396e-02
-3.674466e-02
2.209086e-02
-1.141541e-01
3.235184e-02
-1.557952e-02
-1.161470e-02
-4.871436e-02
1.245959e-02
1.656964e-01
-4.233231e-02
-1.585477e-02
-9.762960e-03
5.389945e-02
-5.736173e-02
-7.910340e-02
1.252990e-02
