-2.053075e-01
-4.975307e-01
-1.778588e-01
4.864000e+01
1.926651e+02
-2.327510e+01
3.434561e-04
-8.218829e+04
-2.748628e+05
4.664561e+04
1.462278e+05
5.439327e+04
-8.690966e+04
5.548678e+04
-5.889246e+04
-6.375243e+04
3.915944e+04
-4.821700e+04
4.681824e+04
6.558323e+04
-3.094679e+04
-8.456076e+03
2.234796e+04
-1.714005e+04
3.504730e+04
4.864597e+03
3.137644e+04
-5.920429e+03
-1.723121e+04
6.093627e+03
-4.369529e+04
1.779271e+04
-1.618642e+04
-2.224641e+04
1.022643e+04
1.961956e+04
9.765562e+03
-5.663515e+03
2.649160e+03
-9.802211e+02
1.583706e+03
-4.244467e+03
-8.511663e+03
4.736942e+02
6.513705e+03
-1.260732e+04
3.016995e+03
1.941775e+03
9.492251e+02
2.650317e+03
2.479978e+03
-6.442412e+03
-2.472133e+03
-8.769011e+03
-8.435607e+03
7.516139e+03
5.742092e+02
7.825756e+03
1.771211e+03
-1.345735e+04
-3.427134e+03
8.635822e+02
-1.611381e+03
-2.055009e+03
6.831218e+02
3.131685e+03
1.458230e+03
3.002621e+03
-2.569755e+03
9.239164e+02
-4.774487e+01
-8.103376e+02
-1.444473e+03
-8.485628e+02
6.959312e+02
1.665009e+03
7.082324e+02
4.291586e+02
-3.880829e+03
1.267194e+03
-5.637496e+02
-9.739224e+02
-1.125026e+02
-6.121190e+02
3.572413e+03
2.583594e+02
-3.236745e+02
-8.230376e+02
3.408607e+01
3.808876e+02
-8.927392e+01
2.910720e+02
7.309663e+02
1.381977e+03
-1.620924e+03
1.730891e+02
8.415725e+02
-3.333858e+02
-2.801030e+02
-1.079461e+02
3.214456e+02
1.114908e+02
3.778511e+02
-1.398846e+03
2.447533e+02
-3.625093e+02
1.483912e+03
7.769869e+02
4.604985e+02
1.180435e+03
-3.302277e+02
6.298986e+02
2.872084e+02
7.550524e+02
4.058594e-01
-2.348857e+02
-7.467776e+00
-7.782704e+02
-4.613881e+02
1.844372e+02
2.100124e+02
-1.303155e+02
-3.525899e+02
2.317788e+02
4.761083e+02
-4.099371e+02
7.198771e+01
-1.303686e+02
-2.990009e+02
-3.556692e+02
5.086728e+02
3.092122e+02
1.256569e+02
1.930745e+02
-3.151120e+02
1.538770e+02
5.358738e+02
-4.199408e+02
-9.495026e+01
6.811517e+01
-1.819624e+02
1.803929e+02
5.381172e+01
8.394064e+01
-1.425848e+02
6.227333e+01
1.873964e+02
-2.905891e+02
3.753667e+01
1.636583e+02
9.655282e+01
2.308887e+02
2.902552e+02
-1.698326e+02
-8.001656e+01
-2.801556e+01
2.331900e+01
9.610348e+01
3.364638e+01
-1.265417e+02
5.264899e+01
2.483107e+01
1.643765e+02
4.897995e-01
-3.822710e+01
-3.416489e+01
6.239723e+00
2.690270e+01
-6.879110e+01
1.437459e+02
1.550479e+02
1.061148e+02
6.394756e+01
5.775315e+01
5.441735e+01
-4.366412e+01
4.849633e+01
4.450760e+01
-2.685787e+01
4.665826e+01
-1.153331e+01
5.977520e+01
1.086497e+01
-5.332629e+01
9.996101e+01
-1.680973e+01
8.120428e+01
4.080200e+01
-3.601423e+01
4.452575e+01
3.618119e+01
2.002596e+01
-8.254486e+01
2.695822e+01
-2.665600e+01
3.476609e-01
-1.222275e+01
3.495240e+00
-1.075286e+01
3.606982e+01
-9.200352e+00
-3.232375e+01
2.525395e+01
-2.076040e+00
4.219489e+01
3.135992e+01
-1.660587e+00
2.404078e+00
-8.149725e-01
1.801569e+00
1.629834e-01
-1.505056e-01
-7.972115e-02
-5.860531e-01
-2.177134e-02
-2.284542e-01
-3.460893e-02
4.452825e-02
-4.460596e-02
6.080771e-02
-3.169410e-02
-1.173382e-01
-5.432682e-02
-1.371349e-01
-8.402794e-02
4.378897e-02
-1.776216e-01
1.513396e-01
2.256065e-03
-1.163900e-01
9.982304e-02
3.059935e-02
-3.539022e-02
-1.438702e-01
-6.107485e-02
