3.551509e-02
4.726963e-01
-2.375225e-01
4.380444e+01
1.629621e+02
-2.467629e+01
3.295296e-04
-1.775498e+04
-7.185760e+04
6.549931e+04
8.350566e+05
1.993712e+05
-2.896999e+05
-3.564459e+04
-1.709884e+05
-1.306098e+05
2.231164e+05
-1.564143e+05
-1.061321e+05
-2.760676e+04
-1.481586e+05
-7.644516e+03
3.360563e+04
-3.066064e+04
2.750138e+04
1.070601e+03
1.144194e+04
1.571575e+04
-7.530797e+04
-2.596120e+04
7.049344e+03
-8.872814e+03
7.893250e+03
-6.031576e+04
1.879964e+04
9.642612e+03
9.601144e+03
1.660799e+04
2.490163e+02
-1.558873e+04
-1.418104e+02
2.003568e+04
-1.645128e+04
2.388194e+04
-9.054714e+02
-5.231922e+03
-8.572075e+03
-8.908624e+02
3.397963e+04
2.495669e+03
1.094609e+04
-2.887394e+03
-2.413625e+03
-2.071988e+03
-8.841426e+03
1.047139e+03
3.575039e+03
6.274736e+03
-2.263623e+03
-2.149449e+04
2.988000e+03
-9.783735e+03
8.590684e+02
-3.884955e+03
5.463392e+03
8.173615e+03
4.167998e+03
-4.489447e+03
-1.018292e+04
6.092800e+03
3.566725e+03
-2.065077e+03
-7.393044e+03
-1.208332e+03
1.360031e+03
6.852752e+03
1.154617e+03
3.439318e+03
-4.474067e+03
-2.146918e+03
2.172523e+03
1.065726e+03
7.250592e+02
1.499762e+03
4.826438e+03
1.305202e+03
-3.078712e+03
-4.019805e+02
-1.342580e+02
-1.211434e+03
-1.159295e+03
-1.160459e+03
6.568021e+02
2.366083e+03
-4.290746e+03
3.604547e+02
-2.172600e+02
1.505311e+03
1.670820e+02
-7.940427e+02
2.965026e+02
-2.149536e+02
-6.915276e+02
-3.175659e+02
2.371227e+02
5.358681e+02
8.431357e+02
-7.596827e+02
-9.549463e+02
9.109233e+02
-2.159176e+03
5.142414e+02
-3.344105e+02
1.559136e+03
-3.079322e+02
-5.994147e+02
-3.809986e+02
3.572776e+01
3.708604e+02
4.967788e+02
-8.005078e+02
-8.444073e+02
-1.193370e+03
5.848929e+02
6.173046e+02
7.540979e+01
-3.339099e+02
3.419665e+02
-3.774361e+02
-1.151465e+01
3.253790e+02
8.801127e+02
1.050847e+03
6.210407e+02
-3.236953e+02
2.485054e+02
1.183285e+02
-1.325011e+02
1.294542e+02
2.406718e+02
-1.694919e+02
-1.579721e+02
3.778651e+02
-3.210154e+02
3.535377e+02
6.631091e+01
-1.523125e+02
-3.103718e+02
4.672259e+02
3.123449e+02
2.491541e+02
1.386023e+02
5.986213e+02
3.794286e+02
-1.478264e+02
-1.836212e+02
4.136738e+02
3.469827e+02
-1.295765e+02
-1.060358e+02
1.425482e+02
1.711968e+01
3.006701e+02
-5.462183e+01
2.732814e+02
-2.030662e+02
2.382941e+01
-1.131646e+02
2.848124e+02
2.149430e+02
1.605331e+02
-6.413692e+01
-1.438880e+02
-1.498060e+01
4.000369e+01
-4.354345e+01
6.551758e+01
-6.034943e+01
1.492808e+02
1.979649e+02
4.908992e+01
6.157462e+01
1.673473e+01
6.969047e+01
8.292559e+01
-1.354961e+01
-1.868481e+02
-1.052087e+02
2.090778e+01
6.372056e+01
-1.027122e+02
-9.344461e+00
5.388021e+01
1.355430e+02
1.193127e+01
-7.915388e+01
-3.726163e+01
-5.666814e+01
2.538284e+01
5.872150e+01
-2.207500e+00
-1.731447e+01
-1.420339e+01
-6.112124e+01
6.991760e+01
2.725656e+01
8.601370e-01
1.508999e+00
4.924249e-01
-7.604880e-01
1.332778e-01
-7.654548e-02
5.802252e-01
-6.199197e-01
3.214773e-01
-8.066251e-01
-3.516576e-01
-7.856752e-01
1.850406e-02
6.978171e-02
-6.117073e-01
1.078702e-01
1.881518e-01
1.053222e-01
4.859831e-02
-2.048875e-01
1.183019e-02
1.100568e-01
2.300891e-01
2.387295e-01
-3.046278e-01
-2.788959e-02
1.300604e-01
-2.147095e-01
-3.806148e-02
