-4.334942e-01
-7.193266e-01
4.433042e-01
4.807111e+01
1.988624e+02
-1.875553e+01
3.337372e-04
2.133821e+04
-7.851854e+04
-9.882383e+04
2.572751e+05
-6.574323e+04
-9.175476e+04
-3.792093e+03
2.508770e+04
-1.192615e+04
6.680554e+04
-3.935636e+04
-1.141255e+04
2.244074e+04
-2.442482e+04
-8.867372e+04
8.121483e+04
-5.766085e+04
2.101753e+04
-4.566547e+03
3.448404e+04
-4.789652e+04
-3.426376e+04
5.599585e+03
-2.834335e+04
7.118192e+03
-4.238528e+03
-5.183980e+03
2.972046e+04
1.897149e+04
9.608117e+03
1.328120e+04
-2.200521e+04
-2.387198e+04
-2.410268e+04
4.861076e+03
5.387967e+03
1.228373e+04
7.630016e+03
-1.791006e+04
2.266263e+03
1.209265e+03
1.018420e+04
1.499237e+02
7.105045e+03
-2.198304e+03
-9.787666e+03
7.271524e+03
-6.166718e+03
1.157110e+03
2.323954e+02
9.505932e+03
-1.840737e+03
-1.142551e+04
-1.005869e+03
-2.150187e+03
-1.759182e+03
-3.401584e+03
4.895177e+03
2.526175e+03
5.222983e+02
-2.879695e+03
-1.794854e+03
3.141519e+03
3.769924e+03
-5.436791e+01
-4.726972e+03
-1.384001e+03
-8.890865e+02
2.083737e+03
-5.530392e+02
3.481219e+03
-4.233374e+03
-3.022074e+01
1.989653e+03
-1.177533e+03
1.469111e+03
-1.100272e+03
3.672432e+03
3.020875e+02
-6.193350e+02
-2.850214e+02
-1.165032e+03
5.726135e+02
-8.103335e+02
-1.529801e+03
-6.459044e+02
1.022477e+03
-1.963326e+03
1.455973e+03
3.480770e+02
5.915729e+02
-2.693768e+02
-7.498647e+02
2.149729e+01
3.984106e+02
7.664051e+02
-1.784926e+02
-6.156814e+01
-3.365693e+02
5.852840e+02
1.287923e+02
-5.240341e+02
3.337406e+02
-5.693150e+02
-4.827867e+01
-1.432603e+02
1.273445e+03
-3.024688e+02
-1.892762e+02
-3.823169e+01
4.542804e+00
4.558784e+01
2.863802e+02
-7.216992e+02
-6.313881e+02
-3.731250e+02
9.361525e+01
4.538355e+02
-1.814271e+02
-1.501353e+02
-5.616186e+00
-2.122749e+02
6.243692e+01
4.415329e+02
4.500365e+02
5.797075e+02
2.737916e+02
-1.177435e+02
3.434929e+02
3.736625e+02
-1.306361e+02
4.122469e+01
-6.610623e+01
7.035091e+01
-4.674084e+00
7.520782e+00
-4.290629e+01
1.613834e+02
9.648350e+01
8.453454e+01
-1.739205e+02
1.438232e+02
-1.001688e+02
1.268791e+02
6.395694e+01
1.494500e+02
-3.272484e+01
-1.988976e+02
-7.284636e+01
1.389721e+02
1.695282e+02
-6.303553e+01
-1.994193e+02
1.181231e+02
1.441511e+02
4.203019e+01
9.171082e+01
5.136927e+01
-1.160767e+02
-1.966606e+01
1.492734e+01
3.069502e+01
9.180083e+01
4.795331e+01
8.440619e+01
-4.813277e+01
9.475466e+01
4.712719e+00
-7.600102e+01
6.060230e+01
4.965141e+01
-5.165617e+01
1.410786e+01
-5.204069e+01
5.012822e+00
1.846266e+01
5.208549e+01
9.280476e+01
-7.020602e+01
-2.360070e+01
-1.925678e+01
-2.158820e+01
7.858996e+00
-8.731091e+00
-1.008507e+01
1.194011e+01
9.369823e+01
1.878596e+01
-8.407654e+00
3.639355e+01
4.767274e+00
3.483865e+00
2.692958e+01
3.074207e+01
5.645916e+00
1.276978e+01
-3.323294e+00
2.579082e+01
2.714712e+01
5.344337e-01
2.005765e+00
-4.993027e-02
1.555473e-01
-2.545749e-01
1.540179e-01
-4.007395e-02
-4.793447e-01
-5.770678e-02
-3.374587e-01
-2.188626e-01
-1.661277e-01
-3.595967e-05
5.409287e-02
-3.071319e-01
-1.434561e-01
-7.561715e-03
-1.069773e-01
-1.042759e-01
-1.567874e-01
-2.264279e-01
8.677858e-02
7.235866e-02
1.513206e-02
-1.282768e-01
-5.817533e-03
-6.387264e-02
-9.670403e-02
-5.735010e-02
