-2.808126e-01
1.002401e+00
-4.193104e-02
5.148444e+01
1.922988e+02
-1.587319e+01
3.467996e-04
-3.372320e+05
-3.775861e+05
3.008707e+05
5.280893e+04
2.074169e+05
7.360446e+04
-1.836534e+05
1.183870e+05
-2.414092e+05
6.610330e+04
-2.134547e+04
-9.220318e+03
8.735720e+03
-4.914504e+04
-4.519082e+04
1.103641e+04
3.262444e+04
2.016687e+04
-5.089437e+04
1.966038e+04
-3.092168e+03
1.248649e+04
2.873159e+04
-8.685066e+04
2.489696e+04
-5.944910e+03
-4.225315e+04
3.787378e+04
1.684778e+04
2.076967e+04
-8.021568e+03
-2.314244e+04
1.159024e+04
9.817250e+03
-2.483038e+04
-1.339244e+04
3.105552e+03
2.424169e+04
-5.763052e+02
-5.496704e+03
4.773322e+03
1.014016e+03
4.970219e+03
1.787753e+04
1.694235e+03
4.598218e+03
-4.164384e+03
-7.110380e+03
7.275584e+03
1.351820e+03
7.599090e+03
1.637281e+03
-1.260715e+04
-2.868476e+03
-9.647012e+02
-5.306898e+03
-4.202267e+03
7.605188e+02
4.133207e+03
4.759978e+03
1.309243e+04
-7.142634e+03
2.946407e+03
4.448332e+03
4.454617e+03
2.071418e+03
-1.268864e+03
1.188761e+03
2.365308e+03
3.047520e+03
-2.038085e+03
-4.767073e+03
-1.717131e+02
-2.665198e+03
-2.572109e+02
-2.470377e+03
1.012483e+03
4.332520e+03
1.539551e+03
-2.567749e+03
-3.029516e+02
-8.310209e+02
-1.264234e+03
8.661791e+02
-2.648116e+02
3.103182e+03
2.958419e+03
-1.086072e+03
-4.612730e+02
1.988699e+03
1.554458e+03
-3.238320e+02
4.888508e+01
-9.305849e+02
-1.409968e+03
-2.622042e+02
-1.748933e+03
1.359956e+03
-4.606388e+02
1.866867e+02
4.481166e+02
1.303736e+03
2.044099e+03
-5.621197e+00
2.586715e+03
1.244473e+02
1.212211e+03
-9.144646e+01
-1.171945e+03
-3.512289e+02
-7.004777e+02
-5.389060e+02
1.042986e+02
1.001897e+02
1.731794e+02
-1.028012e+03
6.777464e+02
9.333652e+02
-9.803700e+02
-2.669796e+02
-1.715011e+02
2.722000e+02
-4.462094e+02
1.316553e+02
2.009245e+02
-3.367860e+02
2.950580e+02
-6.832352e+02
1.395104e+02
7.119795e+02
-3.411341e+02
1.156169e+01
5.395259e+02
-3.477851e+01
-2.255490e+02
-6.032793e+01
-6.371835e+01
-2.024608e+02
1.923438e+02
1.967748e+02
-1.803443e+02
-1.196412e+02
2.713427e+02
4.535763e+02
1.579227e+02
3.220322e+02
8.661231e+01
-1.852046e+02
7.548810e+01
8.939453e+01
2.781328e+02
-2.369547e+02
-2.995602e+02
3.358677e+02
-1.634828e+02
1.538525e+02
-4.691481e+01
-3.937326e+01
-4.991525e+01
1.635072e+02
2.060314e+01
-2.142065e+02
1.971014e+02
5.706609e+01
1.146010e+02
1.940724e+02
9.447786e+01
-7.316544e+01
3.462866e+01
9.685773e+00
4.150338e+01
-1.347443e+01
-5.881867e+01
4.366496e+01
-3.402367e+01
-3.394528e+00
1.823530e+01
1.038880e+02
8.520459e-02
1.624545e+02
4.074397e+01
-1.172555e+02
4.319631e+01
-5.056946e+00
4.891542e+01
-7.886408e+00
2.064529e+01
-3.387276e+01
-6.977612e+00
-9.866496e+01
-1.376746e+01
-2.131668e+01
5.953187e+01
-5.055600e+01
-8.888509e+01
-1.185139e+01
-8.892883e+01
3.510366e+01
4.157508e+01
-3.056914e+00
2.397551e+00
-2.653779e-01
3.361140e-01
8.500673e-02
-4.226822e-01
-8.611574e-01
-7.965001e-01
1.235353e-02
-6.136702e-01
2.607594e-01
-8.946090e-01
-1.185156e-01
-3.675660e-02
2.762358e-01
1.318166e-01
-5.818458e-02
6.642071e-02
-1.344582e-03
-2.600901e-01
9.304611e-02
8.887949e-02
-7.041950e-02
-1.303305e-01
7.887596e-03
-2.848093e-02
3.352838e-02
-1.552274e-01
-9.164686e-02
