-1.971235e-03
1.387456e+00
-1.334365e-01
5.376000e+01
1.755617e+02
-1.198195e+01
3.480167e-04
-4.135715e+04
3.725406e+03
-1.287004e+05
-1.422231e+05
-6.978592e+04
-8.598261e+04
1.047824e+05
-7.107062e+04
2.013614e+03
3.321378e+04
-1.577521e+04
1.191976e+05
-1.256462e+03
-5.039739e+03
-5.073187e+04
3.811966e+04
-2.843869e+03
3.252174e+04
5.386281e+03
1.626925e+04
4.957170e+04
-1.722426e+04
-1.438537e+04
-9.980872e+03
2.346138e+02
2.915319e+03
-4.671311e+03
-2.322806e+04
-3.616100e+03
-1.295908e+03
-1.948075e+04
-4.805468e+03
3.079500e+03
-1.915504e+04
-2.403795e+04
1.473616e+04
-1.018918e+04
7.320650e+03
-1.121487e+04
7.821919e+03
3.164724e+03
-1.283063e+04
1.593586e+03
-1.236956e+04
3.915835e+02
2.738345e+03
-6.686227e+03
-5.343647e+02
1.102911e+04
-5.265440e+03
8.699144e+03
5.567701e+03
-4.023534e+03
-6.323927e+03
5.152803e+03
-1.633252e+03
-3.267103e+03
1.275153e+03
4.944738e+02
5.222293e+03
5.558536e+03
8.489861e+01
-2.372673e+03
1.367737e+03
-1.121992e+02
2.277758e+03
-1.299788e+03
-1.484988e+03
-1.416875e+03
-3.000153e+02
-9.409640e+02
-4.274560e+03
4.850247e+02
-1.784977e+02
6.326382e+02
1.465061e+03
-5.790714e+02
2.502753e+03
-1.999919e+03
-9.272928e+02
-7.974585e+01
1.834995e+02
2.874489e+03
-1.219689e+02
1.825928e+03
1.928883e+03
4.133335e+02
-1.726741e+02
-4.369478e+01
1.105873e+03
-1.021447e+03
1.155582e+02
4.888264e+02
1.001851e+02
8.809991e+02
7.176570e+02
-1.527371e+03
1.331612e+03
-1.024716e+03
3.325545e+02
8.673351e+02
1.156378e+03
1.261025e+03
3.932175e+02
3.809030e+02
-7.781225e+01
-1.813751e+02
1.092500e+02
8.307448e+01
2.738080e+02
-6.142095e+02
-4.253109e+02
3.391202e+02
3.441046e+02
7.505199e+02
-2.419358e+02
9.421862e+01
3.190302e+02
-3.755328e+02
6.342739e+02
-1.526138e+02
-2.739471e+02
2.756998e+02
2.663728e+02
6.199161e+01
-6.561556e+01
-5.080306e+01
-2.165263e+02
-3.830488e+02
4.936346e+02
-3.501917e+02
-1.379420e+01
1.310840e+02
-1.198309e+02
1.586624e+02
1.382858e+01
1.294603e+02
-2.268231e+02
4.577565e+01
-2.924740e+01
-4.279586e+02
-1.646557e+02
2.385713e+02
-3.262362e+01
3.203795e+02
9.305995e+01
-1.960072e+02
-2.486895e+02
-1.825842e+01
1.048820e+02
-8.353960e+01
1.018607e+02
-3.249270e+01
2.013009e+00
5.341401e+01
-6.777083e+01
-8.888177e+01
-1.774166e+02
1.417605e+02
6.189645e+01
2.267239e+02
-1.777084e+02
-1.099225e+01
7.443926e+01
1.095468e+02
1.283161e+02
6.245023e+01
-7.075301e+01
-1.702820e+01
6.443398e+01
3.285957e+01
-9.518525e+01
-3.690971e+00
6.100914e+01
-1.314380e+01
3.597207e+01
-2.602152e+01
8.497832e+01
-3.416895e+01
5.379156e+01
6.419373e+01
-5.963042e+01
-4.110625e-01
7.364329e+01
8.249921e+00
-7.535058e+01
-5.677346e+01
8.053072e+00
1.148960e+01
-1.837867e+01
3.739211e+01
-6.092441e+01
2.619027e+01
-1.312506e+01
-2.350503e+01
8.237263e+01
3.459857e+01
1.791280e+00
3.499967e+01
-1.138585e+00
-1.209721e+00
-4.635546e-01
1.902033e+00
9.749912e-02
5.858345e-01
-1.200304e-01
-3.613779e-01
-1.045544e-01
1.598818e-01
9.365202e-02
2.335903e-01
1.091006e-01
-5.610157e-02
3.051685e-01
-1.444371e-01
-2.118584e-02
-1.155100e-01
-5.082711e-02
6.399285e-02
-1.264263e-01
1.803195e-01
-7.264917e-02
-2.134625e-01
1.526527e-01
9.163054e-03
-4.062023e-02
-3.332839e-02
-7.006719e-02
