1.270931e-01
7.082854e-01
5.034031e-02
4.778667e+01
1.618628e+02
-2.535414e+01
3.524601e-04
-9.839313e+04
2.354919e+04
6.824757e+04
-1.649381e+05
2.093833e+04
-6.023741e+04
2.234612e+04
1.919955e+04
-1.116643e+05
1.215749e+04
-7.352353e+04
4.317117e+04
-1.066224e+04
3.630341e+02
1.502579e+04
-2.167843e+04
4.207685e+04
1.256111e+04
-4.185153e+02
-1.179333e+04
1.279703e+03
-1.176051e+04
-2.740917e+04
6.860493e+03
-1.311788e+04
-1.492558e+04
-2.377472e+04
5.677938e+03
-2.016779e+03
-1.440716e+04
-4.686961e+02
8.390767e+03
1.962416e+03
3.800396e+03
-2.501312e+03
4.915094e+03
-7.706592e+03
-6.028522e+03
-3.735291e+03
1.444104e+04
2.564873e+03
-7.772279e+03
-1.214978e+02
7.150288e+03
2.817747e+03
-5.350062e+02
3.368774e+02
7.089872e+02
1.672745e+03
3.184874e+03
4.167131e+03
2.789608e+03
-8.053719e+03
-4.846504e+03
1.347269e+03
2.468850e+02
-1.119397e+03
4.026140e+02
3.669660e+03
2.216474e+03
2.519599e+03
-2.597980e+03
1.855482e+03
-5.776586e+01
7.180585e+02
1.065795e+03
5.687570e+02
3.436830e+02
3.877480e+02
1.344585e+02
-4.492185e+02
-4.773614e+03
-3.966887e+02
-9.639466e+02
-7.696061e+02
6.977095e+02
2.177819e+03
9.970004e+02
1.141592e+03
-2.277743e+03
5.786916e+02
4.111512e+02
7.045912e+02
4.752587e+01
1.133361e+03
8.128854e+02
1.722807e+03
-1.041269e+03
4.193162e+02
1.619437e+03
-1.872915e+02
-5.060249e+02
-2.226959e+02
-5.477187e+02
-4.803563e+02
7.032386e+02
-5.585284e+02
1.861449e+02
-8.834458e+02
6.236245e+02
7.118512e+02
1.095847e+03
1.388406e+03
5.606896e+02
1.830821e+02
-4.275864e+02
4.463631e+02
-9.080222e+01
1.423627e+02
-1.199889e+02
-5.039224e+02
-2.683709e+02
7.037123e+02
4.040703e+02
7.016151e+02
-2.149983e+02
3.049031e+02
2.260493e+02
-2.154398e+02
1.107401e+02
1.886974e+02
-2.315926e+02
-1.632678e+02
5.400492e+01
4.714729e+02
1.068254e+02
-1.914047e+01
-2.698457e+01
-2.165954e+02
-1.151035e+01
-2.227153e+02
-9.454269e+01
-2.012052e+02
-2.594687e+02
9.203827e+01
6.508185e+01
2.620991e+02
-2.461218e+01
-9.605630e+01
-4.096162e+01
-2.113184e+02
-3.125719e+01
2.754321e+02
1.724820e+02
1.872990e+02
-1.578541e+02
-4.980751e+01
-4.840549e+01
-5.845230e+01
-2.258888e+01
7.808304e+01
4.643679e+01
-6.140091e+01
1.553995e+02
3.763158e+01
2.229017e+01
-5.584077e+01
-1.629949e+02
-6.551134e+00
1.494843e+01
1.899677e+02
-1.487592e+02
3.395209e+00
3.367511e+01
2.831035e+01
6.488130e+01
6.943147e+01
-3.879570e+01
-1.376134e+02
4.749928e+01
4.634903e+01
-4.609698e+01
2.813612e+01
2.947394e+01
3.593860e+01
-2.472154e+01
-4.315554e+01
6.433481e+01
-1.229828e+01
1.294094e+01
3.402214e+01
-6.889495e+01
-5.760345e+00
4.353579e+01
3.002508e+01
-3.351883e+01
6.429065e+00
1.131004e+01
-3.508775e+00
-2.700654e+00
3.218142e+01
-2.380054e+01
1.944566e+01
1.040233e+01
-5.340797e+01
6.856629e+00
-9.623479e+00
9.218356e+00
1.304560e+01
-1.363239e+00
-1.827993e-01
3.720506e-01
-4.736029e-01
2.899559e-01
-3.466963e-01
1.318810e-01
1.233743e-01
1.590501e-01
1.094232e-01
6.185413e-01
-8.517288e-02
-6.214040e-02
-9.411755e-02
2.759716e-02
-2.797192e-02
2.298515e-02
-4.711309e-02
2.863418e-04
2.224790e-02
-3.240212e-04
1.150970e-01
2.877057e-02
-1.231042e-02
1.341239e-01
-6.346980e-03
4.098597e-02
2.756141e-02
-4.850980e-02
