-1.134927e-01
7.372437e-01
-2.154754e-01
4.920889e+01
1.782806e+02
-2.334102e+01
3.459317e-04
-1.143517e+05
-1.816580e+05
-5.493188e+04
1.173350e+04
3.464859e+04
-7.323109e+04
-6.130389e+04
3.313335e+04
-1.834434e+05
1.926371e+04
-7.596714e+04
5.476184e+03
-2.043648e+04
-3.775174e+04
-4.878487e+04
1.383092e+04
4.470262e+04
1.261670e+04
-3.237427e+02
7.355457e+02
7.817684e+03
-1.740606e+04
-1.088343e+04
-2.900490e+04
1.123273e+04
-8.464476e+03
-3.272440e+04
9.366040e+03
9.260977e+03
-1.062602e+04
-4.210308e+03
-1.146378e+04
-4.800813e+01
2.012607e+03
-1.967209e+03
-1.951326e+03
1.395611e+04
1.190092e+04
-9.887518e+03
7.676121e+03
-1.628891e+03
7.485009e+03
2.893933e+03
9.212375e+03
-9.181194e+02
-1.288382e+03
-1.526760e+03
-1.261770e+03
3.134952e+03
4.149651e+03
5.530396e+03
4.749988e+03
-7.430007e+03
-2.509276e+03
4.296464e+02
-1.801875e+03
-2.909910e+03
1.797925e+03
3.635189e+03
3.573749e+03
2.844134e+03
-4.612479e+03
1.774555e+03
3.097307e+03
8.941480e+02
-1.686459e+03
-1.457901e+03
7.002598e+02
1.302721e+03
4.031552e+02
-1.036328e+03
-3.949539e+03
-2.162062e+02
2.713262e+02
-4.227296e+00
-2.596324e+02
1.916056e+03
2.668018e+03
1.599270e+02
-1.851188e+03
-7.241059e+02
-1.317849e+03
-3.097152e+02
-3.130273e+02
6.944192e+01
1.252307e+03
2.202271e+03
-2.025800e+03
2.018811e+01
6.975027e+02
4.189955e+02
-3.495185e+02
-4.186743e+02
-3.267319e+02
-4.678815e+02
5.417590e+02
-3.575016e+02
8.602635e+02
-9.297910e+02
6.663667e+02
8.818767e+01
5.120887e+02
1.470766e+03
-4.171791e+02
1.673984e+03
-5.702702e+01
8.554168e+02
-5.573668e+02
-3.701930e+02
-6.081567e+02
-1.085507e+02
1.109801e+02
2.698002e+02
-4.441718e+00
2.595854e+02
-6.362796e+02
3.829822e+02
4.255916e+02
-3.394835e+02
1.353584e+02
-2.040388e+01
-7.272224e+01
-1.239065e+02
2.048562e+02
4.397132e+02
1.552696e+02
2.736383e+02
-2.946600e+02
5.456915e+01
2.844229e+02
-6.368576e+01
6.314795e+01
1.170115e+02
-8.389401e+01
-5.776043e+01
5.653758e+01
-2.176041e+01
1.894993e+01
1.806488e+02
6.071231e+01
-2.903011e+02
-4.262739e+01
2.721098e+02
2.339532e+02
1.779054e+02
2.662472e+02
8.422871e+01
-1.677694e+02
2.182231e+01
9.821942e+01
1.534198e+02
-2.981129e+01
-1.971528e+02
8.543289e+01
5.003987e+01
1.222806e+02
1.677692e-01
-1.032680e+01
-4.781662e+01
5.300646e+01
7.034186e+01
-5.460101e+01
7.194331e+01
6.551878e+01
2.538126e+01
7.384434e+01
1.761530e+01
-9.855329e+01
-2.087144e+01
2.223899e+01
3.931075e+01
-1.862938e+01
3.815098e+01
6.017691e+01
2.649204e+01
2.875350e+01
1.071836e+01
8.002314e+01
2.007168e+01
2.015795e+01
6.336850e+00
-6.875858e+01
1.278760e+01
2.397251e+01
2.623822e+01
-3.700541e+01
7.983443e+01
-7.618566e+00
-3.089720e-01
-4.155248e+01
-1.193563e+01
-1.049452e+01
2.134583e+01
-2.250985e+00
-4.441645e+01
8.799744e+00
-5.562598e+01
3.833125e+01
2.244103e+01
-1.956456e+00
1.087904e+00
-1.835962e-02
1.655595e-01
2.394326e-01
-7.765049e-02
-2.478929e-01
-6.672834e-01
-1.269641e-01
-4.275343e-01
-2.634839e-02
-5.662746e-01
-7.263876e-02
1.626356e-01
-7.981353e-02
-4.534035e-02
6.668353e-02
-5.730378e-02
-1.528243e-02
-1.444194e-01
1.138443e-02
7.814059e-02
7.043601e-02
7.684070e-03
2.400081e-02
-3.694296e-02
2.248288e-02
-8.094176e-02
-3.270344e-02
