-3.284887e-01
9.866794e-01
-1.468026e-01
5.603556e+01
1.907135e+02
-1.725582e+01
3.490954e-04
-3.019556e+04
-1.442723e+05
2.756802e+05
2.140986e+05
2.733485e+03
-6.886045e+04
-1.592359e+04
3.361554e+04
-6.013206e+04
2.420394e+04
-4.556630e+04
6.387758e+04
7.024064e+03
-2.839379e+04
9.616904e+03
1.413119e+04
8.238929e+03
1.784753e+04
-3.305801e+04
1.158596e+04
1.080678e+04
-2.742350e+04
2.394548e+04
-9.812417e+03
2.895277e+04
-2.760976e+04
-2.237518e+04
3.047278e+03
2.528330e+04
2.576798e+04
-5.421724e+02
5.358923e+03
-4.018292e+03
3.133952e+03
9.302763e+03
-2.364368e+04
-9.430420e+03
8.564512e+03
-5.612009e+03
-1.284354e+04
3.135874e+03
3.549987e+03
4.085992e+03
3.234330e+03
6.118164e+03
3.067769e+03
1.321921e+03
-5.888013e+02
3.800631e+03
1.207762e+03
5.180011e+03
-8.881611e+02
-6.366345e+03
-2.360564e+03
-8.276807e+02
-2.088333e+02
-3.720165e+03
9.892323e+02
2.094500e+03
2.171763e+03
-1.401862e+03
-5.394575e+03
1.092525e+03
1.062130e+03
9.736984e+02
-1.323320e+03
1.985302e+02
-4.866235e+02
1.518911e+03
1.030240e+03
1.008665e+03
-1.918539e+03
-1.786059e+03
-2.366150e+02
2.752617e+02
-9.878286e+01
1.167428e+03
1.796031e+03
1.497632e+03
-1.334046e+03
-7.854609e+02
6.104503e+02
-8.997338e+02
-5.859045e+02
-1.993812e+02
1.926576e+03
1.838461e+03
-1.549219e+03
7.909088e+02
6.517398e+02
3.797357e+02
2.028929e+02
1.358073e+02
-1.186234e+03
-3.001963e+02
1.291109e+02
-9.618555e+02
1.716277e+02
-8.820204e+00
1.037406e+03
-5.467302e+02
2.305340e+02
8.315978e+02
-4.029813e+02
9.901993e+02
-5.436373e+02
1.169405e+03
-3.163303e+02
-7.420387e+01
-2.278350e+02
-5.075877e+01
1.971238e+02
5.774116e+02
-3.126407e+02
-2.113428e+02
-4.690796e+02
3.641010e+02
2.399095e+02
-1.256804e+02
-6.280645e+01
2.833432e+02
1.529751e+02
-3.111391e+01
1.777023e+02
3.993946e+02
5.259204e+02
3.093839e+02
-2.333023e+02
5.976717e+01
2.218802e+02
4.463488e+01
-1.643965e+02
6.906850e+01
-1.878866e+02
1.689211e+01
-8.239822e+01
-9.667593e+01
-7.262232e+01
2.320080e+00
-9.150300e+00
-1.460897e+02
1.872789e+02
1.279306e+02
7.807088e+01
-8.920561e+01
2.448578e+02
1.778628e+02
-1.152569e+02
-4.575604e+01
9.953565e+01
2.255609e+02
-4.961594e+00
-1.079192e+02
1.335054e+02
5.261628e+01
1.143233e+02
3.680722e+01
7.147677e+01
-5.869088e+01
-2.805491e+01
1.810403e+01
7.657076e+01
1.154438e+02
1.203391e+02
-2.454670e+00
-1.026755e+02
5.051994e+00
8.197725e+00
-6.830056e+01
-4.576394e+01
-5.185316e+01
-9.826700e+00
4.959368e+01
8.183261e-01
7.555473e+01
-9.010975e+00
3.323654e+01
5.267294e+01
-3.049437e+01
-3.287773e+00
-4.648597e+01
1.103961e+01
3.042676e+01
1.923104e+01
1.390060e+01
-1.670736e+01
2.500029e+01
8.380820e+00
2.384279e+01
5.217601e+00
-4.892915e+01
2.773542e+01
8.821297e+00
1.861534e+01
-1.890580e+01
-2.239460e+01
-5.571887e+00
3.336154e+01
9.799045e+00
5.937120e-01
1.709672e+00
-1.099151e+00
-2.337520e-01
-4.479088e-02
-2.742399e-01
-1.370945e-01
-1.176340e-01
-1.239468e-01
-5.149910e-01
-2.768443e-01
-2.813214e-01
6.645923e-02
-2.479919e-02
-1.894865e-01
3.368924e-02
-1.097080e-02
8.092696e-02
3.510478e-02
-1.472403e-01
4.813857e-02
2.773382e-02
1.177234e-01
-2.638479e-02
-1.804333e-01
-1.816818e-02
5.678357e-02
-9.591155e-02
-3.414080e-02
