-9.800126e-02
-3.424203e-01
2.268144e-01
4.551111e+01
1.842250e+02
-2.776029e+01
3.474760e-04
2.170862e+04
1.108494e+04
-4.060402e+05
-1.026159e+05
-5.246816e+03
-7.084729e+04
5.744407e+04
-1.408674e+05
-5.082809e+04
-1.224793e+04
-1.541255e+05
1.202608e+04
5.147886e+04
3.447614e+04
1.084639e+03
-1.513029e+04
-2.082961e+03
2.364137e+04
1.120546e+03
-4.813880e+04
-6.143931e+04
-3.375556e+04
-1.692338e+04
-3.486823e+04
-3.316725e+04
8.150145e+03
1.637318e+03
4.003388e+04
1.033477e+03
-1.606611e+04
1.588650e+04
1.321743e+04
6.956498e+03
3.002984e+03
-8.757362e+03
1.579216e+04
2.812057e+03
-3.046424e+04
1.032408e+04
2.383188e+04
-3.193216e+03
7.694070e+03
-3.556163e+03
5.341329e+03
-9.405225e+03
-3.862829e+03
1.068528e+04
-3.251828e+03
-5.362366e+03
1.432915e+03
9.478942e+02
-5.634316e+03
-7.764553e+03
-7.304648e+02
2.848147e+03
1.624541e+03
-1.691579e+02
6.975815e+03
5.835944e+03
-4.369164e+02
-5.965131e+02
-6.783619e+02
3.482651e+03
-9.173933e+02
-2.042135e+03
-1.541398e+03
4.476782e+02
2.766891e+03
-5.969279e+02
1.465861e+02
1.509904e+03
-1.530308e+03
5.650023e+02
1.790146e+03
-1.193643e+03
-7.434329e+02
-1.016663e+03
2.758554e+03
1.420330e+03
1.806728e+03
8.472819e+02
-3.989928e+02
5.765900e+02
1.615433e+03
-1.804673e+02
-8.968802e+02
-5.197235e+02
-1.667508e+03
1.280970e+03
4.761650e+02
-3.311501e+02
-3.581490e+02
-1.223458e+03
6.964401e+02
1.420400e+02
5.265205e+02
-4.937221e+00
-1.028662e+03
2.366687e+01
7.847477e+02
5.967852e+02
-1.256031e+02
4.199261e+02
-1.970185e+02
-1.140234e+03
-1.850821e+02
-7.713744e+01
-4.783949e+02
6.573533e+02
2.551574e+02
-1.349779e+02
-6.839100e+02
2.997077e+02
-1.534189e+02
-1.677825e+02
2.006283e+02
-2.916963e+01
-2.269402e+02
6.930829e+01
-3.163239e+02
-1.288833e+02
-3.368346e+02
2.079191e+01
3.582625e+02
8.268107e+02
1.926634e+02
1.259538e+02
1.491115e+01
-1.179618e+02
-3.307324e+02
-2.649817e+02
1.480451e+02
-6.559748e+02
-8.861598e+01
-1.041101e+00
1.491657e+02
7.424908e+01
1.211282e+02
7.614341e+01
1.413578e+02
1.071167e+01
-4.455723e+00
-3.015618e+01
1.355811e+02
8.495459e+01
-6.805443e+01
5.798432e+01
-3.214049e+01
1.082702e+01
-7.665762e+00
1.486669e+02
3.671154e+01
1.022869e+02
-9.142659e+01
-6.448569e+01
1.199044e+02
-5.000426e+01
5.218488e+01
-1.140916e+02
-1.529370e+02
5.423673e+01
1.183348e+02
-5.243696e+01
5.200193e+01
2.315720e+01
-4.639554e+01
2.374750e+01
1.011450e+02
-4.666820e+01
9.521837e+01
8.571581e+01
1.431049e+01
1.088675e+02
2.804094e+01
1.035248e+02
-4.184694e+01
3.545592e+01
9.473277e+01
-2.499373e+01
-6.732249e+01
6.057473e+01
-4.898300e+01
-4.865590e+00
1.422013e+01
5.298322e+01
3.073692e+01
9.278355e+01
5.448468e+01
-6.331347e+01
2.028599e+01
-3.809921e+00
-2.615876e+01
-3.771909e+01
4.576642e+01
-2.539581e+01
4.777310e+01
-4.160513e+00
2.139907e+01
-1.417554e+01
-5.847924e-01
4.591722e-01
1.797617e-01
-4.419981e-01
7.076304e-02
7.272941e-02
-1.129163e-01
-1.082671e-01
1.111777e-01
8.536499e-02
2.609494e-01
3.833908e-01
4.656312e-02
1.049450e-01
1.464981e-01
-6.206409e-02
-3.534912e-02
-1.950558e-03
-6.531638e-02
3.299140e-01
5.629474e-02
-1.395189e-01
6.928567e-02
3.931462e-02
2.006805e-01
1.226351e-01
-1.179539e-01
4.066835e-02
1.042869e-01
