1.697155e-02
-1.488261e+00
4.022604e-01
5.632000e+01
1.654629e+02
-1.229418e+01
3.506056e-04
-2.030488e+04
-1.689844e+05
-1.338391e+05
-2.979611e+04
-1.612191e+05
1.522309e+04
1.872459e+04
-1.060339e+05
-9.940318e+04
-8.294338e+04
-1.807982e+04
1.545289e+05
-6.743227e+04
-2.314009e+04
2.802801e+04
2.506108e+04
4.938155e+02
5.277477e+04
3.185889e+04
-6.388867e+03
-1.044285e+04
-4.143393e+04
-7.142823e+03
-1.809682e+04
3.805250e+04
-4.161039e+04
-3.019461e+04
2.206918e+04
1.937495e+04
1.616430e+04
-1.827225e+04
1.785765e+04
-6.453004e+03
-1.617615e+04
-1.346864e+04
9.665052e+03
-5.900083e+03
1.486194e+03
8.338586e+03
-3.637352e+03
-6.863935e+03
-1.176004e+04
-2.084458e+03
-9.309501e+03
-8.228389e+03
3.997432e+03
-8.221648e+03
-3.578899e+03
7.157538e+03
8.011649e+02
4.522161e+03
4.771512e+02
-4.382351e+03
-8.736869e+02
1.233822e+03
1.655031e+03
-2.621960e+03
1.918846e+03
2.491469e+03
3.909434e+03
1.952551e+03
-3.671604e+03
1.717569e+01
1.406247e+03
-1.020785e+02
1.284227e+03
1.693993e+03
1.812117e+03
1.408411e+03
6.907302e+02
9.098159e+02
-5.015663e+03
-1.132075e+03
-9.684021e+01
-9.221645e+01
-8.437972e+02
4.293055e+02
2.894513e+03
9.144446e+02
-1.220892e+03
-5.504570e+02
3.030546e+02
1.322358e+03
-1.024916e+03
1.539167e+03
1.362048e+03
1.167286e+03
-2.025560e+03
9.045260e+02
1.573919e+03
8.081501e+02
1.080837e+03
1.621704e+02
-7.887825e+02
5.649316e+02
2.997751e+02
-7.202067e+02
6.109955e+02
2.890940e+01
1.120873e+03
5.584020e+02
2.396530e+02
5.320245e+02
-4.679864e+02
2.837680e+02
-9.959200e+01
4.376780e+02
3.370940e+02
1.575324e+02
3.959746e+02
-2.950694e+01
-3.434760e+00
4.199159e+02
-1.783124e+02
1.197521e+02
-3.598178e+02
-9.916646e+01
1.133115e+02
-1.526980e+02
-9.746906e+01
5.640754e+02
-2.301103e+02
-1.378871e+02
4.434333e+02
2.017078e+02
5.452161e+02
3.312989e+02
-4.962155e+02
-2.152697e+01
6.550494e+02
-4.842028e+02
2.170648e-01
2.371579e+02
-2.305890e+02
2.670608e+02
-3.894495e+01
3.929082e+01
-1.902807e+02
-2.969756e+01
1.532609e+02
-2.921109e+02
9.122152e+01
2.584345e+02
-1.381383e+02
1.599750e+02
3.246857e+02
-3.096037e+01
-1.531691e+02
-5.631905e+01
5.685113e+01
-5.227214e+01
5.575159e+01
-1.315962e+02
-1.631587e+02
1.284008e+02
9.795307e+01
9.227554e+01
9.703547e+01
1.365146e+01
-3.688349e+01
8.170762e+01
9.298974e+01
4.987019e+01
8.040105e+01
3.740947e+01
-5.429028e+01
3.562605e+01
2.498053e+01
-7.310337e+01
-6.862884e+01
-2.547910e+01
1.681536e+01
1.149756e+02
7.614626e+00
-1.452407e+01
1.646883e+01
2.023407e+01
9.937446e+01
-4.620175e+01
4.353607e+01
2.542333e+01
2.606658e+01
9.256389e+01
-1.885475e+00
4.820955e+00
-7.973870e+01
1.100219e+00
7.650215e+00
7.905379e+01
7.686522e+00
1.653863e+01
-2.681517e+01
-3.875216e+00
-1.388827e+01
-1.317589e+01
6.602156e+01
1.945475e+01
2.356474e+01
1.896986e+01
-1.419533e+00
3.177737e+00
-1.108063e+00
9.998085e-01
2.770436e-01
-1.046285e-01
1.284562e-01
-5.623089e-01
-1.050677e-01
-5.465824e-01
1.080895e-01
1.444322e-01
1.561105e-01
2.051721e-01
-1.875664e-01
-1.941246e-01
8.312157e-02
-8.959758e-02
-5.154173e-02
4.462161e-02
-2.223673e-01
1.684225e-01
5.391850e-02
-9.502580e-02
2.749860e-02
5.263986e-02
-1.694443e-02
-4.336761e-02
-7.169908e-02
