-2.372694e-01
3.344386e-01
4.250467e-02
4.835556e+01
1.948022e+02
-2.461121e+01
3.606605e-04
-9.167317e+04
-3.521518e+04
4.585079e+05
1.201168e+05
-1.030576e+05
1.444825e+05
-1.761719e+05
7.569029e+04
-8.268809e+04
1.638795e+05
1.073445e+05
5.325892e+04
-6.445875e+04
-2.082935e+04
-6.071586e+04
7.205227e+04
-4.520002e+04
5.868429e+04
-7.418605e+04
-9.998718e+03
-1.978421e+04
-2.258451e+04
-3.817626e+03
-7.743405e+04
-3.015195e+04
-6.675208e+03
-2.053534e+04
2.362016e+03
1.557692e+03
1.008735e+04
1.065313e+04
-2.624042e+03
-1.562465e+04
1.161049e+04
-1.249433e+04
7.364661e+03
-9.296068e+03
1.026178e+04
-5.172813e+03
-7.544081e+03
1.496838e+04
-6.553041e+03
3.590529e+03
4.757033e+03
-5.123923e+03
1.809871e+03
-3.570684e+03
-8.202464e+03
-5.527789e+02
-9.193961e+03
9.969290e+03
-3.832675e+03
-1.155814e+04
-2.962175e+03
-1.098222e+03
-2.216405e+03
-6.031830e+03
1.299115e+03
1.605956e+03
2.516456e+03
7.367257e+03
-6.951453e+03
-6.469557e+02
4.769065e+03
5.191958e+03
1.060201e+03
1.082523e+03
1.570107e+03
5.050489e+03
4.962235e+03
1.027728e+03
-6.177243e+03
-9.674382e+02
-1.731531e+03
2.364912e+02
-4.983853e+02
4.189090e+02
1.975475e+02
1.752456e+03
-1.753123e+03
1.510891e+03
-3.693614e+02
8.058090e+02
-6.174453e+02
-1.237556e+03
2.310131e+03
1.007148e+03
1.103202e+02
1.238941e+03
2.461021e+03
7.484995e+02
5.732843e+02
1.822351e+03
-5.066896e+02
-1.360145e+02
-2.901920e+02
-1.001416e+03
1.767165e+03
-7.840948e+02
1.102142e+03
-7.817747e+02
1.789556e+03
5.504932e+02
5.054684e+02
9.011816e+02
1.438743e+01
3.252593e+02
-3.913187e+02
-2.565566e+02
-5.796368e+02
-5.724125e+01
-7.643677e+02
1.158192e+03
-8.894888e+02
-4.175587e+02
-7.431803e+02
9.561272e+02
-4.879752e+02
-4.141985e+02
1.066587e+02
7.253549e+02
2.128769e+02
-3.908058e+02
-1.041757e+02
9.880468e+01
4.769605e+02
2.545126e+02
4.860903e+01
-3.869493e+02
2.770431e+02
-2.462628e+02
6.969950e+01
2.985788e+02
2.406672e+02
4.601315e+01
-2.202972e+02
2.445228e+02
-6.797777e+01
7.771062e+01
1.741992e+02
-1.495885e+02
3.200996e+02
4.970527e+01
5.062975e+01
-2.557905e+01
-1.381935e+02
1.012332e+02
-2.474972e+02
-1.050553e+02
2.025338e+02
1.447946e+02
-1.622041e+02
-1.603552e+01
3.313529e+02
3.702561e+01
-4.725261e+01
8.424384e+01
7.861932e+01
-2.820060e+01
4.998833e+01
3.696766e+01
-1.176073e+02
1.051369e+01
1.177352e+02
2.377025e+02
7.097683e+01
-2.152019e+01
1.897581e+01
-1.587655e+02
2.933979e+00
-5.718344e+01
-7.116138e+01
8.443707e-01
1.515331e+02
-1.741290e+01
-4.977194e+01
-2.477114e+01
-7.701256e+00
-4.034660e-01
6.349714e+01
-2.295750e+01
-6.505695e+01
-1.826938e+01
-4.562073e+01
2.301862e+01
2.878448e+01
4.922614e+01
1.003615e+02
-7.251839e+00
-1.005854e+02
-4.437864e+01
-3.382568e+01
3.440873e+00
5.410837e+01
-5.315567e+01
2.972719e+01
-7.219424e+01
2.267185e+01
3.133319e+01
8.755592e-01
-2.507578e+00
-3.719296e-01
-4.977278e-01
-2.510359e-01
-2.200773e-01
-3.206098e-01
6.946308e-01
-6.415570e-01
1.564853e-01
4.407457e-02
-7.316800e-01
1.034310e-01
6.121137e-02
1.057095e-01
1.601821e-01
2.717257e-02
8.692088e-02
1.052575e-02
-3.664995e-01
1.593688e-01
-1.135540e-01
-2.407230e-01
-6.548450e-03
-6.922603e-02
1.078191e-01
-1.319570e-01
-8.975559e-02
8.748495e-02
