8.843671e-02
5.183802e-01
1.922816e-01
4.152889e+01
1.707638e+02
-2.514262e+01
3.401626e-04
-8.839752e+04
-7.352245e+04
-1.597198e+05
-8.745362e+04
6.679235e+04
-8.988238e+04
5.815923e+04
-3.508925e+04
-4.231164e+04
5.558823e+04
-1.988557e+04
3.939950e+04
5.662869e+03
-2.421452e+04
-8.175912e+04
1.077564e+03
-1.869404e+04
2.334562e+04
-5.575431e+02
-2.906940e+03
5.911874e+04
1.317523e+04
-3.845299e+04
-3.129660e+03
5.685536e+03
1.356856e+04
-1.659357e+04
-2.368196e+03
-2.114612e+04
-1.508939e+04
-1.365396e+03
-1.281367e+04
2.602057e+03
-1.020092e+04
-2.875435e+04
6.935667e+03
-3.337845e+02
2.335124e+04
-8.873167e+03
8.333908e+03
6.496189e+03
-1.535023e+04
4.631796e+03
-4.309263e+03
-1.676210e+03
-1.348906e+03
-4.320442e+03
4.345992e+03
1.196103e+04
-8.530474e+02
9.333666e+03
6.058455e+03
-4.765487e+03
-5.344392e+03
4.683483e+03
-3.129042e+03
-6.401041e+02
1.791679e+02
1.184008e+03
4.809887e+03
5.091149e+03
-1.227256e+03
-3.496852e+02
4.180946e+03
-7.043882e+01
1.488311e+02
-5.179343e+02
-7.589008e+02
-8.457654e+02
-1.927555e+03
-1.769364e+03
-4.645597e+03
1.175166e+03
-1.465329e+03
3.408224e+02
1.981023e+03
6.481511e+02
2.998119e+03
-1.492505e+03
-2.034287e+03
-2.487680e+02
-1.389350e+02
1.054586e+03
-4.738271e+02
1.942004e+03
1.639336e+03
8.678608e+02
-4.074963e+02
-5.554456e+02
1.226935e+03
-1.091242e+03
-2.186126e+02
5.125665e+02
-2.677248e+02
1.940612e+01
6.644785e+02
-1.864553e+03
1.379295e+03
-8.882648e+02
2.136851e+02
1.024621e+03
1.194422e+03
1.498984e+03
8.301441e+01
1.443094e+03
-9.967538e+01
2.330400e+02
-3.927357e+01
-4.146188e+02
-6.679327e+01
-8.589353e+02
-3.307966e+02
3.634667e+02
3.716662e+02
9.036186e+02
-3.997260e+02
3.083988e+02
5.457092e+02
-4.666820e+02
4.137335e+02
-3.787211e+02
-1.894193e+02
2.528322e+02
1.425079e+02
9.083328e+01
-2.692259e+02
-1.806053e+02
-2.888086e+02
-2.812267e+02
4.686115e+02
-3.705366e+02
1.556736e+02
2.934547e+02
-6.184138e+01
1.473970e+02
2.656852e+01
2.974893e+02
-1.212467e+02
1.269536e+02
4.175368e+01
-3.368248e+02
-1.576466e+02
2.747184e+02
1.573137e+02
2.858841e+02
1.265455e+02
-1.549336e+02
-3.538178e+02
-7.180713e+00
1.171812e+02
-1.080586e+02
3.436370e+01
-7.580441e+01
1.261832e+02
4.130759e+01
-7.268390e+00
-8.309092e+01
-1.480270e+02
4.315163e+01
7.284156e+01
2.230165e+02
-2.544236e+02
7.088791e+01
4.531723e+01
3.613606e+01
2.121502e+02
9.504343e+01
-1.446596e+02
1.620527e+01
7.761217e+01
1.122042e+02
-6.039078e+01
-2.663187e+01
1.927838e+01
2.407293e+01
2.640817e+00
-7.429408e+01
7.564761e+01
-9.788481e+00
1.118517e+02
7.821250e+01
-1.097444e+02
-1.653023e+01
9.157932e+01
1.829538e+01
-5.416660e+01
-3.601179e+00
2.284888e+01
-9.307137e+00
-3.942612e+01
1.030781e+01
-6.440096e+01
5.063747e+01
-9.223937e+00
-8.355592e+01
6.677635e+01
1.640462e+01
1.790020e+01
3.720568e+01
-2.899125e+00
-1.746179e+00
1.898833e-02
1.420332e+00
1.040686e-02
-3.280489e-02
2.051165e-02
-5.753064e-01
-1.288708e-01
2.076506e-01
1.743940e-01
-3.622074e-01
-7.607408e-02
1.248525e-01
1.849056e-01
-1.377527e-01
-2.498922e-02
-4.049744e-02
4.776287e-02
-7.491635e-02
-2.508685e-02
2.450136e-01
-7.703211e-02
-1.882877e-01
2.730866e-01
-4.053943e-02
4.215254e-02
-3.480147e-02
-5.546418e-02
