-1.309227e-01
-1.134063e+00
6.654477e-02
5.603556e+01
1.812233e+02
-1.493261e+01
3.471138e-04
-4.162038e+04
-1.743721e+05
7.595048e+04
1.479414e+05
8.444461e+04
7.791893e+04
-3.179900e+04
2.299869e+03
-2.524353e+04
3.192786e+04
-7.199266e+04
3.788982e+04
-7.017332e+03
-1.008095e+04
-6.448468e+01
5.739259e+00
1.952429e+04
2.475561e+04
-3.765647e+04
-1.028004e+04
1.106500e+04
-3.626822e+03
3.383543e+04
-2.551055e+04
1.864679e+04
-1.368115e+01
-2.123972e+04
1.318756e+04
-5.325529e+03
6.467573e+03
4.185283e+03
1.585304e+03
-2.405011e+03
6.403800e+03
1.037774e+03
-1.094023e+04
-5.841414e+03
1.729142e+04
-7.923567e+02
-5.041128e+03
2.224262e+03
-5.766164e+03
-3.705663e+02
-8.196386e+02
4.957680e+03
9.085714e+03
-5.323281e+02
-2.262306e+03
4.286863e+03
5.752508e+02
5.918057e+03
-1.295636e+03
-4.092176e+03
-2.373150e+03
7.223001e+02
6.917726e+02
-1.405974e+03
1.549288e+03
1.767789e+03
2.668070e+03
2.564790e+02
-3.438426e+03
3.024075e+03
2.144081e+03
6.611068e+02
-8.734659e+02
1.481432e+03
-1.971079e+02
5.477005e+02
1.957987e+03
1.163398e+03
-2.609711e+03
-8.496980e+02
-1.668178e+03
2.118172e+02
-2.564388e+02
1.125919e+03
1.891110e+03
1.758179e+03
-1.980228e+03
6.767455e+02
7.822935e+02
-2.966501e+02
2.385268e+01
3.976278e+02
2.509030e+03
1.268077e+03
-9.372709e+02
7.297656e+02
7.316493e+02
5.801886e+02
-3.065516e+01
1.774772e+02
-5.355245e+02
8.547866e+01
-1.467693e+02
-9.715322e+02
9.841189e+01
1.742650e+02
8.084124e+02
4.880272e+02
7.193884e+02
1.156143e+03
-2.676392e+02
1.358194e+03
-3.925685e+02
7.247910e+02
-2.541945e+02
-4.918179e+02
2.610996e+01
-3.369023e+02
-3.773225e+02
4.908466e+02
-1.344647e+02
-2.271654e+01
-3.728378e+02
3.614323e+02
4.402788e+01
-3.114238e+02
4.249199e+01
3.008552e+02
2.316298e+02
1.880435e+01
2.825213e+02
3.356817e+02
1.682856e+02
1.820467e+02
-1.705279e+02
-1.094195e+02
4.285600e+02
-1.695275e+01
-4.978201e+01
2.139099e+01
-9.752790e+01
-2.540860e+01
-8.300288e+01
1.290418e+02
-1.218777e+02
1.646514e+02
3.057434e+01
5.979774e+00
1.694229e+02
1.786381e+02
-1.108966e+02
-3.143730e+01
1.227809e+02
4.896173e+01
-2.509360e+02
-4.312377e+01
1.473619e+02
1.176065e+00
-1.059276e+02
-1.855667e+01
6.513605e+01
-3.609332e+01
7.608440e+01
-6.100691e-01
7.028619e+01
-3.482452e+01
-4.502222e+01
1.100235e+02
4.698475e+01
3.259937e+01
7.660064e+01
2.682672e+01
9.504980e+00
2.374481e+01
3.655909e+01
-3.497448e-01
-4.128671e+01
-3.067486e+01
-7.353220e+01
3.740923e+01
1.296641e+01
5.271645e+01
1.368640e+01
-9.132380e+00
2.190706e+00
-2.345779e+01
8.419247e+01
3.318268e+00
-2.742965e+01
2.181503e+00
5.437684e+01
2.093608e+01
-1.714521e+01
6.140892e+00
3.924614e+01
-1.168993e+00
-2.360686e+01
-4.041159e+01
-9.171303e+00
1.903323e+00
1.377877e+00
-4.747799e+01
1.445734e+01
7.606691e+00
3.158777e+01
1.548627e+01
-9.606673e-01
7.434211e-01
-5.243306e-01
5.336577e-01
4.351905e-02
-3.834879e-01
-1.496880e-01
-3.418105e-01
-4.810752e-02
-2.153337e-01
-3.965645e-01
-3.298341e-01
1.863279e-01
1.167057e-02
4.342866e-03
1.372306e-01
-8.180433e-03
8.375673e-02
1.936461e-02
-1.778734e-01
1.286866e-01
-2.560800e-02
-1.405324e-02
-1.154541e-01
-4.736683e-02
-1.269854e-02
5.782363e-02
-5.470671e-02
-2.409682e-02
