-1.346233e-01
8.302072e-01
5.571246e-02
4.920889e+01
1.874186e+02
-2.219272e+01
3.360803e-04
-2.573105e+04
-6.353449e+04
-2.016088e+05
1.559015e+05
2.046641e+05
-1.655474e+05
-1.800667e+04
-5.597395e+04
-5.915711e+03
-3.189802e+03
-1.404657e+05
-2.053833e+04
-2.487368e+04
-3.264415e+04
-1.598085e+04
3.693425e+03
-5.846571e+04
-1.156136e+04
-2.737666e+04
-7.826355e+04
3.490113e+03
-7.077659e+03
-1.531221e+04
8.429496e+03
-2.874692e+04
5.486038e+04
6.570312e+03
-1.456036e+04
-1.374501e+04
-7.814321e+03
-2.892606e+03
-6.083449e+03
3.741050e+03
-2.600753e+04
5.111116e+03
-6.609835e+03
1.850179e+04
5.012692e+03
1.559369e+03
-4.133578e+03
-5.365850e+03
1.899428e+04
2.199778e+03
7.556933e+03
-5.015269e+03
-9.062671e+03
1.355048e+04
-8.053004e+03
-4.840347e+03
7.830005e+02
4.677247e+03
-6.296057e+03
-2.717910e+03
2.270183e+02
3.669221e+03
-1.685532e+03
4.571896e+03
5.470518e+03
1.014832e+03
3.170434e+03
-2.315332e+03
-4.455247e+03
4.294075e+03
1.045319e+03
-3.781516e+03
-3.756306e+03
-1.045075e+03
2.102420e+02
-5.219893e+02
7.959879e+02
2.811343e+03
-1.294823e+03
1.149607e+03
3.471615e+03
5.321294e+02
5.190376e+02
-4.460045e+01
2.249867e+03
-2.024128e+02
-1.013086e+03
3.692158e+02
-1.908642e+03
8.091994e+02
-8.705807e+02
1.607889e+03
-4.090479e+02
1.535077e+03
-1.402230e+03
6.198514e+02
-2.376349e+02
-4.911433e+02
1.450009e+02
-1.025214e+03
4.960291e+02
5.524443e+02
-4.410981e+02
-3.118514e+02
-5.951248e+02
6.993491e+02
3.453565e+02
8.868136e+02
-5.813425e+02
5.733039e+02
4.637545e+01
2.663558e+02
2.007955e+02
8.481346e+02
-3.159092e+02
-5.284058e+02
-4.668038e+02
2.899423e+02
-1.026163e+02
-8.677254e+01
-2.365890e+02
7.060515e+01
-5.548245e+02
2.699267e+02
3.346622e+02
2.624215e+02
-2.015427e+02
-1.747495e+02
-3.322303e+02
1.912736e+02
4.866445e+02
7.790947e+02
5.689888e+01
1.759808e+02
-3.662459e+02
7.713737e+01
2.979721e+01
1.918097e+01
2.899219e+02
-4.965321e+01
5.257456e+01
-3.055707e+02
7.198808e+01
-2.424559e+02
5.938243e+01
1.725101e+02
-7.797900e+01
7.278462e+00
4.500624e+01
3.554350e+02
7.172471e+01
2.862238e+02
-3.184086e+01
1.524346e+02
-1.923769e+02
-4.876671e+01
2.363187e+02
9.333435e+01
7.159667e+01
-1.659340e+02
-6.375908e+01
4.946387e+01
1.237347e+02
-1.004373e+02
1.550806e+02
-5.787442e+01
8.503658e+01
2.417180e+01
6.383252e+01
1.368623e+02
1.332405e+02
-5.414042e+01
-5.972219e+01
1.743377e+01
-1.466384e+01
7.781284e+01
4.937653e+01
5.784156e+01
-5.181469e+00
6.890222e+01
9.066545e+01
1.230967e+02
2.601912e+01
2.087123e+01
5.104309e+01
2.578126e+01
-4.742841e+01
3.551531e+00
1.385185e+01
-7.659269e+00
1.640411e+01
3.370678e+01
7.151082e+01
3.216367e+01
2.337938e+01
-5.412057e+01
-1.730643e+01
-4.822516e+01
-1.410370e+01
1.772163e+01
4.273131e+01
-2.753948e+01
1.083181e+01
-2.374638e+01
3.125262e+01
4.265549e+00
-5.762125e-01
-7.510246e-02
-8.381525e-03
-1.812858e-01
-3.648846e-01
2.094452e-01
2.738597e-01
-3.382809e-01
4.238696e-02
-5.133740e-01
3.805149e-02
-2.475393e-01
1.953951e-01
9.258134e-02
-3.808631e-02
-1.365559e-01
5.154039e-02
6.012380e-02
-3.123379e-02
4.157522e-02
1.644311e-01
-7.306150e-02
8.617420e-02
-5.649034e-03
1.138982e-01
-3.915380e-03
-4.890323e-03
-3.750936e-02
-6.325012e-02
