1.448259e-01
5.897870e-01
-4.050920e-02
4.238222e+01
1.634073e+02
-2.582713e+01
3.304055e-04
-1.701480e+05
2.055703e+04
7.921330e+04
-4.114659e+05
141498
-1.447029e+05
2.448246e+03
9.176980e+04
-3.806684e+04
-8.874030e+03
6.943760e+03
1.969695e+05
2.147378e+04
-2.752643e+04
1.090383e+04
-6.074245e+04
9.861617e+03
-5.402562e+04
2.928130e+04
-5.257389e+04
4.169354e+04
9.549097e+01
-3.526361e+04
3.767553e+04
-3.357582e+04
-5.638587e+03
2.177213e+04
-6.259518e+04
-9.651773e+03
-2.099704e+04
-2.593016e+04
2.964919e+04
4.387072e+03
5.142651e+03
-1.857110e+04
8.827424e+03
-1.669368e+04
6.177636e+03
-1.038636e+04
1.902780e+04
1.606755e+04
-6.408438e+03
1.047338e+04
-1.300240e+03
-5.015165e+02
-1.762332e+03
1.313384e+03
8.514833e+03
-1.793866e+03
5.546210e+02
1.004262e+04
4.979356e+03
-3.249337e+03
-8.291116e+03
5.154212e+03
-1.417160e+03
3.158732e+03
-6.573985e+03
2.756541e+03
8.764986e+02
6.308098e+03
-1.790271e+03
-1.737149e+02
7.342210e+00
3.132690e+03
2.936519e+03
1.255432e+03
-2.942698e+03
-1.403345e+03
-1.809710e+03
-1.986863e+03
-9.853448e+02
2.982177e+02
7.009271e+02
-2.421163e+02
3.397862e+02
1.471005e+03
2.987985e+02
-8.247366e+01
1.190352e+02
-7.330754e+01
-1.051425e+02
1.186786e+03
-1.181345e+03
1.732084e+03
5.045640e+02
9.822849e+02
6.045033e+01
-1.977372e+02
2.065936e+03
-2.105788e+03
-2.742783e+02
3.055196e+02
-2.052857e+02
-2.906817e+02
8.511838e+02
-7.531418e+02
-8.328294e+01
-1.436653e+03
2.343143e+02
1.238139e+03
1.370983e+03
7.922111e+02
1.267808e+03
-2.686134e+02
4.972570e+00
-1.290817e+01
1.081879e+02
7.365196e+02
-5.425504e+02
-3.822172e+02
-6.265248e+02
4.180129e+02
1.928406e+02
8.663240e+02
1.648608e+02
-2.816502e+02
2.997861e+02
-2.612799e+02
4.681806e+02
1.533417e+02
-6.061124e+02
-1.558409e+02
-2.397819e+02
2.066443e+02
-5.494526e+02
-7.577151e+01
6.417480e+00
-3.961089e+02
-1.080781e+02
7.668150e+01
-3.367878e+01
-2.042351e+02
-2.286682e+02
2.307966e+02
2.377675e+02
1.802812e+02
4.747112e+01
-1.035494e+02
-8.025493e+01
-1.820003e+02
-2.591727e+02
2.017153e+02
2.374488e+02
2.258790e+02
-2.781047e+02
-8.993399e+01
1.559868e+02
-5.642085e+01
-1.203318e+02
6.020389e+01
1.981591e+02
-1.628659e+02
4.026267e+01
-5.530033e+01
-1.913862e+02
-1.278426e+02
-3.476488e+02
3.871766e+01
4.121661e+01
2.169233e+02
-2.429512e+02
5.494748e+01
1.043602e+02
4.045729e+01
1.837875e+02
1.146985e+02
-1.881154e+01
-8.160813e+01
1.250507e+02
2.836112e+01
-1.389129e+02
4.485227e+01
8.452328e+01
7.846236e+01
2.820018e+00
-4.300218e+01
3.229019e+01
9.969868e+00
4.143559e+01
1.199653e+02
-1.338602e+02
-7.225780e+01
9.669476e+01
6.927238e+01
-1.344762e+01
-5.355056e+01
2.789570e+00
-5.646157e+00
1.270432e+00
2.544843e+01
-1.131389e+01
-9.857080e+00
2.526013e+01
-3.307967e+01
-4.503166e+00
-1.943327e+01
1.398935e+01
-9.456230e-01
-1.725482e+00
-5.217675e-01
-7.955894e-01
8.361257e-02
5.668326e-02
3.331147e-02
-2.666580e-03
3.174043e-01
8.165859e-02
-3.048804e-02
1.021139e+00
3.469932e-01
8.907254e-02
-1.559137e-01
3.144247e-01
-9.826697e-02
-7.193398e-02
-5.900324e-02
-2.596521e-02
3.612459e-01
-9.419714e-02
1.028102e-01
-1.020683e-01
-1.628691e-01
3.398319e-01
2.168274e-02
-1.369931e-01
6.219319e-02
-2.136064e-02
