-2.092134e-01
1.086875e+00
-8.783796e-01
5.404445e+01
1.696328e+02
-1.705679e+01
3.345402e-04
-6.194655e+04
-2.700095e+04
5.301002e+04
1.623821e+04
-2.477033e+04
2.178371e+05
-1.597650e+05
1.241450e+04
-3.843622e+04
9.325701e+04
-5.706572e+02
8.235577e+04
3.402161e+04
-6.782535e+04
-1.050831e+04
2.831083e+04
5.538985e+03
-7.781703e+02
-3.966151e+04
3.954566e+04
-3.956476e+04
-1.645896e+04
-2.097918e+04
-5.075843e+04
-3.738891e+04
-2.732010e+04
-9.620053e+03
-8.417266e+02
2.546215e+03
-1.024099e+04
3.694464e+02
-6.434444e+03
1.462436e+04
-1.260630e+04
8.010697e+02
9.326151e+03
-1.628399e+03
6.894707e+03
-4.064410e+03
7.721133e+03
2.939876e+03
-6.106826e+03
3.923994e+03
3.737830e+03
-5.889238e+03
-4.872038e+03
8.994026e+02
6.723062e+03
-3.003304e+03
-3.603611e+03
4.004444e+03
2.089382e+03
-3.065296e+03
-2.527371e+03
-2.890180e+03
-3.817725e+02
-2.725697e+03
1.629716e+03
3.482571e+03
4.835792e+02
3.226423e+03
-2.580469e+03
-3.163004e+02
4.720011e+03
3.378003e+03
1.666071e+03
-1.304509e+03
-6.279902e+02
6.657199e+02
1.060637e+02
1.284504e+03
-2.374434e+03
4.279758e+00
-5.179095e+02
-2.705717e+03
-8.181474e+02
-2.103650e+03
5.633032e+02
-1.529204e+02
-5.357285e+01
1.220628e+02
8.473801e+02
6.081804e+02
-2.600609e+02
-4.504330e+02
1.916087e+03
5.502651e+02
-5.136388e+02
3.610154e+02
1.464819e+03
-1.057344e+03
4.227597e+02
4.709191e+02
1.079623e+02
1.129727e+02
1.847860e+02
-3.961826e+02
-1.742038e+01
1.011569e+02
-1.664536e+02
4.675508e+01
1.303614e+03
1.723312e+02
5.343633e+02
1.773529e+02
-3.669774e+02
-2.539257e+02
-6.752031e+02
2.854738e+02
-2.506852e+02
-8.561466e+01
-4.394684e+02
1.012147e+02
-2.724616e+02
-4.816481e+01
-3.856690e+02
4.748505e+01
3.858792e+01
-3.182773e+02
4.362348e+01
3.501691e+02
-2.718698e+02
-2.256246e+02
1.387852e+02
3.584389e+02
2.417504e+02
2.285429e+02
-1.342869e+02
-1.666768e+02
2.129877e+02
-1.320441e+02
-3.957941e+01
-1.027976e+02
1.653352e+02
1.161147e+01
1.208931e+02
3.627600e+01
-5.714593e+01
-3.868662e+01
2.841096e+01
-2.884882e+02
-3.950510e+01
6.601902e+01
2.161005e+02
3.273213e+01
3.584341e+01
-3.830993e+00
-9.696195e+01
-1.205960e+02
1.185771e+02
7.657001e+01
-1.102214e+02
-5.791624e+01
1.526557e+02
-2.155573e+01
-6.232605e+01
1.422296e+01
-1.037367e+02
-6.810901e+01
-2.492622e+01
1.312497e+02
-1.821982e+02
-1.054191e+01
-5.260014e+01
1.590517e+02
1.203213e+02
-4.303733e+01
-2.051560e+01
-1.226104e+02
4.620530e+01
-2.178720e+01
-1.154755e+02
5.239127e+01
6.146109e+01
-1.611406e+01
-2.096818e+01
-2.753128e+01
8.210281e+01
-8.132908e+01
-7.878472e+00
4.814481e+01
-3.777366e+01
-1.329284e+01
3.511918e+01
3.791420e+01
-5.414348e+01
3.981456e+01
1.713632e+01
-1.524487e+01
-5.005247e+01
2.342945e+00
-5.061354e+01
-1.200257e+01
-7.292688e+00
-1.920057e+00
2.843249e+01
-3.709725e+01
2.203949e+01
6.670927e+00
-1.675985e-01
5.110656e-02
-2.540005e-01
-2.603231e-01
3.641162e-01
-1.221212e-01
1.498085e-01
3.510099e-01
3.728790e-01
4.720358e-03
7.733476e-02
-2.033615e-01
1.691732e-01
-5.381601e-02
-5.046968e-02
1.620655e-02
-9.029189e-02
-3.341322e-01
-1.380583e-01
-1.339797e-01
-2.262443e-01
5.034402e-02
-1.523009e-01
-2.494963e-02
4.071666e-02
7.630126e-02
-1.028616e-01
4.698807e-03
2.607580e-02
