1.846565e-01
5.528101e-01
9.449898e-03
4.494222e+01
1.611635e+02
-2.582688e+01
3.413291e-04
-4.363546e+04
-4.256995e+04
-3.388082e+05
6.954125e+04
-8.407804e+04
-2.086711e+05
1.692043e+05
-1.336852e+05
-1.896344e+05
-4.505595e+04
-1.331797e+05
1.137275e+05
-1.981532e+04
-7.779415e+04
-1.345370e+04
1.327336e+04
-4.141841e+03
1.802275e+04
8.012502e+04
3.087757e+04
-6.124911e+03
-7.953776e+04
-2.487006e+04
-1.596691e+04
2.817348e+04
-3.968768e+04
-3.880598e+04
1.459741e+04
6.040752e+03
2.649179e+03
-1.838280e+04
6.728914e+03
-2.081198e+04
-7.784544e+03
-8.694107e+03
1.971343e+03
3.962004e+03
3.365082e+03
-1.977521e+04
1.570022e+04
3.056441e+03
8.706604e+03
3.766708e+03
-9.736346e+03
-6.856336e+03
-2.209253e+03
-8.906499e+03
-2.857480e+03
8.605210e+03
2.802792e+03
1.257830e+04
8.693328e+03
-1.136429e+04
-3.610771e+03
-2.540577e+03
-1.115721e+03
-2.294494e+03
1.522466e+03
6.907256e+03
5.018089e+03
4.558514e+02
-3.823117e+03
2.795096e+03
-1.332360e+03
8.290848e+02
-8.237313e+02
5.248778e+02
1.281612e+03
2.838555e+03
-1.595461e+03
9.759310e+02
-5.253417e+03
1.238499e+01
3.814213e+02
-1.228390e+02
-1.231529e+03
-4.775044e+02
5.673904e+03
-2.924059e+02
-1.533321e+03
-1.891208e+03
-1.182776e+03
9.235032e+02
-9.031578e+02
1.568549e+02
2.920047e+02
1.362228e+03
-3.862226e+03
5.856763e+02
8.358430e+02
8.388024e+02
-3.656252e+02
-6.675601e+02
-2.286861e+02
4.425534e+02
5.256136e+02
-1.123238e+03
-1.744571e+02
-9.544282e+02
8.592997e+02
1.143625e+03
-3.103863e+02
1.410414e+03
-1.193355e+03
-3.937763e-01
5.491855e+01
8.049948e+02
5.258239e+02
2.183703e+02
5.147247e+02
-4.740938e+02
1.306608e+02
-7.520901e+01
1.249229e+01
-2.021244e+02
-4.874738e+02
-3.264867e+02
6.451428e+02
-5.002838e+02
1.874503e+02
2.765949e+02
-5.800674e+02
-6.084152e+01
6.255255e+02
6.033911e+02
4.050052e+02
4.812202e+02
-4.336094e+02
2.690785e+02
4.865040e+02
-5.092854e+02
5.535064e+01
-6.553644e+01
-4.927041e+02
3.156706e+02
3.588259e+02
2.506637e+01
2.030131e+02
-1.964901e+01
-1.498906e+01
-5.120182e+02
4.538041e+01
1.152621e+02
2.290804e+02
3.786382e+02
5.611431e+02
-4.279699e+01
4.639840e+01
-1.332352e+02
6.700384e+01
1.371230e+02
1.172900e+02
-2.761404e+02
-4.373474e+01
7.461813e+01
1.314902e+02
-4.732334e+01
-1.029413e+02
-7.014635e+01
-7.554774e+01
7.826546e+01
6.298380e+01
1.260397e+02
1.396738e+02
2.351765e+01
-9.323809e+00
7.835242e+01
8.132799e+01
-1.023659e+02
4.352703e+01
-4.725755e+01
1.596328e+01
1.419119e+02
-5.277745e+01
-1.871683e+00
7.583730e+01
2.239079e+01
1.607788e+02
-8.969696e+01
-3.391920e+01
1.667386e+01
-5.905005e+01
7.291023e+01
1.027809e+01
-2.004488e+01
-9.405241e+01
5.134857e+01
-2.781999e+01
3.013272e+01
4.483895e+01
2.764972e+01
-1.059992e+01
2.069941e+01
-3.836707e+01
-1.343671e+01
4.151245e+01
1.625068e+01
3.218467e+01
3.054523e+01
-9.225995e-01
2.801324e+00
-4.049165e-01
1.450143e+00
5.668027e-01
5.559303e-01
3.071082e-01
-8.815598e-01
2.058019e-01
-1.045181e+00
2.940024e-01
4.333501e-01
-2.183111e-01
-3.123566e-02
-1.772880e-01
-1.034080e-01
-4.882891e-02
-1.436180e-01
-6.838950e-02
3.058527e-01
-2.928522e-01
1.950388e-01
1.021857e-01
-9.458258e-02
6.540103e-02
3.732895e-02
-1.382527e-01
-9.430514e-02
-3.201204e-02
