-1.762162e-01
-8.070378e-01
6.455589e-02
5.091555e+01
1.837688e+02
-2.110830e+01
3.488138e-04
-1.185307e+04
-1.134012e+05
5.837163e+04
3.133368e+05
9.494188e+04
1.164746e+05
-9.374445e+04
1.247876e+03
2.562761e+03
7.590579e+04
1.225846e+04
5.712413e+04
-2.929911e+04
-8.444940e+04
-7.122537e+04
5.397764e+04
-1.632106e+04
1.206925e+04
-1.946984e+04
-5.774672e+03
2.211410e+04
-3.457814e+04
-1.761945e+04
-3.537746e+04
-1.238981e+04
-1.588817e+02
-1.071275e+04
-3.465716e+04
-8.335587e+03
-7.359004e+03
5.740096e+03
8.321101e+03
6.352054e+02
-1.997004e+04
1.025909e+04
-5.677087e+03
-7.945848e+03
1.754894e+04
-9.204579e+03
-4.793224e+03
9.882102e+03
-6.635452e+03
2.428397e+03
7.750585e+02
-3.553379e+03
-4.907005e+02
2.527690e+03
-1.422102e+03
-1.983177e+03
-2.434030e+03
6241
5.195662e+02
-6.013382e+03
-2.646361e+03
6.671279e+02
4.066693e+02
-2.335395e+03
-4.380518e+02
4.458419e+03
2.701503e+03
-1.616560e+03
-6.726406e+03
2.639311e+03
3.602381e+03
9.232262e+02
-1.657586e+03
-5.000056e+02
-4.279130e+02
2.101556e+03
1.240312e+03
8.671022e+02
-3.743484e+03
-6.079899e+02
-3.820126e+02
7.306210e+02
7.982845e+02
1.934996e+03
6.820750e+02
3.555737e+02
-1.275747e+03
3.355150e+02
-1.061973e+03
5.352883e+02
-1.746276e+03
-5.944421e+02
1.440700e+03
1.247393e+02
-7.302368e+02
5.502090e+02
1.068969e+03
-1.332915e+02
4.684620e+02
1.109025e+03
-5.793605e+02
3.472904e+02
-2.527949e+02
-5.450475e+01
4.357001e+02
-3.164954e+02
2.996099e+02
-8.723628e+02
4.967970e+02
1.023636e+02
-2.896227e+02
7.277422e+02
-1.049571e+02
3.292089e+02
-1.475213e+02
-2.029279e+01
6.017670e+01
-5.102714e+00
-4.486712e+01
4.136651e+02
-3.460748e+02
-6.545496e+01
-3.742825e+02
2.664403e+02
1.194252e+02
-3.045939e+02
1.390399e+02
3.841483e+02
4.320129e+01
-1.048457e+02
1.273781e+02
4.117681e+02
3.834206e+02
2.110896e+02
9.516859e+01
-8.888913e+01
2.378909e+02
-3.283742e+01
1.664210e+02
5.457907e+01
2.412455e+02
1.118145e+02
-4.841612e+01
1.289005e+02
4.007840e+00
2.894214e+01
-2.960677e+01
-2.025699e+02
2.322683e+02
1.443061e+02
2.546573e+01
-4.758812e+01
1.302064e+02
2.312881e+01
-1.568889e+02
-9.974700e+01
3.301604e+02
1.178877e+02
-8.027808e+01
-1.129863e+02
2.597512e+02
2.539798e+01
-3.560278e+01
7.033754e+01
5.296561e+01
-4.376568e+01
-3.825640e+01
9.870875e+01
-1.048090e+02
5.824847e+01
6.748072e+01
8.819529e+01
-7.722382e+00
-6.296856e+00
-3.920303e+01
-8.289831e+01
3.438995e+01
-7.225907e+01
-9.364934e+01
1.603011e+01
3.236239e+01
2.231221e+01
-8.682751e+00
-7.235064e+00
4.389194e+00
-4.718983e+01
2.268069e+00
-6.573012e+01
-3.142480e+01
-4.614947e+01
3.687891e+01
6.080766e+00
-3.760726e+01
5.209220e+01
7.572776e+01
-9.912007e+00
-4.630059e+01
-3.586806e+01
-1.034223e+01
-9.194768e+00
1.054175e+01
-2.489862e+01
3.322946e+01
-2.834205e+01
3.737953e+01
1.349073e+01
-5.667882e-02
1.945320e-01
-2.689936e-01
-3.619030e-01
9.815956e-02
-2.487844e-01
2.039555e-01
3.198050e-02
-1.367337e-03
-2.533655e-01
-1.347106e-01
-7.093880e-01
1.151984e-01
9.059548e-02
-2.190331e-01
6.439758e-02
1.249102e-02
-5.444916e-02
1.444356e-04
-3.192861e-01
2.761136e-02
5.271087e-02
-1.398509e-01
4.111425e-02
-1.046932e-01
5.039438e-02
-6.642714e-02
-5.078084e-02
6.355159e-02
