-8.339728e-01
-9.915941e-01
-1.479851e-01
5.006222e+01
2.011480e+02
-1.345440e+01
3.395926e-04
7.323935e+04
-3.024430e+05
1.474617e+05
7.079789e+05
2.473479e+05
-2.124302e+05
2.077016e+05
-1.998172e+05
1.236266e+05
2.503587e+05
-1.653010e+05
-1.136481e+05
7.038343e+04
-4.669090e+03
-5.279770e+04
6.728470e+04
3.165116e+04
6.986201e+04
-7.657051e+04
7.010980e+04
6.354668e+03
1.317869e+04
2.892159e+04
-4.974409e+04
-1.143819e+04
3.781149e+03
-2.712495e+04
1.155614e+03
5.375091e+03
1.921225e+04
4.367695e+03
-3.386826e+04
7.921113e+02
-4.856302e+02
1.678677e+04
-1.588927e+04
2.674227e+04
2.551683e+03
-1.137280e+04
-1.276905e+04
4.018203e+02
2.176358e+04
6.244935e+03
-2.493512e+02
8.502431e+03
-6.057113e+03
-6.066414e+02
-5.419564e+03
-3.646966e+03
-3.777829e+03
2.453691e+03
3.658612e+02
-1.118474e+04
-3.726539e+03
-2.822541e+03
-1.769575e+03
-4.182897e+03
5.670247e+03
1.767579e+02
-3.022497e+03
-4.838747e+03
-4.624603e+03
-2.478731e+02
1.207121e+03
1.065064e+03
-5.848891e+03
-2.309234e+03
-1.709868e+03
3.152067e+03
5.391202e+02
5.873798e+02
-2.521082e+02
-1.971975e+02
1.828905e+03
-2.889635e+03
3.784655e+03
-1.401729e+03
2.494466e+03
-4.305305e+01
-7.907021e+02
-6.765613e+02
3.413790e+02
5.213362e+02
-3.610634e+02
-2.229531e+03
2.011731e+02
1.375715e+03
-1.804844e+03
1.958266e+02
-1.188877e+03
1.512579e+02
-6.087298e+02
-1.444327e+03
7.646275e+02
2.111088e+02
3.291734e+02
-4.281161e+01
-2.139435e+02
-3.948312e+02
4.065881e+02
2.350127e+02
3.751652e+02
7.029882e+02
-8.402011e+02
-1.049200e+02
-1.771449e+01
1.288689e+03
-1.328940e+03
-3.455121e+02
-6.954465e+02
2.537004e+01
-2.442646e+02
2.987357e+02
-4.451353e+02
-7.304472e+02
-4.346807e+02
1.421105e+02
4.553390e+02
-1.663329e+02
9.716394e+01
-5.366942e+01
3.605097e+01
-7.650244e+01
4.930180e+02
3.726349e+02
7.023057e+02
3.719072e+01
2.452056e+02
-1.354533e+02
-1.208889e+01
-3.500062e+01
-3.521008e+02
-1.132999e+02
-1.574689e+02
-1.958089e+02
1.675177e+02
-2.283893e+02
7.690194e+01
9.889491e+01
6.108330e+01
-7.877363e+01
2.461555e+02
1.650181e+02
5.806912e+01
-1.638541e+02
2.671351e+02
9.103854e+01
-2.113593e+02
-3.069008e+01
3.545927e+02
1.420290e+02
6.837479e+01
-7.636015e+01
-4.741228e+01
-6.595161e+01
2.117092e+02
-2.202838e+01
2.030705e+01
-1.055272e+02
2.701951e+01
-1.136222e+02
1.100431e+02
1.714894e+02
1.052017e+02
9.435351e+01
-1.161539e+02
2.998677e+01
3.774501e+01
-6.354120e+00
7.018213e+01
2.081792e+01
-8.811678e+01
2.119561e+01
5.970966e+01
3.445325e+01
1.875210e+01
4.653466e+01
4.343126e+01
1.176098e+01
-1.183168e+01
-4.045302e+00
6.399426e+01
-6.028594e+00
1.608620e+01
-2.816784e+01
-9.861527e+00
5.863321e+01
-2.989295e+01
-2.963792e+01
1.844715e+01
-7.221285e+01
7.041455e+00
6.267086e+01
4.392144e+01
5.523796e+00
-2.123811e+01
-1.702255e+01
6.974994e+01
2.548970e+01
2.133874e+00
2.110021e+00
-1.005501e+00
2.835101e-01
-2.958214e-01
1.132757e-01
-7.650062e-02
2.685141e-01
-1.389569e-01
-2.819925e-01
-3.883113e-01
-3.730765e-01
3.390803e-01
4.383340e-02
-3.691765e-01
-3.669234e-02
-2.390346e-02
1.255982e-01
6.329705e-02
-1.741973e-01
-1.920479e-02
-2.182754e-01
-8.193558e-02
-9.569404e-02
-6.675892e-02
-6.656469e-02
8.834127e-02
-1.921541e-01
-8.617379e-02
