-2.353471e-02
1.139081e+00
5.309883e-03
5.546667e+01
1.825125e+02
-1.655918e+01
3.484272e-04
1.008854e+05
-1.392711e+05
-3.422972e+05
7.290866e+04
-9.613983e+04
-5.096725e+04
1.233894e+05
-1.300399e+05
-1.954917e+04
-4.597865e+04
-6.515286e+04
7.924289e+04
7.600612e+03
-7.370643e+03
-2.844557e+04
2.077822e+04
-2.063859e+04
3.707264e+04
1.101557e+04
3.880467e+03
-9.175598e+03
-4.629438e+04
-4.668966e+03
-1.231824e+04
1.244959e+04
-2.411865e+04
-9.847551e+03
1.384407e+04
9.347067e+02
3.790990e+03
-7.854128e+01
1.335674e+04
-5.189741e+03
-1.670453e+04
-7.783966e+03
-2.150473e+02
-1.654840e+02
4.087117e+03
-6.917084e+03
1.885246e+03
3.935121e+03
2.353776e+03
3.808490e+02
-1.043647e+04
-6.141457e+03
-6.318636e+03
2.031696e+03
-2.688895e+02
3.753909e+03
-3.324340e+03
6.310728e+03
4.275906e+02
-5.742028e+03
-3.127334e+03
-7.737083e+02
-1.314347e+03
-1.691571e+02
3.177147e+03
3.449608e+03
2.141219e+03
-2.867720e+03
-9.688302e+02
-9.765116e+02
-1.202466e+02
-2.027199e+03
-2.207454e+03
1.773954e+03
9.693964e+02
1.459942e+03
2.275315e+02
1.738130e+03
-2.285790e+03
2.232167e+02
1.012666e+03
-5.907358e+02
4.201857e+02
-8.325425e+02
3.511364e+03
3.453082e+02
-2.299514e+01
-1.057412e+03
-9.776582e+01
9.589096e+02
-4.964719e+02
2.044503e+02
4.224578e+01
3.408181e+02
-1.579937e+03
1.382092e+03
2.119180e+02
1.632484e+02
7.261073e+02
-1.933641e+01
4.663357e+02
8.030598e+02
6.231126e+02
-6.493004e+02
-3.930681e+02
-2.102938e+02
8.395234e+02
3.776372e+02
-1.336364e+02
5.186351e+02
-3.025058e+02
-1.382707e+02
-2.911307e+02
2.543013e+02
-2.116801e+02
3.627398e+02
3.459290e+02
-2.014337e+02
-3.595020e+00
6.899748e+01
-1.216729e+02
-1.595956e+02
-7.763991e+01
3.612648e+01
-1.434276e+02
-1.371876e+01
-2.368903e+00
1.440931e+02
-1.625681e+02
1.642773e+02
5.789759e+02
5.904989e+02
5.063448e+02
2.830590e+02
-1.319272e+02
6.989658e+01
3.824523e+01
-2.613913e+02
5.103401e+01
-1.416368e+02
-9.654460e+01
2.830182e+02
4.271676e+01
-7.490094e+01
7.814014e+01
5.146521e+01
1.399721e+02
-2.005326e+02
1.336595e+02
4.672625e+01
-1.340370e+02
1.206891e+02
2.295192e+02
-6.486168e+01
-1.469274e+02
-9.858720e+01
1.134327e+02
6.664052e+00
1.486023e+02
-1.019781e+02
-8.664634e+01
1.229796e+02
1.287394e+02
4.816099e+00
7.524976e+01
-4.670668e+01
-8.501566e+01
2.746529e+01
1.196152e+02
6.182573e+01
1.064224e+02
4.164109e+01
-7.371514e+01
5.460648e+00
8.707542e+01
-2.829118e+01
3.623630e+01
1.140509e+01
-2.424599e+01
1.109570e+02
-2.264299e+01
6.018894e+01
2.281758e+01
2.838755e+01
8.569331e+01
-8.415371e+01
-1.240310e+01
1.872590e+01
2.125906e+01
5.092876e+01
3.484165e+01
8.708511e+00
-2.986700e+01
2.127647e+01
2.725132e+01
2.939845e+01
3.046452e+01
-1.387028e+01
-6.442773e+00
-9.383812e+00
1.747277e+01
8.252172e-02
3.935803e+01
2.833018e+01
3.229639e+01
1.149821e+01
-1.442780e-01
1.692979e+00
-8.081380e-01
1.199555e+00
-1.110879e-01
5.630902e-02
7.680701e-02
-1.714549e-01
-5.336795e-02
-3.035467e-01
-1.571465e-01
4.569649e-01
7.619156e-02
-5.185417e-02
-7.632936e-02
-1.336086e-01
-3.847062e-02
-2.628706e-02
-6.468019e-03
1.513449e-01
-9.206121e-02
2.753285e-02
6.941824e-02
-1.257087e-01
4.368249e-02
6.940354e-02
-1.104820e-01
-7.148163e-02
6.007501e-03
