-1.849871e-01
-1.195642e+00
-1.653863e-01
5.319111e+01
1.852144e+02
-1.374751e+01
3.434567e-04
-8.206727e+04
-2.744840e+05
4.663608e+04
1.462313e+05
5.434681e+04
-8.695770e+04
5.548590e+04
-5.889470e+04
-6.378008e+04
3.917003e+04
-4.821189e+04
4.681148e+04
6.557226e+04
-3.094431e+04
-8.424705e+03
2.232709e+04
-1.716434e+04
3.505805e+04
4.876074e+03
3.137013e+04
-5.911609e+03
-1.721590e+04
6.126332e+03
-4.369704e+04
1.777038e+04
-1.615835e+04
-2.226485e+04
1.021732e+04
1.961645e+04
9.760760e+03
-5.657905e+03
2.652796e+03
-9.661370e+02
1.579771e+03
-4.244164e+03
-8.518088e+03
4.810411e+02
6.501993e+03
-1.261905e+04
3.016882e+03
1.944135e+03
9.547633e+02
2.656268e+03
2.481252e+03
-6.448530e+03
-2.473955e+03
-8765
-8.429870e+03
7.512128e+03
5.730080e+02
7.829213e+03
1.772263e+03
-1.346143e+04
-3.428594e+03
8.667020e+02
-1.615146e+03
-2.050001e+03
6.758740e+02
3.131256e+03
1.460022e+03
3.009363e+03
-2.573166e+03
9.222248e+02
-4.688444e+01
-8.116285e+02
-1.446763e+03
-8.473882e+02
6.950240e+02
1.665581e+03
7.085662e+02
4.262689e+02
-3.881013e+03
1.269195e+03
-5.647838e+02
-9.729243e+02
-1.140217e+02
-6.117771e+02
3.571812e+03
2.576458e+02
-3.251939e+02
-8.231522e+02
3.424308e+01
3.794741e+02
-8.898724e+01
2.913271e+02
7.301697e+02
1.381710e+03
-1.619998e+03
1.726737e+02
8.401690e+02
-3.348191e+02
-2.801369e+02
-1.065852e+02
3.205687e+02
1.106111e+02
3.782517e+02
-1.399241e+03
2.445073e+02
-3.627877e+02
1.483388e+03
7.770533e+02
4.614077e+02
1.180506e+03
-3.299739e+02
6.300046e+02
2.871024e+02
7.551404e+02
6.703658e-01
-2.349117e+02
-7.698425e+00
-7.784829e+02
-4.614251e+02
1.846466e+02
2.106384e+02
-1.304364e+02
-3.528428e+02
2.315939e+02
4.766664e+02
-4.101610e+02
7.254012e+01
-1.304967e+02
-2.991298e+02
-3.558644e+02
5.088600e+02
3.093286e+02
1.251914e+02
1.929302e+02
-3.152616e+02
1.538298e+02
5.355777e+02
-4.197290e+02
-9.491565e+01
6.798972e+01
-1.821086e+02
1.799193e+02
5.410278e+01
8.434425e+01
-1.427081e+02
6.222652e+01
1.875496e+02
-2.904929e+02
3.746825e+01
1.638530e+02
9.679461e+01
2.308498e+02
2.902379e+02
-1.696703e+02
-7.999281e+01
-2.794958e+01
2.348427e+01
9.625504e+01
3.356811e+01
-1.264287e+02
5.274504e+01
2.469024e+01
1.643638e+02
2.927558e-01
-3.838719e+01
-3.420391e+01
6.327065e+00
2.692907e+01
-6.897278e+01
1.438049e+02
1.551217e+02
1.060869e+02
6.403381e+01
5.760345e+01
5.428942e+01
-4.366756e+01
4.850428e+01
4.457427e+01
-2.687951e+01
4.661353e+01
-1.154138e+01
5.989832e+01
1.077789e+01
-5.335483e+01
9.993990e+01
-1.683915e+01
8.137006e+01
4.078703e+01
-3.615486e+01
4.455786e+01
3.611285e+01
2.003290e+01
-8.252531e+01
2.697647e+01
-2.662856e+01
3.505530e-01
-1.228028e+01
3.479289e+00
-1.082955e+01
3.612130e+01
-9.206733e+00
-3.239561e+01
2.522144e+01
-2.149109e+00
4.224894e+01
3.139252e+01
-1.660593e+00
2.405125e+00
-8.150226e-01
1.802088e+00
1.629184e-01
-1.507512e-01
-8.018846e-02
-5.857628e-01
-2.169265e-02
-2.280409e-01
-3.457638e-02
4.403984e-02
-4.457822e-02
6.076045e-02
-3.141328e-02
-1.173138e-01
-5.435438e-02
-1.372653e-01
-8.414613e-02
4.388903e-02
-1.773929e-01
1.512599e-01
2.145471e-03
-1.164215e-01
1.000262e-01
3.069602e-02
-3.562901e-02
-1.439746e-01
-6.099169e-02
