-8.692758e-02
-9.243600e-01
-6.873164e-02
4.892445e+01
1.799235e+02
-1.864264e+01
3.519606e-04
-2.453097e+05
3.089312e+05
4.034033e+05
-1.758421e+05
-4.930233e+04
-1.155737e+05
-3.620709e+04
1.969681e+05
-1.804006e+05
-3.188299e+04
-1.611994e+05
-3.653678e+04
-6.357648e+04
2.522013e+03
2.826637e+04
6.309497e+04
3.441116e+04
3.398954e+04
-1.823773e+04
1.854754e+04
-6.323493e+04
-3.904997e+04
3.581004e+03
3.372254e+03
5.473614e+04
-2.289437e+04
-5.486095e+03
-7.863464e+03
-5.142022e+03
2.237359e+04
-2.666121e+04
-1.607233e+04
2.827091e+03
1.544230e+03
-1.772086e+04
-8.187284e+03
-2.062735e+04
1.142107e+04
-1.028699e+04
-1.421349e+03
-4.993983e+03
3.217007e+02
-1.163261e+04
5.878732e+03
8.407293e+03
9.258423e+03
1.251534e+03
-1.509927e+04
1.923259e+03
-1.889938e+03
7.354800e+03
-3.785518e+02
-7.749935e+03
2.389569e+03
-3.096105e+03
-1.065145e+03
-3.599682e+03
2.573666e+03
4.606350e+01
5.602054e+03
5.842149e+03
-4.578885e+02
2.959929e+03
3.857666e+03
4.294883e+03
3.559224e+03
-1.896156e+03
-1.134621e+03
1.469979e+03
1.561295e+03
3.810393e+02
-5.998670e+03
-1.130798e+03
-1.057249e+03
-6.172472e+02
-1.344066e+03
-9.314355e+02
5.076852e+03
3.070721e+02
-4.720928e+03
-1.111174e+03
-1.012615e+03
2.397163e+03
6.724186e+02
-1.140321e+02
2.124457e+03
1.694946e+03
-1.421361e+03
9.048080e+02
9.159200e+02
8.264280e+02
-7.230455e+02
-8.765604e+02
-1.755356e+03
-3.686491e+02
4.086818e+02
-5.339000e+02
5.516361e+02
-4.165909e+02
-7.053799e+02
1.492932e+03
-1.377434e+02
1.701537e+03
3.433964e+02
7.235976e+02
-1.263015e+03
1.656996e+02
-2.373972e+02
-1.059573e+03
-6.734650e+02
-5.755309e+02
-6.884902e+02
8.098206e+02
-3.606010e+02
2.645292e+02
-8.789968e+02
4.356086e+02
1.440786e+02
8.516743e+01
-1.845039e+02
-1.512430e+02
4.600537e+01
3.157231e+02
-8.060858e+01
1.308970e+02
3.233023e+01
6.357037e+02
-7.002736e+02
-2.934533e+01
7.372014e+02
-2.410658e+02
1.031086e+02
3.254030e+02
-2.394003e+02
-5.170599e+02
-1.170977e+02
1.374769e+02
-2.695473e+02
2.828559e+02
-3.131071e+02
-1.896482e+02
-3.620214e+01
2.290100e+02
5.326889e+01
2.967046e+02
1.542055e+01
-1.560932e+00
-3.146755e+02
8.493078e+01
4.502551e+01
2.320879e+02
3.467839e+01
-9.401930e+00
1.888960e+02
2.702066e+01
-6.044307e+01
-1.222079e+01
-4.517159e+01
-1.950456e+01
1.315208e+01
7.806788e+01
-1.304096e+02
-9.873412e+01
1.081922e+02
1.512453e+02
-4.940022e+00
9.122828e+01
-1.003893e+02
2.091368e+01
7.530505e+01
1.807146e+01
-5.036033e+01
1.374350e+01
3.199215e+01
-5.475508e+01
1.788311e+01
9.147272e+00
4.370457e+01
-1.869161e+01
4.275918e+01
2.299092e+01
-6.734527e+01
-2.959984e+01
-1.766892e+01
-1.159870e+01
3.277124e+01
-2.133259e+01
1.859551e+00
-4.444290e+01
-6.385497e+01
6.226249e+01
-9.156553e+00
4.271704e+01
4.661421e+00
-2.362625e+01
4.874655e+01
-3.307088e+01
-1.294409e+00
2.419944e+01
-8.206610e-01
-9.460583e-01
5.531610e-01
1.338476e-01
-2.962132e-01
8.906844e-02
-3.341458e-01
-8.522148e-01
-5.140002e-03
-2.710485e-01
1.193848e-01
-1.951610e-01
2.859026e-01
-1.130090e-01
-2.600576e-02
3.953880e-01
1.265425e-01
8.399699e-03
-7.825658e-02
-2.023847e-01
-3.533539e-01
1.091786e-01
-4.137263e-02
-7.869562e-02
-1.684319e-01
-1.161731e-01
1.739317e-01
2.857020e-02
-1.623345e-01
