-1.403916e-01
1.543104e-01
-9.248874e-02
4.380444e+01
1.854470e+02
-2.762070e+01
3.514811e-04
-1.527291e+03
-1.396271e+05
1.092666e+05
1.749180e+05
1.228793e+05
-1.113492e+04
4.165780e+04
2.234822e+04
4.813973e+04
3.281312e+04
2.764492e+04
1.253158e+05
4.242336e+04
-5.709914e+04
-3.288376e+04
-1.324582e+04
6.090537e+03
-7.203547e+03
1.080042e+04
2.659063e+04
6.133058e+04
6.744457e+03
6.098161e+03
-7.403955e+03
6.282875e+03
-2.365073e+04
-1.648291e+04
-2.909520e+04
-7.917643e+03
-1.370179e+04
2.926373e+03
1.794669e+04
-1.035403e+04
9.497749e+03
1.140009e+04
-6.848187e+03
-1.097957e+04
2.582152e+04
-1.247401e+04
5.120405e+02
1.553768e+04
-7.458124e+03
4.212146e+03
-4.051374e+03
1.297603e+02
3.700152e+02
-5.332028e+03
8.229658e+03
1.733897e+02
-1.772898e+03
1.054547e+04
4.730141e+03
-4.119748e+03
-4.890243e+03
-2.821388e+02
1.151053e+03
4.765426e+02
-4.863662e+03
4.051946e+03
-2.937117e+03
-1.843957e+03
-6.638271e+03
1.058611e+03
1.546875e+03
3.737779e+03
-1.440232e+02
1.597042e+03
-3.045754e+03
5.903755e+02
-2.148927e+03
-1.204470e+03
-2.039129e+03
1.564204e+02
-2.631769e+03
-8.431337e+02
9.386031e+02
2.036515e+03
-3.436852e+00
1.363329e+03
-7.793294e+02
7.348517e+01
6.171657e+02
-1.123289e+03
-1.201041e+03
-2.179145e+02
1.877971e+03
2.919826e+02
-1.187656e+02
8.873071e+02
9.615577e+02
-6.495040e+02
-1.467600e+02
1.105077e+03
-4.650211e+02
-2.569235e+02
9.662099e+02
-5.182057e+02
-3.646516e+02
-1.036917e+03
5.694636e+02
-2.274695e+01
1.345436e+03
6.889957e+02
-1.043557e+02
5.322698e+02
-2.704456e+02
1.323175e+02
-3.698539e+02
7.079514e+02
2.003345e+02
-2.736889e+02
8.566756e+01
4.583076e+02
2.205564e+02
3.392519e+01
-3.248229e+00
-5.416380e+01
1.906105e+02
-4.990316e+02
5.483703e+02
3.970132e+02
2.046076e+01
1.976671e+01
-3.487178e+01
2.288325e+02
1.263114e+02
7.415449e+00
2.636195e+02
-2.263688e+02
6.614256e+01
8.734678e+01
-7.245818e+01
-2.248761e+02
-1.711731e+01
3.533357e+02
1.335866e+02
2.080436e+02
3.441951e+01
-7.242046e+01
1.911024e+01
-2.788144e+02
2.281963e+02
8.238489e+01
1.242412e+02
-1.103845e+02
7.153290e+01
6.205107e+01
-1.110035e+02
-5.057588e+01
1.162650e+02
9.241616e+01
3.002057e+01
-1.678410e+02
1.315654e+02
-1.517964e+01
-1.966426e+01
-9.602155e+00
-1.313298e+02
-4.177708e+01
-6.398679e+01
1.634683e+02
-1.418851e+02
7.726852e+01
8.578352e+01
1.697776e+01
7.579276e+00
-2.405734e+01
-2.390925e+01
-1.592641e+02
8.092090e+01
-7.274256e+01
-1.259832e+02
7.638708e+01
9.646515e-01
1.010947e+02
6.628701e+00
-2.123903e+01
1.594184e+00
-5.040849e+01
6.329625e+01
6.448502e+00
-4.245622e+01
-3.648177e+01
7.429337e+01
-1.177839e+01
-6.948633e+01
5.963217e+01
4.048859e+01
1.150424e+01
-1.567711e+01
-4.107966e+01
6.998367e+00
-2.473063e+01
1.322057e+01
-2.356422e+01
-2.150011e+01
7.355406e+00
5.099664e+01
8.823262e+00
1.179202e-01
-3.039326e-02
-1.066691e+00
-3.006609e-01
3.144492e-02
-3.985057e-01
6.633580e-02
4.044672e-01
4.771483e-02
-1.493525e-01
9.398425e-02
-3.122831e-01
-1.133330e-01
4.229940e-02
-1.142346e-01
6.474381e-02
-7.009877e-02
-1.091653e-01
6.290106e-03
-1.893729e-01
1.588403e-02
7.810738e-02
-1.197739e-01
-9.566949e-02
-2.050931e-02
1.763439e-02
-8.954372e-02
-2.095014e-02
5.501889e-02
