-1.840144e-01
-1.317585e+00
1.969652e-01
5.376000e+01
1.838737e+02
-1.276053e+01
3.449403e-04
-1.239024e+05
-5.471804e+04
-4.508267e+04
4.100089e+04
1.392648e+05
8.313965e+04
2.439439e+04
5.620621e+04
-1.265551e+05
-9.099695e+04
-1.331707e+04
4.976032e+04
8.836248e+04
-3.354980e+04
-5.886306e+01
3.743961e+04
-3.342681e+04
6.491375e+03
-6.461009e+02
-1.786185e+04
4.637951e+04
-8.567857e+03
1.861030e+03
-1.867799e+04
3.249452e+04
-1.829211e+04
5.320931e+03
1.098912e+04
-2.731947e+04
6.003879e+02
-8.821978e+03
8.672668e+03
-1.626643e+04
-8.924310e+02
-1.050055e+03
4.720413e+03
-1.438570e+04
2.697114e+04
-1.499262e+03
6.617738e+03
3.697576e+03
-1.138020e+04
6.360539e+02
-6.713167e+02
2.383147e+02
1.013686e+04
-3.298215e+03
-2.751135e+03
7.383432e+03
4.713875e+03
9.469490e+03
9.958992e+02
-2.368669e+03
4.988425e+03
3.974898e+03
-1.599516e+03
-9.687751e+01
1.155778e+02
-1.516886e+03
2.881820e+03
6.645546e+02
-1.312462e+03
3.995852e+03
1.160309e+03
2.032179e+03
-7.780225e+02
2.102202e+03
2.233658e+01
-6.828973e+02
-6.606581e+01
-1.384698e+03
-5.896491e+03
-4.169470e+02
-2.328977e+03
2.635973e+03
9.654732e+02
3.062100e+03
3.077765e+03
4.207557e+02
-4.465504e+03
1.325606e+03
-1.195818e+03
-6.270698e+02
-9.125663e+02
8.028802e+02
2.159388e+03
-7.683704e+02
-3.969510e+02
2.672547e+02
1.519901e+03
1.284415e+03
1.337076e+02
6.753922e+02
-9.899958e+02
2.454671e+02
1.882271e+01
-1.739773e+03
4.350537e+02
-1.859434e+02
-3.363264e+02
1.588564e+03
8.275914e+02
1.216119e+03
6.480937e+01
9.261370e+02
-1.143947e+02
8.565291e+02
8.238705e+02
-4.008417e+02
8.267095e+02
-3.978215e+02
-2.330642e+02
4.070386e+02
2.547343e+02
3.904759e+02
-3.507370e+02
3.016385e+02
1.823375e+02
-5.285610e+02
1.998680e+02
1.433601e+02
2.054521e+02
4.222643e+02
1.357565e+02
3.164377e+02
-3.094107e+02
-1.201124e+02
-3.261080e+02
2.493164e+01
5.549161e+02
-1.665206e+02
4.000272e+02
4.865924e+01
-9.300723e+01
-5.671122e+00
-1.411096e+02
4.938678e+02
-8.204589e+01
1.345860e+02
7.462737e+01
-4.143181e+01
4.337509e+01
-1.091966e+02
9.756425e+01
2.295175e+02
-7.650504e+01
-5.005361e+01
-2.550694e+02
7.011487e+00
1.579006e+02
1.836306e+01
-4.807202e+01
-2.964258e+02
1.683701e+02
1.117953e+02
-2.444925e+01
-5.298560e+01
-2.093792e+01
-4.617470e+01
-2.844582e+01
1.925525e+02
-1.009936e+02
8.554644e+01
1.060461e+02
-8.584419e+01
-2.675914e+00
8.432901e+01
-1.963748e+01
-9.373823e+01
-3.148137e+01
-6.563820e+01
-2.717941e+01
7.972933e+00
-5.013939e+01
5.311721e+01
2.923479e+01
-6.899673e+00
5.142101e+00
-7.062923e+01
9.601981e+01
-1.228588e+01
-1.066265e+02
-4.082158e+01
5.781151e+01
-1.283765e+01
-4.830590e+01
4.048855e+01
3.942204e+01
-8.127156e+00
1.612556e+01
1.351969e+01
-5.516794e+01
-2.863056e+01
-7.427260e-01
-5.402382e+01
4.271065e+01
3.582973e+01
2.352510e+01
2.465266e+01
-1.934511e+00
1.033740e+00
-1.798913e-01
6.143887e-01
-2.514826e-02
-1.497920e-02
-2.008924e-02
-9.686123e-01
-2.967022e-01
-3.722963e-01
4.513140e-02
-2.871662e-01
8.355054e-02
1.618993e-02
-3.940878e-02
1.370875e-01
2.464378e-02
-1.183885e-01
-8.609613e-02
-1.495960e-01
5.732315e-03
9.610494e-02
1.007950e-03
-1.652139e-01
3.579837e-02
1.812555e-02
-4.492585e-02
-2.309556e-02
-3.122010e-02
