-2.858507e-01
-1.283602e+00
2.916356e-01
5.603556e+01
1.842691e+02
-1.405194e+01
3.424664e-04
-1.418626e+05
-2.384521e+05
1.947604e+05
2.764072e+05
3.219088e+05
-1.639898e+05
1.560079e+03
-5.105511e+04
7.443672e+04
1.791605e+05
-131224
68143
-4.166801e+04
-5.675551e+04
3.891795e+04
-4.035338e+04
-1.264241e+04
-1.957086e+04
-4.767214e+04
-4.098367e+04
-6.806423e+03
3.559352e+04
2.345471e+04
-4.290274e+04
-6.357315e+04
2.115899e+04
-3.683865e+04
1.321295e+04
-2.377279e+03
1.514597e+04
9.384062e+03
4.358182e+01
5.477722e+03
-8.366812e+03
-7.453823e+03
-9.043508e+03
2.005235e+03
-1.022384e+04
9.157238e+02
5.766195e+03
1.557897e+03
-1.898198e+03
1.841643e+03
1.098278e+04
-5.433025e+03
-7.338371e+02
9.791589e+02
-5.532653e+03
-3.953295e+03
4.602174e+03
8.052238e+03
-1.991448e+03
-1.256482e+04
-5.253295e+03
-1.957929e+03
-1.466736e+03
2.034018e+02
-9.275369e+02
7.164116e+03
1.192259e+03
3.811270e+03
-8.360561e+03
5.053778e+03
8.049282e+02
1.681982e+03
-3.101533e+03
-1.257669e+02
-4.098142e+02
1.661664e+03
-7.896761e+02
2.125022e+03
-2.983169e+03
-1.067074e+01
9.163432e+01
-2.706216e+03
-5.636595e+02
-1.176225e+03
1.237659e+03
1.102687e+03
-5.722158e+02
-5.661382e+02
5.796385e+02
2.413228e+02
3.166516e+02
3.447699e+02
6.303511e+02
2.790757e+03
-1.946623e+03
1.012297e+03
1.096385e+03
-5.160898e+02
-2.717958e+02
-1.084770e+03
-2.599385e+02
3.185897e+02
-6.068621e+02
-1.165268e+03
1.912512e+02
3.059329e+02
1.075885e+03
5.159802e+02
9.897089e+02
1.236375e+03
-4.666545e+02
3.842901e+02
4.661902e+02
1.094491e+03
-1.427859e+02
9.193287e+00
-3.757720e+02
-4.446068e+02
-9.323426e+02
1.934388e+02
-7.015901e+02
-3.714385e+02
-2.364656e+02
-2.023236e+02
8.823761e+02
-5.420422e+02
1.150465e+02
3.151897e+02
-8.126859e+02
-5.739760e+02
4.318000e+02
1.611482e+02
4.963863e+02
8.496069e+01
-1.893276e+02
-2.659941e+02
4.886454e+02
-2.037788e+02
9.596419e+01
6.229385e+01
-2.855073e+02
-2.091026e+02
4.603038e+02
1.241732e+02
8.398463e+01
-1.406161e+02
2.586687e+01
-1.348965e+02
2.163198e+02
3.902954e+02
1.583815e+02
4.569521e+01
6.581678e+01
1.384203e+02
-1.741029e+02
-1.396626e+02
1.592122e+02
2.345329e+02
-1.817175e+02
-9.230872e+01
4.770767e+01
-1.082813e+02
1.277819e+01
-7.782695e+01
-1.055148e+02
-9.891819e+01
9.830616e+00
6.807778e+01
-7.103698e+01
2.997732e+02
9.344962e+01
8.810224e+01
9.896171e+01
1.194580e+02
1.001682e+02
-8.795757e+01
4.418758e+01
-1.847484e+01
-5.868692e+01
5.054770e+01
7.485360e+01
8.270372e+01
1.151475e+00
-5.841659e+01
5.167648e+01
5.410378e+01
7.974128e+01
7.433219e+01
-6.986202e+01
-7.501147e+00
1.772835e+01
1.770199e+01
3.950202e+00
3.652659e+01
-1.765595e+01
-4.872076e+01
4.395075e-01
-3.312701e+01
-6.838991e+00
5.396745e+01
2.036812e+01
-6.155744e+01
1.955771e+01
-3.685311e+01
5.038903e+01
1.539823e+01
-1.117065e+00
1.522741e+00
-9.135928e-01
4.717892e-02
4.531184e-01
-2.958921e-01
3.542343e-01
1.300875e-01
1.673953e-01
-3.551851e-01
3.830905e-01
-3.880803e-01
1.552339e-01
1.449656e-01
-1.776840e-01
-8.016389e-02
3.337113e-02
4.474870e-02
-3.729553e-02
9.765577e-02
-5.481116e-02
4.444611e-03
-1.887144e-01
-1.063321e-01
1.834647e-01
3.652178e-04
4.600232e-02
-6.387619e-02
-5.729431e-02
