1.608432e-01
3.087687e-01
5.705085e-02
3.840000e+01
1.643572e+02
-2.544601e+01
3.177135e-04
-3.104838e+05
-2.003385e+05
-2.027384e+05
-6.149361e+04
2.939876e+05
-1.973395e+05
-1.005854e+05
4.857676e+04
-1.346658e+05
4.538416e+04
-1.308498e+05
7.050905e+04
6.177433e+02
-8.946224e+04
-2.514627e+03
9.443751e+03
-5.044512e+04
1.287366e+03
4.120157e+04
2.046476e+04
2.664713e+04
1.071162e+04
-2.868891e+04
-3.902643e+03
-6.368222e+03
-1.448715e+03
-6.487961e+03
1.577738e+04
6.074278e+03
-5.664699e+03
2.262366e+03
-1.404326e+04
1.822644e+04
-1.240701e+04
-2.693040e+04
-2.188674e+03
-9.489652e+02
3.767229e+03
-1.022094e+04
7.503414e+03
-4.731219e+03
-3.125015e+03
6.864576e+02
5.045558e+03
-9.880577e+03
5.102430e+03
-5.665216e+03
-6.387960e+03
8.365657e+03
1.974999e+03
1.192711e+04
2.023542e+03
-1.099234e+04
-1.960834e+03
2.692800e+03
-1.821364e+03
2.759816e+03
-4.726960e+02
2.561960e+03
6.703937e+03
1.115245e+04
-4.788490e+03
5.253323e+02
2.284563e+03
-1.018654e+03
3.609503e+02
-2.684931e+03
-1.345094e+03
2.494577e+01
-2.495305e+03
-9.098079e+02
-3.596813e+03
9.176696e+02
-1.411397e+03
-9.752770e+00
3.455255e+02
5.700145e+02
4.961679e+03
-1.811439e+03
-1.424063e+03
-1.428372e+03
5.153500e+02
1.834932e+03
9.153788e+02
2.015578e+03
5.771667e+02
1.799033e+03
-1.481444e+03
1.931384e+02
4.460541e+02
-3.012979e+02
-2.695965e+02
-6.322263e+02
-2.340163e+02
-1.123399e+02
1.334480e+02
-1.982979e+03
1.212111e+03
-1.813358e+02
1.511130e+02
9.346674e+02
9.316104e+02
1.397099e+03
-4.530438e+02
1.400818e+03
7.586224e+01
5.455198e+02
2.608206e+02
-5.630099e+02
-2.888308e+02
-8.524910e+02
-7.324943e+02
2.804739e+02
1.852836e+02
6.041074e+02
-7.273190e+02
2.868522e+01
1.003892e+03
-1.890994e+02
2.091814e+02
-6.520471e+02
-6.383358e+02
-7.603116e+01
4.948061e+02
3.415774e+01
-3.718879e+02
-2.820153e+01
-7.948187e+02
-1.822717e+02
6.959670e+02
-4.417565e+02
2.226969e+02
4.587889e+02
-3.372327e+02
-3.120325e+02
3.615691e+02
7.535088e+01
-1.943385e+02
1.290045e+02
1.307185e+02
-3.395529e+02
-1.578840e+02
3.630593e+02
2.817383e+02
4.295689e+02
2.593883e+02
-1.717909e+02
-1.656054e+02
5.966429e+00
-6.274050e+01
-4.024091e+01
3.486603e+01
-6.989616e+01
-5.428683e+00
2.830217e+01
6.000599e+01
-1.527459e+02
-1.103834e+02
4.350024e+01
7.293226e+01
9.454754e+01
-1.469994e+02
2.232294e+02
1.646678e+02
2.004080e+01
2.402799e+02
6.980370e+01
-1.009641e+02
1.083669e+02
6.002838e+01
1.280305e+02
3.889454e+01
1.346378e+01
1.057421e+02
7.400924e+01
1.316861e+01
-8.051492e+01
8.723570e+01
4.575427e+01
1.695603e+02
8.545576e+01
-1.193038e+02
-3.052013e+00
2.691203e+01
3.017639e+01
-2.022514e+01
-2.197601e+01
-6.982794e+01
-1.569981e+01
-7.710734e+01
2.740441e+01
-6.046104e+01
1.017761e+02
1.007128e+01
-8.345264e+01
6.173316e+01
-4.829417e+01
3.437849e+01
4.110229e+01
-4.691092e+00
1.757961e-01
-7.800564e-01
1.804230e+00
9.867116e-02
3.943964e-01
-3.973517e-01
-1.248168e+00
-2.066111e-01
-3.457685e-03
5.127460e-01
-3.740200e-01
3.149126e-01
-1.484621e-02
3.030284e-01
-1.541103e-01
2.755451e-02
-2.933297e-03
-1.257863e-02
1.496894e-01
-1.319952e-01
2.283438e-01
-7.748216e-02
-2.356549e-01
2.550643e-01
3.639121e-03
-3.402029e-03
-8.794378e-02
-9.369341e-02
