-1.684540e-01
5.517858e-01
7.724136e-02
4.892445e+01
1.932251e+02
-2.413217e+01
3.487155e-04
-3.854050e+04
6.112984e+04
-4.086605e+05
-2.874167e+05
-6.793262e+04
3.034321e+05
-3.499742e+04
-9.169986e+04
-1.460734e+05
-6.634746e+04
1.095033e+05
1.591150e+05
-7.740435e+04
-4.026663e+02
1.169684e+05
-2.160065e+04
1.111678e+05
5.503664e+04
7.503010e+04
-1.834208e+04
5.295154e+04
-4.477631e+04
-1.378723e+04
1.253455e+04
8.959068e+03
-1.799561e+04
-2.531025e+03
5.169936e+03
1.352239e+04
-8.485308e+03
-2.809833e+04
5.378016e+04
-4.975863e+02
-6.141543e+03
-4.108861e+04
8.668080e+03
-2.171864e+02
-1.344358e+04
-4.287204e+03
1.714284e+04
3.566096e+01
-3.920959e+03
-6.387648e+03
-3.212676e+03
9.300259e+03
1.180742e+04
-1.871988e+03
6.040910e+03
1.248201e+04
1.469165e+03
4.846188e+03
-3.853304e+03
4.494826e+03
-6.007969e+03
-3.139085e+02
-5.283027e+03
-1.024468e+04
2.052342e+03
3.451771e+03
4.514827e+03
5.433578e+03
-3.484758e+03
-2.141167e+03
-1.516548e+03
1.835546e+02
4.763501e+03
3.692212e+03
9.907695e+02
-1.985189e+03
1.789137e+03
-2.641224e+03
-6.186148e+03
5.523672e+02
-3.587847e+02
2.129717e+03
-3.309090e+03
1.561760e+03
1.067910e+03
1.042498e+02
-4.100525e+02
6.844803e+02
7.640017e+01
1.351538e+03
7.323384e+02
3.192719e+03
5.398936e+02
6.114171e+02
-1.243057e+03
1.406383e+03
2.730399e+03
6.246585e+02
2.600696e+02
4.848648e+02
-2.457337e+03
-3.152358e+02
1.389651e+03
6.068516e+02
1.602002e+03
-1.581040e+03
1.311901e+03
1.652168e+01
7.913013e+02
2.076260e+03
1.627374e+02
5.496262e+02
-2.891981e+02
-1.011248e+03
9.577010e+01
9.474627e+02
8.287670e+02
-5.755234e+02
-5.500728e+02
1.012396e+03
3.109552e+02
8.129691e+02
2.065259e+00
-1.577918e+02
-7.375275e+02
-3.512445e+02
2.639355e+02
5.269646e+01
5.895200e+01
-1.898103e+02
-3.831260e+02
-1.696280e+02
-2.142382e+02
1.312120e+02
-7.374287e+01
-4.376717e+02
2.776207e+02
-3.231938e+02
-8.491299e+01
-4.188050e+02
-2.350369e+02
2.107859e+02
-2.564522e+01
7.042056e+02
-7.548305e+01
-2.166448e+02
-1.232013e+02
-7.113695e+01
-4.033332e+01
1.440727e+02
8.250798e+01
1.056652e+02
-1.432695e+02
-2.512992e+02
-5.327948e+01
1.928952e+02
-1.005294e+02
-1.836038e+02
3.848040e+01
2.706174e+01
-2.939553e+01
2.712165e+00
-1.083859e+02
4.622213e+01
-1.932991e+02
1.778822e+00
-1.641595e+01
2.516733e+02
-9.193781e+01
-2.180276e+02
7.691401e+01
1.408398e+02
7.272083e+01
-7.300179e+01
-1.678817e+02
-1.229248e+02
-5.597841e+01
-4.392810e+00
-9.779678e+01
1.432842e+02
1.277874e+02
6.324470e+01
-3.237388e+01
2.021874e+01
7.910519e+01
7.313270e+01
6.958469e+01
5.019281e+01
-1.062536e+02
1.262018e+01
9.915642e+01
-4.509473e+00
-3.196148e+01
4.939632e+00
5.377244e+01
1.168518e+01
1.090123e+01
2.817389e+01
-3.834439e+01
-3.516789e+01
1.215400e+00
-2.754057e+01
6.589612e+01
-2.914329e+00
-2.216659e+01
1.407418e+01
-2.560732e+00
-5.199217e-01
3.322970e-02
3.512387e-01
2.300339e-01
6.289366e-03
-1.892414e-02
-3.741054e-01
-6.195926e-02
2.965844e-01
2.844144e-01
1.746437e-01
9.738921e-02
-2.749818e-02
5.237192e-02
-4.218761e-02
-9.301709e-03
2.915254e-02
4.282679e-02
1.210506e-01
4.118248e-02
6.095006e-02
-8.729674e-02
-7.612773e-02
1.837277e-01
4.701435e-02
5.807087e-04
1.038799e-01
-3.703802e-02
