-3.256570e-01
-5.874364e-01
3.875172e-01
4.977778e+01
2.001621e+02
-2.098211e+01
3.529244e-04
-2.057045e+05
-7.241160e+04
4.910157e+05
1.168833e+05
2.491514e+05
-2.561443e+05
-7.399862e+04
2.703716e+05
8.323045e+04
-4.088748e+03
2.404628e+04
2.197629e+04
-1.077577e+05
5.730041e+04
7.530462e+04
1.825064e+04
-4.767481e+04
1.407610e+04
-3.632055e+04
1.025281e+03
-7.481916e+04
2.554694e+04
5.414193e+04
-3.165212e+04
-4.471561e+04
5.933453e+04
-7.500762e+04
1.074774e+05
2.991694e+04
3.640254e+04
1.111167e+04
-4.022389e+04
-4.794618e+04
3.536940e+03
-2.293168e+04
-2.820890e+04
6.950301e+02
9.964869e+03
-5.273151e+03
-5.332768e+03
8.258427e+03
-9.710668e+03
-1.585641e+03
1.162339e+04
7.093937e+03
2.781676e+03
4.159691e+03
-1.550126e+04
-1.154280e+03
4.743635e+03
1.327358e+04
-7.614847e+03
-2.493766e+04
-9.466579e+03
2.427880e+03
6.085254e+03
-6.520274e+03
7.638669e+02
5.513848e+03
2.699887e+02
4.982627e+03
-4.266208e+03
5.612593e+03
6.391310e+03
2.107603e+03
-5.556357e+03
4.167352e+03
-1.806734e+03
2.800599e+03
1.234308e+02
3.263733e+03
-7.714118e+03
1.286928e+02
9.842990e+02
-3.093243e+03
-3.878563e+03
1.850314e+03
3.247232e+03
2.465908e+03
-2.763296e+03
1.565135e+03
1.284083e+03
-1.921108e+03
1.642760e+03
-1.796665e+02
1.504683e+03
4.821949e+03
-1.629359e+03
1.835208e+03
1.539188e+03
-3.561956e+02
-2.588850e+03
-1.876952e+03
-2.331760e+03
-2.026156e+03
1.420969e+03
-7.824800e+02
8.309306e+02
-8.425928e+02
2.074496e+03
1.037328e+03
2.822018e+02
1.670341e+03
-1.225935e+03
1.891054e+03
-1.558559e+02
1.785856e+03
-8.619289e+02
-1.427175e+03
-1.509963e+03
2.412858e+02
-7.947062e+02
7.469230e+02
-7.473043e+02
-6.674464e+02
-6.909474e+02
6.230569e+02
9.962671e+02
3.391569e+02
1.523664e+01
-5.051786e+01
-3.642826e+02
-7.069775e+02
9.891671e+02
-2.173102e+02
3.245734e+02
2.608819e+02
-1.084227e+02
2.713757e+02
1.037010e+03
2.150823e+02
-2.836571e+02
2.303741e+02
3.939193e+00
-8.736116e+02
3.451690e+02
-5.918349e+01
7.939996e+01
8.950434e+01
-4.064939e+02
-1.937751e+02
3.023981e+02
3.027151e+02
1.509856e+02
1.674563e+02
1.183606e+02
8.657147e+01
-3.976320e+02
-7.566994e+01
9.324805e+00
2.351235e+01
-3.626756e+02
3.157932e+02
1.738781e+02
1.516924e+02
1.729832e+02
1.181169e+02
-7.803796e+01
-4.562851e+01
1.036424e+02
-8.424149e+01
-5.880542e+01
1.000010e+02
3.628154e+01
1.505226e+02
2.199596e+02
1.219532e+02
-4.351537e+01
1.017021e+02
8.163958e+01
2.379757e+02
-4.424637e+01
-9.806761e+01
-4.994082e+01
-6.294922e+00
7.663389e+01
-1.957384e+01
9.395201e+00
6.529167e+01
1.388976e+02
7.825159e+01
-5.643888e+01
8.841405e+01
-8.524686e+01
1.964443e+01
1.069661e+02
1.889196e+01
-4.074228e+00
-9.376580e+01
-3.205058e+01
4.595536e+01
-9.959275e+00
1.251166e+02
5.233896e+01
-1.197671e+02
-7.430529e+01
-1.967312e+01
4.198455e+01
3.317330e+01
-6.486812e-01
-4.486633e-01
3.412744e-01
3.490680e-01
-2.477998e-01
-5.310788e-02
-8.436182e-02
-3.221014e-01
-1.436935e-01
1.377994e-01
2.487553e-02
-4.143270e-01
8.110027e-02
-4.399881e-02
-1.065249e-01
-1.764955e-02
1.406556e-02
2.801632e-01
9.920614e-02
-1.309762e-01
1.186401e-01
1.132004e-01
1.458773e-01
-5.959789e-02
-4.407684e-02
-5.372869e-02
1.230867e-02
-8.419431e-02
-1.989464e-01
