-6.675847e-01
-8.727217e-01
4.660079e-01
5.120000e+01
1.989614e+02
-1.628165e+01
3.396895e-04
-2.397393e+04
6.783976e+04
1.107684e+05
-4.962200e+04
-8.305760e+04
7.946309e+04
-2.420556e+04
1.911535e+05
6.974852e+04
1.085994e+04
4.267614e+04
-9.390023e+04
-1.730499e+03
-4.681072e+04
1.733983e+04
8.813099e+04
-7.295320e+04
2.525141e+04
-5.353982e+03
9.094473e+04
-3.267948e+04
-1.358386e+04
5.487341e+03
-5.554443e+04
4.837569e+03
-2.713871e+04
4.538254e+03
1.773128e+04
3.260373e+04
1.915198e+04
-9.700948e+02
1.003431e+04
1.466839e+04
2.766361e+04
1.123656e+04
-1.657859e+04
-22838
3.188021e+03
-6.690089e+03
2.290523e+03
5.092806e+02
-8.522739e+02
-4.175920e+02
1.659478e+03
1.842405e+03
1.319455e+03
3.960968e+02
-1.241765e+03
1.279950e+04
-7.768683e+02
3.953424e+03
-2.177330e+03
-5.155589e+03
-1.980636e+03
6.193795e+02
3.829548e+02
-4.889550e+03
3.476368e+03
-7.410994e+02
-2.690853e+03
1.702321e+03
-3.449185e+02
1.530767e+03
5.076216e+03
2.450394e+03
1.002554e+02
-2.855719e+03
-6.074890e+02
8.038570e+02
-7.131661e+02
1.982495e+03
-4.937099e+03
-9.052192e+02
5.063940e+01
-2.159583e+03
4.434568e+02
-3.085696e+03
1.803783e+03
1.162301e+03
-2.881570e+02
-3.272601e+02
1.211283e+03
-8.324042e+02
7.838086e+02
3.630328e+02
8.106772e+02
3.855870e+02
-5.873920e+02
1.491250e+03
1.899066e+02
-3.587387e+02
-7.320722e+02
1.073037e+03
-1.198955e+03
3.585821e+02
4.163836e+02
-4.729628e+02
8.385075e+01
-3.550992e+02
5.791373e+02
6.438690e+02
3.368510e+02
8.436567e+02
6.391940e+02
2.790683e+02
-8.748693e+02
-4.001994e+02
-3.306447e+02
-4.151936e+02
-3.003629e+02
-2.655294e+02
-4.636534e+02
1.093608e+02
5.493505e+01
-2.962423e+02
-9.460341e+01
3.632639e+02
4.958779e+02
-5.431157e+02
-5.497973e+01
4.356749e+01
-3.412366e+01
-3.698983e+01
1.866734e+02
3.334939e+02
-1.964868e+02
3.836667e+02
-2.160285e+02
-8.455929e+01
3.307959e+02
-2.954196e+02
-1.921322e+02
2.242955e+02
-1.442381e+02
-3.099918e+02
3.105048e+01
6.487145e+01
-6.000831e+01
3.067123e+01
-9.633543e+01
-3.847371e+02
-9.966205e+01
-4.872137e+01
2.745904e+02
1.466715e+02
1.003153e+02
-5.872081e+01
1.473244e+01
9.507794e+00
1.126683e+02
3.687567e+01
-9.185370e+01
7.485674e+01
5.831845e+01
-7.042451e+01
8.435314e+01
3.551357e+01
-1.386063e+01
-4.144057e+01
-1.229414e+02
7.527128e+01
-1.671958e+02
-8.976923e+01
1.680877e+01
1.056649e+02
1.412996e+01
-3.203833e+01
-1.586644e+01
-1.440161e+02
5.277797e+01
-1.596221e+01
-5.485665e+01
4.908227e+01
-8.387663e+01
5.958189e+00
5.297388e+00
1.543508e+00
1.011364e+02
-1.269657e+02
-7.144887e+00
8.174423e+01
3.271806e+00
-1.300152e+01
4.872747e+01
1.804376e+01
-4.086563e+01
3.278642e+01
-1.930799e+01
-3.329096e+01
-1.216697e+01
5.048326e+01
-1.698351e+01
-3.432526e+01
-5.971767e+01
3.811117e+01
8.817832e+00
2.124495e+01
2.283940e+01
1.815190e+01
2.590415e-01
8.829740e-01
7.123981e-01
7.142872e-01
2.466395e-01
6.572610e-02
1.409167e-01
-6.224740e-02
1.413758e-01
5.261450e-02
2.513135e-02
2.716107e-01
-4.868001e-01
2.958680e-02
-2.301267e-01
-6.883448e-02
-3.644824e-02
-1.268042e-01
-6.330183e-02
-4.748903e-02
-1.317167e-01
3.990493e-02
-1.857310e-01
-1.905202e-02
-9.542000e-03
5.898879e-03
-5.920016e-02
-1.336659e-02
3.872157e-02
