-1.879104e-01
-9.856632e-01
1.166566e-01
5.404445e+01
1.880836e+02
-1.970842e+01
3.421306e-04
-1.491900e+04
-7.137059e+04
-3.102616e+05
-1.480625e+05
-3.159779e+04
-4.288450e+04
-1.126819e+03
3.697278e+04
3.218298e+04
9.344240e+04
-1.116253e+05
2.833643e+04
-8.800599e+04
-6.115278e+04
4.750826e+04
4.933200e+04
5.755693e+03
1.825610e+04
2.809354e+04
1.132428e+04
-2.030026e+04
8.268572e+03
9.266146e+03
4.334131e+03
-5.966121e+04
-2.567276e+03
-2.487119e+04
2.134421e+04
1.118967e+04
-5.006779e+03
3.115492e+03
9.247095e+03
2.718186e+04
-4.371759e+03
-1.772815e+04
-2.985254e+02
-4.258349e+03
-1.821458e+04
7.690768e+03
3.751416e+03
-7.292379e+03
-5.090880e+03
-8.244937e+03
-4.205985e+03
-1.590689e+03
2.337135e+03
1.153751e+03
-3.598350e+03
5.604062e+03
-6.764807e+02
4.759319e+03
1.349284e+03
-5.258787e+03
-1.066710e+03
-1.177877e+03
-1.013716e+03
-1.287970e+03
2.613248e+03
3.773772e+03
2.731946e+03
3.415015e+03
-5.930293e+03
1.542761e+03
2.328658e+03
-1.001648e+03
3.255547e+01
2.412730e+02
1.765032e+03
8.857285e+02
9.894292e+01
1.117017e+03
-4.348370e+03
-9.132996e+02
3.887863e+02
-2.561911e+03
1.313919e+03
-5.828925e+02
1.891647e+03
7.159177e+02
-1.071992e+03
-1.122890e+03
9.937183e+02
8.277402e+02
3.969580e+02
2.232654e+03
1.130590e+02
2.180934e+03
-1.528293e+03
1.719884e+03
-1.667351e+01
-3.666752e+02
-2.519334e+02
-3.697222e+02
-5.377749e+02
7.033642e+02
-2.131587e+01
-5.479474e+02
-3.222143e+01
3.459111e+01
9.744521e+02
7.387888e+02
1.620014e+02
8.327643e+02
-2.356558e+02
1.069006e+01
-5.149058e+02
2.053676e+02
3.429470e+02
1.018710e+02
-2.456622e+02
-3.777371e+02
-6.532133e+02
4.277654e+02
2.758545e+01
2.127357e+02
-4.598884e+02
-1.116716e+02
2.855155e+02
-3.268562e+02
-2.289948e+01
8.902486e+01
-4.491666e+02
-9.690303e+01
2.827915e+02
2.435707e+02
9.217818e+01
1.112532e+02
-2.240518e+02
-3.676012e+02
1.210305e+02
-5.101403e+02
-2.165649e+02
6.402806e+01
-4.179790e+02
-1.624678e+02
3.494495e+02
6.241373e+01
-1.320378e+02
-7.107140e+01
6.315881e+01
-2.424511e+02
-9.177042e+00
4.043822e+02
3.411100e+01
1.515695e+02
2.552141e+01
-1.794711e+01
-1.259803e+02
-1.421500e+02
1.337637e+02
-1.528583e+02
1.154990e+01
4.284034e+01
-1.441311e+02
-1.623665e+01
4.988203e+01
-3.429010e+01
-1.562645e+01
4.312051e+01
1.219121e+01
6.598259e+01
-3.657641e+01
3.318514e+01
4.146873e+01
7.827541e+01
4.925941e+01
3.166714e+01
4.153620e+01
-3.558504e+01
2.122449e+01
2.818590e+01
-7.141510e+00
8.073988e+01
8.354099e+01
1.556322e+01
2.375683e-01
-4.313921e+01
1.005363e+02
-4.341698e+01
4.092228e+01
8.690392e+01
8.387722e+00
-1.620821e+00
5.315033e+01
2.924410e+01
-7.563939e+00
-6.677018e+00
-6.654347e+00
-1.749180e+01
-1.535715e+01
4.330830e+00
-3.136138e+01
3.933306e+01
5.332747e+00
-3.212788e+01
6.629978e+01
-2.834830e+01
1.176070e+01
1.434344e+01
-2.016797e+00
4.455985e-01
5.884821e-02
3.523363e-01
9.628431e-02
-9.780283e-02
4.016587e-01
-8.329897e-02
4.736992e-02
1.793995e-02
1.880429e-01
4.850068e-02
2.918478e-01
-1.082132e-02
-7.319826e-02
-1.828026e-01
4.405842e-02
1.190102e-01
9.577202e-02
1.579434e-01
3.071716e-02
-7.199512e-03
-1.323195e-01
-2.987471e-02
1.860591e-01
-3.797434e-03
1.218822e-01
-2.556738e-02
-6.939838e-02
