-1.326835e-01
3.638714e-01
-2.784721e-02
4.380444e+01
1.897166e+02
-2.435740e+01
3.415477e-04
7.098623e+03
-3.366942e+05
-1.022851e+05
2.221177e+05
-3.343675e+04
1.310213e+05
-1.835862e+04
-1.173123e+04
-6.982444e+04
2.944283e+04
2.200257e+04
2.541230e+04
2.512102e+04
-4.207713e+04
-1.323347e+04
5.081474e+04
-2.419052e+04
2.988895e+04
7.757416e+03
2.682351e+03
3.346062e+03
-1.680132e+04
1.427779e+04
-5.683529e+04
-3.586969e+03
-1.263925e+04
-3.511150e+04
4.381286e+04
1.798310e+04
4.654030e+03
1.270719e+04
8.613244e+03
-6.970698e+02
-6.537799e+03
1.765635e+03
-1.209072e+04
1.787784e+03
9.484701e+03
-6.458703e+03
3.229024e+02
8.134124e+03
-5.662982e+03
-3.674236e+03
8.728239e+03
-2.695397e+03
8.067672e+02
-4.983940e+03
-6.933019e+03
8.934364e+03
1.278205e+03
8.723062e+03
-2.450398e+03
-1.165422e+04
6.532026e+02
1.924759e+02
-2.397800e+03
-5.043188e+03
3.786796e+03
4.904167e+03
3.531628e+03
3.273992e+02
-3.283702e+03
3.242154e+03
9.464916e+02
-3.244468e+03
-3.491421e+03
2.167902e+02
2.192332e+03
1.351527e+03
1.986668e+03
2.541656e+03
-4.592431e+03
7.096083e+02
-8.089966e+02
-5.466011e+01
1.003740e+02
6.073995e+02
2.992813e+03
1.093109e+03
-1.018565e+03
4.474496e+02
8.896981e+00
-1.210288e+03
-9.178238e+01
-6.042881e+01
1.352808e+03
1.464775e+03
-1.496640e+03
7.728223e+02
1.029986e+03
7.698805e+02
2.041434e+02
7.348146e+02
-1.973765e+02
2.413488e+02
-5.095255e+02
-9.306043e+02
3.887883e+02
1.921841e+02
1.432025e+03
-1.169765e+02
-1.490782e+02
8.851696e+02
-4.910586e+02
1.390842e+03
-3.470127e+02
9.352714e+02
2.385160e+02
-3.976179e+02
4.322600e+02
-5.742442e+02
1.973945e+01
8.214223e+01
-1.519293e+02
-2.213094e+02
-2.629791e+02
3.359734e+02
3.834539e+02
-4.747090e+02
8.344319e+00
1.093482e+02
1.399749e+02
-4.028197e+02
4.618873e+02
3.853871e+02
2.235781e+02
2.089234e+02
-1.160504e+02
3.328868e+02
5.641296e+02
-3.781196e+02
4.292136e+01
8.384927e+01
2.584784e+01
1.915824e+02
-1.244268e+01
1.511445e+02
-4.016242e+01
-8.093073e+00
2.756273e+02
-1.425769e+02
1.831091e+02
-2.035109e+00
4.497687e+00
1.524622e+02
3.078770e+02
-1.112884e+02
-2.088540e+02
-1.127243e+02
1.745461e+02
4.869255e+01
-2.352586e+02
-1.566880e+02
2.069958e+02
4.770491e+01
1.733377e+02
8.070238e+01
8.567071e+01
-8.299204e+01
-4.658580e+01
2.363038e+01
9.460700e+00
1.365539e+02
1.056449e+02
6.089454e+01
6.819872e+01
4.671108e+01
9.175990e+01
-9.319839e+01
-1.212201e+01
4.888368e+00
-1.745679e+01
4.509597e+01
-3.806057e+01
3.709653e+01
3.718452e-01
6.939777e-01
7.313142e+01
-7.411301e+01
2.510301e+01
-2.747783e+01
-3.108475e+01
5.620217e+01
1.807318e+01
1.935989e+01
-5.254457e+01
5.130436e+01
1.391934e+01
-9.735500e+00
-1.149673e+01
-1.247250e+01
-1.313445e+01
1.567602e+01
-1.870511e+01
-3.871064e+01
3.789655e+01
1.361293e+00
3.335949e+01
3.498804e+01
-1.205430e+00
2.624999e+00
-1.709275e-01
1.352825e+00
3.044331e-01
2.825532e-02
1.969217e-02
-5.633245e-01
-3.001496e-01
-2.410208e-01
-4.921542e-01
-3.788180e-01
2.421780e-02
8.526855e-02
-1.494203e-01
-1.746396e-01
3.768041e-02
2.530704e-02
7.573930e-02
-1.292632e-01
3.489814e-02
1.124680e-01
3.507606e-02
1.034813e-02
-6.467017e-02
8.451774e-02
-3.376683e-02
-1.379282e-01
1.179615e-02
