-3.772669e-01
1.218492e-01
1.397728e-01
5.091555e+01
2.067640e+02
-2.300193e+01
3.487823e-04
-5.002205e+04
-1.568358e+05
8.515067e+04
1.087347e+05
9.350170e+04
1.750202e+05
-4.928199e+04
3.870896e+04
-1.686289e+04
2.490737e+04
4.956604e+04
5.640951e+04
-3.433489e+03
-1.146991e+04
-7.640011e+04
1.473549e+04
2.032026e+04
1.200000e+04
-4.615472e+04
2.149338e+04
1.674620e+04
6.014628e+03
1.826848e+04
-4.532070e+04
1.517091e+04
-2.302305e+04
-1.438112e+04
1.055342e+04
-1.226539e+03
-4.002406e+03
1.370486e+04
-4.106197e+03
-2.740880e+03
-6.221520e+03
1.786014e+03
1.634599e+02
-1.100479e+04
2.194874e+04
-4.429205e+03
4.666767e+03
4.421940e+03
-1.191376e+04
-5.644692e+02
5.991382e+03
4.979669e+03
5.901826e+02
1.031696e+03
3.167260e+03
4.261235e+03
8.602225e+01
9.320628e+03
-1.218815e+03
-1.978083e+03
-5.715425e+03
3.928341e+02
1.668857e+01
-3.391757e+03
8.087338e+02
1.739742e+03
-5.419655e+02
2.909779e+03
-4.244670e+03
1.725141e+03
4.083535e+03
2.034107e+03
7.167811e+02
1.834752e+02
-2.040981e+03
2.985545e+02
4.551696e+02
5.187324e+02
-3.551142e+03
6.785519e+02
-3.356225e+03
-9.363938e+02
3.007786e+02
6.900472e+02
2.197473e+02
1.460139e+03
-1.119178e+03
1.034811e+03
9.981123e+02
-1.764963e+02
9.013698e+01
-7.245353e+01
2.060514e+03
7.044250e+02
3.347995e+02
1.315295e+03
1.614108e+03
5.335643e+01
-1.652693e+02
4.385038e+02
-8.071981e+02
-4.510063e+02
8.069249e+02
-7.740864e+02
4.593051e+02
-8.110428e+02
4.374398e+02
3.840323e+02
1.193915e+03
7.926526e+02
6.033362e+02
7.295208e+02
-5.619871e+02
2.720040e+02
-4.369302e+02
1.491831e+02
3.550718e+02
-2.944058e+02
-3.013983e+02
4.705424e+02
9.171476e+01
3.890685e+01
-8.487891e+01
1.944167e+02
3.226971e+02
-6.921633e+02
1.349359e+02
2.777332e+02
3.936149e+02
-1.178036e+02
-1.678219e+01
3.194839e+02
6.497926e+01
-3.483348e+01
1.059131e+01
-6.014174e+01
2.352507e+02
3.676336e+01
-3.040261e+01
-2.308208e+02
1.573414e+02
7.379413e+01
-1.449578e+02
3.757671e+02
-1.100063e+02
2.101982e+01
5.519233e+01
-5.787978e+01
1.403410e+02
7.311649e+01
2.264964e+02
-1.153782e+02
-9.128552e+01
6.843970e+00
-1.593935e+02
5.569135e+01
1.136649e+02
7.659416e+01
-9.726874e+01
-1.680614e+02
2.296418e+02
-3.234727e+00
-2.925544e+01
1.059193e+02
-1.054117e+02
-4.442752e+01
-5.085180e+01
2.273791e+02
-2.294788e+02
6.849604e+00
-6.014845e-01
8.530074e+01
8.099760e+01
-6.638733e+00
-1.621975e+01
-1.328272e+02
-6.329937e+00
-5.442321e+01
-1.532103e+02
-1.583627e+01
-3.417867e+01
3.720333e+01
-5.347724e+01
-1.182488e+01
1.555000e+01
-6.385320e+01
1.019132e+02
1.998040e+01
-7.856599e+01
-4.241253e+01
5.116481e+01
-4.627775e+00
-4.794820e+01
6.566328e+01
4.960014e+01
1.430955e+01
-1.426749e+01
-1.483319e+01
-3.161772e+01
-8.171954e+00
-2.209015e+00
-2.777889e+01
-1.003973e+01
-9.889370e-01
2.849358e+01
1.420967e+01
-4.329753e-02
4.201353e-01
-1.377709e-02
-1.817058e-01
2.523760e-01
-3.271213e-01
-5.145966e-01
2.614502e-01
1.677370e-01
-9.709886e-02
-7.982472e-02
-3.496815e-01
-1.885604e-01
-5.237342e-02
-4.357021e-02
5.688576e-02
-5.635762e-02
-1.589758e-01
-1.439678e-01
-2.938280e-01
-9.609046e-02
-4.015991e-03
-1.613794e-01
-1.075761e-01
-1.533290e-02
-3.013630e-02
-6.583136e-02
8.849277e-03
6.029043e-03
