-1.577842e-01
1.435706e+00
-2.701751e-01
5.176889e+01
1.752663e+02
-1.098116e+01
3.177155e-04
-3.106112e+05
-2.006049e+05
-2.025357e+05
-6.144697e+04
2.938802e+05
-1.972976e+05
-1.005135e+05
4.853108e+04
-1.346318e+05
4.536749e+04
-1.308545e+05
7.044551e+04
6.075550e+02
-8.950702e+04
-2.562249e+03
9.471289e+03
-5.044954e+04
1.276321e+03
4.118412e+04
2.046327e+04
2.662567e+04
1.068209e+04
-2.869524e+04
-3.891674e+03
-6.348327e+03
-1.434803e+03
-6.466463e+03
1.577063e+04
6.065984e+03
-5.664094e+03
2.265456e+03
-1.404215e+04
1.821568e+04
-1.242508e+04
-2.691368e+04
-2.189291e+03
-9.424205e+02
3.756701e+03
-1.022393e+04
7.498544e+03
-4.733863e+03
-3.117425e+03
6.883035e+02
5.038464e+03
-9.875374e+03
5.100153e+03
-5.652807e+03
-6.378980e+03
8.369031e+03
1.975042e+03
1.192289e+04
2.021227e+03
-1.098357e+04
-1.958815e+03
2.690094e+03
-1.815851e+03
2.756976e+03
-4.679512e+02
2.560721e+03
6.698879e+03
1.114285e+04
-4.784047e+03
5.285934e+02
2.285552e+03
-1.018444e+03
3.592373e+02
-2.684850e+03
-1.344225e+03
2.266091e+01
-2.496810e+03
-9.077357e+02
-3.597484e+03
9.162426e+02
-1.408631e+03
-9.649184e+00
3.453417e+02
5.693645e+02
4.961753e+03
-1.811233e+03
-1.423488e+03
-1.428283e+03
5.158072e+02
1.834245e+03
9.150137e+02
2.014202e+03
5.766124e+02
1.798255e+03
-1.482080e+03
1.937338e+02
4.454617e+02
-3.002607e+02
-2.704226e+02
-6.322622e+02
-2.346465e+02
-1.119219e+02
1.344061e+02
-1.981852e+03
1.211173e+03
-1.812869e+02
1.509161e+02
9.351204e+02
9.302971e+02
1.395895e+03
-4.527837e+02
1.399784e+03
7.532655e+01
5.452392e+02
2.614808e+02
-5.629424e+02
-2.877109e+02
-8.523520e+02
-7.323981e+02
2.803888e+02
1.849870e+02
6.032689e+02
-7.265947e+02
2.866823e+01
1.003270e+03
-1.891835e+02
2.089947e+02
-6.519824e+02
-6.377769e+02
-7.557653e+01
4.949332e+02
3.434167e+01
-3.718252e+02
-2.777931e+01
-7.942323e+02
-1.820379e+02
6.957360e+02
-4.416600e+02
2.227921e+02
4.583664e+02
-3.371774e+02
-3.120493e+02
3.615247e+02
7.539169e+01
-1.940923e+02
1.291171e+02
1.304601e+02
-3.394836e+02
-1.576547e+02
3.627906e+02
2.817718e+02
4.293005e+02
2.593660e+02
-1.717129e+02
-1.655178e+02
5.938538e+00
-6.258500e+01
-4.024231e+01
3.502830e+01
-6.976205e+01
-5.480436e+00
2.835870e+01
5.998161e+01
-1.525634e+02
-1.102716e+02
4.341144e+01
7.276074e+01
9.453484e+01
-1.468177e+02
2.230139e+02
1.645185e+02
2.004099e+01
2.401250e+02
6.976119e+01
-1.008710e+02
1.083321e+02
6.000729e+01
1.279084e+02
3.892105e+01
1.351522e+01
1.056129e+02
7.395589e+01
1.323150e+01
-8.042063e+01
8.717390e+01
4.564976e+01
1.694143e+02
8.535004e+01
-1.192669e+02
-3.080621e+00
2.689718e+01
3.012727e+01
-2.012609e+01
-2.191047e+01
-6.982043e+01
-1.570805e+01
-7.700383e+01
2.740627e+01
-6.043491e+01
1.017433e+02
1.003468e+01
-8.338959e+01
6.173197e+01
-4.820563e+01
3.433565e+01
4.107789e+01
-4.692123e+00
1.752919e-01
-7.802833e-01
1.803380e+00
9.874526e-02
3.947039e-01
-3.970664e-01
-1.248100e+00
-2.066422e-01
-3.680503e-03
5.122410e-01
-3.734033e-01
3.148866e-01
-1.482838e-02
3.026312e-01
-1.540676e-01
2.760969e-02
-2.914360e-03
-1.254286e-02
1.495552e-01
-1.321671e-01
2.282797e-01
-7.736915e-02
-2.356246e-01
2.547706e-01
3.609703e-03
-3.520065e-03
-8.792265e-02
-9.363021e-02
