-2.031671e-01
7.058941e-01
-3.695910e-01
4.835556e+01
1.929552e+02
-2.355776e+01
3.486525e-04
-2.004575e+05
-1.970410e+05
4.010972e+05
2.392145e+04
1.277300e+05
1.312835e+05
-1.006404e+05
5.033646e+04
-1.454850e+05
-4.079884e+04
-1.492627e+05
5.828149e+04
3.120719e+04
-2.026504e+04
1.358068e+05
-3.916722e+04
5.273883e+04
1.146544e+04
-8.471527e+03
-1.216072e+04
-6.207880e+04
-1.345161e+04
2.991027e+04
-7.050907e+04
-2.016304e+03
-2.194067e+04
-3.898994e+04
4.851362e+04
3.072040e+04
6.595291e+03
-7.270182e+02
1.696085e+04
8.529239e+03
2.522473e+04
6.843682e+03
-3.355718e+04
-2.197765e+03
-5.603591e+03
-3.395600e+03
8.356646e+03
2.549870e+03
-3.269314e+03
3.572147e+03
1.978244e+04
2.511116e+02
5.608893e+03
-3.171196e+03
-7.232917e+03
-3.719415e+03
1.026687e+04
4.154746e+02
-5.881463e+01
-1.397526e+04
-3.432897e+03
-2.124718e+03
3.710958e+03
-3.703895e+03
5.428850e+02
6.651617e+03
2.630810e+03
4.305546e+03
-3.944403e+03
5.550666e+03
-2.934244e+03
-3.890370e+02
-3.307585e+02
-4.546713e+00
1.686486e+03
7.245005e+02
1.232799e+03
1.337419e+03
-3.102573e+03
-1.226104e+03
-1.060214e+03
-2.029439e+03
-3.623358e+03
1.676430e+03
-6.949471e+01
3.693552e+03
-6.788484e+02
9.499771e+02
1.059289e+03
-1.217479e+03
4.076236e+02
2.821844e+02
1.388356e+03
3.200063e+03
-2.189908e+03
8.335386e+02
2.299415e+03
7.030648e+02
-9.834846e+02
-2.533442e+02
-1.228426e+03
-9.210094e+02
-7.323932e+02
-4.043500e+02
-5.605313e+02
2.961069e+02
1.797728e+03
6.033668e+02
1.021418e+03
1.525473e+03
8.050956e+02
7.573454e+02
-5.183959e+02
9.435612e+02
-1.377014e+02
-7.058906e+02
-1.705113e+02
-4.065703e+02
-3.894373e+02
5.414863e+02
3.861912e+01
9.740479e+00
-1.373194e+02
6.174981e+01
4.583602e+02
-3.901848e+02
-1.625869e+02
4.312267e+02
9.032726e+00
-1.153389e+03
4.316537e+02
3.068183e+02
1.969161e+02
3.731440e+02
-2.395770e+02
1.151175e+02
3.460084e+02
-2.421785e+02
-2.880745e+02
-7.391451e+01
-3.975231e+02
-2.149857e+02
9.920620e+01
1.094130e+02
-5.124190e+01
-1.134827e+02
8.354629e+01
-1.342308e+02
8.531386e+01
3.020226e+02
1.551028e+02
5.575331e+01
1.400012e+02
-8.591212e+01
9.909959e+01
-8.556207e+01
-4.198393e+01
9.189246e+01
-2.520055e+02
1.995783e+01
1.931328e+02
-2.002361e+02
2.005019e+02
-2.808312e+01
-1.511368e+01
-1.396716e+02
-3.547699e+01
5.332537e+00
-1.255454e+01
9.995128e+01
1.110311e+02
9.669775e+01
1.037735e+02
7.637723e+01
1.206552e+02
-5.948993e+01
-1.196295e+01
-2.704398e+01
-6.222649e+00
9.457308e+01
9.179514e+01
4.533452e+01
-4.179187e+01
-3.551728e+01
4.365344e+01
6.692105e+00
4.674577e+01
4.924260e+01
-3.388107e+01
9.860854e+01
4.967975e+00
4.538687e+01
-3.046475e+01
-3.088927e+01
-2.013241e+01
1.069399e+01
-3.166940e+01
-1.007879e+01
2.640612e+01
1.334967e+01
-3.220389e+01
-5.009757e+01
-3.532117e+01
-2.515550e+01
3.064468e+01
2.001970e+01
-1.316366e+00
2.517309e+00
-1.011841e+00
5.448927e-01
4.207951e-01
-4.235108e-01
-2.639699e-01
-3.123232e-01
-1.260730e-01
-3.584972e-01
1.463987e-01
-5.582559e-02
1.794568e-01
-1.023455e-01
-4.457387e-02
-1.339487e-01
-1.526095e-02
4.102229e-02
6.399956e-02
9.938602e-02
1.399707e-01
1.327048e-01
8.989786e-02
-6.190842e-03
7.843743e-02
9.572110e-02
3.482719e-02
-4.973238e-02
-5.112300e-02
