1.287928e-01
8.520938e-01
2.352642e-01
4.864000e+01
1.639363e+02
-2.178849e+01
3.448313e-04
-7.755158e+04
-1.693549e+04
-1.929222e+05
-1.142920e+05
-3.621845e+04
-2.338165e+05
6.108610e+03
3.779141e+04
-1.204042e+05
-3.145266e+04
-1.178293e+05
1.030632e+05
-4.023741e+04
-1.014520e+04
-8.477053e+04
4.613052e+04
6.011268e+03
2.265464e+04
2.062419e+04
9.392907e+03
2.905934e+02
-2.088135e+04
-2.511972e+04
-1.265753e+04
-2.089861e+04
-1.078911e+03
-3.826139e+04
-8.356919e+00
-7.001772e+03
7.412443e+02
1.661429e+04
-1.095922e+04
-1.829328e+04
-1.468955e+04
6.829465e+03
3.544870e+03
-1.516278e+03
1.446294e+04
-1.504868e+04
1.147618e+04
1.925706e+03
-8.197360e+03
-7.163476e+03
-4.894026e+02
-1.085172e+04
-3.574296e+02
4.801652e+02
-1.382358e+04
-2.724491e+02
1.968479e+03
1.384368e+04
-1.137677e+03
-1.187405e+04
-6.340858e+03
6.279542e+03
2.884306e+03
-3.026101e+03
-4.063586e+02
4.061156e+03
9.464833e+02
6.367357e+02
-2.825197e+03
5.944557e+03
2.208374e+03
2.355596e+02
-5.995722e+02
8.600810e+02
-8.657458e+02
-3.697861e+02
-1.411344e+03
2.287289e+03
-5.111549e+03
-1.080641e+03
5.108754e+01
-1.429996e+03
4.622132e+02
1.590911e+03
2.382688e+03
2.517077e+02
-2.431752e+03
6.891225e+02
-3.200831e+02
1.380229e+03
3.393525e+02
-8.329285e+01
9.440759e+02
1.695814e+03
-1.182383e+03
5.628975e+02
9.027716e+02
-1.344546e+03
-5.571389e+02
-7.369536e+02
3.490930e+02
3.911322e+02
5.442592e+02
-7.246656e+02
1.118736e+02
-1.103486e+03
8.184114e+02
5.013997e+02
6.044885e+02
7.776752e+02
-3.974181e+02
3.503783e+02
-2.165275e+02
8.355787e+02
-3.776879e+01
-8.697184e+01
-2.607082e+02
-1.839716e+02
-2.357297e+02
4.613235e+02
9.002686e+01
1.134350e+02
-3.159602e+02
4.005644e+02
5.980156e+02
9.151550e+01
1.036547e+02
2.883211e+01
-3.707225e+02
1.584232e+02
5.781345e+02
6.175959e+02
2.110281e+02
7.256303e+01
-1.244851e+02
-5.402655e+01
3.516200e+02
2.697479e+01
2.948348e-01
-1.505127e+02
-9.980859e+01
-1.519906e+02
1.083160e+02
5.199554e+00
-1.300746e+02
2.303848e+02
-1.078523e+02
-4.151099e+02
1.279930e+02
1.245545e+02
1.791522e+02
3.373704e+02
1.421753e+00
-4.390530e+01
-4.173567e+01
-1.196631e+02
5.029963e+01
2.038472e+02
2.904869e+01
-7.162416e+01
8.133572e+01
2.870979e+02
9.471797e+00
-3.956613e+01
-1.342005e+02
-5.456463e+01
-9.251554e+01
1.448140e+02
-4.559076e+01
1.677330e+01
9.262484e+01
2.028228e+01
5.958466e+01
1.274420e+02
-5.027109e+01
-1.438293e+02
6.987511e+01
3.904542e+01
3.026470e+01
2.453554e+01
-6.008886e+01
6.781862e+01
6.085849e+00
-5.553002e+00
1.088147e+02
-1.077833e+02
-6.042783e+01
2.019704e+01
-6.629008e+01
-1.029555e+01
-2.650940e+01
-1.661111e+01
-1.308753e+01
6.259391e+01
-1.749705e+01
-1.936186e+01
1.762735e+01
4.690147e+01
-4.037200e+01
3.518764e+01
4.022973e+01
-3.213202e+01
2.427324e+01
9.490612e+00
3.126352e+01
3.109900e+01
-1.539085e+00
6.583616e-01
5.336683e-02
-5.049425e-01
1.524010e-01
-1.499022e-01
1.274834e-02
-3.519230e-01
-5.877963e-02
-1.646880e-01
4.061463e-01
-2.039165e-01
2.648130e-02
1.242924e-02
-1.347036e-01
2.767436e-02
9.316379e-02
-6.516795e-03
-8.937532e-02
-2.909567e-02
-1.509425e-01
1.848516e-01
1.218969e-01
4.616891e-03
-5.542573e-02
4.519421e-02
-4.840335e-02
-2.697786e-02
5.930304e-03
