-2.388968e-01
-1.023094e+00
1.056153e-01
5.233778e+01
1.933989e+02
-1.738132e+01
3.587535e-04
-8.429267e+04
-2.121992e+05
-3.212685e+04
1.028434e+05
-3.144967e+04
-2.662152e+04
-5.324491e+04
-4.388197e+04
-1.321138e+05
3.744875e+04
-6.442538e+04
1.199385e+05
-5.296118e+04
-2.232567e+04
6.727646e+03
2.622903e+04
2.105747e+04
1.719055e+04
-2.956899e+04
-3.342758e+04
-2.227568e+04
-2.271626e+04
2.019714e+04
-2.611877e+04
-6.049650e+03
-6.762097e+03
-3.241210e+04
1.926533e+04
1.054536e+04
2.109166e+04
-1.359686e+04
-6.400751e+03
-2.301328e+03
-2.581430e+04
-1.862617e+04
-3.798578e+03
5.750826e+03
1.005087e+04
-7.069732e+02
-2.644241e+03
-2.145312e+03
3.718825e+03
-1.395642e+03
3.925483e+03
-7.342340e+03
-1.157945e+03
-3.672565e+03
-9.970871e+03
2.367341e+03
-3.135555e+02
1.078018e+04
1.053389e+03
-1.000710e+04
3.029416e+02
-1.747543e+03
-2.826190e+03
-2.892511e+03
4.660730e+03
5.799321e+03
6.030385e+03
2.284602e+03
-4.696220e+03
9.909241e+02
2.162273e+03
-2.158928e+01
-2.484124e+03
2.303067e+02
4.606584e+02
9.999384e+02
3.244199e+03
3.687727e+03
-4.075021e+03
3.448604e+01
9.042772e+02
-7.060955e+02
-1.338065e+03
-2.406189e+02
3.039984e+03
2.038615e+02
-2.095057e+03
-1.000785e+03
-5.757025e+02
1.610133e+03
2.373074e+02
-8.495142e+01
1.286255e+03
2.666648e+03
-2.490196e+03
1.143736e+03
1.260437e+03
4.886902e+02
7.077482e+02
-4.963817e+02
-5.930911e+02
-3.969490e+01
6.712337e+00
-5.281470e+02
1.066437e+03
5.223138e+02
9.335507e+02
3.584374e+02
-7.690774e+01
1.296127e+03
-4.855283e+02
1.346752e+03
-2.873984e+02
8.692229e+02
-1.703580e+02
-4.220811e+02
-4.236342e+02
-3.745282e+02
-2.636549e+02
2.572217e+01
-8.174904e+02
-4.210253e+02
-6.559015e+02
8.600878e+01
3.133010e+02
-6.923442e+00
2.546737e+00
2.574344e+02
-2.709331e+02
-2.084385e+02
5.803646e+02
2.790374e+02
4.759986e+02
4.042242e+02
-5.430872e+02
9.983581e+01
8.313441e+02
-1.638711e+02
1.890777e+02
2.857094e+02
-7.293585e+01
-7.320569e+01
5.935954e+01
-4.938803e+01
-6.917052e+01
1.194146e+02
5.090043e+01
-1.341098e+02
1.675988e+02
2.847592e+02
-8.410046e+01
1.341077e+02
3.179305e+02
1.218069e+01
-3.135515e+02
-8.001466e+01
6.829680e+01
1.539614e+02
-2.677465e+01
-1.306921e+02
1.822877e+01
1.383454e+02
7.774827e+01
6.478510e+01
2.883922e+01
-4.084293e+01
3.225567e+01
2.257380e+01
8.772647e+01
1.428083e+02
1.104485e+02
1.023099e+02
2.142915e+01
6.453477e+01
3.363651e+01
-1.111779e+01
-3.095761e+01
1.065407e+01
-5.989631e+00
2.379964e+01
1.705439e+01
-1.356265e+01
6.038720e+01
4.576432e+01
5.799784e+01
-9.660399e+00
5.480960e+01
2.360986e+01
-4.803928e+01
1.579459e+01
-2.234538e+01
5.367910e+00
-8.354654e+00
2.185834e+01
-3.957436e+00
-6.146640e+00
-1.418293e+01
-1.113369e+01
-9.844251e+00
4.254432e+01
2.525291e+01
-4.653818e+01
6.003780e+01
-1.893437e+01
3.429520e+01
3.408856e+01
-1.586122e+00
2.685438e+00
-1.201080e+00
8.099432e-01
-1.202013e-01
9.330809e-02
9.804395e-02
-9.607217e-01
-1.311622e-01
-5.957627e-01
-3.232367e-01
-3.392669e-01
2.179282e-01
8.550189e-02
-1.958097e-01
8.965816e-02
3.907768e-02
-5.200963e-03
-7.232805e-02
-1.783331e-01
-1.808109e-01
2.652601e-02
1.260155e-01
-7.920755e-02
-9.254277e-02
7.663109e-04
8.370122e-02
-8.892029e-02
-6.934280e-02
