1.287038e-01
-7.196295e-01
9.024352e-02
4.522667e+01
1.651458e+02
-2.562633e+01
3.479484e-04
1.951182e+05
-1.501407e+05
-4.254125e+05
6.539003e+04
-2.945239e+04
-3.982607e+04
1.667482e+05
-9.317137e+04
1.178993e+05
4.689366e+04
1.863940e+04
7.023230e+04
2.818906e+04
-3.167404e+04
-5.692696e+04
-2.788261e+04
-9.911368e+03
2.991438e+04
4.302310e+04
-2.663522e+03
-2.292607e+03
-7.260495e+03
-9.008779e+03
3.352328e+04
-3.419279e+04
-3.100770e+03
-2.136739e+04
1.033424e+03
-1.016659e+04
-3.627286e+04
1.351331e+03
1.640066e+04
6.932036e+02
3.850266e+03
3.704996e+03
9.619470e+03
-1.061407e+03
7.417587e+03
-6.581670e+03
3.247646e+03
1.147095e+04
-6.762940e+03
1.248900e+03
-6.096667e+03
9.694646e+02
-4.568455e+03
-1.939588e+03
1.128297e+04
-7.319788e+02
-1.162137e+02
8.729358e+03
5.010437e+03
-2.078486e+03
-5.268178e+03
-2.684896e+03
1.947861e+03
-2.265138e+03
1.022159e+03
4.527815e+03
-1.135337e+03
-7.691683e+03
-8.276929e+02
9.553691e+02
3.395084e+03
-3.368875e+03
-6.691424e+03
3.510431e+03
-2.802219e+02
5.589977e+02
-1.523816e+03
3.334891e+03
-1.887888e+03
1.129939e+03
1.393357e+03
-1.626532e+03
3.377896e+03
8.592186e+02
7.698975e+02
6.655002e+02
5.545524e+02
-1.431794e+03
1.587458e+03
6.081641e+02
-7.465194e+02
1.512442e+03
-2.671062e+02
4.039512e+02
-8.564163e+02
1.413560e+03
-2.527646e+02
-8.288905e+02
-2.679273e+02
-1.625855e+03
5.251293e+02
4.638539e+02
1.573530e+03
2.783054e+02
-8.657191e+02
-1.137957e+03
1.299983e+03
4.282149e+02
3.730704e+02
-1.972224e+01
-5.442824e+02
-6.153928e+02
-6.840328e+02
3.559013e+02
-3.581837e+02
8.828754e+02
-2.210183e+02
8.122680e+01
7.538499e+01
2.018722e+02
5.818096e+01
1.075651e+02
2.712601e+02
-3.188121e+02
1.813863e+02
-5.227990e+01
4.602017e+02
5.288465e+01
-1.843906e+02
-8.548599e+01
1.333202e+02
3.352293e+02
3.099324e+02
-6.260653e+01
2.375724e+02
-3.522498e+02
-1.478825e+02
9.261464e+00
-8.368163e+01
-4.879829e+02
-9.508917e+01
4.047242e+02
2.318511e+02
1.763232e+02
8.883163e+01
-6.284241e+01
9.538599e+01
-4.678988e+01
1.636964e+02
1.872630e+02
-7.433994e+01
-6.428378e+01
-1.922935e+01
-1.335626e+02
-1.203636e+02
-6.113503e+01
7.358793e+01
-2.404111e+02
1.129383e+02
1.900466e+01
-1.557912e+02
1.668385e+01
4.411243e+01
-1.294627e+01
-1.064724e+02
-2.750040e+01
-1.023907e+02
1.126799e+02
-2.155580e+01
2.206204e+01
4.320227e+01
3.605081e+01
3.997456e+01
1.465386e+01
8.157504e+01
-5.711016e+01
5.521196e+01
2.729211e+01
-1.820511e+02
5.354673e+01
-3.732238e+01
1.171649e+02
1.251324e+01
-7.907651e+00
3.898513e+00
-6.462377e+01
3.916383e+01
8.444745e+01
-7.496043e-01
-7.556998e-01
7.891210e+01
-1.569383e+01
-4.035862e+01
4.276485e+01
7.810929e+01
-1.410436e+01
1.796528e+01
-3.115456e+01
-3.230568e+01
-1.342139e+01
3.086514e+01
-1.288357e+01
1.177062e+01
1.907884e+01
3.897114e+01
-2.779482e+00
-3.545513e-01
4.983268e-01
-4.078930e-01
6.332258e-01
-9.175745e-02
-5.927526e-02
3.956064e-01
7.699950e-02
-9.782563e-02
2.465459e-01
-2.842120e-01
2.201689e-01
7.012603e-02
-3.907115e-02
-2.032980e-01
-3.081639e-01
-7.162787e-02
5.577957e-02
-3.210604e-02
6.543745e-02
5.140468e-02
-6.256291e-03
3.136984e-02
-4.937981e-02
1.959366e-01
3.228795e-02
-7.947072e-02
-5.025180e-02
1.645236e-02
