-6.061923e-02
-3.395398e-01
-1.269929e-01
3.953778e+01
1.718965e+02
-2.518356e+01
3.517517e-04
-1.627155e+05
-1.405270e+05
6.763444e+05
3.984891e+05
1.767161e+05
-1.195497e+05
5.413178e+04
3.964507e+04
-9.646888e+04
2.014341e+04
-1.264504e+05
-1.047085e+05
-1.678668e+04
2.725801e+03
1.891434e+03
2.319319e+04
-1.544555e+04
4.967357e+04
-5.417542e+04
8.297233e+04
-1.854450e+04
-7.625806e+03
1.244392e+04
-5.965449e+04
7.151188e+04
-4.255050e+04
-3.708098e+04
3.303485e+04
5.075851e+04
5.407870e+04
3.652209e+03
-4.439958e+03
1.893474e+04
1.869382e+04
2.371688e+04
-4.431499e+04
-1.333244e+04
2.380039e+02
-1.772141e+03
-2.411950e+04
7.602300e+02
-7.459420e+02
3.124880e+03
2.007488e+04
1.119042e+04
5.774265e+03
-6.937029e+02
-7.696673e+03
8.104134e+03
5.692628e+03
1.677725e+03
-2.857992e+03
-1.597183e+04
-5.439760e+03
9.705560e+02
1.299169e+03
-4.026383e+03
1.331006e+03
-1.768615e+03
4.483752e+02
1.065895e+03
-3.048948e+03
6.547616e+03
2.851127e+03
2.545560e+03
-1.607104e+03
-1.843250e+03
-1.950235e+01
1.284029e+03
1.128172e+03
-3.217702e+02
-3.105046e+03
-8.733726e+02
-1.976207e+03
-9.174537e+02
3.070254e+02
7.255052e+02
3.858678e+03
1.683646e+03
-1.673733e+03
7.765408e+01
1.777524e+03
-2.574178e+03
2.130307e+02
-2.752461e+02
3.018892e+03
2.445696e+03
-1.358839e+03
6.403647e+02
4.558829e+02
-4.556118e+02
-3.092444e+02
-3.825077e+02
-1.850157e+03
-1.656174e+02
-1.154883e+02
-1.912595e+03
3.323298e+02
3.806437e+02
1.038686e+03
2.542873e+02
8.304259e+02
1.583896e+03
-5.581367e+02
1.643024e+03
-7.974549e+02
1.884037e+03
-6.651746e+02
-1.171245e+03
-4.325569e+02
-2.540256e+02
2.160502e+02
9.320559e+02
3.436968e+02
-2.192948e+02
-7.710778e+02
8.366481e+02
1.241828e+03
-3.135364e+02
-5.872498e+02
-2.664751e+02
1.100939e+02
-4.728061e+02
2.882336e+02
4.292919e+02
2.934583e+02
3.821221e+02
-2.837814e+02
3.104218e+02
5.335748e+02
-1.043373e+02
-4.550817e+02
1.501035e+02
-2.810390e+02
-3.324174e+02
-1.344312e+02
-5.720377e+01
-2.722065e+02
1.271954e+02
-1.964605e+01
-1.939888e+02
1.205193e+02
4.882109e+01
3.025357e+02
-2.542874e+01
3.760983e+02
9.102220e+01
2.059715e+01
1.324716e+01
1.674762e+02
2.600301e+02
-1.966165e+02
-1.112882e+02
2.557431e+02
-6.396963e+01
3.460485e+02
1.597817e+01
7.204063e+01
-6.479176e+01
-6.641432e+01
-3.448489e+01
-8.595668e+01
1.620772e+02
8.534631e+01
8.296263e+00
-6.633807e+01
3.122062e+01
-1.237157e+02
-7.105724e+01
-8.193782e+00
5.115453e+01
-2.311039e+01
4.164940e+00
-7.822170e+01
1.298244e+02
-6.752636e+01
-6.333395e+00
1.037415e+02
-3.347179e-01
6.823238e+01
1.198156e+01
3.115458e+01
8.038120e+01
5.296106e+00
1.054486e+01
-2.526567e+01
3.651982e+01
-5.448061e+01
4.688246e+01
-4.500900e+01
-1.940740e+01
1.386038e+01
5.334883e+01
-5.374333e+01
-2.881962e+01
-4.639376e+01
1.830713e+00
5.197424e+01
2.659533e+01
3.010538e-01
1.432221e+00
8.369557e-02
1.091919e-01
1.100719e-01
-4.537347e-01
-4.346100e-01
-3.393261e-01
1.359625e-01
-2.881525e-01
-3.132924e-03
-6.854814e-01
5.051806e-02
5.577005e-02
-3.050294e-01
-2.729909e-02
-1.331120e-02
-1.132709e-03
4.475449e-02
-2.603374e-01
9.677170e-02
1.719072e-01
5.334350e-02
-5.197494e-02
-2.433236e-01
-1.054383e-02
1.181995e-01
-1.642278e-01
-1.063993e-01
