-1.663491e-01
7.780314e-01
-1.977541e-01
4.920889e+01
1.934399e+02
-2.323051e+01
3.518209e-04
-2.872146e+04
-1.503453e+05
-1.466088e+05
-1.658648e+05
-3.818301e+04
-2.212282e+05
1.282946e+05
-3.619702e+04
-1.025067e+05
-9.433939e+04
-1.545141e+05
1.502944e+05
-4.650533e+04
-3.355046e+04
2.403483e+04
-5.097520e+04
3.682250e+04
-8.293951e+03
3.336453e+04
-6.511529e+04
6.987377e+04
-3.266095e+03
1.397778e+04
3.026214e+04
2.889754e+04
-1.696325e+04
-1.379700e+04
-1.655497e+04
-5.639479e+03
-4.249359e+03
-2.646624e+04
3.414180e+04
4.147394e+03
-5.258599e+03
-3.132338e+03
-7.230601e+03
-9.018088e+03
6.509504e+03
-2.920646e+03
-1.805731e+03
-3.713186e+03
-2.005524e+03
-4.625060e+03
-2.079458e+03
-9.623403e+02
7.961763e+03
-7.426524e+03
-3.313483e+03
5.689446e+03
4.181550e+03
8.926446e+03
4.127686e+02
-4.015410e+03
-1.949409e+03
3.166230e+03
-2.074503e+03
2.164829e+02
-3.289338e+03
4.385652e+03
2.375603e+03
-3.179470e+02
-5.167151e+03
3.769916e+03
-2.915193e+03
-2.046773e+03
-4.856249e+02
1.835583e+03
-1.241005e+03
-1.270714e+03
1.276455e+03
-7.694924e+02
-1.785304e+03
-4.154341e+02
-1.751902e+03
1.821705e+03
3.526391e+02
1.711981e+03
3.042096e+03
1.093117e+03
-2.018590e+03
-1.393046e+03
1.461398e+02
6.842700e+02
-7.024917e+02
2.585173e+03
2.267629e+03
1.600964e+03
-1.608496e+03
1.157665e+02
6.672863e+02
-2.175339e+02
1.000838e+03
-1.631566e+02
-7.109858e+02
5.937154e+02
6.275388e+01
-9.520330e+02
3.922524e+01
-3.269482e+01
1.279021e+03
7.962289e+02
2.792571e+02
1.557895e+03
1.782691e+02
7.488458e+02
-3.529034e+02
7.335628e+02
3.981585e+02
6.486110e+02
2.747130e+02
-4.720868e+02
2.326367e+02
9.819148e+00
7.701979e+02
6.846322e+02
-3.959419e+02
-1.014739e+02
5.100972e+02
-1.743838e+02
-8.837283e+01
-1.176345e+01
-4.931797e+02
2.845204e+02
1.797385e+02
5.255602e+02
1.039228e+02
6.657194e+01
-3.385172e+02
-2.488295e+02
2.685533e+02
-3.276739e+02
8.959332e+01
8.868295e+01
-5.250814e+02
4.010059e+02
2.970536e+01
-2.420360e+00
-1.252480e+02
4.624133e+01
1.604750e+02
-1.940637e+02
4.020018e+00
4.775011e+02
-2.482961e+01
2.248474e+02
1.870217e+02
3.052758e+00
-9.856567e+01
2.745246e+01
4.033274e+00
1.030586e+02
1.346502e+02
-3.491970e+02
-8.084747e+01
3.967756e+00
1.084347e+02
-1.798890e+02
2.217873e+00
-4.780244e+01
-1.106434e+01
1.269003e+02
1.041900e+02
1.267328e+02
1.974724e+02
-1.098455e+02
-7.638560e+01
1.185563e+02
8.856590e+00
-6.487657e+01
-8.704745e+00
-4.781323e+01
2.924832e+01
1.276572e+02
-2.924270e+01
1.149522e+02
-3.934586e+00
3.088850e+00
1.202798e+02
-1.751250e+01
4.812237e+01
1.858973e+01
-2.419355e+01
2.765994e+01
4.427052e+01
9.737026e+00
-7.751560e+01
1.089416e+00
-1.046691e+01
3.744585e+01
8.446651e+00
-4.617854e+01
1.112534e+01
-7.577118e+00
-2.577872e+01
-5.174248e+01
1.515916e+01
2.860293e+01
3.264626e+01
4.363877e+01
-2.339867e+00
1.961318e+00
-1.098313e+00
3.449342e-01
2.246438e-01
-1.511097e-01
3.494641e-01
-7.450836e-01
7.656645e-02
-5.655805e-01
8.088851e-02
-5.079030e-02
-1.890954e-01
9.908076e-02
-1.078656e-02
-1.171711e-01
4.628113e-02
1.074592e-01
1.459352e-02
1.851555e-01
5.350157e-02
8.508795e-02
1.202960e-01
-8.111068e-02
1.292910e-01
-3.798037e-02
9.321102e-02
-1.836937e-02
-2.136966e-02
