-5.108843e-02
-1.185683e+00
5.566992e-02
5.489778e+01
1.741217e+02
-1.602369e+01
3.560585e-04
-1.919198e+05
2.229782e+05
2.314484e+05
3.645049e+04
9.507977e+04
-3.529781e+05
5.640458e+04
3.954032e+04
-1.661213e+05
1.036419e+05
-2.236642e+05
2.371387e+04
-80549
1.338711e+04
-1.288955e+04
1.575190e+04
3.747893e+04
1.339537e+04
-3.427914e+04
3.280461e+04
2.227949e+03
-2.206239e+04
-3.847497e+04
-1.381801e+04
1.687833e+04
-1.725102e+03
-3.939607e+04
1.006058e+04
-7.175910e+03
1.865679e+04
1.469949e+04
-1.501447e+04
-2.332341e+04
-3.511031e+03
3.017672e+03
1.528104e+03
-1.294125e+04
-7.524135e+03
-1.390911e+03
1.654819e+04
-4.929884e+03
7.850201e+02
-8.854166e+03
6.657423e+03
3.443591e+03
1.222199e+04
3.742172e+03
-1.685154e+04
-1.556620e+03
9.167103e+03
1.050802e+04
1.039165e+03
-1.497140e+04
-2.287557e+03
-2.751612e+03
-8.378124e+02
1.210464e+03
-1.478726e+03
3.053530e+03
9.644648e+02
2.213647e+03
-3.019470e+03
4.909573e+03
1.613941e+03
4.575158e+03
-6.909449e+02
-1.824768e+03
-1.363171e+03
8.383981e+02
-1.603187e+03
3.937116e+02
-6.559159e+03
-2.497429e+03
-3.044903e+02
1.515596e+02
3.282691e+02
8.090752e+02
5.010332e+03
1.132562e+03
-3.434005e+03
-5.826161e+02
9.669738e+02
1.022047e+03
1.654161e+03
-1.856584e+03
5.456812e+02
1.937095e+03
-1.540707e+03
7.078376e+02
1.139236e+03
4.116718e+02
-6.319432e+02
-7.201870e+02
-3.518895e+02
-4.487133e+02
-1.262095e+02
-8.051954e+02
2.595836e+01
-9.143513e+02
9.359523e+02
1.544698e+03
9.349646e+02
1.289834e+03
-8.246407e+02
3.466591e+02
1.683670e+00
6.814471e+02
1.934291e+02
-4.874246e+01
-4.301605e+02
-2.932755e+02
-6.607862e+02
7.656001e+02
-2.812491e+02
1.260005e+02
-6.634249e+02
2.026642e+02
4.676046e+02
2.671552e+02
-2.238224e+02
-9.977856e+01
-3.501589e+02
2.977114e+02
5.260368e+02
2.655137e+02
2.211947e+02
1.865007e+02
-4.436932e+01
-3.883875e+00
5.348151e+02
-3.049932e+01
-4.820463e+01
2.169894e+00
-2.904428e+02
-3.824872e+02
2.095696e+02
1.535690e+02
-6.884511e+01
2.450930e+02
-2.064948e+02
-9.910871e+01
-2.219491e+01
3.066141e+02
1.433788e+02
1.365215e+02
-3.828101e+01
6.276038e+00
-5.520683e+01
1.724291e+01
3.377001e+01
2.172023e+02
-6.737901e+01
2.234793e+01
7.525546e+01
6.953529e+01
4.057777e+01
-8.201650e+01
-6.201110e+01
-5.036864e+01
-1.325936e+02
7.624196e+01
-5.102414e+01
-5.241452e+01
6.149701e+01
5.276345e+01
-2.881154e+01
9.541371e+01
-7.689791e+01
-2.996576e+01
2.670640e+01
5.530814e+01
-3.176612e+01
-3.074573e+00
1.283648e+01
5.977615e+01
1.017883e+00
-2.617221e+00
5.633969e+01
8.804861e-01
2.778051e+01
-1.174538e+01
-6.124814e+01
-2.318542e+01
6.432817e+00
-3.798694e+01
9.934141e+00
4.331141e+01
-2.260769e+01
-3.590130e+01
-2.031989e+01
1.002581e+01
1.379063e+01
5.423112e+01
6.825883e+01
-4.805067e+01
1.479525e+01
-2.859889e+01
1.731076e+01
4.313563e+01
-3.125916e-01
-1.058169e+00
-1.885692e-01
-6.011513e-01
-2.645113e-01
2.175538e-01
-3.557556e-01
-4.473385e-01
1.111591e-02
1.050052e-01
3.740972e-01
-1.816701e-01
3.287437e-01
-8.805360e-02
-1.081278e-01
2.752671e-01
1.843550e-02
-3.220429e-02
-6.426825e-02
-6.668421e-02
-2.450429e-01
3.787949e-02
-6.026697e-04
-1.440512e-01
-1.593308e-01
-2.084848e-02
1.455462e-01
7.771712e-03
-4.624549e-03
