1.441530e-01
1.293360e+00
-1.210679e-01
4.977778e+01
1.633745e+02
-1.505330e+01
3.243898e-04
-1.650309e+05
-1.353931e+04
-1.708640e+05
-4.386497e+05
-1.056772e+05
-3.368328e+04
-5.388674e+04
4.078042e+04
-2.377432e+05
-4.223013e+03
-3.394886e+04
2.253757e+05
-7.867345e+03
-7.345773e+04
-8.545425e+04
9.920341e+02
2.687215e+04
-1.959957e+04
1.165123e+03
3.649825e+04
2.957682e+04
-2.682349e+04
-7.637064e+04
6.978229e+03
-1.783239e+04
-7.657569e+04
-1.225225e+04
-2.245910e+04
7.970388e+03
-1.292941e+04
-2.235420e+03
1.146530e+04
2.557721e+04
-1.334468e+04
-1.064674e+04
8.629926e+03
-3.620182e+04
1.024676e+04
-5.572795e+02
1.519614e+04
-2.500884e+03
-2.062966e+04
2.688428e+03
-1.468735e+03
-2.293935e+03
-1.147008e+03
-4.998221e+03
4.655125e+03
1.398199e+04
-8.581227e+02
1.481003e+04
8.444107e+03
-3.376065e+03
-8.101256e+03
3.659399e+03
1.026675e+03
-7.791950e+02
2.383782e+02
4.075272e+03
3.545276e+03
8.226400e+03
-3.570187e+03
-1.612174e+03
6.377644e+02
1.814621e+03
4.903952e+03
-2.932099e+03
-1.215877e+03
-8.401522e+02
-1.000004e+03
-1.317085e+03
-3.760700e+03
-4.069824e+02
-4.300138e+03
2.690478e+02
-1.002971e+03
7.246713e+02
9.597248e+02
-2.280180e+03
-2.075143e+01
-8.718809e+02
1.314525e+03
1.355982e+03
6.521522e+02
8.094781e+02
2.828544e+03
3.300165e+02
-1.466771e+02
5.174594e+02
2.137930e+03
-2.174501e+03
7.345769e+02
2.129177e+02
-5.613584e+02
-2.528586e+02
8.164491e+02
-1.752688e+03
4.390034e+02
-1.155615e+03
3.105296e+02
6.183432e+02
1.565572e+03
7.554875e+02
6.612916e+02
4.770256e+02
-8.897128e+02
-1.924748e+02
2.579173e+02
5.906321e+02
1.963941e+02
-8.652249e+02
-1.144526e+02
3.849352e+02
3.554595e+02
9.335103e+02
-1.491686e+02
-3.278777e+02
8.786625e+02
-4.641061e+02
3.004839e+02
-1.454614e+02
-1.893887e+02
-1.045986e+02
-1.479087e+02
3.517923e+02
-3.997241e+02
7.258973e+01
-3.113188e+02
-3.756516e+02
3.150982e+02
-2.571444e+02
2.008259e+01
-2.217777e+02
-1.935626e+02
2.849562e+02
1.427993e+02
3.261492e+02
-2.552944e+02
-1.758794e+01
1.253941e+02
-4.100460e+02
-2.192681e+02
1.218763e+02
2.965530e+02
2.396409e+02
1.446068e+02
-5.796131e+01
1.662444e+02
-3.351781e+01
-1.143597e+02
1.562083e+02
1.970805e+02
-1.065049e+02
1.635137e+02
7.104338e+01
-9.043302e+01
4.981628e+01
-3.184602e+02
1.155995e+02
-1.009094e+02
3.224594e+02
-3.299521e+02
2.374389e+01
6.392576e+01
3.204580e+01
2.012879e+02
-3.550075e+01
-7.926707e+01
-1.928880e+02
6.347294e+00
-4.161717e+00
-6.998853e+01
1.180575e+01
3.268414e+01
6.920361e+01
-2.959148e+01
-2.890772e+01
9.676067e+01
-8.207618e+01
7.351363e+01
8.242966e+01
-1.492988e+02
-6.940450e+01
3.881983e+01
3.711806e+01
-9.097044e+01
2.396202e+01
-4.107726e+01
4.725298e+01
-2.852480e+01
2.599472e+01
-6.244251e+01
7.434966e+00
-1.053452e+01
-3.250732e+01
4.075032e+01
-1.854515e+01
1.250608e+01
1.915109e+01
-2.926485e+00
7.283055e-02
-5.422487e-01
3.243633e-01
9.076332e-01
1.767988e-01
-3.621555e-01
-5.035288e-01
2.178070e-01
1.581712e-01
5.959020e-01
-1.364339e-01
-2.663781e-01
-3.062998e-01
2.030550e-01
-5.583279e-02
-1.208111e-01
-1.707736e-01
-1.846955e-01
2.070390e-02
-2.217716e-01
2.965187e-01
-1.588826e-02
-8.073014e-02
1.151854e-01
2.982307e-02
-1.265083e-01
2.050843e-02
8.671119e-02
