-8.850482e-02
2.055678e-02
-1.540267e-02
4.551111e+01
1.867746e+02
-2.739264e+01
3.438178e-04
-7.267472e+04
-2.109655e+04
1.858881e+05
-3.420723e+04
-4.404297e+04
2.526088e+05
-7.492970e+04
-5.315391e+04
-1.338224e+05
1.380846e+03
1.062271e+05
1.002351e+05
-4.680356e+04
2.361593e+04
6.630057e+04
-1.366631e+04
4.468727e+04
2.480602e+04
-3.374282e+04
-2.191772e+04
1.774396e+04
-1.581261e+04
1.839597e+04
-3.010290e+04
5.282319e+03
-8.113635e+03
-1.880053e+04
-7.595703e+03
-1.472280e+04
1.317324e+03
1.312020e+04
1.671973e+04
-6.552981e+03
6.991505e+03
-5.255707e+03
-6.652303e+03
-1.460392e+04
-5.911042e+03
-1.437859e+04
1.016188e+04
1.360057e+03
-1.946081e+04
-4.808332e+03
7.468463e+02
4.330910e+03
1.142107e+04
-8.488642e+03
-4.835468e+03
7.762676e+03
1.596977e+03
5.826142e+03
-5.813224e+03
-2.175684e+03
-1.799959e+03
3.867900e+03
2.709736e+03
-4.032862e+03
2.738974e+03
-1.746904e+03
6.418911e+03
2.477495e+03
3.796906e+02
1.610705e+03
7.417698e+02
-7.487662e+01
2.767001e+03
8.916564e+02
1.630460e+02
-1.673550e+03
2.359729e+03
2.524384e+02
-5.275008e+03
-5.310142e+02
-2.341674e+03
1.723434e+03
-1.143025e+03
3.829140e+03
1.012058e+01
8.534879e+02
-1.231232e+03
2.184068e+03
8.280486e+02
1.461469e+03
-1.287659e+02
1.391158e+03
1.704081e+03
1.277706e+03
-9.309195e+02
4.911538e+02
1.753601e+03
4.571891e+02
-7.941446e+01
2.890472e+02
-1.195586e+03
1.602085e+02
4.774718e+01
-4.260867e+02
1.185277e+03
-8.689539e+02
1.011733e+03
-1.724879e+02
1.328575e+03
1.072911e+03
3.871217e+02
1.522442e+03
-5.172980e+02
1.465062e+02
2.657470e+02
-5.249004e+01
7.171400e+02
-2.430936e+02
-4.341491e+02
8.762968e+02
3.541251e+01
6.932183e+02
2.503988e+02
3.196136e+02
-2.637032e+02
-3.543905e+02
2.658105e+02
2.221688e+02
3.860025e+02
-2.945470e+02
1.413056e+02
1.514040e+01
3.145806e+02
-7.926796e+01
-5.187463e+01
-4.684136e+02
3.042696e+02
-2.243112e+02
1.568845e+02
-1.860012e+02
-2.539645e+02
8.765184e+01
-2.564086e+02
5.020465e+02
-1.149240e+02
3.466697e+01
1.148932e+02
-5.353581e+01
1.459590e+02
1.346096e+02
-1.624510e+02
1.319134e+02
-1.550549e+02
-1.910655e+02
-2.111466e+02
-3.051752e+01
-3.438974e+01
-1.145287e+02
-1.127324e+02
1.482015e+02
1.730949e+02
-3.686384e+00
-1.740171e+01
2.711331e+00
2.478119e+01
-1.805270e+01
-7.021593e+01
1.921162e+02
1.100856e+01
-7.143188e+01
8.153207e+01
4.873602e+01
1.588120e+01
5.769518e+01
-4.413313e+01
-6.870493e+01
-5.550104e+01
-4.171252e+01
-4.462551e+01
5.359940e+01
4.556033e+01
2.365849e+01
-6.919988e+01
-6.966315e+01
-1.438591e+01
-8.002383e-02
7.719865e+01
-3.566500e+01
-8.677206e+01
-1.654262e+01
8.724951e+01
2.167849e+01
-6.602623e+01
-3.844100e+01
5.304362e+01
7.349102e+00
-2.944065e+01
9.067430e+00
-1.801698e+01
1.096556e+01
3.296309e+01
-5.864797e+01
4.999020e+01
1.419733e+01
5.361312e+00
1.304078e+01
-1.432683e+00
-7.396269e-01
1.216452e-01
8.389385e-01
2.831522e-02
-3.417192e-01
3.408555e-02
-2.113077e-01
-1.715058e-01
3.213029e-01
-4.803852e-02
-1.435845e-01
3.198877e-01
-7.280164e-02
1.097790e-01
1.951641e-02
2.859724e-02
8.143051e-03
3.126472e-02
-3.723232e-02
9.094778e-02
9.014836e-02
-6.808488e-02
-9.939656e-02
8.367590e-02
1.103117e-01
3.485946e-02
1.157314e-02
3.055417e-02
