-7.742545e-02
1.413923e+00
2.321562e-01
5.461333e+01
1.754768e+02
-1.127737e+01
3.543941e-04
-1.607705e+04
-123611
-4.015791e+04
-4.654060e+04
-2.535821e+04
-7.270959e+04
5.294338e+04
-7.018753e+04
-5.686316e+04
1.629727e+04
1.410017e+04
1.001489e+05
-3.520335e+04
-1.026101e+04
-3.214944e+04
-9.369482e+03
7.138189e+03
1.860568e+04
-2.134087e+04
-1.585464e+04
3.560331e+04
-7.771087e+03
-7.349599e+03
1.090052e+04
4.508484e+03
-1.227919e+04
-1.771428e+04
-5.695902e+03
-5.790104e+02
4.424800e+03
-4.545577e+03
3.955982e+03
1.043702e+03
-3.270322e+03
-2.156102e+04
3.673073e+02
-1.022846e+04
9.788126e+03
3.111971e+03
-3.454409e+03
7.702582e+03
-1.209026e+04
1.683579e+03
-3.641153e+03
2.477556e+03
3.531684e+03
-2.745817e+03
3.040094e+03
9.362984e+03
-1.863556e+03
7.447081e+03
2.376624e+03
-2.781771e+03
-7.095200e+03
4.517881e+03
-4.043529e+02
-1.060894e+03
1.902204e+03
1.965075e+03
4.740667e+03
2.489112e+03
-2.781802e+03
1.563437e+02
2.165841e+03
2.493559e+02
3.299149e+01
8.767748e+02
-6.687765e+02
2.045579e+02
4.555404e+02
-6.223918e+02
-2.806298e+03
-5.063482e+02
-2.586825e+02
1.169323e+03
2.611729e+02
1.122180e+03
2.163251e+03
1.351422e+02
-4.670285e+02
-5.224015e+02
6.849263e+02
6.994163e+02
-1.844005e+02
1.244139e+03
1.678944e+03
8.061929e+02
-5.448757e+02
3.692003e+02
1.041997e+03
-6.713491e+02
4.676038e+02
1.776661e+02
-6.996971e+02
1.085846e+02
5.755827e+02
-1.470163e+03
5.798550e+02
-5.922030e+02
9.150059e+02
2.680221e+02
7.927656e+02
9.883617e+02
-8.805304e+01
6.413027e+02
-3.673046e+02
4.421978e+02
-8.919485e+01
1.379209e+02
-1.909506e+02
-2.663755e+02
-1.199911e+02
5.507757e+02
1.417620e+02
4.243000e+02
-1.438042e+02
2.271940e+02
3.061455e+02
-1.581030e+02
1.393714e+02
1.379666e+02
-1.736940e+02
1.465635e+02
5.806357e+01
2.762059e+02
1.667457e+02
5.002885e+01
-1.174457e+02
-3.531066e+02
2.196781e+02
-2.773979e+02
-2.418309e+01
3.069013e+01
-1.458846e+02
2.819731e+02
-6.537564e+01
2.045368e+01
-1.011227e+02
2.294802e+01
8.601031e+01
-1.629576e+02
-5.096672e+00
2.580512e+02
-1.961432e+00
8.568981e+01
1.382117e+02
5.183389e+01
-1.982239e+02
-5.253670e+01
3.699160e+01
1.572437e+00
9.252972e+01
-8.462712e+01
2.602118e+01
-4.964213e+00
8.135920e+01
-3.579329e+01
-3.113675e+01
4.679945e+01
4.788397e+00
1.556989e+02
-4.160241e+01
5.718583e+01
5.126735e+01
5.048061e+00
2.646224e+01
3.155990e+01
-5.440483e+01
-3.162539e+01
-3.064686e+00
3.787289e+01
-5.064146e+01
2.745446e+01
1.130716e+01
6.752084e+01
-9.413016e-01
1.031794e+01
7.428689e+01
-1.416215e+01
4.845163e+01
4.190926e+01
-3.063696e+01
2.379784e+01
4.818360e+01
6.038377e+01
-2.456112e+01
-9.136678e+00
4.553399e+01
2.252539e+01
-1.036710e+01
-2.721641e+01
-2.188229e+01
1.426871e+01
1.712292e+01
-5.947052e+01
2.558626e+01
1.309816e+01
1.928109e+01
8.786655e+00
-1.078705e+00
3.550756e-01
-4.017835e-01
6.622321e-01
8.140621e-02
-2.782158e-02
-1.739816e-02
-2.423697e-01
3.570182e-02
-7.688677e-02
8.852528e-05
-4.946109e-03
2.630633e-02
-7.566438e-02
2.149104e-01
-1.150222e-01
-4.400368e-02
3.842026e-02
8.339915e-02
2.093906e-02
1.023652e-01
6.541337e-02
6.361400e-02
-1.382328e-01
9.944079e-02
5.525661e-03
-5.053314e-04
-5.929567e-02
-2.224593e-02
