-2.221550e-01
-8.942796e-01
7.402141e-02
5.233778e+01
1.848770e+02
-1.965669e+01
3.488098e-04
-1.158295e+04
-1.134545e+05
5.872189e+04
3.135166e+05
9.470909e+04
1.166652e+05
-9.345324e+04
1.378315e+03
2.556394e+03
7.598553e+04
1.228448e+04
5.700829e+04
-2.932902e+04
-8.447264e+04
-7.130962e+04
5.400187e+04
-1.637501e+04
1.214732e+04
-1.950899e+04
-5.815459e+03
2.209585e+04
-3.462407e+04
-1.761506e+04
-3.532948e+04
-1.238641e+04
-1.167886e+02
-1.070925e+04
-3.467765e+04
-8.384401e+03
-7.325425e+03
5.762681e+03
8.312340e+03
6.017043e+02
-1.998237e+04
1.029891e+04
-5.702071e+03
-7.918829e+03
1.749025e+04
-9.212817e+03
-4.793414e+03
9.875873e+03
-6.620506e+03
2.440987e+03
7.770143e+02
-3.547222e+03
-4.991020e+02
2.550323e+03
-1.418898e+03
-1.991366e+03
-2.424536e+03
6.245955e+03
5.212504e+02
-6.009165e+03
-2.642181e+03
6.675749e+02
4.051696e+02
-2.340106e+03
-4.304863e+02
4.449890e+03
2.693541e+03
-1.620140e+03
-6.715237e+03
2.643579e+03
3.607202e+03
9.228520e+02
-1.661463e+03
-5.045511e+02
-4.285618e+02
2.098600e+03
1.240692e+03
8.659765e+02
-3.743005e+03
-6.056603e+02
-3.777149e+02
7.329253e+02
7.951974e+02
1.934257e+03
6.820675e+02
3.556721e+02
-1.276539e+03
3.346330e+02
-1.061771e+03
5.319712e+02
-1.747025e+03
-5.986411e+02
1.438145e+03
1.214542e+02
-7.298314e+02
5.499530e+02
1.065282e+03
-1.316437e+02
4.671914e+02
1.110059e+03
-5.806499e+02
3.470016e+02
-2.508295e+02
-5.260231e+01
4.342785e+02
-3.174449e+02
2.981784e+02
-8.711125e+02
4.935866e+02
1.005643e+02
-2.887518e+02
7.261034e+02
-1.061136e+02
3.286402e+02
-1.467796e+02
-2.065964e+01
6.190829e+01
-4.638881e+00
-4.580801e+01
4.142619e+02
-3.457717e+02
-6.676495e+01
-3.735740e+02
2.671006e+02
1.195724e+02
-3.043347e+02
1.382880e+02
3.835981e+02
4.376567e+01
-1.048459e+02
1.279872e+02
4.124583e+02
3.828347e+02
2.119716e+02
9.648714e+01
-8.825012e+01
2.373962e+02
-3.276427e+01
1.671504e+02
5.395953e+01
2.410752e+02
1.104739e+02
-4.818147e+01
1.288716e+02
4.482254e+00
2.956367e+01
-3.018397e+01
-2.023641e+02
2.329409e+02
1.441724e+02
2.588248e+01
-4.768886e+01
1.302491e+02
2.359654e+01
-1.561404e+02
-9.962206e+01
3.303532e+02
1.181443e+02
-8.015440e+01
-1.123880e+02
2.596172e+02
2.536704e+01
-3.550213e+01
7.060740e+01
5.319314e+01
-4.384431e+01
-3.818222e+01
9.850098e+01
-1.043542e+02
5.793039e+01
6.734616e+01
8.801463e+01
-8.091136e+00
-6.480314e+00
-3.911047e+01
-8.259035e+01
3.445953e+01
-7.236852e+01
-9.350436e+01
1.628620e+01
3.217293e+01
2.233464e+01
-8.666705e+00
-7.191031e+00
4.297285e+00
-4.740497e+01
1.990783e+00
-6.603542e+01
-3.152255e+01
-4.618064e+01
3.675483e+01
6.062245e+00
-3.719795e+01
5.223588e+01
7.580267e+01
-9.934939e+00
-4.617886e+01
-3.588049e+01
-1.040428e+01
-9.193298e+00
1.045736e+01
-2.489548e+01
3.311372e+01
-2.830763e+01
3.736322e+01
1.343605e+01
-5.860920e-02
1.946382e-01
-2.700578e-01
-3.629087e-01
9.854677e-02
-2.483515e-01
2.037589e-01
3.212548e-02
-1.262795e-03
-2.535589e-01
-1.352314e-01
-7.089039e-01
1.152755e-01
9.067830e-02
-2.193240e-01
6.457595e-02
1.263660e-02
-5.448724e-02
8.475723e-05
-3.193069e-01
2.740882e-02
5.263303e-02
-1.396173e-01
4.172939e-02
-1.049307e-01
5.029158e-02
-6.698526e-02
-5.071809e-02
6.361351e-02
