-3.949978e-01
6.074398e-01
-1.494369e-01
5.176889e+01
2.105461e+02
-2.142029e+01
3.511438e-04
-1.485352e+04
-9.904073e+04
-1.400809e+05
1.345361e+05
1.029279e+05
-2.312587e+04
85025
-7.002938e+04
-3.154307e+04
5.714466e+04
1.494476e+04
-4.008354e+04
8.047174e+04
3.661745e+04
-6.568838e+04
4.674362e+04
4.370071e+04
7.404537e+04
4.657277e+02
2.167210e+04
8.381908e+03
9.100528e+02
1.645548e+04
-2.403962e+04
1.519868e+04
-1.427069e+04
-2.473497e+04
2.291935e+04
3.369122e+03
1.534490e+04
-1.925498e+03
2.667188e+03
7.721196e+03
1.331842e+03
3.450772e+03
-5.096411e+03
-1.587109e+03
8.556064e+03
-3.866008e+03
2.476743e+03
4.845155e+03
3.377871e+03
4.513473e+03
9.285839e+03
4.777755e+03
-1.966719e+03
4.345979e+03
2.918823e+03
4.652318e+03
5.404503e+02
5.119265e+03
-1.295566e+03
-5.625772e+03
-4.751291e+03
2.545455e+03
1.131627e+02
-6.146959e+03
4.513397e+03
-2.766334e+02
-1.534324e+03
1.903221e+03
-1.523657e+03
3.386504e+03
1.784891e+03
-1.910688e+03
-1.154860e+03
2.181364e+01
2.079325e+02
-4.857959e+01
1.365019e+03
8.127267e+01
-3.538553e+03
1.639214e+03
-1.619214e+03
-9.599730e+02
1.878561e+03
3.882723e+02
1.926631e+03
5.618613e+02
-2.299893e+03
1.611046e+03
1.031793e+03
-5.736942e+02
8.822234e+02
1.368746e+03
1.239328e+03
9.872886e+02
1.108248e+02
3.265486e+02
8.360473e+02
1.302421e+02
-1.027961e+03
-6.907025e+02
-1.531428e+02
1.056852e+02
1.191012e+03
-7.829542e+02
2.559871e+02
-4.071501e+02
3.200959e+02
7.508174e+02
3.615419e+02
1.257519e+03
3.241947e+02
2.451993e+02
-4.633278e+02
6.483971e+02
-5.899730e+01
-5.817163e+02
2.189692e+02
-9.328092e+02
-3.113152e+02
6.438387e+02
4.123640e+02
5.235506e+01
-2.480642e+02
4.238628e+02
3.775811e+02
-6.530299e+02
-8.020095e+01
-3.235050e+02
4.556656e+02
-4.286233e+01
9.272485e+00
6.367338e+02
7.738889e+01
5.426146e+01
-1.578640e+02
1.587803e+02
3.688037e+01
-9.704517e+01
-1.649757e+02
-2.996317e+02
9.060210e+01
-1.173321e+02
-1.217984e+02
3.024299e+02
-1.072243e+02
4.269234e+01
7.564606e+01
2.384708e+00
2.150074e+02
3.120700e+01
2.119672e+02
8.386013e+01
-1.135933e+02
-6.437029e+01
-1.085144e+02
5.308184e+01
2.275156e+02
9.570129e+01
6.402238e+00
-7.355454e+01
2.082854e+02
8.727011e+01
1.099533e+02
9.367666e+01
-1.055603e+02
-4.665495e+01
3.387170e+01
1.454100e+02
-1.831910e+02
-4.385200e+00
4.524247e+01
3.872085e+01
7.889442e+01
3.437091e+01
9.948559e-01
-1.485459e+02
4.863069e+01
4.912916e+01
-7.084263e+01
3.422757e+01
-9.273637e+01
5.526566e+01
-3.044677e+01
-6.979499e-03
4.715416e+01
-5.572400e+01
3.212186e+01
2.584061e+01
-7.098461e+01
-4.964229e+00
2.079244e+01
-5.815820e+00
5.807455e+00
7.311708e+01
4.281900e+01
-2.121128e+01
2.633293e+01
2.571011e+01
-4.792467e+01
1.163567e+01
-9.928419e+00
-3.588325e+01
1.147021e+01
1.390017e+01
2.465172e+01
1.201197e+01
-5.060865e-01
5.545770e-02
8.233759e-01
2.747059e-01
-6.466655e-02
-1.873276e-01
-5.075914e-01
-1.358994e-01
1.217053e-01
1.671139e-01
-7.995235e-03
-5.118014e-02
3.023080e-02
-5.023225e-02
-7.668450e-02
-1.029170e-01
-1.499821e-02
-1.156819e-01
-1.131735e-01
-1.279948e-01
-7.798625e-02
3.818693e-02
9.582196e-03
-5.525564e-02
-3.348142e-02
-1.897926e-02
-4.482079e-02
-7.864566e-02
-6.035612e-02
