-3.780395e-02
-8.179476e-01
1.411522e-01
4.494222e+01
1.804358e+02
-2.183899e+01
3.328755e-04
-9.557162e+04
4.841308e+04
-3.649708e+04
-2.339510e+05
-1.515911e+05
-2.583498e+04
-5.784792e+04
-1.459762e+03
-1.991037e+05
-5.265598e+04
-7.607838e+03
1.016352e+05
-6.777658e+04
1.681508e+04
4.080331e+04
6.519458e+03
-4.823320e+02
2.289120e+04
1.776600e+04
-2.242785e+04
-7.212726e+04
-3.941592e+04
-5.548141e+03
-1.201149e+04
1.224952e+04
-1.639616e+04
-1.094660e+04
1.118430e+04
-3.278571e+03
8.340646e+03
-5.228275e+03
1.332603e+04
-5.259193e+03
1.303543e+04
-1.451049e+04
-3.594488e+03
-5.779078e+03
-4.108476e+03
-5.072051e+02
6.300179e+03
-1.046137e+03
-7.610303e+02
-2.554607e+03
-5.229621e+03
-1.059004e+04
2.420726e+03
1.582922e+03
-7.550063e+03
2.057918e+03
1.733151e+03
2.237317e+03
-9.063713e+02
-4.956699e+03
-4.005241e+03
2.448916e+02
1.612851e+03
-1.013941e+03
4.382660e+03
3.231086e+03
2.194284e+03
2.620647e+03
-1.967264e+03
2.622811e+03
1.190709e+03
2.235472e+03
2.926437e+02
2.050668e+03
2.526936e+03
3.465689e+02
2.386014e+03
1.157812e+03
-4.215155e+03
-1.570534e+03
7.026652e+02
-9.105825e+02
-2.255969e+03
8.846502e+02
2.650630e+03
2.915339e+03
-5.613375e+02
-6.330015e+02
-7.535090e+02
6.354011e+02
-1.218697e+02
5.190231e+02
4.200175e+02
1.437088e+03
-1.695506e+03
1.070343e+03
1.412413e+03
3.465830e+02
-1.276195e+02
-3.220996e+02
-7.455183e+02
1.391715e+02
6.058062e+02
-7.663771e+01
-3.546209e+02
-6.714642e+01
1.094489e+03
9.591461e+02
-9.215575e+00
6.639669e+02
1.127569e+01
4.012601e+02
-5.079478e+02
4.958925e+02
3.470062e+02
-2.223835e+02
-2.544204e+02
-5.236299e+01
-4.495834e+02
5.474501e+02
-1.963763e+02
2.435111e+01
-1.903031e+02
6.954239e+00
9.377654e+01
2.720633e+01
-4.722344e+02
1.762593e+02
-1.823516e+02
-1.761080e+02
2.669653e+02
5.037704e+02
2.484868e+02
4.356787e+02
-3.480892e+02
-1.648892e+02
1.471689e+02
-1.800320e+02
9.288474e+01
-9.181752e+01
-3.046775e+02
-6.502589e+01
-1.850505e+01
-1.234385e+01
9.114187e-01
1.850271e+02
-1.305524e+00
-1.230862e+02
1.314177e+02
1.078287e+02
3.394896e+01
9.536657e+01
6.404927e+01
2.153516e+01
4.930006e+01
3.596396e+00
-1.031003e+01
8.893040e+00
2.575310e+01
1.063095e+02
-3.691888e+01
-3.660157e+01
8.442828e+01
8.770975e+00
5.879381e+01
-3.090791e+01
-1.043000e+02
2.147271e+01
1.311586e+02
-7.522108e+01
1.098326e+02
8.522421e+01
-7.078691e+01
4.689614e+01
5.060274e+01
-2.010536e+01
4.134397e+01
2.557253e+01
2.664831e+01
1.135484e+02
2.022617e+01
1.069028e+01
-3.392938e+01
3.933900e+01
8.219595e+01
-4.759825e+01
5.557390e+00
7.296857e+01
-4.734697e+01
1.688414e+01
4.022984e+00
3.648838e+01
3.538971e+01
-4.443151e+00
3.404716e+01
4.428248e+00
5.843487e+00
5.697276e+00
4.044175e+00
-9.317394e+00
1.428341e+01
-3.238211e+01
3.574996e+01
-9.995432e+00
2.058784e+01
1.273608e+01
-1.219605e+00
9.553754e-01
-1.263758e-01
3.439074e-01
-1.914498e-01
-2.706015e-01
-5.442517e-02
-3.731311e-01
-1.856023e-01
-3.735228e-01
3.110452e-01
4.421183e-01
1.437870e-01
-5.345888e-02
1.258856e-01
5.841468e-02
6.355158e-02
2.063584e-02
-3.927938e-02
2.240235e-01
-8.961944e-02
5.356014e-02
1.031408e-01
-5.227021e-02
1.049294e-01
9.239184e-02
-6.421630e-02
-6.689633e-02
3.205321e-02
