1.475776e-01
1.212142e+00
1.709669e-01
5.461333e+01
1.607891e+02
-1.666911e+01
3.625407e-04
4.665832e+04
-5.235120e+04
-9.170215e+04
1.004724e+05
1.923215e+04
-1.352592e+05
1.388226e+05
-4.551405e+04
-1.931743e+04
-7.888073e+03
-1.255199e+05
1.486031e+04
1.313400e+05
-2.442743e+04
-6.117300e+04
3.995179e+04
2.935646e+03
2.351384e+04
-9.694340e+02
3.444094e+02
-1.315231e+03
-2.029636e+04
-1.531403e+04
1.902624e+04
1.710870e+03
-3.160862e+04
-1.495268e+04
-3.281837e+04
-1.545088e+04
-1.896643e+04
-3.962290e+03
8.339468e+03
1.451934e+04
1.741934e+03
1.043120e+04
-4.190760e+02
8.940768e+02
1.164854e+04
-1.096658e+04
4.306262e+03
8.449652e+03
9.628361e+03
6.283410e+03
7.307883e+03
-2.237334e+03
-1.087053e+04
5.834399e+02
5.736278e+03
-5.714569e+03
-1.877906e+03
1.453510e+03
5.827604e+03
-6.464197e+03
1.278991e+03
-4.739116e+02
-2.625940e+03
-2.114309e+03
-1.284026e+03
2.916244e+03
-1.979239e+03
-5.276108e+03
-4.281125e+03
1.531653e+03
-2.879760e+03
-3.189967e+02
-2.198362e+03
-6.008146e+02
1.484655e+02
2.529171e+03
-8.064705e+02
1.874666e+03
-1.130296e+03
-7.925343e+01
3.483058e+02
-9.234390e+02
3.355380e+03
-3.444382e+02
1.736443e+03
-1.209719e+02
-2.630369e+03
-9.011279e+02
-5.823823e+02
9.101611e+02
-1.094534e+03
-1.276130e+02
-7.754244e+01
-5.758228e+01
-1.044794e+03
-5.680142e+02
-1.726529e+02
-8.377236e+02
5.216484e+02
4.572271e+02
9.588197e+02
5.265215e+02
1.212542e+03
3.848029e+01
-1.197192e+03
-4.127622e+02
-2.489131e+01
2.684427e+02
-2.297522e+01
8.955582e+02
4.844507e+00
-7.706367e+02
-4.457474e+02
5.382734e+02
-3.713302e+02
4.888699e+02
-1.585743e+02
-3.746743e+02
1.307397e+02
1.408820e+02
-7.794814e+00
-5.573508e+00
-2.458118e+02
-1.080906e+02
-2.980501e+00
-3.074158e+01
3.276908e+02
3.572673e+01
-7.316428e+01
1.712876e+02
3.894394e+01
7.326045e+02
3.875543e+02
1.955996e+02
2.761526e+02
2.186550e+02
-1.863900e+02
-1.132778e+02
1.983526e+02
-3.608921e+02
1.170672e+02
2.760243e+02
-3.279440e+01
6.092906e+01
-1.021658e+01
-5.034095e+01
1.001527e+02
-5.365858e+01
8.440744e+01
2.079315e+01
1.361921e+02
9.333572e+01
-5.743939e+01
-4.242423e+01
-1.909667e+02
1.906836e+01
2.777708e+02
2.153836e+02
1.908813e+02
-2.633475e+02
1.242781e+02
1.423596e+02
6.727365e+01
-6.151049e+01
-5.296167e+01
-8.573775e+01
-5.739642e+01
9.115996e+00
-1.249521e+02
1.029792e+02
7.157116e+01
4.126659e+01
-4.423925e+01
-8.875607e+00
8.735647e+01
-1.501155e+02
1.515833e+02
3.531373e+00
-8.798263e+01
5.215175e+01
-1.585458e+01
6.760787e+01
-1.255017e+00
-1.896587e+01
3.010274e+01
-6.036370e+01
-2.480700e+01
4.044513e+00
-1.324985e+01
-4.469868e+01
3.934946e+01
-1.608566e+01
-4.776099e+01
7.600519e+01
2.134967e+01
-1.346896e+01
1.418674e+01
-1.845290e+01
-1.914449e+01
-1.007170e+01
1.230812e+01
1.862514e+01
1.047445e+01
-1.800945e+01
4.690038e+01
7.417385e-02
5.834532e-01
6.041654e-01
-3.623196e-01
-6.278104e-01
1.094162e-02
3.308002e-02
6.943765e-02
1.309210e-01
2.527062e-02
-2.307050e-01
1.074944e-01
-2.390025e-01
-2.424613e-02
-1.535429e-01
-2.760291e-01
-6.974010e-03
-7.932798e-04
-1.179536e-01
-7.625091e-02
-1.238038e-01
-1.691451e-01
1.960074e-03
-1.302065e-02
5.064695e-02
4.518669e-02
-2.525721e-03
-7.041879e-02
-1.615319e-02
-4.561761e-03
