-5.267212e-01
-1.135388e+00
3.578599e-01
5.461333e+01
1.980966e+02
-1.437278e+01
3.472286e-04
-1.369205e+05
1.635265e+05
1.747576e+05
1.570291e+05
1.028864e+05
1.507485e+04
-7.516339e+04
4.020405e+04
-7.621665e+04
6.388021e+04
-1.358628e+05
2.801582e+04
-3.770023e+04
-1.887706e+04
-3.937293e+04
6.110837e+04
2.659466e+04
6.926628e+03
-9.200941e+04
6.417081e+03
4.262952e+04
-6.274757e+03
-8.755888e+03
-1.884412e+04
68111
-2.068866e+04
7.149782e+03
1.551425e+04
-4.257346e+03
3.734903e+04
1.608465e+04
-2.442976e+04
-7.891276e+03
-2.274872e+04
-5.754088e+03
-1.378026e+04
-1.941856e+04
9.634480e+03
-2.060678e+01
-3.815918e+03
-2.456328e+03
-2.731836e+03
-6.368535e+03
5.981074e+03
1.323091e+04
8.046323e+03
1.086533e+04
-4.694144e+03
3.373437e+03
8.136498e+03
1.142156e+04
-7.658843e+03
-2.075710e+03
-2.151342e+03
3.618800e+02
4.749603e+03
-1.076316e+03
-5.828468e+02
-4.360909e+03
4.662566e+03
-4.919172e+02
3.415564e+02
4.370187e+03
4.566938e+03
3.342863e+03
-1.039991e+03
-1.808511e+03
-3.258470e+03
-2.528729e+03
-2.396268e+03
1.333029e+03
-4.218508e+03
-3.555833e+03
-2.606523e+03
1.311911e+03
-1.677214e+03
-6.750789e+02
1.783805e+03
2.126131e+02
-2.227802e+03
1.512256e+03
5.076977e+02
1.023174e+03
6.276737e+02
-7.593196e+02
1.680676e+03
1.641906e+03
-1.307463e+03
1.423373e+03
2.149068e+03
7.118915e+02
-1.986397e+02
8.144709e+02
-1.708265e+03
6.648198e+01
-4.144221e+02
-7.533973e+02
4.798666e+02
1.762106e+01
3.685653e+01
1.239583e+03
5.235307e+02
1.122018e+03
1.117979e+03
7.333629e+02
-1.127090e+03
8.116237e+02
-1.666383e+02
-1.082177e+03
-1.301049e+02
-4.307846e+02
-2.307480e+02
8.394242e+02
-5.889626e+02
2.640884e+02
-2.602235e+02
4.124370e+02
5.063145e+02
-1.767596e+02
-4.634356e+02
1.350826e+02
2.933621e+02
1.524509e+02
1.129760e+02
2.614951e+02
1.188313e+02
2.136688e+02
-2.425509e+02
-4.893766e+01
5.818531e+02
2.526205e+00
1.180751e+01
4.596430e+01
-3.208838e+02
-3.243427e+02
-4.310813e+02
4.353795e+02
1.176593e+02
3.340813e+02
-1.060249e+02
1.717941e+02
-4.989294e+01
-6.540335e+01
4.411150e+01
-7.059515e+01
-1.185281e+02
1.093111e+02
-1.503910e+01
8.750405e+00
1.028354e+02
1.457629e+02
-1.121915e+01
-4.756731e+01
1.520063e+02
-9.709283e+01
-8.881939e+01
8.075010e+01
6.845519e+01
-1.135417e+02
-1.541037e+02
2.328886e+02
-6.775324e+01
-4.263016e+01
-1.389723e+01
-6.341763e+01
-7.107838e+01
1.680727e+02
-1.591616e+02
-1.074027e+02
-8.809983e+01
5.764934e-01
-1.294345e+01
-4.694921e+01
-6.159001e+01
1.530954e+00
-8.140306e+01
1.865491e+01
3.566662e+01
-5.505913e+01
6.682005e+01
4.096865e+01
-1.050070e+02
-5.153840e+01
2.016694e+01
-1.741327e+01
3.267547e+00
1.667734e+01
3.309422e+01
2.709971e+01
6.198370e+00
1.426512e+01
3.015858e+01
-1.118079e+01
2.588667e+01
-2.140445e+01
3.332852e+01
4.786676e+01
-1.368137e+01
2.574946e+01
-4.294475e-01
1.204456e-01
-5.718973e-01
-7.276392e-01
-2.025901e-03
-6.553374e-01
-3.541206e-01
-4.700121e-01
-8.419298e-02
-2.413261e-01
1.740975e-02
-9.069382e-02
1.675664e-01
9.576306e-02
-6.392279e-02
2.811630e-01
4.505846e-02
-3.010148e-02
-1.479937e-02
-1.954841e-01
-8.329407e-02
1.302324e-02
5.946495e-02
-1.484869e-01
-2.048351e-01
-5.189900e-02
2.055101e-01
7.056938e-02
2.052965e-02
