-1.714659e-01
-1.350408e+00
4.564482e-01
5.688889e+01
1.732602e+02
-1.412654e+01
3.424239e-04
-5.489694e+04
4.318940e+04
-6.785559e+04
4.431171e+04
-1.152707e+04
-4.054184e+04
-2.957004e+04
-6.487089e+04
-6.511167e+04
9.941313e+04
-2.648849e+04
9.845507e+04
-1.769838e+04
-5.124721e+04
2.730887e+04
2.484720e+04
1.005414e+04
2.745447e+04
-7.196127e+03
4.732186e+03
-1.157594e+04
-1.598725e+04
6.006485e+03
1.176720e+04
-2.039422e+04
9.006416e+03
-2.821906e+04
8.017106e+03
-8.123604e+03
1.034004e+04
-6.816615e+03
-4.498497e+03
2.505904e+03
-5.828526e+03
-1.191516e+04
6.604030e+03
-4.287898e+03
3.646721e+03
-3.166794e+03
4.464891e+03
2.003916e+03
1.108002e+03
2.448412e+03
-5.236647e+03
-3.985955e+03
1.472935e+03
-6.990195e+02
-7.009689e+02
2.169312e+03
-3.011137e+03
5.555821e+03
3.049302e+03
-4.237464e+03
-4.202498e+03
-2.769330e+03
2.833637e+02
-2.392605e+03
4.304850e+03
5.007037e+03
3.349437e+03
2.158516e+03
-3.777863e+03
-2.711325e+02
3.885317e+03
3.434297e+03
-3.412921e+02
1.478854e+03
-1.029887e+02
9.067266e+02
7.218696e+02
4.776146e+02
-3.371907e+03
-1.684424e+03
5.073212e+02
-1.693097e+03
2.243142e+02
-1.360144e+02
2.442175e+03
1.032498e+03
-1.707836e+03
-5.715740e+02
1.385979e+02
1.623536e+03
-2.457868e+02
5.491245e+02
1.039964e+03
1.484890e+03
-1.759963e+03
6.626804e+02
8.123546e+02
-1.615625e+02
1.826077e+02
-1.292115e+03
-6.642520e+02
3.007227e+01
2.648012e+02
-7.707092e+02
4.248391e+02
-2.135710e+01
1.071096e+02
8.198221e+02
8.810017e+02
8.492063e+02
-3.845231e+02
2.267350e+02
-2.424069e+02
5.107056e+02
1.559556e+02
-9.873363e+00
-1.024772e+02
-1.741631e+02
-5.475530e+02
5.452900e+02
-2.991984e+02
-8.030732e+01
-3.307159e+02
8.124905e+00
4.540928e+01
-1.960840e+02
1.851730e+02
3.693421e+02
-2.942576e+02
-4.774835e+01
1.372396e+02
2.716450e+02
3.870049e+02
2.598783e+02
-1.397159e+02
-3.402471e+02
2.710297e+02
-2.111297e+02
-6.991595e+01
6.425800e+01
-2.022910e+02
-8.454824e+01
2.435591e+02
-3.931931e+01
-2.246889e+01
6.878744e+00
-1.171954e+02
-1.907320e+02
2.329805e+02
1.642638e+02
9.224309e+01
5.578826e+01
9.240605e+01
3.359043e+01
-1.468942e+02
-1.310524e+02
1.212839e+02
1.462159e+01
4.658502e+01
9.170646e+01
-1.850590e+01
1.316233e+01
-1.187617e+01
4.450938e+01
-8.916834e+01
-6.405342e+00
-2.284899e+01
9.399588e+01
2.331842e+01
2.561549e+01
4.036911e+01
1.304832e+02
-7.256005e+00
4.614644e+01
3.119556e+01
-4.507304e+01
5.729353e+01
1.395394e+00
-4.499176e+01
6.784754e+01
7.093821e+01
-2.627247e+01
1.078086e+01
4.127984e+01
3.074817e+01
-4.021662e+01
1.532963e+01
7.361710e+01
-2.718609e+01
3.032386e-02
1.469877e+01
1.813243e+01
3.598784e+00
3.106268e+00
9.446518e+00
-1.955092e+01
2.238233e+01
-4.788374e-02
-3.292152e+01
4.205819e+01
8.804272e+00
-2.477588e+01
4.629889e+01
-8.067209e+00
2.191277e+01
1.266626e+00
-3.481976e-01
-1.670068e-01
-1.484060e-01
2.707168e-01
1.075516e-01
2.682764e-02
1.993279e-01
2.326980e-03
2.355339e-01
-3.478768e-01
2.890285e-01
7.897427e-02
5.263046e-01
-1.573065e-01
-9.034032e-02
-5.561176e-02
-8.086713e-02
7.386266e-02
6.385518e-02
5.761285e-02
-1.172460e-01
4.894343e-02
-9.233409e-02
-8.579837e-02
6.491473e-03
-6.082673e-03
2.259727e-02
-4.893195e-02
-3.792349e-02
