2.256614e-02
4.722639e-01
5.194027e-02
4.181333e+01
1.682219e+02
-2.399605e+01
3.389395e-04
1.165580e+04
-5.749999e+04
-5.997578e+04
2.307003e+05
-1.747575e+05
6.882916e+04
-1.043913e+05
5.651940e+04
-4.875026e+04
1.073561e+05
8.578240e+04
8.065809e+04
1.034014e+04
-8.843815e+04
-4.084189e+04
1.348310e+05
-2.629179e+04
2.665556e+04
4.471457e+03
6.997021e+04
9.643077e+03
-3.904862e+04
-2.150119e+03
-3.953897e+04
-1.637403e+03
-2.012481e+04
-2.989163e+04
5.454684e+03
1.919391e+04
2.038471e+04
2.413657e+03
-7.974193e+03
-1.457877e+04
-2.054744e+04
-1.200682e+03
-2.193456e+03
4.180992e+02
1.798329e+04
-3.043137e+04
-1.629964e+03
8.573627e+03
2.583622e+03
2.131609e+02
-2.868641e+03
-3.290467e+03
-6.973114e+03
-2.310971e+03
-6.291436e+03
7.820189e+03
-4.897064e+03
9.395562e+03
3.075296e+03
-9.635467e+03
-2.257723e+03
-5.259025e+03
-3.386619e+03
-7.150146e+03
2.213320e+03
2.811758e+03
2.190916e+03
-7.115011e+01
-4.164808e+03
-1.341066e+03
4.138790e+03
1.618896e+03
-1.832047e+03
-1.262518e+03
-2.442336e+02
3.255025e+03
-5.250320e+01
1.809936e+03
-5.900917e+03
-1.123947e+03
-1.142138e+02
-7.855194e+02
3.921086e+02
-2.812827e+02
2.864128e+03
-8.876622e+02
-2.252622e+03
-2.513787e+02
-9.348590e+02
1.007091e+03
-1.196515e+03
-1.765828e+03
8.266442e+02
1.619700e+03
-1.922677e+03
4.364894e+02
7.882276e+02
7.045899e+02
-1.817894e+02
1.224458e+03
-5.629363e+02
-1.477397e+02
1.830944e+02
-1.334349e+02
1.036509e+03
-8.945733e+02
8.051065e+02
-4.142916e+02
1.753719e+02
5.291109e+02
-4.909018e+02
1.135670e+03
-2.590074e+02
3.281808e+02
-1.911271e+02
-1.349669e+02
2.264763e+02
-1.319426e+02
9.184029e+00
1.901524e+02
-5.160894e+02
-4.531474e+02
-4.566649e+02
3.098046e+02
1.894694e+02
-3.158228e+02
2.497227e+02
2.067739e+02
8.228587e+00
-1.230086e+02
4.641819e+02
1.993426e+02
4.936075e+02
4.271461e+02
-1.092771e+01
2.172087e+02
6.922095e+02
-3.453474e+02
6.464533e+00
2.082927e+02
7.136841e+01
3.327918e+01
4.503764e+01
-1.141184e+01
1.022258e+02
-4.060338e+01
3.504952e+01
-3.848584e+02
1.851841e+02
-3.143218e+01
3.718995e+01
9.832063e+01
3.306612e+02
-5.019684e+01
-2.012428e+02
-1.169891e+02
261
8.238835e+01
-9.649837e+01
-1.594457e+02
2.418228e+02
1.544036e+02
6.612419e+00
1.702570e+02
5.963997e+01
-7.714034e+01
-7.062363e+01
1.641457e+01
-6.586636e+01
5.909498e+01
2.990565e+01
1.830712e+02
-9.118982e+00
1.575833e+01
-2.234924e+01
-8.016898e+01
3.012273e+01
-1.019352e+01
-5.711503e+01
3.054044e+00
-8.953360e+00
-8.163364e+01
4.399694e+01
2.601146e+01
6.377230e+01
-8.973179e+01
7.270915e+00
-3.770285e+01
-2.231798e+01
1.009668e+01
1.013553e+01
-3.994003e+01
-7.084744e+01
3.341136e+01
-5.455523e+00
-1.798709e+00
-6.851200e+00
2.910071e+01
-4.326501e+00
2.465074e+01
-1.302729e+01
2.560781e+01
4.997905e+01
-1.682030e+01
1.834145e+01
2.635294e+01
-4.319804e-03
1.047452e+00
-2.696314e-01
2.304344e-01
3.404778e-01
3.618256e-02
3.174847e-01
-1.926279e-01
-3.884961e-02
-9.006245e-02
-1.420560e-01
-4.131190e-01
-3.017134e-02
1.072349e-01
-3.205926e-01
2.767056e-02
-6.151328e-04
-7.046580e-02
5.562447e-02
-2.736073e-01
-1.903725e-01
1.897168e-01
-1.394478e-01
-2.292911e-02
-2.327383e-01
2.120547e-02
-5.824164e-02
-1.375121e-01
3.669206e-02
