-1.458117e+00
1.565087e+00
-1.075531e+00
5.831111e+01
1.889171e+02
-6.354247e+00
3.511418e-04
-1.459602e+04
-9.867888e+04
-1.400032e+05
1.346037e+05
1.028252e+05
-2.308585e+04
8.513809e+04
-6.995177e+04
-3.157980e+04
5.719838e+04
1.497086e+04
-4.012455e+04
8.044931e+04
3.661521e+04
-6.569270e+04
4.671708e+04
4.365906e+04
7.410141e+04
4.579490e+02
2.165341e+04
8.389977e+03
9.010168e+02
1.648751e+04
-2.402109e+04
1.517260e+04
-1.424235e+04
-2.475748e+04
2.290512e+04
3.341255e+03
1.536272e+04
-1.915198e+03
2.664844e+03
7.719641e+03
1.332371e+03
3.464945e+03
-5.114979e+03
-1.567274e+03
8.518398e+03
-3.874325e+03
2.479421e+03
4.846155e+03
3.384279e+03
4.522157e+03
9.294506e+03
4.774616e+03
-1.972132e+03
4.354880e+03
2.919001e+03
4.642838e+03
5.437805e+02
5.126485e+03
-1.292368e+03
-5.632641e+03
-4.750702e+03
2.550265e+03
1.056802e+02
-6.145990e+03
4.510475e+03
-2.808859e+02
-1.535046e+03
1.911371e+03
-1.521583e+03
3.386468e+03
1.786786e+03
-1.912696e+03
-1.157290e+03
1.997331e+01
2.065578e+02
-4.898335e+01
1.366379e+03
7.770942e+01
-3.538183e+03
1.643632e+03
-1.619774e+03
-9.579181e+02
1.876017e+03
3.890884e+02
1.926778e+03
5.618779e+02
-2.302028e+03
1.610508e+03
1.031617e+03
-5.761140e+02
8.820804e+02
1.367338e+03
1.237687e+03
9.857971e+02
1.119860e+02
3.257763e+02
8.331759e+02
1.294673e+02
-1.028297e+03
-6.891647e+02
-1.541096e+02
1.047742e+02
1.192126e+03
-7.829384e+02
2.555427e+02
-4.079497e+02
3.190112e+02
7.515623e+02
3.610404e+02
1.257517e+03
3.248105e+02
2.451188e+02
-4.637896e+02
6.484509e+02
-5.885232e+01
-5.819013e+02
2.193640e+02
-9.326853e+02
-3.119892e+02
6.445019e+02
4.132571e+02
5.210016e+01
-2.482968e+02
4.241662e+02
3.784077e+02
-6.531009e+02
-8.024027e+01
-3.239909e+02
4.555892e+02
-4.333746e+01
9.660495e+00
6.370989e+02
7.668700e+01
5.436053e+01
-1.574657e+02
1.589575e+02
3.664608e+01
-9.698130e+01
-1.644368e+02
-2.998644e+02
9.035491e+01
-1.184015e+02
-1.214413e+02
3.026925e+02
-1.071792e+02
4.297092e+01
7.561108e+01
2.596679e+00
2.152074e+02
3.142069e+01
2.122933e+02
8.397094e+01
-1.136743e+02
-6.408801e+01
-1.080984e+02
5.323987e+01
2.276279e+02
9.591742e+01
6.275352e+00
-7.323295e+01
2.083256e+02
8.717618e+01
1.099544e+02
9.359505e+01
-1.056160e+02
-4.667205e+01
3.411996e+01
1.453186e+02
-1.831317e+02
-4.409666e+00
4.529449e+01
3.859989e+01
7.883538e+01
3.422167e+01
9.196888e-01
-1.483427e+02
4.868584e+01
4.919163e+01
-7.078629e+01
3.431051e+01
-9.281476e+01
5.538611e+01
-3.052506e+01
-7.403252e-02
4.712110e+01
-5.579362e+01
3.218993e+01
2.570546e+01
-7.116077e+01
-4.955630e+00
2.069584e+01
-5.782266e+00
5.997142e+00
7.316293e+01
4.288519e+01
-2.121344e+01
2.630063e+01
2.568572e+01
-4.802574e+01
1.168390e+01
-9.969613e+00
-3.598265e+01
1.136979e+01
1.382126e+01
2.471212e+01
1.201585e+01
-5.066304e-01
5.650319e-02
8.227560e-01
2.749341e-01
-6.450377e-02
-1.874240e-01
-5.081430e-01
-1.356185e-01
1.217647e-01
1.674318e-01
-8.044118e-03
-5.152930e-02
3.031570e-02
-5.019921e-02
-7.648402e-02
-1.028232e-01
-1.499924e-02
-1.158155e-01
-1.132791e-01
-1.278680e-01
-7.785160e-02
3.811321e-02
9.589931e-03
-5.493987e-02
-3.330399e-02
-1.902142e-02
-4.524790e-02
-7.868223e-02
-6.034327e-02
