1.172920e-01
1.313801e+00
-3.998362e-02
5.717333e+01
1.688552e+02
-1.250770e+01
3.410557e-04
-5.122649e+04
-2.323110e+05
3.876666e+04
-4.629397e+04
-2.064998e+04
1.067272e+05
-7.559145e+04
8.534148e+04
-5.483914e+04
-5.558427e+04
-3.858867e+04
2.309817e+04
-3.842503e+04
-2.757280e+04
9.180923e+03
1.714945e+04
-2.359238e+04
7.484958e+03
-2.678270e+04
-2.981455e+04
-3.810729e+04
-1.490370e+04
6.959097e+03
-3.485793e+04
-1.942804e+04
-8.505082e+03
-1.820531e+04
3.330448e+04
1.045383e+04
-9.236600e+03
4.383658e+03
-1.262301e+03
4.065459e+03
1.062213e+04
-8.875315e+00
-6.208997e+03
1.667981e+02
2.925895e+03
-1.121630e+03
4.360560e+03
6.384640e+03
-3.847657e+03
-5.212533e+00
7.347964e+03
-2.980694e+03
1.105813e+03
-8.752904e+02
-3.039577e+03
1.950867e+03
-8.601990e+02
5.361691e+03
-2.653118e+03
-9.823278e+03
-5.798452e+02
5.674385e+02
-2.145135e+03
-3.649249e+03
2.584901e+03
4.276180e+03
4.230814e+03
1.273323e+03
-2.870587e+03
1.876664e+03
1.496063e+03
1.474292e+02
-9.314678e+02
1.211767e+03
2.213024e+03
1.259793e+03
3.080293e+03
2.051981e+03
-3.600673e+03
-9.757851e+01
6.208208e+02
-1.057393e+02
-1.089335e+03
2.073371e+02
2.023278e+03
2.084861e+03
-4.530731e+02
-6.038935e+00
-6.951398e+02
-2.182651e+02
-4.739712e+01
-8.767320e+00
1.292317e+03
1.412053e+03
-1.262699e+03
1.143914e+03
1.033383e+03
-1.615935e+02
1.660292e+02
9.331631e+00
-6.588343e+02
-4.798043e+01
3.539997e+02
-9.645918e+02
5.932310e+01
-2.644549e+02
1.024570e+03
2.458809e+02
1.731168e+02
1.086437e+03
1.574746e+02
8.449030e+02
-2.113713e+02
8.774455e+02
-3.025345e+02
-2.248146e+02
-1.159568e+02
-1.612589e+02
-2.316698e+02
3.717875e+02
-1.138355e+02
-1.735489e+02
-3.342738e+02
5.517052e+02
-2.213860e+01
-2.684615e+02
4.093582e+01
3.060796e+02
-8.434039e+01
-2.452001e+02
2.001332e+02
4.492555e+02
3.177558e+02
2.257397e+02
-1.360953e+02
7.907602e+01
2.560066e+02
-1.535361e+02
1.794525e+01
-3.205611e+00
-6.545114e+00
1.358124e+02
-9.100709e+00
5.509710e+01
2.631354e+01
4.518655e+01
1.256747e+02
-1.564559e+02
7.491843e+01
8.421169e+01
6.623955e+01
1.474871e+02
9.143052e+01
-1.682910e+00
-1.367931e+02
-1.132834e+02
5.349931e+00
9.065015e+01
-1.888250e+02
-5.766414e+01
1.319960e+02
2.909865e-01
7.208151e+01
-5.166875e+00
4.099962e+01
-5.990314e+01
-2.579704e+00
4.661268e+01
-2.295211e+01
6.106750e+01
1.928015e+01
7.324320e+01
5.196077e+01
6.790365e+00
5.591483e+01
-7.222701e+01
8.648905e+00
2.434403e+01
-4.803519e+01
4.634756e+01
1.878291e+01
3.129635e+01
-8.407090e-01
1.317068e+01
7.360895e+01
-4.363855e+01
7.668568e+00
3.140021e+01
-1.209212e+01
3.978326e+01
2.651328e+01
6.449338e+01
-3.262066e+01
2.089471e+01
3.674657e+01
-1.760434e+01
-2.048505e+01
-6.830000e+00
-1.880328e+01
7.592117e+00
6.487578e+00
-3.724688e+01
1.142425e+01
-1.584409e+01
2.701258e+01
7.268507e+00
-1.070181e+00
1.863361e+00
1.690298e-01
9.123279e-01
1.249383e-01
-1.192411e-01
-3.626287e-03
-1.840386e-01
1.376152e-01
-3.300756e-01
-1.906441e-01
-1.412666e-01
2.758394e-02
1.175854e-01
4.754985e-02
-5.484021e-02
1.423699e-02
-6.686138e-03
4.984874e-02
-3.106054e-02
-9.516700e-03
1.740606e-02
1.335990e-02
2.186224e-02
6.919035e-02
5.075787e-02
-5.557003e-02
-6.903023e-02
-2.425415e-02
