-3.535230e-01
4.073624e-01
5.463944e-01
4.807111e+01
1.933120e+02
-2.366630e+01
3.249024e-04
4.434278e+04
-1.712320e+05
-6.518141e+05
1.103206e+05
1.403943e+05
-1.424596e+05
1.691316e+05
-8.707027e+04
4.348559e+04
-2.693240e+03
-9.621256e+04
3.881989e+04
-1.736520e+03
-3.045376e+03
-5.010795e+04
-8.147915e+03
1.796776e+04
-2.273564e+04
8.135998e+04
-2.301589e+04
8.774655e+04
-1.672853e+04
2.810520e+04
1.949781e+04
1.861219e+04
2.675709e+04
-1.583351e+03
4.462138e+03
-8.535224e+03
-2.918720e+03
-2.117311e+03
-1.590792e+03
-7.756266e+03
-1.883848e+04
-9.443155e+03
2.680449e+02
1.054370e+04
1.671154e+04
-1.527317e+04
1.038618e+03
-2.411787e+03
-1.059666e+03
-3.855589e+03
7.828523e+02
6.864481e+03
-1.115617e+03
-2.676790e+03
7.967420e+03
1.298466e+04
1.458690e+03
1.144987e+04
-5.773259e+02
-1.304509e+03
-9.262447e+03
6.006246e+03
2.050831e+03
-1.629390e+03
1.499725e+03
2.673412e+03
5.169954e+03
-1.452237e+03
-2.549416e+03
3.196964e+03
-1.104250e+03
-5.101082e+03
-4.080995e+03
8.698693e+02
-2.428321e+03
-2.177310e+03
-1.949676e+03
1.407687e+03
-2.430855e+03
1.288095e+03
3.256388e+02
3.883645e+02
2.024161e+03
8.753996e+02
2.413839e+03
-1.767455e+03
-1.686837e+03
1.588966e+03
1.080278e+03
1.990181e+03
1.249807e+02
2.522572e+03
9.710886e+02
1.020226e+03
-1.825256e+03
-7.148615e+02
-7.612922e+02
-9.705614e+01
-1.004722e+03
-8.705675e+02
5.706801e+02
2.860533e+02
1.148156e+03
-7.586342e+02
6.915816e+02
-8.367619e+02
7.640328e+02
1.029333e+02
-3.093172e+02
9.977572e+02
-9.394286e+02
4.251530e+02
-1.235787e+02
7.655560e+02
-1.645625e+01
3.444987e+01
-3.545422e+00
-7.446088e+02
-1.952923e+02
3.146729e+02
3.967563e+02
5.698495e+02
-1.574551e+02
-3.652047e+01
3.562614e+02
-2.753568e+02
5.196536e+02
-7.759879e+01
-1.837593e+02
4.274962e+02
5.839130e+02
2.878941e+02
-4.540983e+01
-2.419289e+02
-1.382114e+02
5.011994e+01
2.533582e+02
-7.051771e+01
1.256698e+02
-8.957725e+01
-2.174716e+02
4.433593e+01
6.882116e+01
3.612440e+01
6.384798e+01
1.805862e+02
-2.199063e+01
-1.580115e+02
-5.050551e+01
4.158392e+02
-4.356190e+01
1.772293e+02
1.940176e+02
-1.764201e+02
-2.072881e+02
-1.526442e+01
4.496044e+01
-1.573859e+02
1.868985e+02
-2.047784e+02
-2.019401e+02
6.665886e+01
6.058757e+01
-1.375909e+02
-6.921449e+01
-1.227871e+01
9.511819e+01
2.024012e+02
-3.049223e+00
1.318302e+02
8.964984e+01
-9.117857e+01
4.629063e+01
1.105574e+02
-1.728639e+01
-4.352909e+01
2.861454e+01
1.753082e+01
-9.307137e+00
-3.903419e+01
-8.098916e+01
8.459940e+01
7.047823e+01
-2.477513e+01
7.002912e+01
-1.108842e+01
5.141919e+01
2.568386e+01
-7.287015e+01
1.178140e+01
5.148627e+01
-1.630085e+01
-2.541243e+01
6.562926e+01
-1.055611e+01
-1.710126e+01
3.387885e+01
-2.726249e+01
-4.908818e+01
4.192518e+00
2.049290e+01
-3.747509e+01
5.758032e+00
5.245060e+01
1.702007e+01
2.110734e+01
-2.704724e+00
2.144135e+00
-4.248043e-01
8.026620e-01
-5.604040e-02
2.821924e-01
3.463070e-01
-1.314251e+00
-7.736238e-02
-1.916716e-01
-1.361548e-01
-8.237331e-02
-2.529498e-02
9.361211e-02
-2.192301e-01
-3.293420e-01
3.754374e-03
-2.584102e-02
4.910921e-02
1.035083e-01
8.116151e-02
1.619389e-01
1.800195e-01
-1.253932e-01
1.487711e-01
-5.924271e-02
-4.661151e-02
-2.514752e-02
-1.372835e-01
