-7.579461e-02
-4.863595e-01
2.207578e-02
4.465778e+01
1.836077e+02
-2.506219e+01
3.563139e-04
-1.004221e+05
-2.793877e+05
3.880093e+05
2.247647e+05
1.054134e+05
-3.590445e+05
1.043756e+05
-4.973794e+03
-3.089770e+04
-4.339354e+04
-4.304067e+04
5.472504e+04
4.556527e+03
-1.927576e+04
5.473274e+04
-1.682163e+04
-1.504915e+04
5.481095e+04
6.308100e+04
-1.468612e+04
2.580273e+04
-3.120073e+04
1.389169e+04
-3.020753e+04
2.410398e+04
-6.063013e+03
-6.333947e+04
-1.271234e+04
1.719192e+04
1.735706e+04
-4.184081e+04
4.278831e+03
-2.944329e+04
1.770526e+04
9.660704e+02
-3.445415e+04
1.434560e+04
2.923300e+04
-1.740184e+04
-1.253796e+04
1.225651e+04
1.163008e+04
8.304360e+03
4.032078e+03
1.796398e+03
4.578843e+03
-1.700679e+04
-9.648443e+03
5.557815e+03
2.118904e+03
9.909391e+03
6.360469e+03
-1.979188e+04
-4.291008e+03
-1.888933e+03
-5.107208e+03
-4.179976e+03
-2.538978e+03
6.228281e+03
3.367364e+03
-2.248369e+01
-5.061161e+03
7.086684e+03
-5.503066e+01
1.112226e+03
-1.263193e+03
1.083813e+03
6.516035e+02
3.716115e+03
1.432783e+03
3.532084e+02
-4.456373e+03
-1.226513e+03
2.917425e+03
-1.051611e+02
-9.780897e+02
1.779037e+03
4.089285e+03
1.291730e+03
-3.758467e+03
-1.796033e+03
-1.662772e+03
-4.778147e+02
-2.232355e+02
6.731112e+02
2.405640e+03
2.726746e+03
-2.671151e+03
-1.103330e+03
8.413655e+01
2.410939e+02
-8.849658e+01
-1.536974e+03
-5.484681e+02
-6.039153e+02
-2.419797e+02
-1.303949e+03
8.368953e+02
-6.863466e+02
1.264641e+03
2.297897e+02
5.604816e+02
2.111934e+03
-1.859861e+03
1.463926e+03
5.407935e+02
1.362444e+03
-1.431727e+01
-5.324367e+02
-1.125740e+03
-3.642015e+02
-1.561481e+02
3.428442e+02
2.784370e+02
-1.049654e+02
-7.273268e+02
4.091076e+02
4.050442e+02
-3.988123e+01
2.379792e+02
1.121306e+02
-6.030478e+02
-3.947127e+02
6.507854e+02
6.460973e+01
2.815333e+01
4.334945e+02
-2.283171e+02
2.367081e+02
8.496765e+02
-3.297614e+02
-2.224026e+02
5.651494e+02
-2.964647e+02
-1.224911e+02
1.950153e+02
-2.645379e+02
-8.184372e+01
1.651655e+02
-2.846856e+02
-4.549130e+02
6.366663e+01
5.094812e+02
4.896421e+01
3.524209e+02
5.269612e+02
-8.306361e+01
-1.747700e+02
-8.369284e+01
1.108632e+02
9.804623e+01
3.323191e+01
-1.524718e+02
5.863940e+01
3.440387e+01
2.371190e+02
-1.570446e+02
-9.591697e+01
-7.351392e+01
1.348698e+02
-8.318813e+01
1.073331e+02
1.570968e+02
2.311245e+02
7.477477e+01
1.135920e+01
3.272596e+01
2.933460e+01
1.897083e+01
1.099227e+02
7.466901e+01
-3.982557e+00
4.916179e+01
3.854851e+01
1.096669e+02
9.043362e+01
-5.247850e+01
6.456396e+01
4.610994e+01
2.647675e+00
-1.435151e+01
3.213400e+01
1.354887e+02
-4.942768e+01
1.631053e+01
-2.667589e+01
-5.249795e+00
-5.320491e+01
-2.785909e+01
-7.883975e+00
-9.988286e+00
7.389615e+00
5.107288e+01
-3.945423e+01
-6.018826e+01
-2.854358e+01
-1.322893e+01
6.047171e+01
3.947422e+01
-5.680782e-01
3.169564e+00
-5.093102e-01
1.184316e+00
1.712669e-01
5.141086e-01
1.636598e-01
-9.671350e-01
1.060936e-01
-7.871577e-01
-2.163159e-01
-5.051805e-01
1.384065e-01
9.808283e-02
-2.206364e-01
-1.401201e-01
1.570715e-02
1.258628e-01
2.090692e-01
3.393231e-02
1.103684e-01
3.034060e-01
1.404193e-01
5.401833e-02
-1.532873e-02
-7.277535e-03
-2.104696e-02
-1.206691e-01
-1.612816e-01
