-2.234781e-01
9.396843e-01
-1.412425e-01
5.120000e+01
1.897591e+02
-1.880927e+01
3.433818e-04
-9.485045e+04
-5.208682e+05
1.764036e+05
1.581493e+05
2.109865e+05
-1.192210e+05
5.458756e+04
5.623844e+04
1.872961e+04
-9.432548e+04
-1.601291e+05
-5.165159e+04
4.612356e+04
2.277827e+04
-7.332754e+03
-1.774179e+04
1.000866e+04
8.851495e+02
-3.068341e+04
-2.566747e+04
-1.058409e+04
2.963659e+03
5.540125e+04
-8.597198e+04
-5.955506e+03
-5.247469e+03
-4.054964e+04
6.736420e+04
3.251042e+04
-1.578767e+03
-5.446673e+03
-8.151146e+03
-6.569956e+03
8.700813e+03
5.070408e+03
-4.481913e+04
8.823230e+03
4.505303e+01
-1.035677e+04
5.922673e+03
2.945924e+03
-2.611612e+02
2.753989e+03
2.219980e+04
1.132075e+04
-4.433867e+03
8.427429e+01
-4.138856e+03
3.177172e+03
5.409622e+03
5.635811e+03
6.928439e+02
-1.749849e+04
-4.124333e+03
-4.198629e+02
3.945845e+01
-5.935678e+03
2.199294e+03
6.845039e+03
4.227325e+03
8.978120e+02
-4.940484e+03
5.376764e+03
-8.880131e+02
-4.108923e+03
-5.048068e+03
-4.818511e+02
2.272813e+02
1.689557e+03
2.323094e+03
1.312984e+03
-1.965532e+03
1.300996e+03
7.833522e+02
-5.625699e+02
-1.231260e+03
1.729545e+03
2.455641e+03
1.952954e+03
-1.452813e+03
8.627255e+02
-4.185725e+02
-1.841335e+03
1.485346e+02
2.412627e+02
1.474327e+03
3.915354e+03
-2.067455e+03
9.200992e+02
3.373782e+02
9.630938e+00
-7.602672e+02
-1.540165e+03
-1.226389e+03
-5.514250e+02
1.345206e+02
-1.099094e+03
2.406297e+02
2.701250e+02
1.316930e+03
-9.024335e+02
6.418675e+02
2.572726e+03
-1.285353e+02
1.741721e+03
-1.272287e+02
1.804826e+03
-9.071602e+02
-6.901937e+02
-8.304824e+01
-4.409154e+02
2.317746e+01
2.294994e+02
1.971869e+02
-2.751969e+02
-4.563748e+02
3.230484e+02
7.577219e+02
-5.922482e+02
-3.356947e+01
-5.589718e+01
-1.967152e+02
-6.384296e+02
6.526473e+02
6.541220e+02
1.283371e+02
1.999611e+02
-4.948836e+02
3.181461e+02
2.397948e+02
-3.072310e+01
-9.630126e+01
2.348251e+02
-4.557479e+01
-3.795370e+02
8.513412e+01
-3.182615e+00
3.745097e+01
-9.758964e+00
2.702601e+01
-2.927927e+02
9.416489e+01
3.363964e+02
2.649713e+02
2.234040e+02
2.392183e+02
-8.362067e+01
-2.233512e+02
5.364178e+01
1.377018e+02
3.001682e+02
-3.416550e+02
-2.478923e+02
2.463057e+02
-2.255779e+01
2.983530e+02
-1.340083e+02
-2.500845e+01
-1.346427e+02
1.575068e+02
-2.499683e+01
6.963929e+01
2.637697e+02
1.312297e+02
-5.853659e+01
6.075328e+01
4.364948e+01
3.311181e+01
-4.812637e+01
3.682264e+00
5.225916e+01
-1.132413e+01
3.784911e+01
-6.540876e+01
1.294336e+02
-1.884107e+00
-1.978078e+01
1.139639e+02
4.400116e+01
3.144537e+01
-2.302192e+01
-8.035222e+01
1.166018e+02
-4.755739e+00
3.030984e+01
-2.076143e+01
5.428252e+01
-3.079094e+01
-2.031876e+01
-1.216770e+01
-4.148624e+01
1.471817e+01
3.324706e+01
-4.260453e+01
-6.863631e+01
-6.294591e+01
-1.296399e+01
5.948172e+01
2.760934e+01
-1.734646e+00
4.350481e+00
-5.784022e-02
9.060876e-01
2.058496e-02
-3.032347e-01
-2.670631e-01
-6.577234e-01
2.515759e-01
-5.246469e-01
-3.063317e-01
-5.464141e-01
-7.416186e-02
1.204786e-01
-1.477890e-01
-1.734371e-01
6.059935e-02
2.908431e-02
3.332770e-03
-7.887641e-02
1.229895e-01
1.566431e-01
1.440460e-01
1.994908e-01
1.071916e-01
-4.107676e-04
3.835641e-03
-1.313735e-01
-1.885039e-01
