-4.063977e-02
5.458887e-01
2.457959e-01
4.551111e+01
1.767170e+02
-2.436608e+01
3.486920e-04
1.637030e+04
-5.135844e+05
2.027024e+04
-2.378924e+05
-4.220426e+04
-3.007446e+05
3.006628e+05
-3.031541e+04
-1.720331e+05
-2.750041e+05
-1.667406e+05
5.048188e+03
1.130976e+05
-5.675974e+04
9.558185e+04
-3.985325e+04
2.865681e+04
2.007239e+04
-7.078217e+04
-3.579810e+04
1.619310e+05
-1.343639e+04
-6.775410e+03
-2.431499e+04
6.357389e+03
-86905
-2.128231e+04
3.353451e+04
3.971467e+04
2.430363e+04
-4.512807e+04
6.741713e+04
1.080334e+04
5.758320e+04
1.271743e+04
-1.093066e+04
-2.931519e+04
-2.431202e+04
2.340805e+04
1.041787e+04
1.705422e+04
3.847780e+03
-2.030797e+02
-1.744286e+03
2.140688e+04
2.328276e+04
-2.708871e+04
5.800393e+03
1.469304e+04
4.423372e+02
9.275799e+03
3.331473e+02
-1.493564e+04
-3.700379e+03
-3.036904e+03
-6.952675e+03
-7.500488e+03
5.884478e+02
-1.700355e+03
5.156896e+03
4.272029e+03
-6.621644e+02
1.996590e+03
-3.264241e+03
4.275359e+03
2.814904e+02
-8.703261e+02
1.900734e+03
5.269265e+03
4.887545e+03
-5.941970e+03
-6.312485e+02
1.746686e+03
1.118128e+02
5.939709e+03
-1.269766e+03
5.380167e+02
9.581779e+03
-2.946784e+03
-1.085664e+03
3.248097e+02
-7.718984e+01
-3.131726e+03
1.376386e+03
1.662430e+03
4.445460e+03
8.471096e+02
-1.921020e+03
9.483648e+00
-1.010944e+03
1.936885e+02
2.302220e+03
-3.230639e+02
-1.446183e+02
6.795494e+02
-9.733258e+02
-2.420600e+03
1.421570e+03
8.299890e+02
9.354517e+02
-2.663647e+02
4.342091e+02
3.238135e+03
-4.414328e+02
1.470315e+03
-5.402484e+02
1.371723e+03
1.421786e+02
8.932662e+02
4.123205e+02
-9.117808e+02
6.102805e+02
2.280990e+02
-1.793018e+02
-5.655593e+02
1.607380e+02
3.077321e+02
1.881192e+01
-6.704881e+02
-1.754813e+02
1.212563e+02
-1.520377e+02
1.132255e+02
-4.412419e+02
5.596886e+02
-3.604166e+02
-4.993683e+02
-5.764567e+02
-2.420576e+02
2.878090e+02
-5.449785e+02
6.993118e+01
8.442570e+01
-7.500012e+02
7.745673e+02
7.041611e+01
3.317464e+01
-4.527463e+02
7.517689e+01
6.306375e+02
-4.292604e+02
2.762552e+01
-4.512443e+00
-1.339127e+02
3.811831e+02
6.263552e+02
4.719850e+02
-2.554659e+02
-1.808311e+02
-8.282676e+01
6.102523e+02
-2.639737e+02
-6.104042e+02
2.007511e+02
6.148381e+01
4.113405e+02
-2.683678e+02
-8.639325e+01
-1.473800e+02
-5.331141e+01
-8.472173e+01
4.054095e+02
2.447374e+02
1.909154e+02
-2.571802e+02
-1.039239e+02
7.973033e+01
4.373021e+01
-1.981311e+02
-2.090602e+02
-4.248395e+01
5.820414e+01
2.638134e+02
-2.421065e+01
3.222897e+02
-3.561936e+01
1.939641e+02
1.585011e+02
-1.364949e+01
-9.735737e+01
-2.650939e+01
2.455181e+00
1.865264e+02
-2.447203e+01
8.144490e+01
-3.145177e+01
1.333380e+02
9.719435e+00
2.874300e+01
-1.555425e+01
-7.943661e+01
-5.418407e+01
-6.439011e+01
-5.988840e+01
-7.357921e+01
-8.806151e+00
2.803793e+01
5.956948e+01
1.120515e+01
-1.637388e+00
4.174139e+00
-8.710351e-01
5.096704e-01
5.462712e-02
-8.351569e-03
2.533714e-01
-4.893798e-01
-6.500207e-02
-1.071350e+00
-4.516560e-01
-3.613890e-01
-6.609235e-02
1.406175e-01
8.955731e-02
-4.164908e-02
6.035770e-02
7.443712e-02
2.684085e-02
1.700214e-01
2.869882e-01
6.644630e-02
4.716599e-01
9.374836e-02
4.639789e-02
1.071440e-01
1.303764e-01
-1.641646e-01
-5.122417e-02
