-6.258816e-02
2.805499e-01
7.137396e-02
4.408889e+01
1.840759e+02
-2.597699e+01
3.460785e-04
-2.444785e+04
-3.852249e+05
-1.013900e+05
1.645663e+05
4.259164e+04
5.571404e+04
8.574030e+04
-9.698987e+04
-1.531178e+05
-6.428440e+04
-7.355366e+04
1.586278e+04
1.615188e+04
-1.006451e+04
-9.373451e+03
6.857724e+03
1.366800e+04
3.396975e+04
2.199002e+04
-2.642871e+04
1.431858e+04
-2.093441e+04
2.600811e+04
-4.717259e+04
1.534987e+04
-1.738915e+04
-3.569849e+04
3.694944e+04
3.560120e+03
-9.448930e+03
9.689581e+03
5.956838e+03
3.126565e+03
1.018294e+03
-2.275843e+03
-1.527956e+04
3.824887e+03
9.310366e+03
-3.685334e+03
-1.696823e+03
3.868330e+03
1.296029e+03
1.135151e+03
5.927831e+03
3.686813e+03
5.511428e+03
-7.034075e+03
-4.965021e+03
7.842057e+03
9.774518e+02
9.643695e+03
3.268452e+02
-1.096764e+04
1.439376e+03
1.149046e+03
-3.388657e+03
-4.373628e+03
2.701909e+03
4.615641e+03
5.507946e+03
1.246893e+03
-5.618206e+03
4.216630e+03
-1.608235e+03
-3.842489e+03
-2.160218e+03
1.794381e+03
3.135469e+03
1.035800e+03
3.870328e+03
1.937529e+03
-3.548550e+03
6.278647e+02
-7.112568e+02
4.779619e+02
1.426683e+02
1.770751e+03
3.602123e+03
2.656659e+03
-1.303874e+03
3.367471e+02
-3.402592e+02
-9.012237e+02
-9.736777e+01
1.196846e+03
1.658752e+03
1.486429e+03
-1.947492e+03
4.116830e+02
9.402722e+02
1.111600e+03
5.310634e+02
4.379802e+01
-2.683125e+02
2.737224e+02
-1.877585e+02
-1.408440e+03
-5.773898e+01
3.270744e+02
1.632150e+03
8.230250e+02
-1.366761e+02
1.608314e+03
-5.440892e+02
1.037035e+03
-1.062621e+02
1.404701e+03
3.284319e+02
-2.475856e+02
4.534843e+02
-6.344244e+02
1.455412e+02
3.281008e+02
2.937940e+02
1.078824e+02
-4.012921e+02
5.138191e+02
2.981805e+02
-5.798739e+02
-1.469532e+02
1.936154e+02
6.687032e+01
-3.263925e+02
4.044455e+02
5.564056e+02
3.931139e+01
8.682233e+01
-2.672606e+02
2.227952e+02
3.859195e+02
-3.566815e+02
3.607454e+01
2.900235e+01
-1.282600e+02
2.872805e+02
-4.510380e+01
1.624182e+02
-1.295589e+02
5.237235e+00
2.696633e+02
-1.219649e+02
1.017011e+02
2.393378e+02
1.032507e+02
1.801790e+02
2.193559e+02
-5.784709e+01
-1.520676e+02
-8.413552e+01
9.521318e+01
4.395030e+01
-9.706400e+01
-2.293542e+02
1.028448e+02
3.420136e+01
2.094965e+02
-6.067547e+01
6.244624e+01
-4.064371e+01
8.735442e+01
7.393556e+01
7.556174e+01
1.707799e+02
1.362164e+02
-3.409916e+01
-9.686482e+00
7.959087e+01
1.005269e+02
-6.981342e+01
-5.629959e+01
-2.635666e+01
1.498633e+01
5.293887e+01
-1.167865e+00
7.403273e+01
-7.459435e+00
-2.449092e+00
9.416335e+01
-2.717487e+01
3.230436e+01
-4.047264e+01
-3.286843e+01
7.177935e+01
2.517013e+01
3.759936e+01
-4.622229e+01
5.168097e+01
3.208015e+00
4.316022e+00
-3.859035e+00
-4.519545e+01
-1.238926e+01
6.078409e+00
-2.644633e+01
-6.581725e+01
7.750772e+00
1.528393e+00
3.676438e+01
3.541327e+01
-1.790412e+00
3.370042e+00
5.864272e-02
1.285157e+00
3.609550e-01
-1.461605e-01
3.981233e-02
-6.730636e-01
-1.229761e-01
-6.194199e-01
-2.448996e-01
-2.752542e-01
5.895009e-02
5.671093e-02
-3.773519e-02
-1.073547e-01
2.956784e-02
9.617057e-02
6.391062e-02
1.504267e-02
1.799794e-01
9.561077e-02
1.008410e-01
-1.381597e-02
9.993283e-02
3.961778e-02
-2.711687e-02
-1.150273e-01
-9.680256e-02
