-1.287132e-01
-1.536301e+00
-2.159703e-01
5.632000e+01
1.813394e+02
-6.705981e+00
3.482995e-04
-4.565314e+04
-4.341125e+05
2.205079e+04
1.851817e+04
-6.083328e+04
4.761757e+04
6.590384e+04
-8.270849e+04
-1.725417e+05
-7.534002e+04
-1.282020e+05
8.028562e+04
-1.933399e+03
-1.687439e+04
2.660692e+04
-2.479300e+04
2.189481e+04
3.503031e+03
9.798843e+03
-4.234048e+04
9.993439e+03
-6.900991e+03
3.408262e+04
-5.492677e+04
1.564144e+04
-3.145233e+04
-4.130486e+04
2.308675e+04
1.467662e+04
1.501385e+04
-6.528411e+03
2.234458e+04
1.428231e+04
7.065276e+03
-7.421347e+03
-2.732851e+04
-4.136526e+03
9.189426e+03
1.140056e+04
-4.606081e+03
3.904703e+03
-1.183631e+04
-1.147759e+03
9.656068e+03
5.787122e+02
9.870876e+03
-1.026064e+04
-5.184159e+03
6.896772e+03
3.820023e+03
4.535133e+03
3.734778e+02
-8.542678e+03
1.496090e+03
4.718222e+03
-3.347847e+03
-4.008275e+03
1.746111e+03
4.541790e+03
6.174092e+03
2.391348e+03
-6.873492e+03
3.444142e+03
-1.004870e+03
-3.214608e+03
-1.699193e+03
2.223869e+03
2.740300e+03
1.738198e+03
3.288051e+03
1.280587e+03
-2.346288e+03
5.452890e+01
-2.221033e+02
1.200025e+03
-4.578167e+01
2.200708e+03
3.223948e+03
2.319221e+03
-3.596617e+02
-9.485248e+02
-1.178066e+02
-1.299194e+03
-2.675459e+02
1.884303e+03
2.986502e+03
2.275005e+03
-2.153188e+03
2.480579e+02
8.787027e+02
2.767105e+02
1.142830e+03
1.475397e+01
-7.508266e+02
6.526981e+02
-6.998762e+02
-1.560405e+03
1.857380e+02
9.340346e+02
1.522505e+03
3.906839e+02
-4.700532e+01
1.347820e+03
-4.595753e+02
1.761690e+03
-2.796849e+02
1.435355e+03
5.340010e+02
-1.511622e+02
2.860329e+02
-4.801677e+02
1.318627e+02
2.439849e+02
2.720725e+01
5.751979e+01
-2.026362e+02
1.009770e+02
5.024711e+02
-4.066762e+02
-7.134708e+01
3.100717e+02
-2.161048e+02
-4.677201e+02
2.535374e+02
3.341371e+02
-6.269963e+01
9.978273e+01
-3.621447e+02
1.137187e+02
4.797044e+02
-4.189268e+02
1.043880e+02
2.434475e+02
-2.664011e+02
3.129256e+02
-1.383777e+02
1.337526e+02
-2.833326e+02
2.034392e+01
3.879960e+02
-1.344624e+02
4.927238e+01
3.105809e+02
-1.549372e+02
1.319343e+02
3.335013e+02
-6.211367e-01
-2.378222e+02
-1.405227e+02
1.355296e+02
1.134610e+02
-1.466000e+02
-3.034410e+02
9.747045e+00
-7.703467e+00
2.600973e+02
-1.033887e+02
1.000790e+02
-7.759899e+01
8.012405e+01
2.386334e+01
1.243903e+02
1.660399e+02
1.501855e+02
-1.909654e+01
-2.828422e+01
9.605953e+01
9.026994e+01
-2.425111e+01
-8.605687e+01
-4.545507e+01
7.511010e-01
8.762601e+01
-1.482230e+01
8.482076e+01
-1.417414e+01
2.104224e+01
7.716565e+01
2.494332e+01
1.017314e+02
3.210896e+00
-1.444557e+01
1.049722e+02
4.463538e+01
6.523171e+01
-6.777660e+01
2.286082e+01
5.041485e+00
4.694338e+01
-3.798035e+01
-8.909393e+01
-6.524697e+00
-1.713806e+00
-3.341893e+01
-7.739558e+01
2.534349e+01
1.805223e+01
3.485034e+01
2.916202e+01
-2.604760e+00
3.635715e+00
-9.878063e-01
1.432596e+00
1.405994e-01
-4.384270e-01
1.548967e-01
-8.194852e-01
-1.660853e-01
-6.982892e-01
-3.599319e-01
-3.161391e-01
1.076586e-01
1.308460e-01
-3.241068e-02
-2.221628e-01
7.952990e-02
4.514902e-02
5.374375e-02
4.866629e-02
1.665800e-01
1.134563e-01
1.768060e-01
-6.235510e-02
1.359223e-01
6.841530e-02
4.365276e-02
-1.546953e-01
-6.945005e-02
