-3.342379e-01
7.464155e-01
-3.011604e-01
4.977778e+01
1.976432e+02
-1.991603e+01
3.482672e-04
-1.130225e+05
-4.422197e+05
1.858538e+05
2.422450e+04
-1.316960e+04
4.410861e+04
-8.006820e+04
1.237034e+04
-1.451039e+05
-1.867057e+04
-7.616506e+04
1.194805e+05
-1.728999e+04
-5.251238e+04
4.221084e+03
-2.539423e+04
1.035475e+04
-8.165489e+03
-4.227138e+04
-1.464285e+04
-2.228327e+03
-7.772922e+03
2.601406e+04
-1.013584e+05
-7.301465e+03
-2.617636e+04
-3.928227e+04
2.681464e+04
2.811779e+04
6.232671e+03
5.279959e+02
1.867698e+04
-1.752568e+03
2.077330e+04
-8.957180e+03
-2.920000e+04
-9.560035e+03
7.821480e+03
4.111402e+03
2.815495e+03
6.468245e+03
-6.432424e+03
1.086399e+03
1.304802e+04
-8.376145e+03
7.142510e+03
-5.717126e+03
-4.359919e+03
3.399381e+03
6.920932e+03
9.011261e+03
1.387294e+03
-8.528385e+03
-7.023139e+02
8.550724e+02
-1.478913e+03
-3.561013e+03
-1.178546e+03
7.323464e+03
4.766505e+03
4.964183e+03
-6.795399e+03
4.468719e+03
1.915100e+02
6.164156e+02
-2.704548e+03
-9.563928e+02
1.959247e+03
9.623080e+02
3.191149e+03
2.149783e+03
-2.316507e+03
1.372424e+01
-1.207969e+03
-1.065893e+03
-3.798303e+03
6.972130e+02
1.960656e+03
3.319327e+03
1.813601e+03
-9.323111e+02
-2.943414e+02
-1.921815e+03
2.529465e+02
-6.124635e+02
2.598011e+03
2.610157e+03
-1.997367e+03
1.268614e+03
2.094584e+03
2.933099e+02
-1.811942e+02
6.902654e+02
-5.627512e+02
-4.754067e+02
-1.065701e+03
-6.678544e+02
5.671530e+01
4.833430e+01
2.734855e+03
5.645831e+01
2.999107e+02
1.257690e+03
-4.160929e+02
1.705610e+03
-2.249695e+01
8.745425e+02
-2.174676e+02
3.693145e+01
-1.152390e+02
-1.733163e+02
-2.462694e+02
-1.623163e+02
-2.104846e+02
-4.842635e+02
-1.644874e+02
2.179161e+02
6.547333e+02
-4.118025e+02
-2.809976e+02
3.055043e+02
-5.275171e+01
-1.019315e+03
2.604286e+02
3.653802e+02
-2.498771e+01
3.615251e+02
-2.012417e+02
6.968471e+01
6.925630e+02
-2.430602e+02
-7.379907e+01
1.762231e+02
-2.125243e+02
1.846922e+02
-1.586916e+01
1.142538e+02
-1.669162e+02
9.603379e+01
3.556606e+02
-9.695318e+01
8.905280e+01
3.187020e+02
5.524886e+01
-5.507687e+01
3.661288e+02
4.151803e+01
1.932102e+01
-6.827703e+00
-4.529203e+01
2.145149e+02
-3.094340e+02
-2.153415e+02
1.094331e+02
-1.954649e+02
2.776412e+02
3.394290e+01
6.175550e+01
-1.317634e+02
-8.307508e+01
-1.079853e+01
1.992221e+01
1.583752e+02
9.821613e+01
9.771172e+01
3.291724e+01
3.310839e+01
8.597617e+01
-4.471471e+01
-8.016590e+01
-5.897845e+01
-6.047146e+01
2.911011e+01
4.368024e+01
7.706072e+01
-2.114306e+01
3.365261e+01
8.215884e+01
-9.389137e+00
9.731572e+01
4.505703e+01
-5.501886e+01
6.519212e+01
7.020593e+00
6.949615e+01
-5.698997e+01
6.908900e+01
1.010362e+01
4.316677e+01
-5.185150e+01
-9.581210e+01
2.114649e+01
-1.359291e+01
-2.665736e+01
-7.801772e+01
-6.805113e+00
-3.794558e+01
4.985341e+01
1.614310e+01
-1.951058e+00
3.645301e+00
-1.510582e+00
1.027898e+00
2.635669e-01
-3.113401e-01
-1.159625e-01
-6.587592e-01
-8.609559e-02
-7.855395e-01
-2.979789e-01
-3.879506e-01
-8.487265e-03
2.203618e-01
2.083160e-02
-5.173317e-02
-1.717563e-02
1.041582e-02
1.250376e-02
-6.108297e-02
2.016727e-01
1.767687e-02
3.577928e-02
-2.892474e-02
4.638455e-02
1.382301e-01
-4.367358e-02
-1.664186e-01
1.154696e-01
