-1.309348e-01
-8.669550e-01
-5.234556e-02
4.864000e+01
1.860408e+02
-2.057830e+01
3.438700e-04
-9.730017e+04
6.878229e+04
6.365244e+04
-1.878587e+05
-5.566489e+03
-1.405768e+05
7.576620e+04
1.777485e+03
-1.186509e+05
5.970209e+03
-6.964719e+04
1.074117e+05
3.283123e+03
3.444924e+04
-3.085486e+04
-2.270706e+04
4.254084e+04
4.635983e+02
6.747747e+03
2.607769e+03
-1.190634e+04
-2.044728e+04
-2.882858e+04
-1.356795e+04
-3.095801e+03
-2.479235e+04
-9.189089e+03
-2.017631e+04
-1.469229e+04
-4.974938e+03
-1.205733e+04
1.113879e+04
-9.340410e+03
2.635714e+02
-7.075031e+02
-8.015776e+03
-5.599112e+03
1.066981e+04
-1.090258e+04
1.289176e+04
5.691686e+03
-5.065934e+03
2.940218e+03
-4.521093e+02
7.428453e+02
-2.646499e+02
1.851230e+03
2.539335e+03
-2.267008e+03
2.866436e+03
7.143633e+03
5.840375e+03
-3.954930e+03
-6.828872e+03
2.246420e+03
-4.929439e+02
5.637741e+01
-8.190685e+02
2.715866e+03
3.133197e+02
1.248001e+03
-2.279810e+03
2.833768e+03
6.258334e+02
2.930987e+03
8.815101e+02
9.436198e+02
-1.496080e+03
-1.380917e+03
4.609045e+02
-6.178182e+02
-2.313451e+03
-4.543646e+02
-1.932526e+02
-1.171851e+03
-1.014431e+02
1.564637e+03
1.636177e+03
1.398940e+03
-1.052677e+03
2.405365e+02
-8.898657e+00
7.949546e+02
1.725299e+02
-6.392363e+01
1.189416e+03
1.088241e+03
-8.044329e+02
1.845139e+02
1.069204e+03
-9.072017e+02
-2.643925e+02
-5.099466e+02
-3.162212e+02
-1.566684e+02
9.092323e+02
-4.123512e+02
-5.745758e+02
-7.287347e+02
5.081287e+02
1.105198e+03
1.046885e+03
5.991534e+02
4.510495e+02
4.917388e+01
-2.353071e+02
2.423902e+02
4.800440e+00
1.494171e+02
-2.783714e+02
-3.804209e+02
-3.646418e+02
4.280955e+02
2.921462e+02
4.783289e+02
-4.322380e+01
-8.604672e+01
3.488074e+02
-1.256233e+02
2.533715e+01
-8.378587e+01
-1.427588e+02
1.277878e+01
1.901226e+02
4.436776e+02
-1.309268e+02
7.011394e+01
3.263231e+01
-1.545015e+02
8.796309e-01
5.862769e+01
-5.558423e+00
-2.777745e+02
-2.041997e+02
1.664578e+01
7.447590e+01
1.544325e+02
2.647593e+00
1.055056e+02
-1.061519e+02
-2.151857e+02
-3.065324e+01
1.444191e+02
1.781828e+02
7.328455e+01
-5.810499e+01
-6.249403e+01
9.379375e+01
4.051335e+01
1.802115e+01
7.306254e+01
1.233670e+02
-2.848125e+01
6.421299e+01
3.216941e+01
-3.130237e+01
-5.757910e+01
-2.082637e+02
-2.328242e+01
-9.381986e+01
1.151564e+02
-1.345145e+02
-5.117094e+01
8.385362e+01
6.153612e+01
6.694790e+01
4.882430e+01
-9.486852e-01
-6.508096e+01
7.120891e+01
2.078640e+01
-9.502454e+01
2.830208e+01
-1.189142e+01
8.115505e+01
-2.430887e+01
-1.286372e+01
3.345437e+01
-3.004903e+01
3.706258e+00
6.190733e+01
-8.822821e+01
-3.402897e+01
4.778363e+01
6.326844e+00
-1.186289e+00
-1.425367e+00
-6.110566e-01
5.936368e-01
1.320015e+01
-1.550973e+00
-7.491036e+00
-9.100058e+00
1.034791e+01
-3.263588e+01
-2.162550e+00
1.222224e+00
2.109626e+01
1.974780e+01
-7.882169e-01
-4.156398e-01
-1.852007e-01
-1.317046e-01
1.501508e-01
-1.147363e-01
-3.778361e-01
-1.562005e-01
-5.757493e-02
-1.059821e-02
5.141010e-01
8.145666e-02
-3.708675e-03
-1.142594e-01
5.077267e-02
3.079570e-02
-2.875466e-02
-6.009546e-02
-6.392633e-03
1.144164e-01
-3.260100e-03
1.113176e-01
-8.679144e-03
-9.758835e-02
8.995654e-02
3.986206e-02
-7.100741e-02
1.895160e-02
3.338180e-02
