-3.591020e-01
1.460000e+00
-4.493191e-02
6.058667e+01
1.869325e+02
-6.626655e+00
3.754145e-04
-3.265291e+05
-1.620309e+05
1.709329e+06
5.056763e+05
2.390015e+05
-7.431830e+04
-1.520059e+04
2.599312e+05
-1.049059e+05
2.612905e+02
2.147270e+05
-3.330796e+04
-9.899044e+04
4.987783e+04
9.986471e+04
-8.047955e+04
-1.529209e+05
-6.607733e+02
-1.160553e+04
4.673608e+04
5.682650e+04
-2.836493e+03
1.104459e+05
-8.906167e+04
8.905376e+04
-2.822582e+03
-2.902581e+04
-1.085950e+04
6.317801e+04
8.076773e+04
-1.033123e+03
3.847179e+03
-6.103434e+04
3.818589e+04
-2.505804e+02
-5.587787e+04
-1.830110e+04
4.455702e+04
-1.997583e+04
-4.013541e+04
2.067779e+04
-2.781867e+04
-2.802667e+03
3.555164e+03
1.338469e+04
2.931024e+04
-3.130430e+04
-2.357507e+04
2.412046e+04
7.214444e+03
2.493009e+04
-9.207804e+03
-2.492893e+04
-3.936962e+03
6.234579e+03
-6.430030e+03
-3.017013e+03
-1.173805e+04
-4.144764e+03
6.220803e+02
9.701739e+03
-4.636303e+03
1.111722e+04
1.296368e+03
9.263503e+03
1.215246e+03
3.339797e+03
-4.600668e+03
2.486893e+03
3.983563e+03
-2.685481e+03
-7.290506e+03
1.115009e+03
-5.218258e+03
1.969521e+03
-9.340340e+02
5.404946e+03
2.525898e+03
4.902446e+03
-4.421336e+03
9.554908e+02
1.503901e+03
-4.277877e+03
3.920848e+02
6.596616e+02
7.376185e+03
3.006148e+03
1.023310e+03
2.455788e+02
1.747950e+03
-4.202150e+02
-6.550042e+02
2.732084e+03
-2.958916e+03
-1.749097e+03
-1.320411e+03
-3.965745e+03
2.308459e+03
-1.299846e+03
2.393822e+03
2.745721e+02
1.903364e+03
2.296656e+03
-1.388128e+03
4.053014e+03
6.675867e+02
1.971407e+03
-1.555397e+02
-8.079240e+02
-9.865682e+02
-1.573836e+02
-9.829004e+01
1.368802e+03
1.119203e+03
3.188454e+02
-1.069454e+03
1.719739e+03
1.068764e+03
-3.712837e+02
1.188613e+02
5.894370e+02
1.964405e+02
-8.274976e+02
8.253573e+02
-5.773535e+02
-4.114611e+02
-4.087648e+02
-3.803573e+01
2.562627e+02
1.711538e+03
1.440092e+02
-4.570598e+02
1.062463e+03
-3.640985e+02
-5.242115e+01
-2.164173e+02
2.989962e+02
-8.060297e+02
1.158720e+02
-1.648366e+02
-2.798379e+02
1.441931e+02
3.260717e+02
1.328068e+02
7.156076e+01
2.745078e+02
-1.102447e+02
-2.483275e+02
-9.152258e+01
-2.325482e+02
1.837741e+02
-3.203520e+02
-2.488826e+02
4.265808e+02
4.611325e+01
1.361693e+02
-2.781730e+01
-1.232919e+02
8.442565e+01
4.450854e+01
7.256591e+01
-1.691813e+02
2.391799e+02
4.338344e+02
1.002014e+02
3.938369e+01
2.047768e+02
-1.311912e+02
-2.625235e+01
-6.395540e+01
2.924697e+00
-7.567781e+01
-9.119553e+01
-1.736001e+00
1.751904e+02
4.203968e+01
-1.831075e+02
3.165575e-01
8.030880e+01
2.326490e+02
-1.269562e+02
1.799644e+01
8.001054e+01
-9.611177e+00
4.022493e+01
-6.428994e+01
-7.593140e+01
-9.682829e+01
2.398479e+01
-5.526480e+01
-9.010745e+01
1.962401e+01
9.311713e+01
1.744435e+01
-1.309142e+02
-1.388079e+02
-1.116335e+01
7.001297e+01
8.553376e+01
2.085667e+00
-9.700208e-02
2.590811e-01
6.275273e-01
7.977550e-02
4.207496e-01
9.004179e-02
9.463888e-02
-2.785482e-01
-3.498344e-01
-6.155936e-02
-1.362422e+00
-8.461780e-02
-2.129877e-01
-7.333758e-02
8.315823e-02
8.545416e-02
2.145229e-01
2.198715e-01
-3.802385e-01
3.055600e-01
2.628916e-01
-8.229616e-02
-2.169356e-01
-3.180745e-01
-4.636448e-02
-1.483148e-02
-1.069265e-01
-2.285396e-01
