-3.343607e-01
-9.957818e-01
1.978681e-01
5.489778e+01
1.990563e+02
-1.846256e+01
3.626295e-04
-9.024248e+04
2.750892e+04
1.614614e+05
-3.473847e+04
-8.300996e+03
-2.100121e+04
-4.273370e+04
1.549321e+04
-7.293976e+04
4.677865e+04
-1.253547e+04
7.761948e+04
-5.692130e+04
-9.672320e+03
1.728725e+04
-1.512753e+04
4.815899e+03
-2.220737e+03
-2.237913e+04
-3.098747e+04
-1.799794e+04
-1.654967e+04
-7.615402e+03
-1.111490e+03
1.090004e+03
-5.903993e+03
-1.327352e+04
5.091892e+03
2.003170e+03
7.574547e+03
-2.115404e+03
4.661263e+03
-2.935917e+03
5.029060e+03
-1.803396e+04
-3.792847e+03
-1.280113e+04
1.426844e+03
-6.199741e+02
-1.118845e+03
4.483538e+03
-4.017486e+03
1.814671e+03
2.246703e+03
1.293326e+03
1.908076e+03
4.359817e+03
-6.777569e+02
3.197433e+03
1.184124e+03
3.916545e+03
-2.472088e+03
-6.590441e+03
-5.004743e+03
-1.429245e+03
1.025421e+03
-1.815763e+03
1.046600e+03
3.271828e+03
3.694698e+03
1.251339e+03
-3.775696e+03
1.338887e+03
1.362206e+03
2.267788e+03
5.802983e+02
1.145674e+03
4.792445e+02
8.860093e+02
1.327993e+03
1.349587e+03
-4.160358e+03
-1.523787e+03
3.006128e+02
1.021301e+02
-1.815978e+03
5.658354e+02
1.634050e+03
1.709552e+03
-8.007500e+02
-4.713020e+02
-2.431567e+02
6.811201e+02
2.098034e+02
5.883617e+02
1.567119e+03
1.599137e+03
-1.159829e+03
6.916623e+02
1.925272e+03
-3.994285e+01
1.895143e+02
-1.066478e+02
-1.152787e+03
-3.379882e+02
2.391261e+02
-5.133554e+02
3.750766e+02
-5.998814e+02
7.155541e+02
7.458989e+02
6.790494e+02
1.257518e+03
1.260622e+02
6.796276e+02
-4.368571e+02
4.333631e+02
-2.127621e+02
-1.560002e+02
-2.567519e+02
-1.002876e+02
-5.405388e+02
5.464964e+02
-1.929379e+02
1.223473e+02
-2.948213e+02
2.563475e+02
6.011108e+01
-1.417056e+02
-6.624656e+01
3.618128e+02
-2.142663e+02
-1.495636e+02
2.283906e+02
2.490585e+02
1.899594e+02
3.344301e+02
-1.025340e+02
-1.906738e+02
3.295468e+02
-7.755651e+01
2.340364e+01
-1.477554e+01
-1.327134e+02
-7.251882e+01
4.067776e+01
2.843725e+01
-2.155816e+01
5.537032e+01
-1.501365e+02
-3.593861e+01
5.482975e+01
2.253493e+02
5.966710e+01
3.374751e+01
1.083260e+01
4.408528e+01
-1.292982e+02
8.231239e+00
5.023623e+01
3.436322e+01
3.177903e+00
3.559892e+01
7.384911e+01
-6.005863e+01
1.655086e+01
6.066020e+00
-2.085346e+01
-4.586399e+01
-4.248039e+01
8.581483e+01
-4.884258e+01
-2.599669e+01
5.668611e+01
1.027848e+02
-2.497690e+01
3.744352e+01
-4.332993e+00
-2.819014e+01
3.567956e+01
-6.008161e+00
-5.587550e+01
4.086275e+01
5.373909e+01
5.063760e+00
6.501029e+00
2.504704e+01
4.018053e+01
-3.151196e+00
5.282891e+01
7.512184e+01
-4.954632e+01
8.320110e+00
3.022506e+01
3.692113e+01
5.900787e+00
-5.461880e+00
4.382542e+01
-2.396786e+01
-2.769946e+01
-1.158072e+01
3.287958e+00
-6.499130e+00
9.211439e+00
-3.570426e+01
1.834883e+01
-1.043486e+01
1.697104e+01
3.944048e+00
-5.386428e-01
1.867864e-01
-2.128988e-01
9.054834e-02
1.951499e-01
-2.004588e-01
-6.534572e-02
-2.108936e-01
1.805842e-02
-2.547237e-01
1.410701e-01
1.330642e-02
3.406520e-02
1.787460e-02
5.855227e-02
1.488910e-01
1.185185e-02
8.610691e-02
6.019475e-02
7.384097e-03
7.116521e-02
5.683229e-03
1.260353e-02
-7.407901e-02
2.135476e-02
1.397463e-02
1.185134e-02
8.536621e-06
-2.305089e-02
