8.896075e-02
-1.527962e+00
2.642227e-02
5.233778e+01
1.818894e+02
-1.025196e+01
3.263931e-04
-1.280802e+05
-9.533532e+04
6.620731e+04
-2.319871e+05
6.994791e+04
7.037730e+04
-5.165940e+04
4.903695e+03
-1.059833e+05
-9.273121e+03
-6.121043e+04
1.297603e+05
5.608455e+04
-2.399094e+04
6.322368e+04
-8.129590e+04
-1.594022e+03
-8.723044e+03
3.365407e+04
-3.203790e+04
-3.676416e+04
1.142616e+03
-2.281356e+04
-7.823896e+03
-2.025098e+04
-1.984508e+04
-7.895849e+03
6.762330e+03
-8.664079e+03
-1.555696e+04
-7.486103e+03
2.061137e+04
1.928814e+03
2.220141e+04
-1.834898e+04
4.811725e+02
-6.355164e+02
1.368425e+04
-1.466436e+03
1.147309e+04
1.360079e+04
-7.888033e+03
9.441923e+03
1.609417e+03
-1.195163e+04
-3.364799e+03
-7.909084e+02
8.334541e+03
-6.135440e+03
9.025946e+02
1.426932e+03
6.403946e+03
-2.968713e+03
-5.522329e+03
-1.185620e+03
8.377487e+02
1.812954e+03
-3.343659e+03
6.965295e+03
-3.662995e+02
4.260806e+03
-4.790888e+03
1.284068e+02
-1.215728e+03
3.507895e+03
1.672995e+03
3.481024e+03
1.056770e+03
1.614122e+03
-8.066003e+02
-8.590781e+02
-1.960585e+03
-5.466443e+02
-3.836691e+01
-2.471225e+03
-4.791852e+02
6.679040e+02
7.847343e+02
2.602241e+03
-1.822957e+02
-5.573446e+02
-6.062855e+02
9.781268e+00
-6.365402e+02
7.984064e+02
5.777780e+02
1.351586e+03
-9.230680e+02
-3.249306e+01
1.763150e+03
-6.285508e+02
-1.005277e+02
2.921735e+01
-1.017443e+02
-5.438077e+02
8.134706e+02
-3.498489e+02
-5.627161e+02
-7.113881e+02
5.428484e+02
1.016157e+03
1.396137e+03
8.759318e+02
7.333978e+02
1.896349e+01
3.230799e+02
2.223803e+02
-3.898291e+01
4.433064e+02
-2.417261e+02
-2.655674e+02
-7.064049e+02
4.154707e+02
2.363564e+02
3.605517e+02
3.935609e+01
-1.294592e+02
2.870971e+01
-2.469226e+02
1.734822e+02
4.366614e+02
-3.936619e+02
-5.230002e+02
1.901128e+02
1.687648e+02
-8.592854e+01
-3.059735e+01
-1.276028e+01
-1.963550e+02
-8.355624e+01
-2.068702e+02
-2.921617e+01
-1.205142e+02
-2.180585e+02
2.579695e+02
2.138334e+02
1.338525e+02
-2.075156e+01
-4.773826e+01
1.405790e+02
-1.972335e+02
-3.693992e+01
1.839617e+02
1.739202e+02
3.778785e+01
-5.521718e+01
-6.191128e+01
4.458651e+01
-5.026495e+01
-7.370941e+01
-9.157459e+01
5.574103e+01
-3.985975e+01
-3.419256e+01
-1.159933e+02
-4.212926e+00
-8.955990e+01
-2.063377e+02
-7.084020e+01
-5.164786e+00
6.259414e+01
-1.470034e+02
4.456132e+01
6.354486e+01
1.158470e+02
1.209647e+02
6.419274e+01
7.675378e+01
-5.329224e+01
1.145898e+02
4.671530e+01
-9.681998e+01
8.186993e+01
1.170445e+02
3.662712e+01
-1.805893e+01
-3.074778e+01
1.348053e+01
-3.284703e+00
1.021685e+02
1.576359e+02
-3.305423e+01
4.719762e+01
5.917215e+01
5.228939e+01
-2.027821e+01
-1.543421e+01
2.037254e+01
1.255569e+01
-2.944918e+01
-1.590309e+01
-3.910910e+01
-7.586222e+00
8.610096e+00
-4.894268e+01
-1.533291e+01
-2.155119e+01
3.143591e+01
-4.866231e+00
-1.786075e+00
5.988785e-02
-1.414975e+00
1.685270e-01
-5.445471e-02
-5.739000e-01
-6.971071e-03
4.425833e-01
-1.162759e-01
-7.794545e-02
8.348504e-01
3.069294e-01
-7.390735e-02
3.857919e-02
2.183220e-01
-2.073247e-01
-9.312218e-02
2.323481e-02
1.769892e-02
2.695273e-01
1.062572e-01
6.020627e-02
-9.952223e-02
-1.674234e-01
3.652897e-01
8.945502e-02
-1.604627e-01
-4.168229e-03
6.011877e-03
