-9.975426e-02
-1.444681e+00
-3.113797e-02
5.859555e+01
1.806527e+02
-9.588928e+00
3.553867e-04
-2.663354e+04
-2.935323e+05
1.894887e+05
176152
9.099918e+03
6.077632e+04
-7.966912e+04
-2.626143e+04
-5.613672e+04
7.109093e+04
2.891101e+04
6.632558e+04
-6.155447e+01
-1.880345e+04
-2.894058e+04
-3.952210e+03
2.401659e+04
7.028503e+03
-4.083185e+04
-2.696522e+04
7.229107e+03
-1.342395e+04
1.056909e+04
-6.226139e+04
-1.264292e+04
-2.800153e+04
-1.988501e+04
7.065377e+03
1.523890e+04
-7.377260e+02
-3.387281e+03
2.049047e+04
-9.747947e+03
1.025927e+04
4.241558e+02
-1.581364e+04
2.781335e+03
5.770427e+03
-2.958230e+03
-6.025146e+03
8.733071e+03
-3.002988e+03
-1.440453e+03
7.725448e+03
-1.475669e+03
1.255437e+03
-1.496862e+03
-2.940090e+03
-3.584240e+03
2.851393e+03
5.778930e+03
1.053485e+02
-8.931075e+03
-2.787937e+03
-2.901713e+03
-7.177210e+02
-4.593537e+03
-4.222077e+02
4.494520e+03
1.584992e+03
-1.201362e+03
-5.449889e+03
2.037466e+03
1.772043e+03
8.634089e+02
-3.418448e+03
1.607984e+03
8.060190e+02
1.348819e+03
3.246130e+03
8.040765e+02
-2.142437e+03
-8.527179e+01
-4.496771e+02
8.300421e+02
-1.722960e+03
1.879919e+03
-1.723428e+02
2.682645e+03
-1.307146e+02
1.058470e+03
-4.353147e+02
-1.007493e+03
1.175148e+02
-8.447617e+02
2.215198e+03
1.642084e+03
-1.001669e+03
1.096619e+03
1.014784e+03
-3.484153e+02
3.192224e+02
7.243077e+02
-8.317508e+02
-5.148822e+02
-7.234235e+01
-2.391587e+02
8.340942e+01
-5.037805e+01
1.529600e+03
-2.722480e+02
5.893284e+02
6.109467e+02
-8.142230e+01
1.274791e+03
-9.471140e+01
6.083623e+02
-7.286268e+02
1.083252e+02
-2.005108e+02
-1.565102e+02
-1.569237e+02
3.555382e+02
-1.574513e+02
-4.488991e+02
-2.419333e+02
3.949070e+02
9.288966e+01
-1.014230e+02
-2.022844e+02
3.329035e+02
1.154683e+02
-4.481284e+02
2.210361e+02
5.171747e+02
2.624231e+02
1.320257e+02
-1.820845e+01
-3.513950e+01
1.733114e+02
5.871177e+01
6.203570e+01
-1.521305e+02
-1.447377e+00
5.946259e+01
-8.660805e+01
9.692415e+01
6.317770e+01
1.080316e+02
1.574722e+02
-7.088913e+01
2.294071e+02
2.421428e+02
2.124006e+01
-1.386967e+02
1.472833e+02
1.673498e+02
-9.311761e+01
2.455379e+01
1.360114e+02
1.557247e+02
-1.690694e+02
-1.090630e+02
1.883033e+02
-5.416215e+01
1.401327e+02
5.967065e+01
8.444406e+01
-6.362031e+01
-7.934875e+01
3.702168e+01
3.102275e+01
6.571400e+01
1.019838e+02
5.415401e+01
-3.132458e+01
-3.459899e+01
5.120357e+01
-6.027260e+01
-5.754951e+01
-2.750322e+01
-5.425071e+01
3.915435e+01
1.757691e+01
1.241910e+02
-3.415817e+01
1.785228e+01
3.195111e+01
1.315552e+00
3.485638e+01
1.335793e+01
-4.548376e+01
3.767446e+00
9.320689e+00
2.807731e+01
-1.943172e+01
6.673531e+01
6.622633e+01
-1.439954e+00
-3.933489e+01
-7.630518e+01
1.366310e+01
-3.187057e+01
1.882443e+01
-5.798346e+01
-3.210222e+00
-3.538558e+01
4.628068e+01
1.205297e+01
-2.196795e-01
1.537315e+00
-6.494769e-01
-9.875125e-02
-1.483926e-01
-3.824030e-01
-2.264164e-01
-4.940241e-02
3.657120e-02
-3.910406e-01
-3.472502e-01
-5.209998e-01
1.028025e-02
8.488666e-02
-3.676908e-02
1.108897e-01
-3.195537e-02
-2.321624e-02
-1.753390e-02
-2.043416e-01
1.838064e-01
-4.004681e-02
1.038911e-02
7.613607e-02
-4.650646e-02
7.672573e-02
-1.793984e-02
-1.090602e-01
6.369539e-02
