3.801197e-02
-5.921496e-02
2.202061e-01
3.896889e+01
1.655802e+02
-2.542446e+01
3.263591e-04
-1.551177e+05
-1.080864e+05
-1.147833e+04
-7.642374e+04
-1.268169e+04
7.790244e+03
-4.983593e+04
-2.235415e+04
-1.778871e+05
-3.791383e+04
-7.502620e+04
9.589857e+04
3.211740e+04
-2.551236e+04
-2.323593e+04
3.276281e+04
1.342186e+04
2.327010e+04
-1.134833e+03
1.846914e+04
-8.167991e+02
-3.851141e+04
-2.456321e+04
-3.803618e+04
1.191522e+04
-3.499112e+04
-1.037606e+04
-4.593940e+03
8.428096e+03
4.435158e+03
-9.961626e+03
1.685237e+03
4.982900e+02
-1.830130e+04
-3.115598e+03
7.803643e+03
-5.284581e+03
3.770676e+03
-7.460694e+03
6.026073e+03
-4.269213e+02
-6.337729e+03
-2.260384e+03
-1.983016e+02
-7.665876e+03
9.234304e+02
-3.961945e+03
-4.753171e+03
1.985485e+03
2.138896e+03
7.430764e+03
1.987299e+03
-7.364024e+03
-1.781293e+03
1.110763e+03
-7.578361e+02
-2.829162e+03
-5.611636e+02
1.494694e+03
3.438167e+03
4.567943e+03
-2.009256e+03
-4.413135e+02
-4.258854e+01
1.250078e+03
5.029784e+02
-1.058455e+03
4.168105e+02
1.939106e+02
2.575801e+02
-3.185502e+02
-3.577920e+03
-1.925753e+02
-1.170615e+03
2.444571e+01
-4.730721e+02
2.533664e+02
1.966471e+03
-6.493594e+02
-8.082751e+02
1.376074e+02
-9.896812e+02
1.752852e+03
6.056937e+01
1.485758e+02
1.267582e+03
1.008192e+03
-1.258970e+03
5.090063e+02
1.021491e+03
-7.273061e+01
4.894475e+02
2.526311e+02
-2.118927e+02
-2.883338e+02
2.213025e+02
-9.484862e+02
4.984469e+02
-4.926306e+02
7.300025e+02
6.634860e+02
6.286407e+02
6.694459e+02
3.378980e+02
3.370469e+02
-5.905995e+01
2.224500e+02
-2.644650e+01
-2.594240e+01
9.295414e+01
-4.796442e+02
-1.976537e+02
4.532085e+02
-1.369067e+02
4.457803e+02
-2.592980e+02
1.186020e+02
3.024045e+02
-8.637959e+01
1.092029e+02
-7.058385e+01
-7.487370e+01
-6.987603e+01
2.232764e+02
3.127597e+02
4.269138e+00
9.429215e+01
-3.339340e+02
-2.902038e+01
4.409911e+02
-1.996683e+02
1.543483e+02
4.344026e+01
-1.654439e+02
7.459277e+01
-5.943800e+01
1.882108e+02
-9.938998e+01
1.118773e+02
1.737093e+02
-2.530386e+02
-2.770963e+01
1.540425e+02
8.173493e+00
2.346301e+02
1.136201e+02
-6.756045e+01
-4.945135e+01
-1.217812e+01
-3.229318e+01
1.739147e+02
6.825864e+01
-1.198115e+02
8.168370e+01
1.023053e+02
2.752686e+00
1.782262e+01
-5.203488e+01
1.826700e+00
-3.047301e+01
1.088918e+02
-8.939314e+01
5.274621e+01
1.108882e+02
6.891778e+01
6.899912e+01
8.511303e+01
-1.405712e+01
-4.475223e+01
1.101817e+00
3.598605e+01
-1.891580e+01
1.820275e+01
5.538557e+01
4.239541e+01
-2.162691e+01
-9.585607e+00
5.677585e+01
-2.522763e+01
2.853367e+01
2.357961e+01
-8.526954e+01
-1.421058e+01
6.137182e+00
7.970079e+00
-5.255505e+01
1.526664e+01
-1.878961e+01
1.482693e+01
-1.258730e+01
2.123401e+01
-3.437171e+01
8.977201e+00
1.985992e+01
-2.223466e+01
4.533323e+01
-2.394927e+01
2.540062e+01
2.197495e+01
-2.061327e+00
1.711925e+00
-7.809690e-01
7.159100e-01
1.486074e-01
-1.936122e-02
-1.956238e-01
-6.303497e-01
-6.809964e-02
-1.963034e-01
3.270770e-01
-1.518718e-01
1.335868e-01
4.225549e-02
3.344472e-02
1.852995e-02
2.798533e-02
-1.692100e-01
-1.490545e-01
1.275037e-02
-2.503422e-01
1.976163e-01
2.176361e-04
-8.058535e-02
-8.057527e-04
3.113277e-02
-3.532098e-02
-5.108407e-02
-5.818154e-03
