-1.679986e-01
1.380042e+00
-2.025145e-01
5.575111e+01
1.814272e+02
-1.213472e+01
3.447976e-04
2.698195e+04
-9.471775e+04
-1.107424e+05
-1.627754e+05
-2.045836e+05
1.050174e+04
5.195102e+04
-3.049101e+04
-7.389732e+04
-4.583914e+04
-2.526991e+04
5.788929e+04
2.759366e+04
1.882536e+04
-1.832090e+04
3.945124e+03
5.413140e+04
2.049865e+04
-9.692139e+03
-2.639150e+04
3.040534e+04
-4.310910e+04
5.622684e+04
-5.165304e+04
7.605783e+03
-9.724452e+03
-1.469434e+04
1.839189e+04
-4.382945e+03
2.887843e+04
-1.056078e+04
2.253089e+04
-9.127309e+03
2.077060e+04
4.804805e+03
-1.335233e+04
-2.781857e+03
4.891960e+03
-1.517356e+04
6.049149e+03
8.889200e+03
-3.431054e+03
-2.342021e+03
7.054936e+02
3.933275e+03
-5.654355e+02
-1.301120e+03
3.997386e+03
2.897559e+03
-5.171200e+03
-2.238355e+03
5.809625e+02
2.435502e+03
-1.026477e+04
-4.530126e+02
-3.179453e+02
-8.243730e+03
3.532656e+03
2.459558e+03
3.914183e+03
6.566501e+02
-3.376709e+03
9.290505e+02
-4.229654e+02
7.958159e+02
-5.400489e+02
1.992986e+03
7.899964e+02
2.378466e+03
4.709750e+03
-2.777903e+03
-1.936271e+03
3.474440e+02
1.252448e+03
-9.765210e+02
-2.122901e+02
2.452615e+03
1.805043e+03
3.858982e+03
-6.067509e+01
1.422717e+03
-7.336045e+02
-2.021401e+02
-1.774417e+03
7.692708e+02
1.525002e+03
1.735766e+03
-1.244015e+03
-2.712654e+01
4.828589e+02
6.975643e+02
2.462060e+02
4.935170e+01
-7.753406e+02
6.675270e+02
-3.246291e+01
1.528466e+00
2.586595e+01
-7.128698e+02
7.933983e+02
-7.062870e+02
8.946661e+02
1.397807e+03
5.267186e+02
7.340141e+02
-1.832980e+02
7.755189e+02
7.339701e+01
7.423811e+01
4.257057e+02
-3.872945e+02
8.849277e+01
5.461370e+02
5.320184e+02
1.031915e+02
2.099677e+02
2.382148e+02
-3.802049e+02
-5.471332e+02
3.476767e+01
6.924755e+02
2.530938e+02
1.439675e+02
7.247900e+01
8.524308e+02
5.678266e+02
7.321994e+01
3.297296e+00
-1.430390e+02
-2.756367e+02
-1.964354e+02
-1.743703e+02
-1.607400e+02
-1.981993e+02
1.565740e+02
-2.600380e+02
-4.458680e+01
7.136777e+01
2.638387e+01
5.539001e+01
-2.319837e+02
1.629864e+02
1.844291e+01
-6.294604e+01
2.602733e+01
6.927055e+01
1.230790e+02
-3.159427e+01
-3.005828e+01
2.170660e+02
2.049372e+02
-1.331872e+01
-1.535145e+02
1.810737e+02
1.085318e+01
1.460402e+02
-4.067835e+01
-3.199396e+01
-7.096793e+01
-1.295834e+01
1.167832e+02
1.305250e+02
-4.737170e+01
3.703944e+01
2.723868e+01
-1.308156e+02
7.217212e+01
1.520007e+01
-1.778618e+02
3.516693e-01
-5.962703e+01
-2.650415e+01
8.620076e+01
-4.906504e+01
1.375563e+01
-2.788629e+01
1.546210e+02
9.256276e+01
-1.066258e+02
-4.299139e+01
1.737905e+01
-4.280025e+01
1.260157e+02
5.615087e+01
2.848995e+01
-2.735579e+01
9.754170e+00
8.054322e+01
5.822057e+01
4.339370e+01
-3.631612e+01
-3.848103e+00
-4.529530e+01
-3.012570e+01
-5.671278e+00
6.596864e+00
2.373561e+01
1.204787e+01
4.643597e+00
-3.637623e-01
1.166493e+00
2.163689e-01
-5.353605e-02
1.670625e-01
-4.542558e-01
-1.124870e-01
4.228372e-02
2.254891e-01
-3.891878e-01
1.580249e-01
2.397755e-01
-1.934239e-01
7.098830e-03
4.925334e-02
-1.570069e-01
3.301172e-02
1.047877e-02
-2.929188e-02
1.815584e-01
1.632914e-01
1.744587e-02
9.387464e-02
-7.622861e-02
7.146896e-02
6.045403e-02
-7.513906e-02
-1.026519e-01
-1.410428e-02
