-2.676986e-01
1.448145e+00
2.465502e-02
5.632000e+01
1.835664e+02
-1.071213e+01
3.651372e-04
-3.841886e+04
8.978650e+04
3.721420e+04
-2.565778e+05
-1.076618e+05
-4.135380e+04
9.793718e+04
-3.432684e+04
-1.450235e+05
-3.748780e+04
-2.496914e+04
1.329236e+05
-6.166284e+04
3.159297e+04
-3.678257e+04
-1.048296e+04
3.910657e+04
-4.708080e+03
-5.135750e+04
-6.124483e+04
6.093269e+04
-7.198958e+03
-1.504597e+04
5.398594e+03
-8.174019e+03
-2.440102e+04
-1.871882e+04
-1.700228e+04
-1.260725e+04
1.755019e+04
-5.828183e+03
1.645401e+04
4.098189e+03
-5.344297e+03
-1.595906e+04
-8.997052e+02
-3.440185e+04
3.514773e+03
1.215795e+04
1.024475e+03
1.318751e+04
-2.335204e+04
-4.139639e+03
2.331848e+03
8.053966e+03
6.669231e+03
2.213931e+03
4.946600e+03
9.896938e+03
-1.837072e+02
7.592162e+03
-1.798358e+03
1.244064e+02
-8.172992e+03
6.671137e+03
-2.255969e+02
-1.313855e+03
3.596676e+02
-1.158945e+03
3.670176e+03
3.063574e+03
-3.479670e+02
1.809238e+03
-7.438511e+02
6.257579e+02
2.311354e+03
1.019037e+03
-3.177632e+02
-1.043959e+03
3.022923e+03
2.217555e+02
-3.340214e+03
-1.107227e+03
-2.316583e+03
2.183983e+03
-4.542283e+01
2.286057e+03
7.805395e+02
2.676994e+02
-1.544961e+03
8.847584e+02
5.575378e+02
1.950138e+02
5.577567e+02
1.117012e+03
3.018003e+03
2.995134e+02
2.665526e+02
5.231275e+02
2.908247e+03
-7.912026e+02
8.210977e+02
5.396277e+02
-9.620555e+02
5.011863e+01
-1.461211e+02
-1.047945e+03
6.245687e+02
-5.214167e+02
8.936018e+02
6.420527e+02
1.039531e+03
1.264007e+03
1.194241e+03
3.109912e+02
-9.119911e+02
8.444196e+01
4.863937e+02
3.962496e+02
-2.880803e+01
-5.221564e+02
-1.393186e+02
5.004828e+02
1.767936e+02
7.949572e+02
-3.645193e+01
2.997452e+02
1.941409e+02
-2.395262e+02
-4.377298e+01
3.773304e+02
1.882588e+02
7.309852e+01
-2.825224e+01
5.578755e+02
-2.269534e+02
-1.037097e+02
1.179892e+02
-2.967603e+02
1.062564e+02
-1.329781e+02
1.248077e+01
-1.009803e+02
-1.549902e+02
3.903828e+02
-3.207671e+02
3.501006e+02
-2.006327e+02
-2.285764e+01
-4.370309e+00
1.286508e+02
-7.234100e+01
1.630238e+02
-4.127872e+01
6.587337e+01
-2.046145e+02
9.626167e+01
-2.376790e+01
-5.799321e+01
6.222898e+01
1.268255e+02
6.640631e+01
-1.720356e+02
1.692802e+02
2.208026e+01
1.887396e+01
-1.792501e+01
-1.160441e+02
1.040976e+01
-5.191806e+01
2.182681e+02
-1.020110e+02
-9.538757e+01
2.800704e+01
-4.677223e+01
-3.143890e+01
1.143087e+02
-2.682681e+01
-1.529567e+02
-5.013193e+01
-3.272008e+01
-7.378431e+01
-2.699900e+01
-5.668530e+01
4.055293e+01
-4.258577e+01
5.051472e+01
2.169314e+01
-5.266386e+01
3.592045e+01
1.017381e+01
-1.002002e+02
-7.697742e+00
1.757983e+01
5.494500e+01
3.041294e-01
-1.479648e+01
5.883309e+01
2.953769e+01
3.163289e+00
-3.749345e+01
-2.739901e+01
-4.317038e+01
2.155444e+01
-6.703065e+01
2.545806e+01
4.578919e+01
-1.253002e+01
8.454611e+00
-4.327092e-01
-7.831553e-01
-1.644027e-01
-7.853289e-01
1.862946e-01
-5.578677e-02
3.887307e-02
3.757052e-03
-5.076429e-02
-1.250879e-01
1.997718e-01
-3.865205e-02
-1.154962e-01
-1.458449e-01
2.724483e-01
9.837311e-02
-4.711645e-02
1.072083e-01
2.788387e-02
3.589388e-02
9.863465e-02
8.615238e-03
1.330373e-01
-1.244617e-01
1.800280e-02
1.679673e-02
4.604981e-02
2.912837e-02
1.029217e-01
