-6.735988e-02
-9.822378e-01
2.881591e-01
5.262222e+01
1.766439e+02
-2.033304e+01
3.492292e-04
-8.931823e+04
9.936330e+04
-3.151311e+04
-1.133198e+05
7.369820e+04
-1.571835e+04
-4.016427e+04
6.204338e+04
-5.351462e+04
2.498674e+04
-5.898822e+04
4.642610e+04
-6.732548e+04
-2.964926e+03
4.558297e+04
-5.449086e+03
-7.131870e+03
7.590602e+03
2.199067e+04
-3.716895e+04
-3.149098e+04
-4.159106e+04
-7.137238e+04
-8.851909e+03
-3.695534e+04
4.277961e+03
-5.384090e+03
-3.267380e+04
-8.211027e+03
-1.270938e+04
4.497793e+03
2.246018e+04
5.825359e+02
-1.538240e+04
-2.568917e+03
9.704496e+03
-3.550464e+03
6.027482e+02
6.215697e+03
1.106073e+04
6.066866e+03
-9.006595e+03
-8.734943e+03
-1.639451e+03
-1.309766e+04
7.432933e+02
5.838641e+03
-5.721356e+03
-5.794833e+03
4.730562e+03
5.167082e+03
-3.233261e+03
-7.254409e+03
-3.680562e+03
1.337390e+02
3.832601e+01
3.631556e+03
-1.143745e+03
4.816491e+03
-4.142270e+02
8.218889e+02
-3.776431e+03
2.748013e+03
-3.871530e+02
2.287401e+03
3.172289e+02
1.291143e+03
2.637674e+03
2.266507e+02
-1.237370e+03
2.241754e+03
-5.703730e+03
-1.237183e+03
1.265877e+03
-1.269178e+03
-4.901680e+02
-9.518418e+02
1.873592e+03
3.576120e+02
-3.800998e+02
-1.425956e+03
-1.443229e+03
1.719651e+03
4.053574e+02
-6.100373e+02
-1.032111e+03
-2.725375e+02
-7.417760e+02
3.697616e+02
1.414207e+03
-3.988076e+02
3.509095e+02
-1.172948e+02
1.165662e+02
-1.951831e+02
1.995890e+02
-1.464714e+02
2.141461e+01
-1.178903e+03
8.729758e+02
6.359167e+02
7.387497e+02
2.937370e+02
-3.698294e+02
-6.430894e+02
1.291946e+02
-5.162790e+02
-1.896356e+02
7.685782e+02
-3.293943e+02
3.689738e+01
-8.973196e+02
3.259746e+02
-2.610807e+02
3.134796e+02
-3.620416e+02
7.678700e+01
-3.840381e+02
3.806128e+02
8.739944e+01
-2.201815e+02
-5.592471e+02
-3.822011e+01
1.672224e+02
1.879527e+02
9.518507e+01
3.047576e+02
2.449675e+02
-1.811600e+02
2.218361e+02
-2.762995e+02
5.929718e+01
-2.791068e+02
2.704814e+01
7.519614e+01
2.614341e+02
1.522573e+02
-2.607486e+01
4.433809e+01
-5.753361e+01
-1.854510e+02
-2.291137e+01
1.483739e+02
-6.554255e+01
2.128470e+02
-1.553240e+02
-6.836440e+01
-2.517095e+01
-2.869343e+00
1.076539e+01
4.289033e+01
3.547504e+01
1.472905e+02
4.822740e+00
4.340848e+01
-4.909970e+01
-7.250846e+01
-3.278312e+01
-3.113358e+01
-3.670969e+01
7.072628e+01
-7.635508e+01
-9.707688e+01
1.306246e+02
1.824841e+02
2.118417e+01
2.657594e+01
-2.439114e+01
-2.482243e+01
1.342190e+02
7.611128e+01
-9.586359e+01
3.120319e+01
8.153325e+01
7.017743e+01
-2.563585e+01
-6.898069e+01
5.539072e+01
-2.963200e+01
-9.191200e+00
3.172434e+01
-1.899368e+01
-3.982507e+01
3.240417e+01
9.577610e+00
1.817285e+01
2.775236e+01
3.410661e+01
-7.092013e+01
-2.157135e+01
3.668441e+01
-4.149292e+01
-3.336415e+00
6.826516e+01
-1.335101e+01
4.107600e+01
-3.543786e+01
2.291106e+01
1.727327e+01
-1.488491e+00
2.263232e-01
-5.411146e-01
-6.250902e-01
-2.766852e-01
-2.208219e-01
3.248040e-01
-7.640453e-02
-3.814613e-01
4.636735e-01
5.751276e-01
8.737920e-03
2.491315e-01
4.853787e-02
-1.209366e-01
1.241626e-01
5.463492e-02
8.590955e-02
1.160802e-02
5.388151e-02
-1.016984e-01
3.569870e-02
-2.227894e-02
-5.457416e-02
1.020500e-01
5.806557e-02
-4.152181e-02
5.077931e-02
8.437622e-02
