-1.405284e-01
5.884767e-01
-3.506736e-02
4.977778e+01
1.949901e+02
-2.519481e+01
3.541453e-04
-1.153435e+05
-2.012478e+04
-1.540786e+04
-1.562586e+05
-5.058402e+04
-2.080020e+05
1.048032e+05
-6.405764e+04
-2.106156e+05
2.219079e+04
-5.814349e+04
1.541777e+05
1.807729e+04
-2.989787e+04
-1.460521e+04
-4.624256e+04
8.278785e+03
-4.991531e+03
6.104507e+04
1.765269e+04
4.537519e+04
-2.739823e+04
-3.721204e+04
1.604047e+04
2.460241e+03
-3.048444e+04
-2.468679e+04
-4.350301e+04
-1.842746e+04
7.664572e+03
-1.697044e+04
1.818167e+04
-7.780196e+03
-1.841056e+04
-1.098192e+04
2.322540e+03
-1.456909e+04
2.091363e+04
-8.296665e+03
1.618931e+03
8.900709e+03
-1.450369e+04
3.119223e+03
-1.086404e+04
-4.682940e+03
3.832896e+03
-1.106481e+04
3.216136e+02
6.701787e+03
-6.967509e+02
1.305486e+04
9.231265e+03
-4.483050e+03
-4.894943e+03
3.794741e+03
-2.964989e+03
2.542956e+03
-3.089128e+03
5.491344e+03
2.919086e+03
3.803909e+03
-4.926392e+03
1.327032e+03
-6.904610e+02
1.734980e+03
8.741518e+02
1.306892e+03
-1.753576e+03
1.924676e+02
-1.910241e+03
-8.968879e+02
-3.289450e+03
1.165687e+02
-9.118503e+02
3.138282e+02
1.611062e+03
1.995026e+03
2.863039e+03
-1.102725e+03
-1.853332e+03
-1.991905e+03
6.685873e+01
9.702292e+02
-7.640001e+02
1.700569e+03
1.737061e+03
1.223634e+03
-1.244741e+03
-4.344813e+02
6.579208e+02
-8.750906e+02
7.814512e+02
4.705639e+02
-7.282962e+01
2.335047e+02
3.092874e+02
-1.587693e+03
1.436877e+02
-6.562891e+02
6.557748e+02
6.019722e+02
9.587956e+02
9.238360e+02
-3.383249e+02
6.914565e+02
-2.728321e+02
3.920105e+02
5.638121e+02
3.262083e+02
-3.172162e+02
-7.792004e+02
9.055080e+01
4.293441e+02
3.344358e+02
1.040298e+03
-2.662792e+02
-1.432514e+02
7.845036e+02
-1.163858e+02
2.572368e+02
-2.135403e+00
-4.448867e+02
1.430975e+02
2.998031e+02
3.052092e+02
-1.559975e+02
-1.324099e+02
-2.780574e+02
-2.930020e+02
4.076509e+02
-2.588250e+02
1.715884e+02
1.250184e+02
-4.455367e+02
3.621527e+02
1.634831e+02
8.503880e+01
-1.968827e+02
4.212398e+01
1.008862e+02
-4.298264e+02
-6.898828e+01
3.060429e+02
-1.532133e+01
2.845482e+02
1.554981e+02
-4.012033e+01
-9.535477e+01
-1.294148e+02
-2.304726e+01
6.122710e+01
2.975505e+02
-2.486061e+02
-1.488617e+01
1.265526e+02
-4.651659e+01
-1.550124e+02
-1.789538e+02
6.773297e+01
-7.994175e+00
1.880127e+02
-6.848891e+01
1.215369e+02
2.040413e+02
-1.020397e+01
8.254314e+01
1.581492e+02
-4.933946e+01
-5.306348e+01
5.953354e+01
1.502528e+01
-2.090345e+01
5.645931e+01
4.567665e+01
1.266500e+02
2.325732e+01
-4.500740e+01
8.388071e+01
-2.728664e+01
5.004910e+01
3.001582e+01
-7.465961e+01
-3.826204e+00
4.701081e+01
1.653682e+01
-4.716302e+01
-2.922309e+01
-4.827797e+01
2.172166e+01
-7.088411e+00
-9.645447e+00
-3.180389e+01
2.298287e+01
1.422206e+01
-6.810468e+01
4.595871e+01
-7.177848e+00
3.628016e+01
3.640996e+01
-2.401185e+00
5.351102e-01
-9.709276e-01
2.100817e-01
1.732702e-01
-7.530895e-03
4.075546e-01
-5.652853e-01
-3.043872e-01
-2.097214e-01
7.051502e-01
-2.160359e-01
6.167318e-02
-6.008465e-02
-8.486016e-03
-1.948620e-01
4.270051e-02
1.884255e-02
3.124378e-02
1.872112e-01
-6.966657e-03
3.045541e-01
2.840403e-02
-1.869581e-01
1.426349e-01
2.444300e-02
-3.165022e-02
-6.063480e-03
-2.033073e-02
