-3.776707e-03
5.665085e-01
2.500169e-01
4.408889e+01
1.687853e+02
-2.388174e+01
3.403803e-04
-1.469158e+05
2.509359e+05
7.834896e+04
-2.095734e+05
3.843642e+04
1.069506e+05
-6.233171e+04
1.407348e+05
-1.254340e+05
-5.225246e+04
-1.811484e+05
1.375491e+05
2.735467e+04
-3.184111e+04
-3.543266e+03
2.486759e+04
8.300251e+04
1.186474e+03
-4.643070e+04
-2.296450e+04
3.187969e+04
-5.557981e+03
1.450699e+04
-3.512944e+04
1.332645e+04
-2.377658e+04
-1.389213e+04
6.708426e+03
3.327408e+03
1.299158e+04
2.211601e+03
1.255463e+04
1.029872e+04
-7.362290e+03
7.816240e+03
-1.087096e+04
-1.785473e+04
1.180666e+04
2.005121e+03
1.407249e+04
9.340556e+03
-9.045803e+03
-2.321270e+03
1.385923e+04
3.370923e+03
3.643372e+03
9.949476e+03
2.298337e+03
-2.815076e+03
5.385688e+03
5.963197e+03
-8.453537e+02
5.548480e+02
-7.746288e+03
1.421621e+03
2.992535e+03
-2.081747e+03
-1.579594e+03
2.033839e+03
-3.032500e+03
3.976023e+03
-4.351097e+03
3.556876e+03
-1.552187e+03
3.305614e+03
2.398291e+03
3.288075e+02
-2.046904e+03
-2.229625e+03
1.220281e+03
-8.022510e+02
-2.810452e+03
-1.473117e+03
-3.324479e+03
-1.027933e+03
-1.948039e+03
2.207964e+02
-1.171297e+03
1.748400e+03
-2.810336e+03
3.335976e+03
4.328392e+02
-1.507260e+03
3.053371e+02
-4.040559e+02
3.232896e+03
5.669462e+02
1.590501e+02
5.511463e+02
3.550337e+03
-5.507926e+02
-5.279243e+02
1.239082e+03
-1.650742e+03
-3.601992e+02
-4.723508e+02
-4.212591e+02
-2.964482e+02
-4.220193e+02
5.050544e+02
1.320845e+03
1.515042e+03
1.484952e+03
1.801147e+03
-2.798801e+01
-6.334781e+02
2.408221e+02
-4.789171e+01
1.585158e+02
3.080105e+02
-7.339249e+02
-3.961818e+02
6.920784e+02
2.271064e+02
2.823760e+02
-3.477386e+02
1.920974e+02
8.774123e+01
-5.860004e+02
-1.137851e+02
4.052042e+02
2.469327e+02
1.787992e+02
-1.599505e+02
6.396238e+02
-1.458003e+02
2.056743e+02
1.375901e+02
-1.208350e+02
3.700480e+00
1.201934e+02
-2.667635e+02
-3.373138e+02
-7.650915e+01
1.286432e+01
-1.667370e+02
5.392692e+02
-8.674598e+01
5.856961e+01
-1.551364e+02
-1.481762e+01
4.542507e+01
-1.077542e+02
3.319969e+02
-5.801223e+01
-2.569093e+02
1.328629e+02
1.629273e+02
1.016818e+01
1.510154e+02
3.391512e+02
-1.149492e+02
-7.853325e+01
3.420626e+02
-1.121670e+01
-9.476440e+01
4.932978e+01
-2.247257e+02
-1.917792e+02
-1.241386e+02
2.517825e+02
-2.736206e+02
-1.087013e+02
-1.423833e+01
-1.182218e+01
7.462000e+01
4.482833e+01
-6.540302e+01
-2.944994e+02
2.648383e+01
-7.968613e+01
-9.480954e+01
2.876603e+01
-2.003607e+01
-1.675988e+00
-6.132470e+01
2.113389e+01
3.363210e+01
-9.724172e+01
3.000142e+00
5.180636e+01
-1.298928e+02
-4.316742e+01
3.352063e+01
-4.228312e+00
-8.797734e+00
6.620868e+01
5.432032e+01
1.408707e+01
2.277935e+01
-4.683503e+00
-2.263453e+01
-5.399012e+01
-3.812638e+00
-1.718996e+01
-1.649258e+01
3.066047e+01
-1.104250e+01
2.104211e+01
-5.362291e-01
-2.629081e+00
-7.796876e-01
-1.843930e+00
4.050341e-01
-6.312099e-01
-5.062633e-01
1.475789e-01
-3.764358e-02
-6.420395e-02
4.261750e-01
-2.858945e-01
-2.209465e-01
1.158737e-01
1.471515e-03
2.159806e-01
-8.189974e-02
-8.431467e-02
-3.415459e-02
-1.915665e-01
-3.157597e-02
1.703889e-02
-1.254599e-02
-7.408746e-02
-1.483974e-01
2.641185e-02
3.028363e-03
1.069089e-01
1.359008e-01
