2.108844e-01
-8.789284e-01
-1.652772e-02
5.120000e+01
1.605120e+02
-2.116773e+01
3.566412e-04
4.254922e+04
-2.204579e+05
-3.159898e+05
2.810890e+04
-1.573285e+05
3.838852e+04
3.167122e+04
-1.683495e+05
-1.239625e+05
-3.727714e+04
-4.860723e+04
1.547732e+05
1.283067e+04
-2.594113e+04
-1.724003e+04
-5.326903e+02
1.608194e+04
4.635751e+04
3.442511e+04
-7.734530e+03
-1.472673e+04
-4.470362e+04
-7.658654e+03
-4.391407e+04
-2.897624e+02
-3.982682e+04
-3.448820e+04
1.282433e+04
-2.308628e+03
8.039886e+03
-1.349202e+04
1.975074e+04
-8.963243e+03
-1.899966e+04
-1.920347e+03
1.481833e+03
-2.356257e+03
1.026642e+04
5.567924e+02
1.367691e+03
4.835218e+03
-9.747289e+03
1.394542e+03
-1.012068e+04
-1.025269e+04
3.696946e+02
-4.256048e+03
9.652366e+02
1.455567e+03
1.287352e+02
8.054396e+03
2.397188e+03
-4.914133e+03
-1.294718e+03
5.932361e+01
-4.966650e+02
-3.434824e+03
1.448950e+03
5.383278e+03
2.291072e+03
-1.795489e+03
-3.289691e+03
1.515507e+03
1.496667e+02
-1.172223e+03
-2.401750e+03
2.126806e+03
2.079213e+03
1.146860e+03
1.345107e+03
1.262590e+03
-2.771091e+03
-2.959470e+02
-5.110702e+02
4.330893e+02
-5.579161e+02
1.183199e+03
2.563460e+03
4.564596e+02
-1.045737e+03
-4.541272e+02
9.428657e+01
2.638863e+02
-9.720358e+02
1.653451e+02
1.982251e+03
9.460790e+02
-2.137980e+03
6.992717e+02
4.978094e+02
-2.550647e+02
1.129941e+03
-3.446547e+02
-1.596664e+02
6.776488e+02
5.064090e+01
-8.592217e+02
-3.483622e+02
3.230491e+02
1.059768e+03
3.309416e+02
3.480669e+02
3.937411e+02
-8.476870e+02
6.459902e+02
-5.912479e+01
4.507074e+02
1.687091e+02
2.993287e+02
4.508180e+02
-3.814128e+02
2.123902e+02
1.199822e+02
-1.657120e+02
-2.010563e+02
6.205790e+01
-2.234679e+02
-3.786424e+01
-1.631784e+02
6.285625e+01
3.583731e+02
-1.932219e+02
-8.618658e+01
5.261494e+02
6.361990e+02
3.161037e+02
2.459864e+02
-1.789687e+02
2.443248e+01
4.731535e+02
-2.455083e+02
9.800020e+01
-1.784165e+01
-1.841299e+02
3.572369e+02
-3.676134e+01
1.308760e+02
-9.286794e+01
6.372017e+01
2.722248e+02
-2.346929e+02
1.728029e+02
1.087342e+02
-2.004419e+02
4.269091e+01
3.799158e+02
-3.525372e+00
-1.139969e+02
-1.504720e+02
1.412793e+02
3.635677e+01
2.178969e+01
-1.316037e+02
-3.846535e+01
1.545052e+02
1.197785e+02
5.924318e+01
3.398291e+01
-3.833721e+01
-1.098718e+02
8.101277e+01
1.737009e+02
5.661736e+01
9.377907e+01
1.455596e+01
-8.738876e+00
5.099814e+01
8.537605e+01
-8.701177e+01
-6.422263e+01
-1.270468e+01
-3.221805e+01
1.295240e+02
-2.674546e+01
7.772337e+01
1.761886e+01
2.753920e+01
6.629101e+01
-6.545558e+01
1.140612e+01
4.665162e-01
-1.822617e+01
5.938131e+01
7.427772e+00
1.257993e+01
-7.654034e+01
4.305584e+01
2.381791e+01
4.524503e+01
2.808894e+01
-3.434692e+01
-3.549633e+01
-3.219849e+01
-2.918584e+00
-3.808186e+01
6.392203e+01
2.275042e+01
3.594205e+01
5.789245e+00
-1.500205e+00
2.518663e+00
-9.570504e-01
9.462715e-01
1.746812e-01
-4.970131e-02
4.879507e-02
-7.192804e-01
6.757450e-02
-4.814323e-01
-1.165204e-01
-6.474508e-02
1.152663e-01
1.527358e-01
-1.672149e-01
-2.478895e-01
-4.573271e-03
3.448923e-02
3.626164e-02
7.488834e-02
-6.869988e-03
1.248484e-01
7.201999e-02
-4.267962e-02
6.666286e-03
8.242233e-02
-9.524724e-02
-7.802168e-02
5.252613e-02
