-1.443035e-01
9.847533e-01
-1.414409e-01
5.546667e+01
1.843568e+02
-1.940438e+01
3.507322e-04
1.429799e+04
-1.489676e+05
-1.130819e+05
1.544210e+05
2.137750e+04
-2.887313e+04
1.466993e+04
-1.104971e+05
-4.315230e+04
6.336572e+04
5.086232e+04
8.579458e+04
3.413368e+04
-4.947371e+04
-6.025530e+04
6.570421e+02
-3.856197e+04
2.687488e+04
2.611733e+04
1.768738e+04
2.051711e+03
-2.134300e+04
-2.959176e+04
-1.787245e+04
-1.978509e+04
-2.265512e+04
-1.305469e+04
-2.470877e+04
-1.476424e+04
-2.183276e+04
-1.332096e+03
6.882068e+03
-1.369920e+04
-9.760821e+03
2.060827e+03
1.082209e+04
5.872148e+02
8.705541e+03
-1.038027e+04
3.149968e+03
6.658101e+03
-5.270539e+03
6.003901e+03
-6.663496e+03
-8.062608e+03
-3.206973e+03
-1.606251e+03
2.130095e+03
-6.132760e+02
-1.888170e+03
7.601774e+03
4.522680e+03
-4.103135e+03
-4.960479e+02
3.193285e+02
-1.817037e+03
1.071888e+02
-1.124752e+03
3.955863e+03
1.523779e+03
-1.710778e+03
-4.474214e+03
1.908483e+03
3.834914e+03
1.104538e+03
-2.277612e+03
4.666263e+02
-6.309701e+02
1.327572e+03
-8.463303e+02
8.384388e+02
-3.050534e+03
3.515981e+02
6.915428e+02
5.738354e+01
1.923887e+03
2.172416e+03
1.130463e+03
5.854814e+02
-1.063712e+02
-6.626669e+02
-1.331663e+02
1.067937e+03
-1.146923e+03
3.676010e+02
5.124752e+02
2.984573e+02
-1.118937e+03
1.026839e+03
-3.534160e+02
-3.534592e+02
8.026777e+02
3.339616e+02
-4.177113e+00
3.367920e+02
5.683939e+02
-3.755154e+02
-2.800474e+02
-3.205850e+01
7.363325e+02
9.183612e+00
7.004940e+02
9.075852e+01
-6.495925e+02
1.915693e+02
1.944003e+01
3.186726e+02
-2.160620e+02
3.291758e+02
-6.168756e+01
9.592309e+01
-4.028738e+01
2.246535e+02
-6.822313e+01
2.332551e+02
-5.189723e+01
-9.559634e+01
4.444684e+02
2.132775e+01
7.353901e+01
1.105601e+02
-3.413710e+02
5.063684e+01
2.593079e+02
4.907630e+02
1.926917e+02
-9.112139e+01
-3.874623e+01
-2.377709e+02
1.101592e+02
-1.328103e+02
2.552982e+02
-9.787724e+01
-1.042617e+02
1.864876e+02
1.156218e+02
1.239148e+02
-1.945779e+01
1.871501e+01
1.771220e+02
-2.611145e+02
1.343295e+02
2.490286e+02
2.669852e+01
3.628550e+01
5.986028e+01
-1.536983e+01
-1.499361e+02
-2.983089e+01
8.301303e+01
-1.234541e+01
9.747373e+01
-1.799573e+02
-3.970033e+01
8.596718e+01
2.116831e+00
-5.059276e+01
9.421749e+00
1.229816e+01
-8.995711e+01
1.339191e+02
-2.417320e+01
1.104219e+02
8.363289e+01
3.437430e+01
3.294756e+01
5.903515e+00
4.411102e+00
-5.018671e+01
2.671105e+00
1.272428e+01
-8.390261e+01
5.280316e+01
4.680845e+01
1.544205e+02
-9.735279e+00
-2.599853e+01
3.882842e+01
-3.423222e+01
7.454296e+00
1.058080e+01
-4.789968e+01
-2.871424e+01
4.631752e+01
1.652143e+01
-3.645438e+01
3.871441e+01
3.195118e+01
-6.155813e+00
-1.050864e+01
-3.056020e+01
-3.662428e+01
-6.596247e+00
3.197568e+01
-4.282173e+01
4.137610e+01
-2.534922e+01
5.077052e+01
1.017765e+01
-7.499870e-01
6.782098e-01
-3.298470e-01
3.473858e-01
4.908526e-02
1.376591e-01
1.968313e-01
-2.127754e-01
-6.312153e-02
-4.008276e-02
1.499241e-01
-3.532622e-01
1.848503e-01
-8.145018e-03
-1.364453e-01
-1.453761e-01
1.585846e-04
-1.089001e-01
-4.240771e-02
-4.989996e-02
6.378202e-02
1.089984e-01
-1.363851e-01
-1.623724e-02
1.066433e-01
6.278216e-02
-1.005161e-01
-5.178235e-02
3.802694e-02
