-1.629198e-01
2.750754e-01
-2.333650e-02
4.920889e+01
1.934929e+02
-2.387731e+01
3.503597e-04
-2.378807e+05
-3.152758e+05
3.105918e+05
2.819393e+04
7.248727e+04
2.090673e+04
-9.652132e+04
1.631948e+04
-2.065152e+05
66777
2.206450e+04
3.197395e+04
-2.120734e+04
-8.762809e+03
-5.960664e+03
-1.231824e+04
2.797606e+03
5.485088e+03
-3.486915e+04
-7.088105e+03
2.290158e+04
-1.280863e+04
1.805085e+04
-4.897335e+04
2.693031e+04
-2.637905e+04
-2.978872e+04
9.029057e+03
1.072973e+04
2.356993e+04
6.502073e+03
-1.806031e+03
7.748939e+02
9.088202e+03
-1.701472e+04
-6.995217e+03
-1.295665e+04
1.202915e+04
3.118840e+03
-4.422235e+03
2.104905e+03
-1.226714e+04
-8.032973e+03
8.261854e+03
1.786683e+03
1.034065e+04
-1.145996e+04
-8.358055e+03
1.143894e+04
3.924416e+03
1.270550e+04
-3.828888e+03
-1.026916e+04
-2.954103e+03
1.760790e+03
-1.980936e+03
-1.304624e+03
1.000381e+03
1.596360e+03
6.195981e+03
8.093539e+03
-3.901246e+03
1.455948e+03
1.890284e+03
6.127870e+02
1.413152e+03
-1.061479e+03
6.324351e+02
1.011748e+03
2.103908e+03
3.842360e+02
-5.296697e+03
1.982917e+02
-2.169248e+03
1.782082e+03
-1.381136e+03
9.956404e+02
3.558217e+03
1.276845e+03
-1.669644e+03
-4.518478e+02
-7.836525e+01
2.340547e+02
8.660206e+02
7.614108e+02
2.755807e+03
2.017946e+03
-1.116457e+03
4.097683e+02
1.430161e+03
9.841543e+02
6.916210e+02
-2.731668e+02
-5.195136e+02
-2.977786e+02
-3.873741e+02
-2.014908e+03
1.200814e+03
-1.409883e+01
8.194236e+02
4.789739e+02
6.565730e+02
1.501259e+03
-2.151167e+02
1.791029e+03
-1.445706e+02
8.836478e+02
1.288183e+02
-4.540156e+02
1.529953e+01
-6.807217e+02
-5.544739e+02
6.061965e+02
-5.705709e+01
4.515864e+02
-5.800450e+02
5.867764e+02
5.795582e+02
-4.638166e+02
-1.347448e+02
7.331560e+01
4.241355e+01
-3.313409e+02
1.742071e+02
1.575399e+02
-6.630019e+01
1.362966e+02
-6.180026e+02
4.814568e+01
7.037338e+02
-3.407954e+02
1.641577e+02
2.335977e+02
-1.856102e+02
1.037543e+01
-8.252056e+01
1.778341e+02
-2.687085e+02
1.340591e+02
2.523170e+02
-7.834769e+01
-1.559205e+01
2.721538e+02
-2.299819e+01
2.019075e+02
1.561453e+02
1.009080e+01
-1.918766e+02
1.426797e+01
-4.832658e+01
1.652299e+02
-7.664738e+01
-2.028234e+02
1.555983e+02
-6.492734e+01
7.854549e+01
-5.198462e+01
1.008758e+01
2.851943e+01
4.072091e+01
1.509665e+02
-4.621802e+01
1.434604e+02
1.474395e+02
3.578276e+01
6.477338e+01
1.052242e+02
2.032978e+01
-3.568760e+01
-5.530577e+01
-5.332876e+00
-2.425198e+01
1.580796e+01
2.246453e+01
7.208785e+01
-2.175691e+01
-1.555343e+01
6.537619e+01
1.222034e+01
1.297896e+02
1.175725e+01
-1.061314e+02
1.981569e+01
2.272913e+01
4.365840e+01
-4.635409e+01
6.678555e+00
-1.348411e+01
-3.858458e+00
-6.487324e+01
-1.457236e+00
-3.001442e+01
3.401574e+01
7.502771e-01
-7.683685e+01
3.525250e+01
-3.997897e+01
3.447378e+01
2.671583e+01
-2.650567e+00
3.400165e+00
-1.508229e-01
1.016636e+00
1.399020e-01
-3.318785e-01
-2.909873e-01
-9.174752e-01
-2.820160e-02
-5.366688e-01
2.702585e-02
-3.895548e-01
2.867525e-01
4.106498e-03
1.883751e-01
1.629531e-01
7.787219e-02
-8.288414e-03
-1.992814e-02
-5.742839e-02
-4.464764e-02
9.349361e-02
8.791646e-03
-1.511670e-01
5.333111e-02
3.320733e-02
3.242074e-02
-6.965458e-02
-8.192801e-02
