-4.884361e-01
1.371693e+00
-1.159712e-01
5.489778e+01
1.899081e+02
-8.872968e+00
3.353408e-04
-1.080515e+05
7.161134e+04
2.271521e+05
8.076447e+04
3.053635e+04
2.853841e+05
-2.273642e+05
1.608493e+05
-2.387752e+04
1.214546e+05
3.627650e+04
1.273379e+05
-6.402761e+04
-5.816736e+04
-2.092431e+04
8.163561e+04
1.781806e+04
-4.130352e+04
-5.513841e+04
9.324656e+03
-7.210461e+03
-8.763290e+03
1.648269e+04
-6.353203e+04
-3.836042e+04
1.591471e+04
3.578083e+03
-7.136829e+03
3.328246e+03
9.218770e+03
1.597224e+04
-9.273094e+03
3.716661e+03
-5.861159e+03
5.344008e+03
-5.914000e+03
-1.597567e+04
1.608121e+04
-2.045603e+03
8.933242e+03
1.655418e+04
-7.540047e+03
-8.081487e+03
5.017949e+03
-7.016224e+01
8.648725e+03
8.661854e+03
-6.546605e+03
-6.503629e+02
-3.945868e+03
8.891480e+03
-4.883787e+03
-3.016306e+03
-6.062917e+03
2.051060e+03
7.989745e+02
-5.501713e+03
1.877973e+03
1.952544e+03
2.368958e+03
3.967665e+03
-3.220734e+03
3.811644e+03
5.164661e+03
7.127090e+03
3.485910e+03
-1.165534e+03
-3.184846e+03
-9.897812e+02
2.978558e+03
2.163966e+03
-4.118827e+03
-2.572097e+03
-5.410370e+02
-5.140469e+02
-2.812774e+03
-1.157214e+03
4.676357e+02
1.845128e+03
1.928552e+02
1.498157e+03
-6.137274e+02
-2.434389e+02
9.150157e+02
-1.999406e+03
3.287881e+03
5.973448e+02
1.044274e+02
1.493119e+03
2.091578e+03
3.950916e+02
-6.678694e+02
1.361192e+03
-1.015854e+03
-3.135896e+02
-3.215488e+02
-3.561329e+02
1.714549e+02
-2.457379e+01
2.051996e+02
2.338292e+02
5.887488e+02
1.704830e+02
9.820652e+02
6.861843e+02
-5.245695e+02
1.902613e+02
-1.134405e+02
-2.783499e+02
4.427091e+01
-2.265837e+02
-8.627886e+02
3.939247e+02
-5.620513e+02
-3.859479e+02
7.788642e+01
4.506775e+02
1.733444e+02
-4.471792e+02
1.248611e+02
4.537357e+02
1.715249e+02
4.583184e+00
3.971557e+00
7.800788e+01
-2.078194e+02
4.399385e+02
3.429998e+02
-1.939538e+02
4.631073e+02
8.632060e+01
-1.194114e+02
-2.623371e+02
8.632606e+01
-6.151310e+01
-6.136469e+01
1.254154e+02
1.085676e+01
2.032349e+02
-2.005669e+02
-7.803522e+01
1.129614e+02
-1.104253e+02
1.142708e+02
-3.743724e+01
-9.773338e+01
2.409358e+02
-9.843190e+00
-1.784490e+02
1.199218e+02
2.489107e+02
-2.889099e+02
5.077202e+01
2.964963e+02
-1.171192e+02
-1.342580e+02
1.150663e+02
-5.416508e+01
-5.938586e+01
-1.040461e+02
1.280871e+02
-1.777079e+02
-7.294073e+01
-8.567457e+01
1.867499e+02
3.942091e+01
-9.659828e+00
1.408784e+01
-8.304225e+01
2.237944e+01
-9.584708e+01
-1.512374e+02
-2.798745e+01
3.777349e+01
-3.313009e+01
1.033580e+01
6.049769e+01
6.292930e+00
-9.170981e+01
-9.516262e-02
2.018632e+01
-6.877679e+01
-8.128671e+01
4.103714e+01
4.030714e+01
3.580561e+01
1.699289e+01
5.155975e+01
-5.465726e+01
-3.187881e+01
6.031273e+00
6.702217e+00
-1.592109e+01
1.610485e+01
-1.790835e+01
1.344481e+01
-1.252794e+01
-5.206390e+00
-1.333367e+00
7.777760e-01
-1.156939e+00
-1.046577e-01
-3.318198e-01
4.183085e-01
-6.391222e-02
-2.535396e-01
4.014474e-01
3.179405e-02
5.746641e-02
-1.650433e-01
-2.379726e-01
9.039111e-02
-1.872952e-01
2.692253e-01
4.241655e-01
-8.120158e-02
1.066645e-01
-6.218934e-03
-2.464002e-01
1.473922e-02
-8.507073e-02
-1.638946e-01
-1.544431e-01
-2.932094e-01
4.688943e-02
-7.274561e-02
-3.103735e-02
1.379549e-01
