-1.495468e-01
-2.316556e-01
4.615396e-02
4.778667e+01
1.886763e+02
-2.663348e+01
3.656278e-04
-2.241295e+05
6.201313e+04
4.054694e+05
-1.019333e+05
6.056234e+04
1.357736e+05
-2.161061e+05
1.311033e+05
-1.553583e+05
1.120490e+05
4.548782e+04
-5.456982e+03
-4.882268e+04
-1.938609e+04
-5.675137e+03
9.035512e+03
2.458898e+04
7.289599e+03
-6.356654e+04
-2.080525e+04
-2.037389e+04
-7.402351e+03
-9.731235e+03
-3.346619e+04
-2.853062e+04
1.479122e+03
-7.716277e+03
5.163825e+03
-4.052707e+02
5.906640e+03
-8.797656e+02
-1.219077e+04
1.270986e+04
1.023574e+04
-1.437551e+04
-5.678182e+03
-6.289094e+03
1.077991e+04
3.922516e+03
8.069504e+02
7.797167e+03
-5.770630e+03
-6.941400e+02
1.381273e+04
3.457135e+03
3.835876e+03
1.462796e+02
-6.279809e+02
2.787953e+03
-2.892519e+03
7.531005e+03
-4.768021e+03
-6.785385e+03
-7.522661e+03
-1.016152e+03
1.080402e+03
-4.751727e+03
1.305812e+03
1.562912e+03
3.889355e+03
8.164919e+03
-4.148143e+03
1.339113e+03
5.610655e+03
5.214006e+03
2.644793e+03
1.778448e+02
-1.128465e+02
-1.900346e+02
4.290326e+03
-2.162611e+02
-4.934266e+03
-9.800422e+02
-7.173233e+02
1.750605e+02
-2.436150e+03
8.735003e+02
7.488182e+02
1.879886e+03
-2.006485e+03
2.206784e+03
-1.058497e+03
1.085019e+02
1.266141e+03
-6.553276e+01
3.303367e+03
2.066419e+03
-2.190292e+02
6.247540e+02
2.261204e+03
-4.023236e+02
4.852805e+01
-6.294853e+01
-1.486223e+03
-9.642260e+02
1.243451e+02
-9.696068e+02
1.329289e+03
-7.230537e+02
-6.287997e+01
6.318531e+02
1.454083e+03
1.340700e+03
1.011107e+03
1.300659e+03
-2.657137e+02
1.934382e+02
-5.779783e+02
-6.830113e+02
-7.630504e+02
-4.769540e+02
-7.671004e+02
8.520052e+02
-7.244099e+01
5.154232e+02
-7.503019e+02
1.032129e+03
-7.271251e+01
-4.178882e+02
-7.214222e+01
2.388821e+02
1.642942e+02
-3.891278e+02
-2.324460e+02
3.037738e+02
-2.483861e+02
1.788849e+02
-1.770204e+02
-2.383844e+02
1.999370e+02
6.373311e+01
-2.922335e+01
3.911205e+01
5.937753e+00
-2.632474e+02
-7.433078e+01
1.546940e+02
-9.981921e+01
2.401272e+02
-9.954082e+01
-1.430148e+02
5.140667e+01
1.869423e+02
2.664059e+02
9.830090e+01
-2.481679e+02
2.275716e+02
-8.694802e+01
2.887743e+01
3.623752e+01
1.752240e+02
-1.128091e+02
7.424327e+01
2.993289e+02
-6.954506e+01
-1.181455e+02
5.192374e+01
-1.498542e+02
-2.755617e+01
6.264848e+01
1.644705e+02
-2.616382e+02
-5.159870e+01
2.565536e+01
1.560182e+02
1.279771e+02
2.081546e+01
-1.101028e+02
-8.602664e+01
4.169740e+01
2.506425e+01
-7.841450e+01
-4.267131e+01
1.280340e+02
3.685017e+01
-7.459273e+01
6.939848e+00
-7.546326e-01
1.967886e+01
2.878205e+01
8.527691e+01
-1.111064e+02
-3.390257e+01
-8.709865e+00
5.934771e+01
5.729247e+01
2.515827e+01
2.606742e+01
-6.972302e+01
-7.096595e+01
6.103174e+00
-5.393110e+01
2.340004e+01
1.312408e+01
-6.352250e+01
-2.817121e+00
-7.156017e+01
8.842847e+00
5.898069e+00
-8.402239e-01
-1.494031e+00
7.870293e-01
-6.939657e-01
-7.312822e-02
-2.977859e-01
-3.566042e-01
7.365833e-02
1.168912e-01
-9.774933e-02
3.981498e-01
-5.796761e-01
1.194033e-01
1.018319e-01
2.196562e-01
2.669302e-01
1.987181e-02
1.328425e-01
8.871384e-02
-1.763675e-01
1.579367e-01
5.370325e-02
-1.127132e-01
1.291551e-02
-1.687521e-02
9.926708e-03
6.468698e-03
5.146160e-02
-4.293126e-02
