-1.174280e-01
-2.891330e-01
5.029170e-01
4.494222e+01
1.836866e+02
-2.767639e+01
3.394686e-04
9.126299e+03
-4.590520e+04
-2.728009e+05
-2.506930e+05
-5.938722e+04
-5.458449e+04
2.867546e+04
-4.578086e+04
1.760462e+04
6.071730e+03
-2.451260e+04
1.154089e+05
2.592581e+04
-1.834042e+04
3.865996e+04
-1.434213e+04
3.759668e+03
3.832517e+04
4.004626e+04
-2.988128e+04
-3.455208e+03
-9.145498e+03
-2.437354e+04
-9.201319e+03
-5.586962e+04
-9.847295e+03
-2.207610e+04
-9.537288e+02
-1.370298e+04
-1.852364e+04
-2.184909e+04
2.314535e+04
-1.493976e+03
-7.920516e+03
-1.786050e+04
8.757865e+03
3.993357e+03
2.399604e+03
-3.082513e+03
1.526829e+04
8.142357e+03
-1.171936e+04
2.948579e+03
-1.217340e+04
-1.180260e+04
-5.260261e+03
-2.939263e+03
3.239931e+03
-3.188218e+03
-2.132530e+03
4.994294e+03
7.464486e+03
-7.037481e+03
-5.467428e+03
-8.228818e+02
-1.465310e+03
6.137408e+02
-1.418284e+03
6.183934e+03
4.334185e+02
1.922037e+03
-2.826740e+03
-4.289032e+00
4.773505e+02
-7.277766e+02
-7.176275e+02
2.897261e+03
1.333024e+03
1.263639e+03
-9.470887e+02
-1.958028e+02
-3.401828e+03
4.709610e+02
6.976508e+02
-1.712039e+03
1.117770e+03
7.157332e+02
6.573464e+02
1.716079e+02
-1.747469e+03
2.998219e+02
-2.927716e+02
9.804548e+02
-9.330393e+02
1.831292e+03
6.270715e+02
1.225390e+03
-7.454688e+02
4.304638e+02
8.710318e+02
-1.313429e+03
1.542322e+02
-7.741106e+01
-1.015627e+02
-3.629774e+01
4.594180e+02
-5.549847e+02
-1.321742e+02
-6.535155e+02
5.988492e+02
5.252702e+02
1.206355e+03
8.769367e+02
1.792780e+02
-5.277419e+01
2.123971e+01
-2.736236e+02
5.504617e+00
5.276674e+02
-2.624658e+02
-4.685963e+02
-4.274232e+02
3.284634e+02
1.951027e+02
3.311461e+02
-7.482278e+01
-3.168715e+02
-9.269759e+00
-1.851369e+02
2.834243e+02
1.869110e+02
-5.597657e+02
-9.876844e+01
3.248239e+02
4.010877e+02
2.977926e+01
-6.146011e+01
-1.288733e+02
-3.415817e+02
3.325998e+00
-3.139386e+02
-1.600209e+01
-1.658298e+00
-1.222840e+02
1.420971e+02
2.777283e+02
1.568013e+02
2.321306e+01
-5.460774e+01
2.631182e+01
-3.378917e+02
2.994294e+01
2.919402e+02
-6.709272e+00
1.749219e+02
-6.255798e+01
-1.589324e+02
-1.806495e+02
-1.439133e+02
1.245616e+02
-9.065637e+01
9.028419e+01
-4.203102e+01
-2.626426e+00
8.925772e+01
-4.701215e+01
-1.015330e+02
-1.453238e+02
1.211354e+01
1.459390e+01
1.207087e+02
-8.386121e+01
-2.225325e+01
6.092218e+01
8.990907e+01
1.382819e+02
4.787652e+01
2.722589e+01
-6.395662e+01
1.088277e+02
7.321313e+01
-7.921598e+01
1.253231e+02
6.364499e+01
4.199652e+01
7.525036e+00
-6.981148e+01
6.211211e+01
-4.131307e+01
3.887666e+00
8.648189e+01
-2.466269e+01
2.995300e+01
3.640239e+01
1.461838e+01
-2.483393e+01
-1.482718e+01
4.948442e+01
-1.336621e+01
-5.292280e+00
1.300001e+01
-5.672305e+01
-1.946239e+00
1.350039e+00
-4.399669e+01
4.527730e+01
-2.519377e+00
1.842566e+01
1.219948e+01
-1.743226e+00
-7.344952e-01
-2.630446e-01
2.448889e-01
7.493173e-02
-1.166820e-01
3.340734e-01
1.996892e-01
1.441537e-01
2.579525e-01
4.831055e-01
1.157812e-01
8.646400e-02
4.483132e-02
-1.184331e-02
-2.472036e-01
-5.423739e-02
-1.176099e-03
-7.387180e-03
1.509317e-01
2.778687e-02
1.732503e-01
-6.608583e-02
1.491326e-04
2.882140e-01
8.446977e-02
-8.271192e-02
7.707004e-03
-9.951623e-03
