3.752220e-02
-1.771062e-01
-6.592308e-02
3.669333e+01
1.693896e+02
-2.503876e+01
3.298307e-04
-6.464348e+04
-4.127098e+05
-1.814331e+05
3.147669e+05
1.516722e+05
4.700140e+04
-5.804005e+04
6.737080e+04
-1.121218e+05
-2.058084e+04
-1.153154e+05
-1.825698e+03
-2.501437e+04
-7.697970e+04
-6.526742e+04
4.725757e+04
-8.684423e+03
-1.193220e+04
-4.961543e+04
3.836490e+04
2.171672e+04
-3.774051e+04
2.886764e+04
-7.896905e+04
3.633289e+03
1.625606e+04
-2.389484e+04
4.305044e+04
1.726053e+04
1.203131e+04
2.009159e+04
-1.357761e+04
5.411052e+02
-8.461393e+03
7.325850e+03
-1.977778e+04
7.141802e+03
1.851425e+04
-7.580678e+03
2.660581e+03
1.211407e+03
1.032262e+04
-2.036034e+03
7.000665e+03
-6.809428e+03
4.710313e+03
-1.225444e+03
-5.904332e+03
8.893372e+03
8.939340e+02
1.106199e+04
-3.219562e+03
-7.255802e+03
-1.984910e+03
-2.282972e+03
-3.477420e+03
-3.525435e+03
3.303278e+03
6.671292e+03
2.370521e+03
1.666812e+03
-5.984751e+03
2.398963e+03
1.204483e+03
2.866995e+03
-6.780372e+03
-6.511438e+02
1.226270e+03
6.212360e+02
2.363145e+03
8.892888e+02
-3.094367e+03
1.077224e+03
-1.548512e+03
5.913713e+02
-3.581914e+03
-9.670620e+02
4.694835e+03
1.061484e+03
3.435005e+02
-7.010488e+02
-9.039477e+02
-1.286543e+03
5.622621e+02
-1.803906e+03
2.160645e+03
2.344603e+03
-2.200576e+03
1.326301e+03
-3.972115e+02
8.204301e+02
6.138039e+00
6.631033e+02
-5.469707e+01
-2.946954e+02
-8.493435e+01
-1.531391e+03
2.103583e+02
-1.194603e+02
1.474696e+03
2.473512e+02
1.111238e+02
1.051454e+03
-8.073773e+02
1.834486e+03
2.372156e+02
1.138806e+03
-3.466390e+02
-2.271400e+02
7.071430e+01
-4.390864e+02
1.481951e+02
-3.068578e+01
1.355923e+01
-3.648018e+02
-6.564017e+02
7.811965e+02
2.279667e+02
-4.039457e+02
-2.575566e+01
5.173024e+01
-3.615825e+01
-6.558378e+01
4.890076e+02
5.452488e+02
1.985509e+02
3.070374e+02
-1.316210e+02
1.654466e+02
5.324246e+02
-1.268283e+02
1.448726e+01
4.201544e+01
-4.509819e+01
7.508011e+01
7.604626e+01
-2.316396e+02
4.318045e+01
2.857412e+02
2.851724e+02
-2.953482e+02
1.954272e+02
1.376333e+02
1.334064e+02
1.161894e+02
4.459908e+02
2.062399e+02
-3.551360e+01
-4.064355e+01
7.276057e+01
2.472493e+02
-2.212660e+02
-1.426565e+02
4.803992e+01
-3.466790e+00
2.715168e+02
1.114988e+01
1.559780e+02
-3.470686e+01
-3.109459e+01
3.554717e+00
8.735356e+01
1.921756e+02
8.569748e+01
4.699531e+01
-1.875875e+01
-3.035214e+01
9.619175e+00
-2.976814e+01
-7.571609e+01
-3.513461e+01
1.373421e+01
1.210345e+01
2.537895e+01
9.971396e+01
3.514999e+01
6.988074e+01
7.903092e+01
-3.755437e+01
1.614501e+01
-2.274999e+01
-2.309280e+01
3.117514e+01
-4.466214e+00
1.535707e+01
-8.668088e+00
1.012020e+02
-3.290440e+01
-2.768576e+01
-1.676530e+01
-6.885711e+01
1.169603e+01
2.449423e+00
6.676960e+00
-2.530975e+01
-7.004464e+00
-2.785415e+01
5.147766e+01
1.728427e+01
-1.383089e+00
3.824108e+00
-7.870654e-01
8.229527e-01
-1.180126e-02
6.734518e-02
-2.294753e-02
-7.077126e-01
6.942398e-03
-7.210855e-01
-3.209524e-01
-5.859017e-01
-3.187339e-02
2.150414e-01
-1.284875e-01
1.239817e-01
-3.490415e-02
1.444325e-01
8.743069e-02
-1.805302e-01
1.498679e-01
4.167493e-02
3.464355e-02
-2.058441e-02
-1.972102e-01
3.038154e-02
-6.361791e-02
-2.201548e-01
5.479527e-02
