-3.841437e-01
-1.283054e+00
1.440372e-01
5.546667e+01
1.905322e+02
-1.384467e+01
3.627444e-04
-1.820433e+05
-1.165384e+05
2.181210e+05
-1.543702e+05
1.398139e+05
-8.504035e+04
-3.980016e+04
5.152915e+04
-1.274419e+05
1.845268e+04
1.513154e+04
1.081882e+05
-2.060701e+04
3.919428e+04
-3.931044e+04
-1.089697e+03
2.527871e+04
3.035950e+03
-5.266033e+04
-3.472809e+04
-1.597739e+04
6.091978e+03
-8.584758e+03
-3.285492e+04
-3.929741e+04
2.217819e+03
-6.343136e+03
-3.631933e+04
-3.637763e+03
-1.250506e+04
-8.664794e+03
1.135771e+03
8.536785e+03
2.270214e+03
-1.335118e+04
-7.330382e+03
-2.939891e+03
3.112289e+03
-5.324490e+03
1.039034e+04
9.344995e+03
-3.215777e+03
2.637053e+03
9.664801e+03
-8.060172e+03
-8.150718e+02
-6.022907e+02
-9.016099e+03
1.029391e+03
5.230474e+03
8.425552e+03
-8.299461e+02
-1.203279e+04
-2.887002e+03
6.145473e+03
-2.181718e+03
1.428698e+03
-2.136209e+03
3.142722e+03
1.283376e+03
7.616545e+03
-3.007683e+03
3.831688e+03
1.435404e+03
2.878366e+03
-1.036338e+03
-2.595445e+02
3.822182e+02
-2.102748e+03
2.879576e+03
1.837291e+03
-4.609499e+03
4.636412e+01
-3.151885e+02
-5.505433e+02
-8.795746e+02
2.399976e+03
3.601519e+02
1.277786e+03
-5.942698e+02
-7.757607e+01
-1.365252e+03
1.177365e+03
1.434380e+03
3.096183e+02
1.479636e+03
1.883945e+03
-2.399408e+02
5.909550e+02
2.019403e+03
-1.797029e+03
-2.689726e+02
2.735525e+02
-3.647211e+02
-1.014761e+03
6.424669e+02
-5.850750e+02
2.957092e+02
-1.100318e+03
1.366807e+03
1.592987e+03
1.242214e+03
1.243552e+03
6.741418e+02
9.981454e+02
-5.633378e+02
4.401954e+02
-5.605610e+01
-1.757744e+02
-1.199249e+03
-3.265608e+02
-8.949681e+02
2.620998e+02
-1.508387e+01
4.205742e+02
-3.581900e+02
2.213167e+02
5.343492e+02
3.610645e+01
-1.459510e+02
-3.738260e+02
-3.095852e+02
-3.670542e+02
2.166977e+02
4.106002e+02
-4.451016e+02
-1.161215e+01
-6.061132e+01
-1.338467e+02
2.865405e+02
3.745679e+01
1.728488e+02
-1.598616e+02
-8.475844e+01
-8.148980e+01
2.299812e+01
2.491750e+02
-7.619678e+01
2.237244e+02
7.973617e+01
-3.368994e+00
-9.751511e+01
3.552759e+02
1.017789e+02
2.068299e+02
-3.286131e+02
-9.736864e+01
-5.611333e+01
1.112437e+02
-1.532775e+02
1.395817e+02
-1.237924e+01
3.503943e+01
1.103385e+02
-1.419929e+01
-4.550070e+01
-6.012417e+01
-1.443360e+02
4.216067e+01
1.819307e+00
1.527208e+02
-2.031733e+02
-4.257726e+01
9.136526e+01
1.329488e+02
1.672801e+02
8.402854e+01
-2.591729e+01
-6.538359e+00
9.362970e+01
1.001628e+02
-1.091714e+02
-8.747768e+01
4.377702e+01
8.515606e+01
-5.832144e+01
-8.864421e+01
1.749951e+01
2.508400e+01
8.732089e+01
9.231737e+01
-1.410477e+02
-8.770863e+01
2.229413e+01
6.341266e+01
1.551743e+01
-1.422892e+01
1.924606e+01
-4.942577e+01
-4.283064e+01
1.276620e+01
-1.040527e+01
2.816689e+01
4.750801e+01
-7.825476e+01
1.010601e+01
-3.498968e+01
3.082326e+01
3.324938e+01
-1.776270e+00
-8.861637e-02
-9.638868e-02
-1.872094e-01
-1.750004e-01
-1.035496e-01
-2.744976e-01
-2.175345e-01
-6.627263e-02
2.125222e-01
2.800566e-01
-3.449214e-01
1.826489e-01
1.706934e-01
3.936980e-01
2.824162e-01
1.882964e-02
-8.655811e-02
-1.092693e-01
-3.696977e-02
2.528021e-02
8.661859e-02
-9.210082e-03
-1.133106e-02
9.670123e-02
6.858611e-02
-1.117113e-02
-3.855031e-02
2.867308e-02
