-1.208560e-01
1.346081e+00
-1.258765e-01
5.774222e+01
1.816398e+02
-1.272043e+01
3.465491e-04
-9.482017e+04
8.788179e+04
5.970744e+04
-2.090670e+05
3.948737e+04
-3.685716e+04
-3.516212e+03
60299
-8.489251e+04
-1.815270e+04
-5.066123e+04
6.835990e+04
2.300457e+04
4.255798e+03
1.719881e+04
-1.237406e+04
1.783463e+04
1.442971e+04
-2.626201e+02
-2.112735e+04
8.471659e+03
-1.624223e+04
-1.626771e+04
3.797404e+03
-1.254494e+03
-7.452374e+03
-1.056272e+04
-1.774991e+04
-8.375824e+03
-1.011198e+04
-1.111632e+04
1.306288e+04
-5.330652e+03
4.773087e+03
-1.098662e+03
-6.579688e+03
-7.532025e+03
5.724345e+03
-8.910236e+03
1.288688e+04
5.926784e+03
-3.174380e+03
8.441003e+02
2.838432e+03
4.235519e+03
1.179232e+03
2.604826e+03
1.216290e+03
-4.916092e+01
4.390401e+03
5.224208e+03
1.582087e+03
-3.886588e+03
-5.547895e+03
1.934055e+03
3.734118e+02
4.673513e+02
-2.174332e+03
2.400474e+03
1.017796e+03
1.433891e+03
-2.677981e+03
2.393669e+03
-6.392977e+02
1.250290e+03
1.443645e+03
1.165696e+03
-3.426213e+02
-4.523277e+02
4.242982e+02
-4.635490e+02
-3.026077e+03
-4.542844e+02
-3.494823e+02
-7.270069e+02
2.793159e+01
1.946911e+03
5.491151e+02
1.758372e+03
-1.681023e+03
5.101632e+02
-3.841773e+02
2.917948e+02
-5.070454e+02
1.172585e+03
1.037858e+03
1.111765e+03
-5.313520e+02
2.751436e+02
1.343700e+03
-5.948754e+02
-3.781038e+02
-1.292092e+02
-7.115009e+02
-3.827610e+02
2.916355e+02
-4.017964e+02
-4.505862e+02
-8.137741e+02
7.430926e+02
1.037128e+03
1.048361e+03
9.378829e+02
6.729297e+02
-2.709322e+01
-3.470457e+02
2.814386e+02
1.146443e+02
7.550215e+01
-1.650299e+02
-2.261245e+02
-4.262894e+02
5.367935e+02
3.349254e+02
6.291281e+02
-1.542187e+02
-5.723298e+01
1.783282e+02
-2.033469e+02
5.350154e+01
5.376244e+01
-2.908465e+01
-9.950075e+01
-4.383142e+01
5.079378e+02
-2.068504e+02
1.011365e+02
1.085489e+02
-1.211350e+02
-9.213911e+01
-8.885687e+00
-1.356087e+02
-2.497862e+02
-2.070079e+02
-3.289951e+01
3.142923e+01
2.638186e+02
-1.643387e+01
5.744464e+01
-1.283505e+02
-4.151534e+01
-5.438646e+01
2.033078e+02
1.589497e+02
1.441054e+02
-1.862348e+02
-1.213653e+02
1.045475e+02
3.274092e+01
4.226638e+01
3.842699e+01
7.242667e+01
-2.261222e+01
1.147567e+02
-5.897558e+01
-1.760685e+01
-7.882218e+01
-1.506653e+02
-4.234108e+01
-5.772551e+01
1.505047e+02
-1.510663e+02
-7.751835e+01
1.017819e+02
5.529670e+01
5.412083e+01
3.756506e+01
-2.261268e+00
-6.067645e+01
7.990549e+01
2.048951e+01
-1.145664e+02
4.009906e+01
3.734098e+01
5.846685e+01
-4.457834e+01
-4.450964e+01
2.051314e+01
-3.504392e+01
1.324139e+01
6.100010e+01
-7.658375e+01
-1.931479e+01
5.591935e+01
2.371143e+01
-6.437941e+00
-1.741478e+01
3.114934e+01
-1.201653e+01
-1.015843e+00
1.038342e+01
-1.252902e+01
-4.318411e+00
6.718378e-01
-3.201706e+01
-1.268497e+01
-1.085286e+01
1.251292e+01
1.703777e+01
-6.662157e-01
-1.104190e+00
1.752259e-01
-1.905808e-01
2.502529e-01
-2.033656e-01
-2.458026e-01
2.179175e-01
-4.132747e-02
7.611153e-02
4.823288e-01
2.237284e-01
1.387398e-01
-7.844222e-02
9.027985e-02
-1.289954e-02
-5.968820e-03
-9.049030e-02
-3.691110e-03
9.951111e-02
-8.626150e-03
7.026543e-02
-1.678357e-02
-5.917621e-02
1.655049e-01
5.465008e-02
-3.854205e-02
2.438645e-02
1.705337e-02
