-3.046658e-01
-7.878873e-01
-1.466653e-02
5.091555e+01
2.032809e+02
-1.942313e+01
3.525702e-04
5.736389e+03
-3.446868e+05
-2.555877e+04
5.837255e+04
-7.317426e+04
7.061412e+04
-2.612869e+04
-1.804729e+04
-8.696457e+04
-2.484198e+04
-5.805613e+04
8.848081e+04
2.058962e+04
-3.652966e+04
3.784928e+03
1.277835e+04
-4.974173e+03
1.216688e+04
-1.723411e+04
-2.114190e+04
-1.147978e+04
-1.187863e+04
2.183274e+04
-3.102342e+04
-5.368782e+02
-2.574025e+04
-2.541284e+04
3.224925e+04
1.587123e+04
8.299831e+03
-2.769313e+03
1.421108e+04
-2.250419e+03
5.202072e+03
-2.370649e+03
-1.398879e+04
-8.766973e+03
6.271807e+03
4.682452e+03
-9.516644e+03
6.721735e+03
-7.861842e+03
5.278797e+02
1.725083e+03
1.232352e+03
3.259017e+03
-1.517766e+03
-3.838489e+03
4.434997e+03
1.590585e+03
4.266011e+03
-4.807181e+02
-8.769127e+03
-8.440917e+02
5.953828e+02
-1.283465e+03
-3.281339e+03
9.546741e+02
5.467294e+03
3.916264e+03
-7.043539e+02
-6.523239e+03
8.027998e+02
1.373457e+02
-9.029358e+02
-3.552869e+03
2.180871e+03
3.029310e+03
2.447999e+03
2.525003e+03
1.651882e+03
-2.904094e+03
-1.224185e+03
-6.799212e+01
9.526085e+02
-3.672038e+02
1.776576e+03
1.738155e+03
2.520532e+03
-3.258169e+02
-1.489684e+02
8.542786e+01
-1.164464e+03
-8.144533e+02
4.510429e+02
2.173779e+03
1.740106e+03
-1.694425e+03
1.379013e+03
9.603304e+02
1.753190e+02
6.249523e+02
6.595631e+02
-9.584023e+02
6.969233e+01
-2.223619e+00
-1.166405e+03
-1.179692e+01
8.779952e+01
1.690295e+03
8.504585e+01
2.881683e+02
1.015425e+03
-2.801364e+02
1.212723e+03
-3.654829e+02
1.399548e+03
-1.063040e+02
-7.089852e+01
4.946689e+01
-6.670511e+00
4.141397e+01
4.005485e+02
-1.100880e+02
-3.278619e+02
-3.570416e+02
3.824303e+02
1.958824e+02
-1.701449e+02
-3.724794e+01
4.846931e+02
-6.414114e+01
-2.382764e+02
3.145157e+02
5.713402e+02
3.815206e+02
1.547068e+02
-1.546513e+02
6.159874e+01
2.587623e+02
-1.251524e+02
1.037466e+01
1.926869e+01
-1.921836e+02
2.267804e+02
-4.199777e+01
-6.175666e+00
-7.713328e+01
-1.515412e+01
2.529927e+02
-1.331176e+02
1.775976e+02
1.963966e+02
-1.028714e+02
-4.144364e+00
1.985099e+02
1.033635e+02
-2.025296e+02
-8.304826e+01
5.522230e+01
4.987420e+01
-1.565914e+02
-1.991903e+02
2.204912e+01
-7.428117e-03
1.755122e+02
1.679234e+01
1.628375e+02
-4.173719e+01
-2.105344e+01
3.247574e+01
1.167979e+02
1.322284e+02
1.004114e+02
2.182428e+01
-6.145044e+01
2.416724e+01
6.717941e+01
-6.411995e+01
-7.113226e+01
-3.199997e+01
-1.115542e+01
6.769318e+01
1.012814e+01
9.025574e+01
5.470346e+00
2.612694e+01
6.893962e+01
-3.203618e+01
6.172722e+01
2.559567e+01
1.079460e+01
7.112646e+01
3.110659e+01
5.583038e+01
-4.694643e+01
2.501480e+01
4.590729e+01
4.165208e+01
-8.412910e+00
-5.802256e+01
-1.132939e+00
-1.487197e+01
-1.794246e-01
-4.481433e+01
1.267849e+01
-3.020687e+00
3.862025e+01
1.066192e+01
-1.368217e+00
2.875758e+00
-1.105808e+00
8.918506e-01
2.987344e-02
-3.107184e-01
7.205555e-02
-4.173189e-01
-1.526405e-01
-4.112436e-01
-3.140015e-01
-1.991807e-01
5.664408e-02
7.785438e-02
-1.400455e-02
-5.546012e-02
1.037794e-02
8.261284e-02
6.111563e-02
-7.170686e-02
2.477385e-01
2.971999e-02
9.658718e-02
1.401923e-02
2.793646e-02
5.132530e-02
3.398936e-02
-1.541343e-01
-1.037671e-02
