-1.012621e-01
1.209499e+00
5.192567e-02
5.518222e+01
1.790572e+02
-1.442506e+01
3.472629e-04
-1.080020e+04
-1.376900e+04
-4.904599e+04
8.238221e+04
3.220775e+04
1.340152e+05
-8.702252e+04
2.189368e+04
2.921576e+04
6.175491e+04
-7.849620e+04
2.348034e+04
-3.337350e+04
-6.879479e+04
-2.465438e+04
5.543833e+04
-6.105102e+04
-1.288430e+04
-7.042298e+04
-3.095525e+04
5.101797e+03
-1.045420e+04
-2.246210e+04
-2.399959e+04
-3.549944e+04
1.469394e+04
4.937785e+03
1.946042e+04
-4.248612e+03
-1.028484e+04
2.556456e+04
-1.425003e+04
1.958196e+04
-2.989714e+01
-1.101048e+04
-5.143015e+02
-1.821294e+04
-3.554333e+03
8.751636e+03
-8.160986e+02
1.252376e+04
-8.129150e+03
-4.606469e+03
8.712776e+03
-1.553307e+03
1.792592e+03
1.193697e+04
1.242800e+03
5.492424e+03
-2.862506e+03
4.031625e+03
-8.184550e+03
-4.560259e+03
-1.250224e+03
1.577118e+03
2.280603e+03
-9.634027e+01
1.806564e+03
2.716322e+03
5.797865e+03
6.932692e+01
-1.074840e+03
8.069130e+02
3.242193e+03
-1.524863e+02
-1.968453e+03
-7.119039e+02
7.878851e+02
-8.957478e+01
1.544885e+03
2.459819e+03
-2.892413e+03
-1.690049e+03
3.738211e+02
3.752901e+02
-1.423885e+03
-1.883029e+03
2.211617e+03
1.060071e+03
1.397373e+03
4.362396e+02
-2.268707e+02
5.379058e+02
3.067230e+02
-7.576727e+02
1.330151e+03
-3.800545e+01
-7.542339e+02
1.270684e+03
1.788639e+03
-5.469309e+02
5.554948e+02
9.526620e+02
-6.208101e+02
1.733997e+02
-9.428347e+02
-6.327008e+02
-3.901596e+02
6.067731e+02
8.452953e+02
6.624561e+02
7.820584e+01
2.800912e+02
4.948204e+02
5.539914e+01
-5.836285e+02
1.115841e+02
-9.537909e+01
-4.462294e+02
-1.758043e+02
-9.760992e+01
-3.672644e+02
3.062569e+02
-5.305191e+02
-1.077853e+01
-2.748905e+02
5.283198e+02
-5.595594e+01
2.257613e+01
-8.145233e+01
3.311936e+02
-9.910285e+00
-4.328643e+01
1.937508e+02
3.749605e+02
3.624883e+01
1.896793e+02
1.557423e+02
-7.384085e+01
2.881967e+02
-1.983500e+02
1.756718e+02
8.038001e+01
9.469861e+01
1.665840e+01
-1.193150e+02
-7.316299e+01
5.036994e+01
7.945566e+01
3.276207e+01
6.049307e+01
2.505272e+00
3.624114e+00
-3.650244e+01
1.441171e+01
1.355695e+01
4.891628e+01
-8.505986e+01
-1.116643e+02
1.329397e+02
-1.937344e+01
-1.842369e+02
4.641323e+01
9.650958e+01
-1.677008e+02
4.928049e+01
-3.119933e+01
1.412254e+02
-5.596383e+01
-9.287134e+01
4.322454e+01
-5.834695e+01
4.542494e+00
-4.987131e+01
5.817279e+01
-2.973439e+01
2.779963e+01
2.866184e+01
-3.512098e+01
9.725571e+00
1.530397e+01
-4.759491e+01
-2.259089e+01
5.421756e+01
2.413940e+01
-4.069032e+01
8.730901e+01
3.583593e+01
-6.655661e+01
-3.087288e+01
5.626209e+01
-3.540697e+01
-2.120884e+00
1.789130e+01
7.689940e+01
3.341727e+01
4.171787e+00
6.941975e+01
-4.838377e+01
-4.599839e+01
-5.057255e+01
-1.163390e+01
-3.544636e+01
2.716627e+01
-2.946894e+01
4.136409e+01
3.596238e+00
1.193482e+01
-4.226476e+00
-1.800256e-01
-1.526186e-01
-4.587518e-01
1.142862e-01
-1.240143e-01
-9.540252e-02
1.850090e-01
1.719439e-02
-2.280328e-02
-1.255629e-01
-1.089697e-01
-1.045324e-01
7.230587e-02
-8.715819e-03
9.651562e-02
7.190812e-02
-7.520399e-02
1.054962e-01
1.330133e-01
-7.240221e-02
2.032012e-01
-6.353560e-02
-4.017867e-02
-5.310951e-02
-1.135683e-02
7.072876e-02
3.059204e-02
-3.504271e-02
1.002084e-01
