-1.936924e-01
1.322110e+00
-2.014822e-01
5.916444e+01
1.853568e+02
-1.443331e+01
3.505743e-04
5.191828e+04
1.189649e+05
-2.763434e+05
-4.735401e+05
-7.587013e+04
-3.241387e+04
2.879127e+04
5.980065e+04
-1.234091e+04
-1.256156e+05
-8.766405e+04
1.609107e+05
9.087322e+04
-4.807271e+04
2.529552e+04
4.130354e+04
1.478843e+04
1.907947e+04
2.377875e+04
1.108779e+04
6.601092e+04
2.867647e+03
-5.004581e+04
1.229874e+05
2.542528e+04
-2.809223e+04
2.881619e+04
-1.273582e+05
-2.963515e+04
-4.567524e+04
-2.072661e+04
2.514213e+04
3.398029e+04
2.974676e+03
-5.840655e+03
1.640372e+03
-1.932259e+04
2.022617e+04
-8.849679e+03
-1.510184e+04
1.229250e+04
-1.176019e+04
-2.060890e+03
-9.648209e+03
1.217485e+04
2.743117e+02
3.336426e+03
1.948834e+04
1.306397e+03
-6.819695e+03
-1.509599e+03
6.721956e+03
8.164166e+03
-1.059972e+04
6.068757e+03
3.028677e+03
6.410025e+03
-5.756964e+03
6.911065e+02
5.247499e+01
-2.743431e+03
-4.333468e+03
-4.158150e+03
-4.996992e+03
-4.936299e+02
3.817947e+03
1.298098e+03
-2.334172e+03
-4.380461e+03
-1.460753e+03
-2.985810e+03
2.006243e+03
-1.722717e+03
-5.246170e+02
-5.663479e+02
3.263809e+03
2.282812e+03
-2.933856e+02
7.458490e+02
-1.772550e+03
-4.891133e+02
-3.140655e+02
1.775920e+03
-1.481629e+03
1.974747e+03
1.337501e+03
-2.115318e+03
6.246920e+02
-1.477293e+03
7.003136e+02
-3.179303e+03
5.775054e+02
7.061225e+02
-2.598540e+02
1.124642e+03
1.679626e+03
-9.652200e+01
-2.278883e+03
-4.219918e+02
-4.171514e+02
1.153561e+03
7.927753e+02
6.041587e+02
2.989582e+02
-1.243716e+03
-9.068375e+02
-3.020306e+02
4.684044e+02
8.794306e+02
-1.129110e+02
-1.541079e+01
3.333540e+02
8.361826e+02
7.494974e+02
1.206937e+03
-3.965941e+01
-6.233484e+02
-3.375141e+01
3.467416e+02
3.735674e+02
3.161178e+01
-1.738806e+02
6.578404e+02
-6.300007e+02
6.123234e+02
-3.567744e+02
4.882025e+01
3.965155e+02
-6.470389e+02
-4.107845e+02
1.776659e+02
9.061323e+01
-4.396761e+02
-2.278152e+02
4.801702e+02
-2.414564e+02
-5.037885e+01
-2.657694e+02
2.024853e+01
-3.103632e+00
-1.272492e+02
1.246166e+02
1.506560e+02
-7.897115e+00
-8.332343e+01
-7.044362e+01
-1.459725e+02
8.596074e+01
1.371979e+02
1.591491e+02
-1.965161e+02
4.441443e+02
2.651397e+01
-5.593259e+01
-4.562603e+01
-7.151364e+01
-2.367831e+02
-2.010855e+02
8.389731e+01
-3.074649e+01
2.056430e+02
-1.130661e+02
-1.464410e+02
2.138782e+01
-3.603813e+01
-5.410807e+01
-2.883164e+01
-1.115556e+02
-3.278056e+01
1.716242e+02
1.269629e+01
-1.778189e+02
6.086515e+01
4.478979e+01
1.014082e+02
-3.358310e+01
4.311575e+00
2.549330e+01
-7.153849e+01
-1.184900e+01
1.013242e+02
4.439939e+00
-9.116257e+01
1.155957e+02
9.095831e+01
-1.269267e+01
-6.097734e+01
4.170132e+01
3.984487e+01
-2.242884e+01
-4.961758e+01
-2.423178e+01
-8.278727e+01
3.257519e+00
-3.410162e+01
-1.624915e+01
3.057705e+01
3.540411e+01
1.895801e-01
-1.031043e+00
-1.805650e+00
-8.747423e-01
-2.065714e-01
1.665323e-01
1.083875e-02
1.888841e-01
2.145605e-01
-5.160169e-02
1.638641e-02
3.780346e-01
2.823240e-01
-1.844187e-02
-1.478711e-01
2.741923e-01
-8.488515e-02
-2.404954e-02
1.353378e-03
1.711937e-02
1.431479e-01
1.607607e-01
4.803021e-02
-2.936612e-02
-4.512505e-02
2.519040e-01
2.770492e-02
-1.305517e-01
4.914373e-03
2.206080e-02
