-1.233276e-02
4.399701e-01
1.613508e-01
4.295111e+01
1.743505e+02
-2.611327e+01
3.566619e-04
9.312360e+03
4.039200e+04
-1.504977e+05
-1.074397e+05
-8.390320e+04
4.971993e+04
1.623326e+04
-2.409349e+04
-6.855846e+04
7.212592e+03
2.966946e+04
9.674511e+04
-2.964537e+04
5.052097e+03
-7.773294e+01
1.084411e+04
1.500330e+04
1.143536e+04
4.691421e+03
-3.299657e+04
1.939006e+04
-1.866777e+04
4.495522e+03
1.235165e+04
-1.275937e+04
1.669263e+04
-3.611571e+03
-1.409782e+04
-1.703707e+04
-5.586073e+03
2.273418e+03
5.625616e+03
-5.940886e+03
-1.518030e+04
-9.275697e+03
8.845643e+03
-1.929029e+03
9.751483e+03
-8.194170e+03
9.328263e+03
5.265756e+03
-8.436553e+03
-4.601766e+02
-1.022128e+04
1.631748e+03
-5.369265e+02
-1.333566e+01
1.873992e+03
3.069448e+03
-3.557054e+03
7.372355e+03
8.864542e+02
-1.556128e+03
-4.002923e+03
2.683318e+03
-1.265505e+03
-2.080658e+03
1.791519e+03
1.682741e+03
3.465636e+03
-2.204264e+02
-3.443453e+03
-9.167928e+01
9.881425e+02
7.319728e+02
6.992754e+02
2.621715e+03
-9.296081e+02
-1.023755e+03
3.471093e+02
1.825250e+02
-3.338394e+03
-6.616788e+02
5.551392e+02
-3.614543e+02
1.339690e+03
1.918841e+03
1.379639e+03
1.405334e+03
-1.780381e+03
8.349756e+02
-3.532453e+02
1.519979e+03
-8.669979e+02
1.004718e+03
7.873212e+02
7.132012e+02
-1.009453e+03
1.129555e+02
1.019242e+03
-1.455045e+02
4.098852e+02
4.605439e+02
-3.857749e+02
3.045801e+01
6.055311e+02
-5.130342e+02
1.649265e+02
-6.748471e+02
6.566918e+02
7.683273e+02
5.071057e+02
4.877396e+02
3.697585e+02
2.782867e+02
-4.521483e+02
2.689171e+02
1.338329e+02
2.332044e+02
1.101813e+02
-2.696675e+02
-6.546120e+01
5.538341e+02
-4.238091e+01
5.256153e+02
9.453635e+00
-2.741751e+01
-2.020058e+02
-5.832936e+01
3.192765e+02
3.812729e+02
-9.691437e+01
2.106154e+02
1.809143e+02
3.092628e+02
1.599637e+02
9.199478e+00
3.519815e+01
-2.784255e+02
1.236997e+02
-1.293184e+02
1.098530e+02
-6.411411e+01
-6.291760e+01
2.421258e+02
-3.341970e+01
2.147549e+02
4.619646e+01
-3.825613e+01
-4.326706e+00
-1.685307e+02
8.595368e+01
1.278779e+02
-6.771466e+01
1.364547e+02
-1.091322e+02
-2.452336e+01
-1.902674e+02
-1.259254e+02
1.225602e+02
-2.352418e+01
9.865133e+01
-3.699798e+01
3.124260e+01
1.223681e+02
-8.450944e+01
1.617888e+01
-4.544164e+01
2.267290e+01
8.546867e+00
1.928833e+02
-2.213621e+00
-5.264505e+01
5.708239e+01
5.112405e+01
-2.320474e+01
7.957903e+01
1.344561e+01
-6.403175e+01
2.789142e+01
6.677345e+00
-3.954239e+01
4.769578e+01
1.402179e+01
-6.117424e+00
4.187742e+00
3.251212e+01
2.815556e+01
-3.943600e+01
-3.576189e+00
-1.075529e+00
-4.787646e+01
-2.857132e+01
6.908955e+01
2.450704e+01
-3.143752e+01
-1.300155e+01
2.614911e+01
-9.225962e+00
2.912029e+01
-6.297879e+00
-1.877055e+01
-4.915011e+00
3.787245e+01
-2.912022e+01
3.902995e+01
2.500317e+01
7.272666e+00
1.560588e+01
-5.886908e-01
-3.575329e-01
5.393142e-02
-1.518637e-01
3.912180e-02
-4.093615e-02
3.321041e-01
1.025694e-01
-1.040817e-01
-1.303654e-02
2.354479e-01
2.303582e-02
1.356241e-01
-1.204208e-01
5.449010e-02
2.478165e-02
-3.247068e-02
5.396872e-02
4.673688e-02
4.349244e-02
9.295871e-03
6.940361e-02
-1.514353e-02
-9.687201e-02
9.402865e-02
-2.145127e-03
-1.360170e-02
3.229278e-02
-4.057436e-02
