-4.158306e-01
-1.108658e+00
3.254884e-01
5.575111e+01
1.878076e+02
-1.424490e+01
3.373485e-04
-1.935163e+05
-1.393034e+05
4.787064e+05
-1.251594e+05
4.910449e+03
2.294789e+05
-2.409360e+05
1.488565e+05
-1.590538e+05
6.502878e+04
1.036310e+05
7.874203e+04
-7.233445e+04
-3.781476e+04
1.284122e+04
-1.832867e+04
2.570192e+04
-1.012521e+04
-7.165159e+04
-3.148740e+04
-1.795322e+04
-2.537541e+03
-9.446201e+03
-5.408759e+04
-4.344477e+04
-2.153366e+04
-1.548996e+04
1.183314e+04
1.331108e+04
-3.352089e+03
1.612751e+03
2.468342e+03
6.001070e+03
7.145147e+03
-1.090792e+04
-6.807774e+03
-8.144049e+03
2.843716e+03
3.288000e+03
1.934772e+03
1.073516e+04
-1.118312e+04
-2.619771e+03
1.272887e+04
3.455285e+03
6.476147e+03
-3.782471e+03
-1.953268e+03
5.460386e+02
-3.197258e+02
7.276711e+03
-4.143394e+03
-6.025438e+03
-5.839443e+03
-1.139633e+03
-5.916026e+02
-5.151476e+03
2.827269e+02
3.765735e+03
4.919149e+03
8.568803e+03
-5.663164e+03
8.984772e+02
3.700442e+03
4.191968e+03
2.719862e+03
9.058237e+02
1.357545e+03
7.305134e+02
4.312749e+03
-4.681483e+02
-4.203560e+03
-1.229031e+03
-1.614732e+03
4.242238e+02
-3.419252e+03
2.132169e+03
-2.230341e+02
2.232164e+03
-3.037029e+02
7.501456e+02
-9.981420e+02
2.333162e+02
1.187088e+03
-4.375580e+02
2.923762e+03
2.226417e+03
-6.614671e+01
1.028041e+03
2.104838e+03
-4.893890e+02
3.649662e+02
1.428504e+02
-1.673207e+03
-7.727980e+02
3.568770e+01
-6.137872e+02
1.260625e+03
-9.735114e+02
7.591393e+02
-1.639005e+02
1.700617e+03
1.064185e+03
7.066594e+02
1.592224e+03
-1.639686e+02
3.286439e+02
-4.315095e+02
-1.246406e+01
-3.658633e+02
-5.579083e+01
-5.426228e+02
6.921302e+02
-2.360969e+02
1.866471e+02
-2.684782e+02
4.453105e+02
5.403329e+01
-3.367041e+02
1.288960e+02
3.249196e+02
1.848913e+01
-7.436382e+02
-1.485293e+02
7.993560e+01
-6.158302e+01
6.240242e+01
-7.512343e+01
-3.439111e+02
2.849020e+02
-3.845110e+01
7.612304e+01
-3.835114e+00
4.413208e+01
3.288868e+01
-8.392661e+01
2.552869e+02
-1.157354e+02
6.909119e+01
7.653268e+01
-1.519100e+02
6.736592e+01
2.008347e+02
1.526029e+02
-6.052408e+00
-1.303814e+02
1.283110e+02
-4.030839e+01
2.248657e+01
-4.047845e+01
1.283576e+02
-3.006079e+02
2.330368e+01
3.177600e+02
-7.014206e+01
-7.809344e+01
7.336543e+01
-1.141837e+02
-2.290532e+01
-1.056509e+01
1.114500e+02
-1.721006e+02
-4.077576e+01
5.880992e+01
1.939218e+02
1.426826e+02
9.443791e+00
-6.617338e+01
-8.874310e+01
-4.341855e+01
4.607179e+00
-1.103508e+02
-2.704935e+01
1.248565e+02
4.766860e+01
-9.425270e+01
1.439989e+00
9.943125e+00
4.337725e+01
9.989308e+01
7.023846e+01
-7.311808e+01
1.767659e+01
-1.166050e+01
6.694922e+01
-1.141243e+00
1.539020e+01
4.084877e+01
-2.822538e+01
-8.118230e+01
-2.938316e+01
-3.208804e+01
1.477419e+01
1.805081e+01
-6.941058e+01
-1.120091e+01
-6.381419e+01
1.852300e+01
6.490291e+00
-6.332067e-01
-1.119951e+00
3.140918e-01
-3.873827e-01
1.451448e-01
-2.321127e-01
-5.433320e-01
4.813696e-01
8.032016e-02
1.601720e-01
1.504825e-01
-6.804366e-01
1.877916e-01
1.687968e-01
3.628030e-01
1.485276e-01
-2.047022e-02
8.937063e-02
3.135074e-02
-1.877151e-01
1.676265e-01
-9.484523e-03
-9.131810e-02
8.383401e-02
4.080714e-02
7.972627e-02
-4.869661e-02
-3.728027e-02
2.054777e-02
