-7.705933e-02
3.569039e-01
-1.218928e-02
4.437333e+01
1.796694e+02
-2.365465e+01
3.425931e-04
-2.374184e+05
-4.343875e+04
3.796584e+05
-1.014204e+05
-3.716182e+04
6.679466e+04
-1.928422e+05
1.024882e+05
-1.637422e+05
1.047125e+05
2.112042e+04
6.339568e+04
-1.443074e+04
-4.521620e+04
8.212962e+03
6.268629e+03
-1.123573e+04
-1.001053e+04
-4.743923e+04
-1.533054e+04
-3.625762e+04
-1.541222e+04
-1.651881e+04
-4.139768e+04
-1.555419e+04
-1.107520e+04
-1.036025e+04
1.572901e+04
2.162286e+04
1.186223e+04
-4.368191e+03
-4.291836e+03
8.407341e+03
3.664352e+03
-1.487238e+04
3.153262e+03
-1.115503e+04
9.953895e+02
-6.754791e+03
2.974547e+03
6.868430e+02
-8.381023e+03
1.916574e+03
7.868596e+03
-3.197880e+03
-4.862684e+02
-1.687472e+03
-5.697313e+03
4.585624e+03
6.370560e+02
6.941684e+03
7.614575e+02
-1.163873e+04
-4.465900e+03
-3.459632e+03
-7.456738e+01
-4.993354e+03
7.511375e+02
2.907877e+03
5.963148e+03
6.488949e+03
-2.811721e+03
-6.357314e+02
2.631756e+03
3.261957e+03
1.493834e+03
-1.207169e+03
1.753754e+03
1.576564e+03
1.066165e+03
-2.989927e+02
-4.251222e+03
-7.320877e+02
-7.803536e+02
2.604688e+02
-1.988345e+03
2.143047e+02
1.535417e+03
2.400316e+02
-4.911226e+02
6.719942e+02
-5.693476e+02
1.411557e+03
2.338364e+02
-8.075446e+01
2.349594e+03
2.228860e+03
-8.247984e+02
1.947752e+02
2.149751e+03
-5.005555e+02
8.792648e+01
4.468981e+02
-8.885849e+02
-5.269257e+02
-2.403344e+02
-1.106839e+03
1.249328e+03
-4.787149e+02
5.180972e+02
4.048951e+02
1.068862e+03
1.159757e+03
5.239752e+02
1.355599e+03
-3.119561e+01
4.742369e+02
-2.700577e+02
-5.768348e+02
-2.019227e+02
-3.023358e+02
-6.606719e+02
3.155788e+02
-4.091905e+02
1.724982e+02
-4.318196e+02
4.591183e+02
3.089993e+02
-2.098230e+02
1.137404e+02
1.544329e+02
-1.892199e+02
-3.982641e+02
8.981142e+01
1.349058e+02
-1.934060e+01
1.692801e+02
-3.831031e+02
-3.030117e+01
6.147897e+02
-1.058863e+02
1.253180e+02
3.328200e+02
-3.657265e+01
-9.831385e+01
8.790044e+01
7.061034e+01
-1.118510e+02
4.536357e+01
3.573715e+01
-2.660443e+02
-3.331602e+01
2.307634e+02
9.498827e+01
1.497016e+02
1.374450e+02
3.622959e+00
-9.832233e+01
-2.430723e+01
1.912331e+00
2.161406e+02
-1.437015e+02
-3.178827e+01
1.967683e+02
-5.169357e+01
-3.611873e+01
5.249259e+01
-8.860799e+01
-7.092045e+00
-1.011041e+01
1.077655e+02
-1.810527e+02
7.527542e+01
7.117359e+01
1.721646e+02
1.266735e+02
7.720226e+01
-2.037424e+01
-2.407620e+01
2.047497e+01
8.429045e+00
-5.586433e+01
-1.389793e+00
8.203183e+01
-3.076174e+01
9.962157e+00
4.929255e+00
4.953066e+01
-7.712927e+00
6.165430e+01
8.940286e+01
-8.909286e+01
6.913548e+00
1.195852e+01
3.764949e+01
-3.246907e+01
-8.992488e+00
5.942323e+00
-3.049015e+01
-6.640718e+01
1.754994e+01
-2.805161e+01
1.996644e+01
4.242624e+00
-4.113170e+01
3.664811e+01
-3.904279e+01
1.194017e+01
1.828181e+01
-1.497161e+00
3.235436e-01
-3.848753e-01
6.999108e-01
2.365897e-01
-6.318613e-03
-6.696319e-02
-3.389515e-01
-3.866656e-02
-1.743694e-01
2.984467e-01
-3.292663e-01
-1.366432e-01
5.101846e-02
2.194672e-01
1.929345e-01
-2.237683e-02
-1.084693e-01
-1.347054e-01
-9.288660e-02
-1.486844e-01
1.241325e-01
-7.458171e-02
-4.706333e-02
2.047013e-02
1.238965e-03
3.810677e-03
-5.542484e-02
-4.031327e-02
