-8.855458e-02
-9.798896e-01
3.861196e-02
5.404445e+01
1.800039e+02
-1.892115e+01
3.453086e-04
9.481129e+04
-6.968027e+04
-1.805247e+05
1.459813e+05
-9.959928e+04
4.058309e+04
2.298744e+04
-8.525143e+04
-1.741578e+04
7.797305e+04
2.129834e+04
1.117271e+05
-1.757230e+03
-3.365530e+04
-2.178861e+04
4.039947e+04
1.730329e+04
2.739389e+04
-8.456933e+03
5.720789e+03
1.794494e+04
-2.855397e+04
7.443177e+03
-1.223990e+04
-2.389974e+04
-3.857175e+03
-2.050807e+04
-1.280843e+04
-3.262162e+03
-1.041415e+03
3.144530e+03
8.176410e+03
-3.167109e+03
-5.497700e+03
5.710020e+01
-9.631076e+02
-1.092297e+03
7.496685e+03
-1.096498e+04
1.403020e+02
8.771059e+03
2.314749e+03
-1.064047e+03
-8.669252e+03
-1.249748e+03
-4.725432e+02
3.751746e+02
9.881287e+02
3.452408e+03
-3.424611e+03
7.661094e+03
-7.235204e+01
-3.784493e+03
-1.275703e+03
-1.567091e+03
-1.316207e+03
-2.770132e+03
2.012642e+03
3.115567e+03
1.047166e+03
-3.185369e+03
-2.965589e+03
1.776355e+03
1.877438e+03
1.643678e+03
-1.639799e+03
1.771246e+03
1.628967e+02
3.649146e+02
1.355495e+03
1.895994e+03
-3.045571e+03
-1.535461e+03
8.804720e+02
-4.194455e+02
8.885612e+01
-3.430186e+01
1.588343e+03
8.006122e+02
-1.303891e+03
8.218720e+01
-2.497768e+02
5.734927e+02
-3.313777e+02
-6.406356e+02
1.409445e+03
6.297448e+02
-1.198909e+03
7.394403e+02
4.653520e+02
-1.539821e+02
3.457278e+02
3.211733e+02
-3.024446e+01
1.997085e+02
3.776910e+02
-1.746098e+02
-1.257709e+02
-4.457459e+02
8.526517e+02
7.636401e+01
3.082274e+02
2.923850e+02
-5.890132e+02
4.130106e+02
-1.911302e+02
1.801565e+02
-7.081422e+01
4.603376e+02
1.512808e+02
-7.567725e+01
-7.631544e+01
2.243060e+02
-2.581682e+02
-3.003594e+02
-1.044674e+02
1.075303e+02
-3.185648e+02
-1.079501e+02
1.792041e+02
3.325162e+02
-3.149885e+01
1.687884e+02
3.235836e+02
4.219229e+02
2.566313e+02
2.108092e+02
1.834541e+02
-1.392340e+02
1.929296e+02
-8.340159e+01
-2.272530e+01
-1.598139e+02
-6.889069e+01
2.258068e+02
5.999260e+01
1.613654e+01
5.494447e+01
3.777552e+01
5.706399e+01
-1.804406e+02
1.912835e+02
8.392954e+01
-8.600133e+01
-2.776735e+01
1.045261e+02
5.360296e+01
-1.452004e+02
-1.189023e+02
1.774001e+02
4.771191e+00
-4.461888e+00
-3.126400e+01
1.120771e+01
2.568254e+01
1.880763e+01
4.417085e+01
3.225577e+01
-5.210460e+01
-8.527764e+01
5.683017e+01
7.297483e+01
-3.006300e+01
2.637465e+01
8.615572e+01
-6.604079e+01
-8.954370e+00
5.235389e+01
-7.150285e+01
1.543707e+01
-3.811601e+01
-6.617587e+01
7.067086e+01
-1.038328e+00
3.095468e+01
2.719320e+01
3.369687e+01
3.418682e+01
-7.781729e+01
-3.695809e+01
-1.249623e+01
4.596141e+00
-1.412678e+01
3.630043e+01
-4.122581e+00
-2.763738e+01
3.445250e+01
3.620795e+01
-1.929955e+01
1.157249e+01
-2.878226e+01
-1.718219e+00
-1.822390e+01
2.408608e+01
-7.852962e+00
2.764964e+01
1.237624e+01
1.825281e+01
4.434039e+00
2.707489e-01
6.336942e-01
-5.831744e-01
1.019861e-02
1.580492e-02
-2.132516e-02
3.836200e-01
9.366964e-03
-4.940035e-02
-1.665101e-01
-2.488393e-01
-1.036737e-01
1.586184e-01
3.224100e-02
-1.305444e-01
7.317567e-02
-1.004048e-02
8.138082e-02
1.078382e-01
-6.876726e-02
6.549336e-02
2.081031e-02
-1.848566e-02
-2.000912e-02
-1.089193e-01
5.298051e-02
-4.104892e-02
-6.636390e-02
7.242558e-02
