2.465144e-01
5.067891e-01
4.486005e-01
3.840000e+01
1.521538e+02
-2.396269e+01
3.077956e-04
-2.246994e+05
2.573875e+05
-3.251235e+05
-5.804697e+05
7.147673e+03
-1.874221e+05
6.212459e+04
1.515712e+04
-2.077957e+05
-3.166672e+04
-1.657908e+05
1.788434e+05
4.173357e+04
7.833681e+03
-4.031765e+04
-2.943566e+04
7.665740e+04
-2.078871e+04
3.178348e+04
3.128815e+03
2.032988e+04
-1.852669e+04
-4.869029e+04
9.773016e+03
-1.673182e+02
-3.781473e+04
-9.386375e+03
-3.204389e+04
-2.521505e+04
-9.913362e+03
-1.613196e+04
1.261996e+04
2.062847e+03
-7.461135e+03
-1.380514e+04
1.763771e+04
-1.984081e+04
5.964185e+03
-7.990032e+03
2.892741e+04
-2.660793e+03
-1.421399e+04
2.966773e+02
-2.084188e+03
-4.060926e+03
-7.720077e+02
1.855526e+03
3.224550e+03
1.862488e+03
3.327210e+03
6.799904e+03
8.260536e+03
-1.514852e+02
-7.824028e+03
4.439058e+03
1.861614e+03
2.507837e+03
-2.206921e+03
3.715004e+03
1.245885e+02
5.734508e+03
-1.043048e+03
3.502552e+02
-1.524022e+03
1.984324e+03
4.856734e+03
-7.959154e+02
-2.269629e+03
-2.227530e+03
-2.666818e+03
-3.032774e+03
-3.507988e+03
-2.879377e+02
-2.547000e+03
-2.024018e+02
1.369371e+02
1.592741e+03
1.474983e+03
-1.154107e+03
-1.886751e+03
2.462612e+02
1.564471e+02
2.221482e+03
3.933462e+02
8.241185e+02
8.414462e+02
1.315172e+02
-1.935663e+02
-2.856385e+02
1.624668e+03
-7.259597e+02
-5.359600e+02
-5.314822e+02
-8.773606e+01
-2.152018e+02
1.134884e+03
-5.751129e+02
2.169349e+01
-1.332968e+03
-4.205044e+02
1.300590e+03
1.624479e+03
1.259241e+03
9.094246e+02
-2.052406e+02
-2.403185e+02
-5.197859e+02
3.077581e+02
5.086225e+02
3.000204e+02
-6.757449e+02
-5.829348e+02
3.315930e+02
4.890673e+02
1.006541e+03
-1.063127e+02
-4.651562e+02
5.073806e+02
-3.191202e+02
2.798957e+02
-2.318737e+02
-2.935663e+02
2.748253e+02
8.978281e+01
3.484803e+02
-4.092681e+02
2.704010e+01
-1.910665e+02
-3.475281e+02
3.572971e+01
-1.280844e+02
1.595827e+02
-2.408997e+02
-2.118556e+02
1.901980e+01
1.768242e+02
3.823695e+02
-1.325531e+02
7.232314e+01
-6.313708e+01
-1.998755e+02
-2.260892e+02
1.857765e+02
2.301185e+02
2.599678e+02
-1.156984e+02
-1.656151e+02
1.024971e+02
1.070074e+02
-3.157811e+01
1.240907e+02
2.213337e+02
-1.042442e+02
1.853513e+01
7.857934e+01
-1.424576e+02
-1.142837e+02
-3.422799e+02
6.531512e+00
-9.343657e+01
2.511773e+02
-2.919863e+02
-8.976747e+01
3.690776e+01
8.252678e+00
1.569174e+02
9.000302e+01
-6.425236e+01
-9.642706e+01
9.157353e+01
1.627101e+01
-8.329364e+01
2.383636e+01
-4.853912e+00
1.797629e+01
8.140388e+00
-2.923355e+01
4.415828e+01
-4.163284e+01
7.229227e+01
9.692425e+01
-1.598111e+02
-7.793972e+01
5.324981e+01
-6.553132e+00
-4.975843e+01
6.372401e+00
-1.478116e+01
1.040760e+01
-7.482690e+00
5.294583e+01
-5.145884e+01
-1.068656e+01
-2.547059e-01
-3.716617e+01
3.364394e+01
-1.596142e+00
4.079172e+00
2.123600e+01
-3.184639e+00
-1.229688e+00
-4.023758e-01
-4.135544e-01
5.537404e-01
2.153543e-01
-4.151221e-01
-6.846535e-01
1.785401e-01
1.393800e-01
1.204747e+00
2.889195e-01
-1.087237e-01
-6.460396e-02
2.653743e-01
1.644591e-01
-2.739617e-02
-1.959908e-01
-1.803250e-01
2.311549e-01
-2.447696e-01
2.267289e-01
-7.781734e-02
-2.219104e-01
2.601231e-01
3.727343e-02
-1.049923e-01
1.236834e-01
6.739944e-02
