-1.872708e-01
-8.733913e-01
8.557588e-02
5.034667e+01
1.823018e+02
-1.940169e+01
3.512184e-04
-1.832105e+05
9.344589e+04
3.664406e+05
-9.538242e+03
3.965218e+04
1.256678e+04
-1.756456e+05
1.366154e+05
-1.444169e+05
7.649245e+04
-1.818723e+04
2.973985e+04
-7.929778e+04
-3.436717e+04
-3.826182e+04
2.210221e+04
4.504424e+01
-3.098874e+03
-6.470953e+04
-1.208283e+04
-1.870986e+04
-2.744949e+04
-5.083345e+04
-5.425250e+03
8.114794e+02
-3.985390e+03
2.532503e+03
1.063344e+04
6.007924e+03
-8.542528e+03
7.073126e+03
-2.543146e+04
-1.524113e+04
-9.990260e+03
-1.214246e+04
6.399641e+03
-4.500894e+03
7.914024e+03
-3.674133e+03
6.565084e+03
4.039941e+03
-8.632127e+02
1.465844e+03
1.115962e+04
5.357788e+03
1.558842e+03
4.418365e+03
-4.927211e+03
-8.763840e+02
-1.722330e+02
8.999492e+03
-2.311705e+03
-9.913067e+03
-3.534843e+03
-3.686272e+03
4.848336e+02
-3.154100e+03
5.946348e+02
2.881175e+03
6.980214e+03
4.116636e+03
-3.355948e+03
1.420381e+03
5.410670e+03
5.163883e+03
1.391238e+03
-7.066284e+02
-9.402139e+02
1.753413e+03
2.055863e+03
9.236191e+02
-5.481016e+03
-2.958946e+03
1.047901e+03
4.182335e+02
-1.524545e+03
1.016765e+03
2.621369e+03
6.663828e+02
-2.139297e+03
2.990550e+02
-1.673781e+03
1.988971e+03
1.960489e+02
-1.428514e+03
1.656866e+03
2.196794e+03
-1.499080e+03
4.964398e+02
2.230887e+03
8.303700e+01
2.099162e+02
-1.106994e+02
-1.286310e+03
-9.222498e+02
1.534849e+02
-1.096559e+02
1.215875e+03
-1.148875e+03
-1.209078e+02
3.608394e+02
8.687980e+02
1.089169e+03
3.968588e+02
9.796043e+02
-3.217249e+02
6.973460e+02
-5.665474e+02
-5.023912e+02
-7.224852e+02
6.473152e+01
-5.821321e+02
8.131435e+02
-7.375621e+02
2.126984e+02
-6.304816e+02
4.918359e+02
7.199639e+01
1.440534e+02
-7.000849e+01
3.742205e+02
-1.638067e+02
-2.381514e+02
7.693762e+01
1.186080e+02
1.841404e+02
1.458218e+02
-1.300940e+02
-1.090085e+02
3.971810e+02
-2.867895e+01
1.217355e+02
1.382879e+02
5.316750e+01
-1.854656e+02
-8.156840e+01
1.268705e+02
2.133752e+00
2.282697e+02
-2.182320e+02
-1.639902e+02
-4.295505e+01
1.101571e+02
1.795957e+02
7.554776e+01
-1.149381e+02
3.135046e+01
-2.041972e+01
-1.013688e+01
-4.052762e+01
1.356046e+02
-8.397209e+01
3.831967e+01
2.935309e+02
2.033170e+01
-1.253435e+02
6.288606e+01
-1.156956e+02
-4.688671e+01
1.105951e+01
1.324966e+02
-1.575963e+02
-1.817872e+01
3.598978e+00
1.288607e+02
5.985127e+01
7.831442e+01
-1.525532e+02
-4.648347e+01
-2.539277e-01
6.975687e+01
-8.965726e+01
-7.163766e+01
9.679594e+01
-4.258540e+01
-3.801665e+01
4.442976e+01
3.154486e+01
2.815335e+01
4.291103e+01
4.754827e+01
-8.591852e+01
-9.201065e+00
-6.021522e+00
2.752425e+01
1.707636e+01
1.446941e+01
3.297467e+01
-2.202952e+01
-5.818959e+01
4.101221e+00
-2.143631e+01
4.461879e+01
5.086510e+01
-5.015747e+01
1.147593e+01
-5.125112e+01
5.105395e-01
1.293246e+01
-3.552264e-01
-1.027762e+00
2.890560e-01
-7.777742e-01
2.546443e-02
-2.441791e-01
-4.284067e-01
-1.609451e-02
-1.931948e-02
1.201029e-01
2.387515e-01
-4.206719e-01
1.306174e-01
1.301672e-01
2.169836e-01
1.969923e-01
-1.468829e-03
2.968089e-02
4.757548e-03
-2.595037e-01
-4.682275e-02
5.120403e-02
2.854512e-02
1.056993e-02
-5.652375e-02
-3.459989e-03
2.814732e-02
2.854888e-02
-6.814566e-02
