-8.970507e-02
1.526123e+00
2.453149e-01
5.319111e+01
1.808094e+02
-9.831299e+00
3.513966e-04
-1.656007e+04
9.187670e+04
-1.023866e+05
-2.767014e+05
-3.006067e+04
2.000149e+04
7.645672e+04
1.554297e+04
-9.344850e+04
-9.751315e+04
-1.289473e+05
1.123887e+05
6.846462e+04
3.114050e+03
4.241225e+04
-3.610801e+04
5.818724e+04
-2.481764e+04
7.541476e+03
-1.240439e+04
-1.934946e+04
-6.983104e+03
4.223933e+03
1.307395e+04
-8.536624e+03
-3.420234e+04
-2.677691e+03
-1.347350e+03
-8.487312e+03
-1.459602e+04
-8.399561e+03
1.829571e+04
2.660409e+04
4.282656e+02
4.045176e+03
-1.083130e+04
-1.043574e+04
-3.003021e+03
-6.117935e+02
1.346912e+04
6.042393e+03
-7.612668e+03
1.876501e+03
9.237951e+03
-1.510701e+02
-1.483832e+03
3.342819e+03
9.867159e+03
-4.115375e+03
2.489889e+03
-5.142817e+02
4.353957e+03
-3.769276e+02
-5.434978e+03
1.958826e+03
3.114885e+03
2.063418e+03
3.668202e+02
3.609925e+03
2.657174e+02
5.136134e+02
-3.363345e+03
2.312265e+03
-3.383530e+03
-1.017288e+03
5.076454e+02
1.403630e+03
-7.280723e+02
-2.222959e+03
-1.320815e+03
4.953262e+02
1.441855e+02
-7.815688e+02
-1.496731e+03
-2.086964e+03
6.879885e+02
1.574905e+03
2.152794e+02
1.415908e+03
-6.480356e+02
-3.807305e+02
1.044136e+03
-1.755811e+02
4.051451e+02
1.491399e+03
8.458971e+02
5.207703e+02
-7.689302e+02
-1.959161e+01
1.296494e+03
-1.087892e+03
-2.407969e+02
-3.992903e+02
-4.109985e+02
-3.733346e+02
7.749213e+02
-3.314035e+02
-1.572947e+03
-4.607253e+01
3.577985e+02
1.037462e+03
9.291576e+02
7.714783e+02
1.135353e+03
-6.082465e+02
-1.263425e+03
3.129556e+02
1.267352e+02
4.372124e+02
1.288797e+02
-6.873994e+02
-3.666798e+01
4.489958e+02
6.500883e+02
5.888196e+02
3.384474e+02
-4.557657e+02
1.951374e+02
-2.464582e+02
7.333601e+01
2.052448e+02
-1.882212e+02
-1.788094e+02
5.668449e+01
6.724218e+02
-4.576805e+01
9.428610e+01
1.752791e+02
-1.435826e+02
-3.911673e+02
-1.336410e+02
-1.324128e+02
-5.944538e+02
-2.588879e+02
2.883165e+02
-3.765108e+01
2.415807e+02
-1.509862e+00
-9.136523e+01
7.194582e+01
-5.579247e+01
-2.613702e+01
1.726115e+02
1.671927e+02
-4.470865e+00
-1.546898e+02
-1.189525e+01
6.649018e+01
-5.187117e+01
5.841619e+01
2.489986e+01
1.576775e+02
-4.311258e+01
9.663509e+01
-2.108014e+01
5.734446e+01
-4.699399e+01
-1.417508e+02
-9.452210e+01
-4.075126e+01
1.574896e+02
-1.398589e+02
-7.916603e+01
-8.068501e+00
1.093095e+01
3.878810e+01
2.711076e+01
6.801261e+01
-1.047424e+02
7.797193e+01
-8.454697e-01
-7.876585e+01
5.087825e+01
-1.362347e+01
5.471862e+01
-6.816984e+01
-1.963249e+01
3.974150e+01
-6.263668e+01
3.400428e+01
7.913503e+01
-3.852351e+01
8.415980e+00
8.062802e+01
5.358421e+01
-2.378876e+01
-1.290908e+00
2.949273e+01
2.118622e+01
1.807136e+01
-1.497483e+01
-1.773332e+01
-3.985275e+01
-1.151492e+01
-3.179703e+01
-2.989063e+01
3.475900e+01
1.084745e+01
-9.442370e+00
-7.265323e-01
-1.038615e+00
3.667995e-02
-5.484993e-01
6.661028e-01
-2.883524e-01
7.774728e-03
2.350500e-01
2.141553e-01
1.495415e-01
3.770021e-01
2.100211e-01
-5.507259e-02
-2.051208e-01
1.425193e-01
-6.224076e-02
-1.658709e-02
1.063340e-02
-3.218237e-02
2.361145e-01
7.800212e-02
5.339437e-02
9.647213e-02
-9.050359e-02
1.562357e-01
3.590305e-02
-4.982748e-02
1.646918e-02
4.168790e-02
