-2.455539e-01
-4.194946e-01
2.212553e-02
4.864000e+01
1.967925e+02
-2.635671e+01
3.560855e-04
-7.840676e+04
6.919471e+04
1.580976e+05
-1.851280e+04
4.398393e+04
-3.128140e+04
-1.337437e+04
6.103664e+03
-7.070405e+04
7.726188e+04
-5.815932e+04
6.419211e+04
3.135851e+04
5.636062e+03
-2.233191e+04
-2.010254e+04
4.200523e+04
8.963680e+03
-4.488707e+04
2.425505e+03
1.314651e+03
-1.166261e+04
-1.056787e+04
-5.549453e+02
1.092608e+04
-1.184387e+04
-9.347039e+03
-1.244259e+04
-4.228273e+03
1.383482e+04
-4.495417e+03
5.901280e+03
8.776221e+03
3.427025e+03
9.346757e+03
-2.410899e+03
-1.295827e+04
6.818203e+03
3.258148e+03
2.269073e+03
5.184661e+03
-2.904400e+03
4.007160e+03
9.760150e+03
3.596945e+03
-9.622739e+01
6.779363e+03
6.354954e+03
-3.378942e+03
-1.710221e+02
3.842063e+02
-7.129041e+02
4.878713e+02
-5.946890e+03
2.265770e+03
2.107031e+03
7.837943e+02
5.328319e+02
1.372043e+03
-9.324135e+02
2.306626e+02
-2.604175e+03
1.038140e+03
1.963729e+03
2.935577e+03
9.191208e+02
7.432622e+02
-1.884454e+03
-1.327491e+02
5.762915e+02
-3.035695e+02
-1.767037e+03
-1.324699e+03
-8.946373e+02
-8.163779e+02
5.454061e+02
6.150173e+02
7.220156e+02
1.204245e+03
-8.723621e+02
-2.582748e+02
6.899029e+02
4.549573e+02
3.290933e+02
-3.082173e+02
1.280852e+03
8.181535e+02
-1.624312e+02
2.205338e+02
1.065597e+03
-3.433019e+02
-2.029596e+02
-3.854422e+02
-2.698735e+02
-2.164535e+02
8.118700e+02
-3.727455e+02
-2.271495e+02
-4.536697e+02
8.514109e+01
3.587850e+02
1.155948e+03
4.978799e+02
6.514965e+02
1.209083e+02
-2.826148e+02
3.129047e+02
-2.625953e+02
6.383813e+00
-3.515940e+02
-3.433489e+02
-3.668979e+02
6.579265e+02
-1.290276e+00
3.590651e+02
-2.583442e+01
1.063480e+02
-1.034218e+01
-1.966966e+02
1.209111e+02
1.917532e+02
1.577198e+02
7.267040e+00
-5.887241e+00
4.305844e+02
1.614033e+02
1.291211e+02
6.939880e+00
-1.079535e+02
-1.293753e+02
1.434398e+02
-1.041580e+02
-3.636085e+02
-4.242728e+01
-3.929057e+00
-8.232418e+01
7.068673e+01
-7.476319e+01
5.443737e+01
-1.486294e+01
3.659255e+01
5.133883e+01
1.091423e+02
1.057302e+02
-8.867668e+01
-1.414199e+02
1.171779e+02
1.822518e+00
4.482193e+01
8.366563e+01
1.280262e+02
9.539243e+01
7.017772e+00
9.956115e+01
-2.815027e+01
3.676877e+00
7.270525e+01
-1.195148e+02
-6.064363e+01
-8.158379e+01
1.064811e+02
-1.598219e+02
-4.838914e+01
1.258218e+01
8.298360e+01
-3.928520e+00
1.117574e+01
-2.198707e+01
-7.249173e+01
5.124656e+01
1.567285e+01
-1.292852e+02
8.229071e+00
2.044991e+01
8.411034e+01
-4.527983e+01
3.640421e+01
-2.043477e+01
-1.237646e+01
6.568423e+01
6.903883e+01
-2.428068e+01
-2.870155e+01
5.170039e+01
2.052234e+01
-4.800724e+00
1.680599e+01
2.433389e+01
2.650082e+00
-1.349010e+01
-1.854573e+01
-1.174604e+01
-7.981600e+00
3.009736e+01
-2.617395e+01
-1.555496e+01
-8.947977e+00
2.653818e+01
-6.941779e+00
1.302739e-01
-1.240458e+00
-5.092497e-01
-8.125901e-01
-1.072093e-01
-4.695353e-01
-4.384392e-01
2.713076e-01
1.055887e-01
-2.364060e-02
3.216623e-01
-1.050630e-01
4.141057e-02
-7.737232e-02
2.795602e-02
1.026949e-01
-6.048626e-02
-1.929164e-02
-1.758930e-02
-9.014463e-02
-2.706963e-02
-4.760838e-02
7.234504e-04
-1.497656e-01
-2.171610e-02
-6.290439e-03
1.963338e-03
-4.704662e-03
3.300780e-02
