-2.708994e-01
-6.892059e-01
2.247689e-01
5.176889e+01
2.008182e+02
-2.326528e+01
3.522776e-04
-9.339768e+04
-3.232293e+05
4.574938e+04
1.832345e+05
1.010021e+05
-1.133432e+05
3.498895e+04
-9.590603e+04
-1.660077e+05
-3.915681e+03
-1.179527e+05
3.903632e+04
-4.360428e+03
-3.170366e+04
-3.307899e+04
-3.842973e+04
-2.542268e+04
-3.014206e+03
1.686253e+04
-2.468228e+04
-4.895342e+03
-2.246754e+04
-2.490311e+04
-2.682816e+04
2.315336e+04
-1.087193e+04
-2.350268e+04
6.104153e+02
-6.414437e+03
-3.748668e+03
3.702082e+03
1.779055e+03
-6.921405e+03
-2.551410e+03
1.541964e+03
-2.294205e+03
1.323557e+03
1.269712e+04
6.681790e+03
-7.893044e+03
4.547374e+03
-5.948057e+03
2.952850e+03
1.005391e+04
-1.021509e+04
2.769802e+03
-3.484176e+03
-7.893020e+03
-1.009333e+03
6.654550e+03
7.044393e+03
2.887820e+03
-9.294456e+03
-3.848436e+02
2.593526e+03
-6.133156e+02
1.762855e+03
2.267628e+02
6.446426e+03
4.662378e+03
-5.952320e+02
-5.687130e+03
5.178747e+03
4.953592e+02
-1.371376e+03
-4.399860e+03
1.629000e+03
1.720466e+03
1.569470e+03
-6.347525e+02
1.792527e+03
-3.611081e+03
-1.446333e+02
8.139170e+02
1.160759e+03
7.188777e+02
2.028840e+03
3.975281e+03
1.686285e+03
-6.841832e+02
-1.773214e+03
-1.038643e+03
6.683740e+02
-3.706278e+02
-1.676776e+02
7.110612e+02
1.736010e+03
-2.095443e+03
1.472587e+02
3.949019e+02
-4.066450e+01
1.030359e+03
-1.722853e+02
2.221562e+02
2.978365e+02
3.676101e+02
-1.582736e+03
-1.116188e+02
4.609994e+01
9.890949e+02
6.799374e+02
3.768582e+02
9.459242e+02
-8.543344e+02
9.565673e+02
8.481364e+01
1.435787e+03
-4.741606e+01
-1.032401e+02
-3.397916e+02
4.787024e+01
6.748347e+01
4.187576e+02
-1.449333e+01
1.643741e+02
-4.384603e+02
3.329785e+02
7.240255e+02
6.001091e+01
-2.137957e+01
8.696094e+01
-5.300267e+02
-2.453794e+02
5.569078e+02
5.055210e+02
2.433815e+02
8.132742e+01
-3.463135e+02
1.168682e+02
4.301664e+02
-1.358318e+02
3.037762e+02
3.983625e+01
-2.013980e+02
1.342010e+02
9.944246e+00
-5.040305e+01
-1.760777e+01
1.569321e+02
2.078156e+02
-1.579928e+02
3.889497e+01
3.034139e+02
-4.672889e+01
2.030705e+02
2.207662e+02
5.042968e+01
-2.034658e+02
9.605591e-01
2.080696e+01
2.926987e+01
-1.850909e+01
-3.045406e+02
-9.489954e+01
6.298531e-01
1.708252e+02
-1.442111e+02
1.060357e+02
-5.686129e+01
-8.591852e+00
6.492570e+01
7.016918e+01
2.221540e+02
1.188198e+02
2.307288e-02
-5.579423e+01
1.353603e+02
3.594757e+01
-8.707576e-02
2.883545e+01
3.358375e+01
1.045061e+01
3.432788e+00
9.526695e+00
1.507531e+02
-2.026074e+01
4.379997e+00
7.466698e+01
1.866720e+01
7.689079e+01
4.496728e+01
-1.372661e+01
6.506364e+01
1.067004e+01
4.612553e+01
-5.583007e+01
2.917453e+01
-8.221185e-01
1.318254e+01
-2.401656e+01
-4.176165e+01
-2.106342e+01
2.211682e+01
1.776234e+01
-5.605326e+01
1.882820e+01
-7.066724e+00
6.856036e+01
2.064541e+01
-2.288060e+00
3.824472e+00
-8.816972e-01
8.843537e-01
-2.111207e-01
-3.145863e-01
1.783954e-01
-9.584616e-01
-3.823915e-02
-7.234947e-01
3.949962e-02
-2.543146e-01
1.614730e-01
1.488513e-01
-5.685410e-02
-1.735205e-01
3.495723e-02
3.068765e-02
-3.343118e-02
9.258380e-02
1.016156e-01
1.424515e-01
1.201730e-01
-1.081606e-01
1.590977e-01
2.864962e-02
1.613184e-03
-1.312180e-01
-8.345107e-02
