-1.752233e-01
5.178509e-01
7.277244e-02
4.465778e+01
1.850536e+02
-2.281322e+01
3.461272e-04
-4.264475e+04
-1.257882e+05
2.549786e+05
3.388174e+05
1.240334e+05
-1.231895e+05
1.746036e+04
5.764544e+04
5.693664e+03
7.661393e+04
2.061739e+04
-3.354497e+03
7.308549e+04
-2.808885e+04
-6.885251e+04
3.221004e+04
-2.721222e+04
5.786937e+03
-2.522376e+04
3.679060e+04
2.013113e+04
-1.532372e+04
2.055141e+04
-3.136995e+04
2.329065e+04
-9.757608e+03
-1.071514e+04
-2.224172e+04
7.940793e+03
8.677686e+03
8.529196e+03
-1.221275e+04
-1.338854e+04
-5.589865e+03
1.601722e+04
-7.485267e+03
5.854849e+03
1.886317e+04
-2.010826e+04
-4.215397e+03
7.767516e+03
6.487541e+03
2.602868e+03
5.106146e+03
1.866687e+03
-3.501656e+03
-6.007683e+02
-3.038546e+03
3.626362e+02
8.654538e+02
8.116394e+03
1.610892e+03
-8.172498e+03
-2.456528e+03
-8.546714e+02
-1.183319e+03
-1.389252e+03
-1.975790e+03
1.809747e+03
-1.249396e+03
-2.233685e+03
-4.873862e+03
2.753803e+03
1.956708e+03
1.765818e+03
-3.287462e+03
-4.786235e+02
-2.332662e+03
1.454381e+03
-7.744911e+02
-7.534783e+00
-2.280807e+03
-5.256173e+02
1.795443e+02
-5.394364e+02
1.773715e+03
1.157329e+03
2.339371e+03
4.971459e+02
-1.600893e+03
-6.087269e+02
-4.961781e+02
1.993987e+02
-1.094466e+02
-1.604268e+03
1.151652e+03
7.270893e+02
-6.695556e+02
-4.302968e+02
-3.582113e+02
-2.349671e+02
-2.382967e+02
2.558775e+02
-2.546561e+01
-4.005754e+02
7.512394e+02
-7.149272e+02
8.623096e+01
-8.499525e+02
6.059213e+02
-6.869831e+00
6.102177e+02
5.417288e+02
-5.289965e+02
6.931636e+02
1.698497e+02
9.426783e+02
-7.453627e+02
-1.237376e+01
-2.266491e+02
-1.069862e+02
-8.519286e+01
3.936690e+02
3.568645e+01
-2.216888e+02
-3.537168e+02
4.310573e+02
2.564055e+02
-1.323730e+02
2.959670e+02
-1.074790e+02
-3.566318e+00
8.943044e+01
3.617052e+02
4.228175e+02
3.079570e+02
7.578420e+01
1.352863e+02
2.064966e+02
2.581545e+02
1.491855e+02
5.940205e+01
-5.103941e+01
9.314302e+01
9.153362e+00
-1.847204e+01
4.146296e+01
4.846262e+01
1.696137e+02
6.343139e+00
-2.216001e+02
1.529634e+02
1.257915e+02
1.381787e+02
-3.713810e+01
1.361818e+02
6.599136e+01
-1.080453e+02
7.610521e+01
2.157319e+02
1.689309e+02
7.461926e+00
-1.467669e+02
1.244689e+02
7.988087e+01
4.740456e+01
2.370272e+01
2.521469e+01
-7.762630e+01
-1.882760e+01
5.679440e+01
-8.642328e+01
7.486461e+01
8.873671e+01
6.514299e+01
-3.367096e+01
1.362366e+01
-2.488622e+01
-3.449278e+01
6.403217e+01
5.145704e-01
-9.385020e+01
-2.393756e+01
-1.660521e+01
9.301212e+01
6.405586e+00
-1.720852e+01
2.567831e+01
-3.540336e+01
3.331208e+01
-2.381567e+01
-1.682253e+01
-2.549696e+01
3.600391e+01
-8.805564e+00
-3.192773e+01
6.629528e+01
6.877113e+00
-1.999798e+01
-9.257478e+00
-3.208476e+01
-5.163745e+00
4.530302e+00
3.591537e+01
-1.214563e+01
-3.234805e+01
-1.488669e+01
5.052933e+01
1.347884e+01
7.050950e-01
5.080348e-01
-2.209684e-01
-2.296617e-01
-4.145785e-02
-1.149475e-01
-1.779976e-01
-6.011953e-02
-5.553504e-02
-1.294130e-01
-7.587665e-02
-5.756859e-01
8.828249e-02
2.692740e-02
-1.883346e-01
1.314979e-01
4.978963e-02
-3.837694e-02
5.742506e-03
-2.402994e-01
-2.165988e-02
7.717185e-02
-4.596931e-02
-7.310043e-02
-1.304094e-01
-6.063299e-03
-5.056579e-02
-1.009452e-01
-5.160384e-03
