-1.518584e-01
6.209263e-01
1.225901e-01
4.778667e+01
1.859566e+02
-2.215106e+01
3.610679e-04
-1.145296e+05
3.027245e+04
3.537783e+05
-7.165629e+04
-3.385804e+04
3.527504e+04
-2.285090e+04
6.331721e+04
-1.256324e+05
1.490221e+04
2.179528e+04
4.689646e+04
7.291541e+03
1.430551e+04
3.731796e+04
-1.711023e+03
-2.150632e+04
1.588989e+04
-2.927744e+04
7.571306e+03
-2.531909e+04
-6.427175e+03
9.149206e+03
-1.184218e+04
-2.966145e+03
-1.330988e+04
-1.167866e+04
1.432945e+04
1.510604e+04
2.595607e+04
1.453628e+03
4.806374e+03
1.810753e+03
1.943531e+04
1.285617e+02
-1.026581e+04
-1.901939e+04
4.623917e+03
-6.964637e+02
2.601633e+03
6.429624e+03
-7.906899e+03
5.275155e+03
6.540974e+03
9.621259e+02
5.395904e+03
-5.030087e+03
-3.145215e+03
9.852234e+03
4.654260e+02
6.683197e+03
-3.326268e+03
-8.586562e+03
-5.121419e+03
2.265359e+03
1.138453e+03
-3.437596e+03
1.910056e+03
2.991761e+01
7.729425e+02
3.594467e+03
-1.085050e+03
2.283821e+01
7.993690e+02
2.813917e+03
4.630509e+02
1.596738e+03
1.016591e+03
1.471815e+03
3.221903e+03
-7.359828e+02
-3.477668e+03
-1.003471e+03
-1.035308e+03
-4.317446e+02
9.373565e+01
1.128626e+03
1.677883e+03
1.359462e+03
-1.124699e+03
8.147095e+02
8.666567e+02
-6.539969e+02
2.609970e+01
6.268430e+02
2.914635e+03
1.130608e+03
-8.359330e+02
-2.414076e+02
1.756628e+03
-8.953443e+02
-5.018809e+02
3.119620e+02
-9.889066e+02
-4.632039e+02
-3.854914e+01
-1.603361e+03
4.541563e+02
-7.008553e+02
8.885941e+02
9.412541e+02
9.284085e+02
7.155873e+02
5.922828e+02
4.906836e+02
-3.099538e+02
1.006925e+03
1.172913e+02
-3.633247e+02
-2.772524e+02
-3.695206e+02
-3.764818e+02
9.037103e+02
1.582288e+02
1.936352e+02
-3.303968e+02
6.707600e+02
1.593256e+01
-3.317500e+02
1.320679e+02
3.615417e+02
1.563965e+02
-4.376929e+02
2.407205e+01
2.418399e+02
3.444900e+01
9.656812e+01
1.299299e+02
-1.081849e+02
2.373565e+02
-1.015605e+02
-2.289811e+02
-2.149934e+01
-2.252446e+02
5.417913e+01
-1.467052e+02
1.668206e+02
-2.075958e+02
4.048489e+01
8.199853e+00
-1.581658e+02
1.326817e+02
-7.872116e+01
1.092659e+02
9.177254e+01
-3.909686e+01
-4.798159e+01
8.793024e+01
-1.543881e+02
2.954516e+01
5.790074e+01
-5.396301e+01
8.536829e+01
2.026087e+02
-5.347131e+01
5.592977e+01
6.216334e+01
-1.227854e+02
-3.253506e+01
-3.407577e+01
8.176270e+01
-8.866759e+01
1.242090e+01
9.925858e+01
9.619081e+01
2.395938e+01
9.933892e+01
1.983468e+01
-9.850040e+01
3.538099e+01
1.136808e+01
-5.242714e+01
3.326470e+01
3.087458e+01
-3.164469e+00
-2.905083e+01
4.700410e+00
3.704012e+01
-4.835928e+01
2.851191e+01
5.334410e+01
-3.382315e+01
2.015061e+01
2.973048e+01
5.107664e+01
-1.071787e+01
-1.980010e+01
3.030876e+00
-8.416243e+00
1.081882e+01
-1.320925e+00
-3.011507e+01
2.126596e+01
1.658061e+01
-3.346466e+01
6.323417e+00
1.510691e+00
6.064428e+00
3.194319e+00
1.119336e-01
-8.812454e-02
-1.336870e-01
-3.021385e-01
9.240437e-02
-2.257503e-01
-1.527688e-02
2.884739e-01
-2.895096e-01
-3.876107e-02
3.640351e-01
-2.881990e-02
1.240406e-01
-8.973374e-02
8.011373e-02
-2.886580e-03
4.786756e-04
3.872001e-02
1.525501e-02
-2.041268e-02
-2.787676e-02
8.289900e-02
1.456679e-02
-8.226734e-02
-8.105570e-03
4.156591e-02
-2.848893e-02
-4.361642e-02
-7.605244e-03
