-1.748802e-01
-1.094323e+00
-7.098226e-03
5.432889e+01
1.874444e+02
-1.842411e+01
3.667000e-04
-5.316871e+04
-7.072264e+04
9.526491e+04
-2.857608e+05
-2.427578e+04
7.166892e+04
6.712127e+03
2.654104e+04
-9.866919e+04
-3.073179e+04
1.016532e+04
1.028187e+05
-3.723948e+04
2.052976e+04
3.870762e+04
-3.340041e+04
5.928138e+04
7.274562e+03
-3.692977e+04
-5.738426e+04
-5.752819e+02
7.628652e+03
-3.348687e+04
-4.971338e+04
-4.444617e+04
-3.109902e+04
-2.455821e+04
-2.795462e+04
-1.820039e+04
-9.666083e+03
-1.096119e+04
3.227183e+04
9.183890e+03
1.406066e+04
-4.774876e+03
-2.197570e+04
-1.480856e+04
4.788878e+03
1.294508e+04
1.254176e+04
1.292759e+04
-1.441361e+04
-4.403288e+03
4.591827e+03
-5.853692e+03
1.358897e+03
-4.392165e+03
-1.939180e+03
-3.377787e+03
3.209852e+03
4.068733e+03
1.017135e+02
-3.662762e+03
-7.785720e+03
3.043392e+03
-9.951044e+02
3.276614e+03
-1.015176e+03
6.017362e+03
-1.196973e+03
3.307646e+03
-5.659046e+03
4.917376e+03
-2.574518e+03
6.311069e+02
9.620519e+02
1.813019e+03
2.932002e+03
-4.928097e+02
3.644174e+03
2.416963e+03
-4.309118e+03
-1.116086e+03
-2.048405e+02
-8.534132e+02
-2.397771e+03
1.263141e+03
-1.515505e+03
4.092657e+03
-1.668325e+03
2.231209e+02
-7.137441e+02
-4.837619e+02
1.377764e+03
5.891017e+02
1.481303e+03
1.302341e+03
7.167771e+02
4.383635e+01
2.564591e+03
-1.954658e+03
2.471355e+02
8.420815e+02
-7.278826e+02
-4.503820e+02
6.097836e+02
-4.966604e+02
-8.886097e+02
-5.040946e+02
1.761612e+03
1.129198e+03
1.169344e+03
1.692395e+03
1.322574e+03
4.684727e+02
1.131487e+02
-4.779631e+02
2.762925e+02
7.255776e+02
-3.588994e+02
-6.788621e+02
-7.268862e+02
3.083639e+02
5.705104e+02
1.374661e+01
-1.126826e+00
-1.765558e+02
-1.692927e+02
-3.412688e+02
-7.270800e+01
2.790612e+02
-1.897667e+02
-4.882718e+02
2.929223e+02
5.553828e+02
-3.830889e+02
1.330297e+02
1.934208e+02
-9.399932e+01
-4.673407e+01
-1.133331e+02
1.194746e+02
-3.513163e+02
6.025373e+01
2.981577e+02
-7.077053e+01
4.653512e+02
-6.509104e+01
4.678531e-01
1.896693e+01
-6.413062e+01
3.557195e+01
4.229162e+02
1.608911e+02
-7.944915e+01
-4.105622e+02
-7.833074e+01
2.959687e+01
8.544379e+01
7.771069e+01
-3.002986e+01
-1.649264e+02
-5.333511e+01
1.835648e+02
-8.081300e+01
2.096698e+01
-2.092725e+01
-1.331995e+02
-7.822305e+01
-8.942356e+01
1.088120e+02
-1.986453e+02
-2.144008e+02
2.028790e+00
1.575722e+02
7.574509e+01
-2.445156e+01
3.297222e+01
-1.834565e+02
6.931097e+01
-1.732701e+01
-1.407380e+02
5.193018e+01
-2.194086e+01
1.162173e+02
-8.837363e+01
-8.531219e+01
4.284267e+01
-2.975993e+01
9.216401e+01
9.301315e+01
-2.995582e+01
1.214386e+01
3.384014e+01
2.648572e+01
-3.768586e+01
2.086912e+01
9.548178e+01
-1.885822e+01
-5.806100e+01
-3.451334e+01
-2.653592e+01
-4.753553e+01
-8.903794e+00
-7.544350e+01
-1.400730e+01
-7.055486e+00
1.846394e+01
8.320152e+00
-7.284333e-01
-9.945483e-01
5.180293e-02
-4.316367e-01
6.510788e-02
-2.285629e-01
-3.067892e-01
3.733368e-01
1.396077e-01
2.405294e-01
1.522597e-01
-9.723344e-02
-7.353514e-02
1.209670e-01
3.164635e-01
1.620029e-01
-4.586427e-02
6.884489e-05
4.118727e-02
-2.170027e-02
1.433879e-01
-3.507417e-02
-2.615886e-03
1.815370e-02
1.758052e-01
1.301096e-01
-6.062679e-02
-3.245134e-03
1.449258e-01
