-1.585314e-01
3.078612e-01
-3.490394e-02
4.693333e+01
1.929555e+02
-2.736439e+01
3.429167e-04
-7.285236e+04
-3.573752e+05
7.781430e+04
5.438685e+04
1.059288e+05
-3.475457e+04
5.126191e+04
-6.179325e+04
-9.722743e+04
-5.688486e+04
-1.262853e+05
1.557425e+04
4.545384e+04
1.385109e+04
-1.686322e+04
-1.245882e+04
5.053006e+04
2.179812e+04
-3.578065e+04
-6.076253e+03
-4.724316e+02
-1.280650e+04
3.676021e+04
-6.404724e+04
1.806892e+04
-5.650848e+03
-3.091342e+04
2.897401e+04
-2.398241e+03
-2.291693e+04
-3.819642e+03
6.601723e+03
3.355499e+01
3.177311e+04
7.710006e+03
-1.324721e+04
6.804454e+03
5.072815e+03
2.131561e+03
3.157240e+03
-3.775177e+03
3.150917e+02
6.391615e+03
6.890890e+03
-7.461768e+02
3.767158e+03
-5.801161e+03
-2.050355e+03
-2.895092e+02
3.786564e+03
9.859465e+02
4.543341e+03
-7.336416e+03
-3.848397e+03
-2.193921e+02
1.962477e+02
-6.682530e+02
1.962267e+03
5.310331e+03
2.233801e+03
9.809879e+02
-4.552708e+03
4.698500e+03
-6.352294e+02
8.101968e+02
-2.381608e+03
1.837077e+03
2.307267e+03
9.875569e+02
2.186949e+03
2.048304e+02
-1.893455e+03
-4.312001e+02
-1.645465e+03
-2.433436e+02
-1.277357e+03
1.544137e+03
1.365952e+03
3.739627e+03
-2.953755e+02
4.264841e+02
-5.102202e+02
-1.196776e+03
-8.645652e+01
1.661462e+02
1.624589e+03
1.388043e+03
-1.131465e+03
1.066164e+03
8.121027e+02
3.065930e+01
1.525366e+02
-3.747935e+02
1.604625e+02
-1.464327e+01
2.040839e+02
-6.765623e+02
-7.998926e+02
-9.717431e+01
1.270484e+03
4.322082e+02
1.037644e+03
1.556392e+03
-2.382363e+02
7.753842e+02
-2.833146e+01
7.711744e+02
-3.496559e+02
2.993921e+01
-1.861060e+02
-4.052165e+02
-2.454442e+02
1.547382e+02
4.998450e+02
4.966683e+01
-3.354715e+02
2.257207e+02
8.609000e+01
-6.828931e+02
-3.442565e+02
2.280084e+02
1.426013e+02
-4.116355e+02
3.571490e+02
7.426969e+02
9.760582e+01
1.635348e+02
-1.295340e+02
-9.382382e+00
-8.893642e+01
-1.006855e+02
-2.282914e+02
-2.548770e+02
-1.436265e+02
8.148992e+01
-4.458397e+01
-9.979363e+01
-8.178793e+01
1.295292e+02
2.566976e+02
-1.011359e+02
3.757060e+01
3.936686e+02
9.021213e+01
2.328989e+01
1.575248e+02
8.068758e+01
-3.547100e+01
2.497385e+01
3.899582e+01
1.232221e+02
-8.697384e+01
-1.429728e+02
2.857648e+01
-1.732468e+02
2.415629e+02
-7.806895e+01
8.444652e+01
-4.496180e+01
3.085702e+01
6.128266e+01
5.674841e+01
6.249933e+01
1.062868e+02
1.304427e+01
-4.417567e+01
-3.684385e+01
8.500938e+01
-2.717157e+01
5.917259e+00
-2.215469e+01
-3.091483e+01
6.021174e+01
3.996315e+01
1.130276e+02
-6.097895e+01
-1.334935e+01
6.888123e+01
-2.441950e+01
6.306551e+01
5.340863e+01
-1.384957e+01
5.721065e+01
2.652752e+01
4.254233e+01
-3.662098e+01
7.987006e+01
2.556329e+01
2.647552e+01
-3.028559e+01
-6.745435e+01
3.455843e+00
-2.053351e+01
-3.660777e+01
-5.486089e+01
-3.432317e+01
-3.523412e+01
5.546816e+01
1.566658e+01
-1.574219e+00
2.329401e+00
-1.526724e-01
7.665440e-01
3.219907e-01
-7.096467e-01
-3.865150e-01
-3.206181e-01
1.511627e-01
-5.507876e-01
-1.523729e-01
-1.159834e-01
1.403725e-01
9.030293e-02
1.633745e-01
1.559675e-01
-1.846828e-02
-2.223226e-02
-4.278726e-03
2.993664e-02
1.959806e-01
-3.022476e-02
6.890734e-02
-2.476918e-02
1.852549e-01
3.267948e-02
-3.526957e-02
-1.260519e-01
-4.172093e-02
