9.173104e-03
-1.403948e+00
2.044325e-01
5.575111e+01
1.745673e+02
-1.396155e+01
3.540931e-04
9.391667e+03
-1.841457e+05
-2.990836e+05
-7.897464e+04
-2.695088e+04
-8.628252e+04
2.205237e+04
-2.365307e+04
-5.215960e+04
-8.305859e+03
-1.062558e+05
6.334877e+04
6.440273e+04
-4.166415e+04
1.012363e+04
1.938917e+04
-3.519729e+04
2.079563e+04
3.879374e+04
1.275176e+04
-7.217524e+03
-2.109176e+04
-2.576971e+04
-1.413679e+04
-4.383188e+04
-1.617927e+04
-1.206833e+04
-4.802814e+03
-1.109250e+03
-6.069388e+03
-1.352449e+04
1.493303e+04
1.350979e+04
1.685862e+02
1.365722e+04
-3.652173e+03
-1.035716e+03
7.393114e+03
-3.358287e+03
7.715085e+03
1.068867e+04
-1.624120e+03
1.651947e+03
-4.873033e+03
-1.651765e+04
-6.572989e+03
-5.304075e+03
-3.892196e+01
-8.691436e+02
-8.692108e+02
4.684833e+03
6.020055e+03
-7.822029e+03
-2.220872e+03
3.436947e+03
-5.846599e+02
3.242027e+02
1.174830e+02
5.328696e+03
1.829052e+03
-2.968193e+02
-3.117657e+03
7.941869e+02
-4.643560e+02
-1.485506e+03
-4.024067e+03
4.544226e+02
1.153519e+03
2.155621e+02
-1.334432e+03
1.948705e+03
-2.020022e+03
-3.072760e+02
1.038797e+03
-1.420735e+03
2.516999e+03
-7.181566e+00
2.042272e+03
-5.118284e+02
-7.317799e+02
-9.954442e+02
-2.661188e+02
3.798798e+02
-6.799879e+02
1.008013e+03
5.656037e+02
1.159980e+03
-1.578914e+03
5.600580e+02
-1.441707e+02
-1.559892e+03
-6.222537e+01
-2.624409e+02
6.552421e+02
2.183345e+01
6.460231e+02
-9.499711e+02
-6.942084e+02
-2.135405e+02
9.165770e+02
3.561529e+02
2.961903e+02
4.792700e+02
-1.786208e+02
2.796472e+02
-4.044058e+02
5.026427e+02
6.646090e+01
1.403262e+02
-4.845457e+02
-4.197600e+02
1.747149e+02
2.296491e+02
1.172509e+01
6.859708e+01
-2.737271e+02
-5.653122e+01
4.010625e+02
1.059820e+01
2.898160e+02
-7.044618e+01
-5.639484e+02
-1.529701e+02
3.991616e+02
6.913789e+02
1.843525e+02
5.193464e+01
-2.158405e+02
-2.791990e+01
1.754183e+02
-2.112839e+02
3.868741e+01
-1.683998e+01
-1.680590e+02
2.124264e+02
2.150601e+02
1.233535e+01
7.640874e+00
9.048971e+01
2.587695e+02
-3.759380e+02
8.722662e+01
1.993990e+02
-5.253666e+01
2.348005e+02
1.786238e+02
-8.315645e+01
-7.674574e+01
-1.884171e+02
1.066525e+02
2.383372e+01
2.966657e+01
-1.075835e+02
-4.754909e+01
1.088576e+02
9.662353e+01
-8.294237e+01
-4.362464e+00
2.837037e+00
-3.968571e+01
5.874549e+01
-4.122688e+00
5.217349e+01
7.640355e+01
4.630236e+01
8.195261e+01
6.540154e+01
4.420324e+01
-7.465706e+01
8.424182e+01
8.088010e+01
-4.531425e+01
7.764034e+01
2.951679e+01
1.012916e+02
-1.771263e+01
-2.349675e+01
7.831322e+01
-7.581436e+01
-1.163829e+01
5.473910e+01
4.143957e+00
1.006140e+01
1.895447e+01
2.761335e+01
-5.753001e+01
2.401469e+01
1.902654e+00
6.059443e+00
-1.655847e+01
-8.844538e+00
-4.868793e+01
9.265360e+00
2.217961e+01
-3.208755e+01
3.198410e+01
7.812647e-01
4.340326e+01
1.057072e+01
-1.748381e+00
1.369385e+00
-7.429779e-01
6.092929e-01
-7.268231e-02
7.267155e-02
3.878731e-01
-2.983590e-01
-3.696899e-02
-1.341927e-01
1.255827e-01
-6.700440e-02
9.087717e-02
1.645163e-01
-1.075926e-01
-2.322149e-01
2.916556e-02
-3.340625e-02
-2.521946e-02
1.201505e-01
-3.471351e-02
1.602599e-01
3.446408e-02
-3.729546e-03
1.170586e-01
7.379188e-02
-9.327352e-02
-1.004748e-01
6.544267e-02
