-2.389576e-01
-9.629670e-01
1.618285e-01
5.432889e+01
1.937490e+02
-1.857805e+01
3.551924e-04
-8.415572e+04
-3.431376e+05
2.543412e+04
-4.000605e+04
-6.950280e+04
-9.414245e+04
4.243718e+04
-9.617489e+04
-1.583225e+05
-2.177124e+04
-5.173575e+04
9.187769e+04
9.623525e+03
7.885919e+03
-1.040008e+04
-1.195935e+04
2.948774e+04
2.579278e+04
-2.113376e+03
-2.392272e+04
-1.046932e+04
-1.964398e+04
1.344446e+04
-4.763405e+04
6.444466e+03
-1.472966e+04
-3.826035e+04
2.280741e+04
1.690809e+04
1.672212e+04
-1.072300e+04
5.099900e+03
-5.845899e+03
1.412649e+04
-1.321986e+04
-1.082988e+04
-2.770349e+03
2.482363e+03
2.301600e+03
-4.358464e+02
2.072748e+03
-1.080617e+04
2.571676e+03
4.170309e+03
-3.530651e+03
4.174945e+03
-9.052446e+03
-3.909507e+03
6.874283e+03
2.096972e+03
5.411006e+03
3.103426e+03
-1.169188e+04
-6.223776e+03
3.787018e+03
-8.125237e+02
-4.864703e+03
3.005331e+03
4.142385e+03
4.525971e+03
3.891953e+03
-4.437166e+03
1.754508e+03
7.482072e+02
-6.198958e+02
-1.996187e+03
9.692645e+02
2.684972e+03
1.540864e+03
2.742074e+03
1.685638e+02
-3.907272e+03
-4.967982e+02
6.982361e+02
6.365755e+02
-7.509547e+02
2.110750e+03
3.138206e+03
1.851580e+03
-3.109636e+02
-5.066750e+02
-9.566214e+01
3.034801e+02
-2.027442e+02
5.201237e+02
1.472391e+03
2.318017e+03
-2.009289e+03
4.970081e+02
1.304671e+03
-2.117481e+02
5.471197e+02
-8.941793e+02
-5.517684e+02
1.992500e+02
3.274629e+02
-9.688080e+02
7.703251e+02
-2.594010e+02
1.638302e+03
2.223939e+02
7.175250e+02
1.418658e+03
-7.501783e+02
1.380686e+03
1.458100e+02
1.198167e+03
3.804938e+01
3.524466e+00
-8.997672e+01
-3.348293e+02
-1.687382e+02
3.376828e+02
8.989388e+01
-2.231659e+01
-1.936151e+02
2.732649e+02
4.191017e+02
-2.554040e+02
-8.909264e+01
1.160807e+02
-2.736042e+02
-4.982843e+02
4.272188e+02
4.059880e+02
2.008193e+02
1.070048e+02
-4.129242e+02
4.086410e+01
4.662829e+02
-2.257955e+02
2.642791e+01
1.854572e+02
-2.339801e+02
2.065530e+02
-4.704904e+01
-4.905542e+01
-1.572963e+02
4.735068e+01
3.008600e+02
-2.597379e+02
4.628834e+01
3.294173e+02
-5.506470e+01
1.818893e+02
2.857591e+02
-1.426830e+01
-1.811809e+02
-4.164576e+01
-7.888129e+00
7.972255e+01
-7.091485e+01
-1.528296e+02
7.971363e+00
1.055318e+01
1.809939e+02
-3.628939e+01
2.516852e+01
-3.931865e+01
4.629063e+01
1.955306e+01
1.055786e+02
8.794643e+01
1.012690e+02
4.900800e+01
-1.485709e+01
1.167988e+02
3.731564e+01
-2.365026e+01
-3.195392e+01
4.838369e+01
2.810375e+01
5.267632e+01
-2.363029e+01
5.340355e+01
9.132625e-01
4.977870e+01
9.512775e+01
8.090761e+00
7.754012e+01
4.590545e+01
-3.479234e+01
9.447118e+01
1.700869e+01
6.295494e+01
-6.549180e+01
1.979981e+01
-5.652037e+00
2.697172e+01
-2.309160e+00
-3.080165e+01
-1.790988e+01
1.071969e+01
-1.025253e+01
-6.679758e+01
1.497237e+01
-7.135268e-01
4.362877e+01
1.472343e+01
-2.494105e+00
3.887282e+00
-8.147963e-01
1.330639e+00
6.444603e-02
-2.336979e-01
-2.618763e-02
-9.878746e-01
-5.240297e-02
-4.963720e-01
-3.468063e-02
-5.449640e-02
7.284360e-02
1.445294e-01
8.727454e-02
-1.397309e-01
4.472294e-02
7.199656e-02
4.739833e-02
1.604931e-01
1.115756e-01
1.532878e-01
1.707140e-01
-4.604825e-02
1.400502e-01
4.960144e-02
7.963430e-03
-1.395432e-01
-5.086887e-02
