-2.397184e-02
-3.261029e-01
6.738758e-02
4.209778e+01
1.763683e+02
-2.763386e+01
3.604183e-04
-3.086621e+04
-1.094756e+05
2.170786e+04
6.788376e+04
-3.828698e+04
-1.848281e+04
3.980984e+04
-1.153469e+05
-1.252443e+05
-2.137750e+04
-4.108720e+04
1.277833e+05
-2.164169e+03
-6.537629e+03
-3.571437e+04
1.463889e+03
5.545314e+04
2.087611e+04
-2.384933e+03
-2.676724e+04
2.049013e+04
-4.145194e+04
3.072314e+03
-4.948017e+04
5.010628e+03
-3.371371e+04
-2.821363e+04
-7.110105e+03
6.933268e+03
4.885254e+03
-1.872114e+04
1.491213e+04
1.319527e+03
-4.737923e+03
-2.096918e+01
-1.060946e+04
-8.178348e+02
5.643350e+03
-4.976347e+03
4.920278e+03
4.597600e+03
-2.681479e+03
3.225500e+03
2.008297e+03
-2.688936e+03
2.732742e+03
-4.980975e+03
-7.552554e+02
9.952991e+02
7.875116e+02
5.871445e+03
2.823913e+03
-7.537027e+03
-4.534840e+03
-2.120474e+02
-3.388795e+02
-6.048667e+03
4.718914e+02
3.802569e+03
4.027064e+03
7.460334e+02
-3.371909e+03
2.574563e+03
2.922951e+02
4.963922e+02
-1.396012e+03
1.870185e+02
1.602227e+02
5.176918e+02
3.385488e+03
-5.078632e+02
-2.582465e+03
-2.168774e+02
-2.190887e+02
1.580899e+03
-1.583017e+03
1.953476e+03
8.033447e+02
7.014344e+02
-8.495144e+02
4.980958e+02
-5.137562e+02
6.874422e+02
4.023991e+02
4.193165e+02
2.613973e+03
1.051582e+03
-1.250953e+03
5.068133e+02
1.233042e+03
-6.688625e+02
7.930527e+02
-1.099899e+02
-1.015904e+03
-2.727970e+01
2.063259e+02
-5.837073e+02
4.749037e+02
-3.296350e+01
9.460892e+02
-6.931845e+00
1.030356e+03
1.108375e+03
1.376924e+02
6.421370e+02
-3.527499e+02
4.697785e+02
-2.038541e+02
4.656145e+01
-9.969863e+01
-5.574971e+02
5.158886e+01
6.367995e+02
2.677703e+02
-7.508698e+01
-1.782002e+02
1.478681e+02
1.455409e+02
-2.313185e+02
9.263403e+01
2.028177e+02
-9.104455e+01
-1.934525e+02
1.529914e+02
5.836579e+02
1.981074e+02
2.443165e+02
-6.673085e+01
-8.970335e+01
2.529483e+02
-6.116186e+01
1.499067e+01
-1.040076e+02
-1.356075e+02
1.363197e+02
-7.194080e+01
1.866129e+02
-7.456447e+01
1.637846e+02
1.701903e+01
-2.297568e+02
1.423275e+02
2.864340e+02
3.238013e+01
5.604591e+01
1.999251e+02
6.274873e+01
-3.987378e+01
-9.056567e+00
1.412962e+02
1.671044e+02
3.935048e+01
-9.552519e+01
1.082223e+02
5.187007e+01
1.040933e+02
3.200128e+00
-9.964971e+00
-2.111244e+01
-4.034223e+01
1.129823e+02
3.156213e+00
-3.873946e+00
1.208510e+02
1.999715e+01
-1.171121e+01
-3.708307e+01
-2.045857e+01
-8.116708e+01
-3.666576e+01
-4.451213e+01
-5.994218e+01
7.835093e+01
4.514698e+01
1.157088e+02
-2.386667e+01
2.272098e+01
5.480221e+01
8.411121e+00
-7.527800e+00
5.092221e+00
-6.134959e+01
4.149519e+01
5.745607e+00
8.024596e+00
-3.493401e+01
4.779423e+01
4.670918e+01
1.970315e+01
-8.311237e+00
-4.303202e+01
-1.612679e+01
-2.429963e+01
-1.276492e+01
-3.933927e+01
2.640999e+01
1.094934e+00
2.729914e+01
1.528681e+01
-6.171979e-01
5.660600e-01
-4.628174e-01
3.875075e-01
3.234360e-01
5.366724e-02
-1.508808e-01
-4.297554e-01
8.505268e-02
-2.258161e-01
-1.154492e-01
-2.913392e-01
4.604870e-02
-8.308820e-02
-9.866487e-02
1.429163e-02
-4.204275e-02
-9.353721e-02
-7.266205e-02
-7.352255e-02
7.052265e-02
1.046674e-01
7.495052e-02
6.633348e-03
-5.312968e-02
5.997615e-02
-4.227369e-02
-7.733236e-02
2.441633e-02
