7.359143e-02
-9.085016e-01
-1.738949e-01
4.864000e+01
1.691876e+02
-2.228272e+01
3.584515e-04
9.010441e+04
3.050680e+03
-1.605894e+05
-2.383471e+04
-6.372951e+04
-1.223586e+05
1.790169e+05
-9.277806e+04
2.320286e+04
-7.841707e+03
-7.386479e+04
4.786705e+04
6.081732e+04
2.040417e+04
-1.773573e+04
-1.771773e+04
-3.406216e+04
6.531878e+03
4.573606e+04
-4.291676e+04
-2.898059e+04
-1.774431e+04
-4.884870e+04
-9.244437e+03
-2.546986e+04
-1.931573e+04
-7.859394e+03
-1.177569e+04
-7.495843e+03
-2.113973e+04
3.044488e+03
3.197550e+04
-4.385398e+03
-6.023891e+03
9.144326e+02
-7.643822e+03
1.481606e+03
-4.026160e+03
-6.870625e+03
1.040082e+04
1.134857e+04
-1.096003e+04
3.517656e+03
-3.343725e+03
-4.280811e+03
-1.165671e+04
8.338159e+03
5.216642e+03
-4.181275e+03
2.397896e+03
7.284624e+02
4.925244e+03
-9.915561e+03
-1.179838e+03
2.033078e+03
-8.503539e+02
-3.723223e+01
-1.111350e+03
4.619935e+03
-1.512081e+03
-6.506192e+03
-2.312262e+03
3.641709e+03
-2.770458e+03
-1.977188e+03
-3.521236e+03
1.736210e+03
8.711064e+02
1.176796e+03
-1.153800e+03
1.084040e+03
-1.979351e+03
9.736113e+02
1.318399e+03
-1.096934e+03
2.688375e+03
8.956284e+02
1.244128e+03
1.178329e+03
1.975466e+02
-6.789079e+01
-7.991714e+02
3.256079e+02
-1.017816e+03
6.972794e+01
-3.575450e+02
2.866417e+02
-1.127368e+03
2.258985e+02
-3.869949e+01
-1.599379e+03
3.760936e+02
7.864170e+02
3.709146e+02
6.573630e+02
7.275076e+02
-2.456553e+02
-1.265281e+03
-6.718276e+02
9.598930e+02
6.552833e+02
2.624375e+02
5.222029e+02
-4.985695e+01
-5.272983e+02
-3.506374e+02
2.710401e+02
-1.331915e+02
6.168641e+02
-1.024030e+02
-8.676121e+01
-3.857327e+01
1.797866e+02
5.871086e+01
2.119075e+00
3.192544e+02
-4.499922e+02
1.949334e+02
1.189740e+02
1.853238e+02
-2.884128e+01
-5.025835e+02
-1.005242e+02
4.490168e+02
6.759478e+02
8.575329e+00
-3.505606e+01
3.573753e+02
9.751217e+01
-1.849598e+02
-2.034703e+02
8.110181e+01
-3.924919e+02
-1.549752e+02
2.863968e+02
2.357121e+02
2.555220e+02
1.650945e+02
-1.057606e+02
8.209773e+00
-1.778824e+02
6.078508e-01
4.978979e+01
-6.815543e+01
1.108302e+02
5.172273e+01
-1.503312e+02
-1.316471e+02
-1.254435e+02
1.589669e+02
-3.090041e+01
4.746329e+01
-6.055559e+01
-2.888445e+01
6.702617e+01
1.113461e+02
-8.352447e+01
-6.349187e+01
-7.525622e+01
-1.010330e+02
5.159039e+01
-3.721177e+01
8.446610e-01
1.083726e+02
2.937201e+01
-6.348179e+00
5.706171e+01
1.056035e+02
-7.416450e+01
1.412851e+02
6.678604e+01
-7.349812e+01
9.092751e+01
-2.476117e+01
1.107511e+02
-7.857670e+00
-4.322295e+01
5.867148e+01
-4.160578e+01
-4.189610e+01
5.306774e+01
-1.642195e+00
3.945092e-01
8.051594e+01
2.601772e+01
-4.740778e+01
2.495738e+01
5.081730e+01
-1.042465e+01
2.400025e+01
-2.964434e+01
-7.086174e+00
-3.980593e+01
1.241756e+01
-1.753039e+01
2.324181e+01
4.015594e+01
2.755203e+01
1.295919e+01
-2.134972e-01
1.419889e-01
-2.711282e-01
9.630821e-02
-2.506496e-02
6.767914e-02
5.638099e-01
2.626982e-02
-1.744288e-01
1.623656e-01
1.982980e-01
1.632406e-01
-3.855419e-02
6.898309e-02
-8.360244e-02
-1.450736e-01
-4.975341e-02
-8.360972e-02
-1.127047e-02
1.958414e-01
6.939191e-02
8.609761e-02
2.426027e-02
3.207081e-02
1.940347e-01
7.798254e-02
-8.852190e-02
-5.289625e-03
3.839156e-02
