-2.823804e-01
1.409431e+00
-1.891871e-01
5.518222e+01
1.840445e+02
-1.133763e+01
3.356238e-04
8.620402e+04
-2.156839e+05
-4.175664e+05
2.281745e+05
-3.313866e+04
-2.582936e+04
-4.695464e+04
-5.607257e+04
1.622053e+04
9.121694e+04
2.578638e+03
1.060180e+04
3.458022e+04
-7.141227e+04
-2.040437e+04
6.248245e+04
-4.835823e+04
-2.725580e+03
-1.120743e+04
-4.025009e+03
3.489398e+04
-3.762291e+03
1.060682e+04
-9.545896e+03
-4.152698e+04
4.083756e+03
-9.905551e+03
2.554016e+04
8.840474e+03
-3.592647e+03
1.865946e+03
-1.293465e+03
3.916998e+03
-1.505538e+04
1.007492e+04
9.196087e+03
1.787364e+04
-1.387488e+03
-5.233782e+02
-6.282472e+03
-2.257721e+02
1.384145e+04
-7.503368e+03
1.064720e+03
-9.797076e+03
-5.005000e+03
1.895797e+03
-2.302070e+03
2.400311e+03
-3.556065e+02
4.781137e+03
-6.819558e+03
-3.213910e+03
3.388503e+03
-6.195040e+02
-5.630032e+03
-1.215378e+03
3.733256e+03
1.852503e+03
1.851556e+03
-2.881671e+03
-3.738366e+03
3.873265e+02
1.359313e+03
-1.531676e+03
-4.759535e+03
-1.567770e+03
5.761845e+02
2.022367e+02
2.265545e+02
2.136107e+03
-1.545931e+03
-2.943514e+02
2.078127e+02
1.182502e+03
9.256293e+02
-1.655405e+03
2.522487e+03
-8.040731e+02
-4.131390e+02
-4.675479e+02
-3.942677e+02
-3.219908e+02
1.751986e+02
-3.995451e+02
6.881240e+02
-1.683046e+02
-1.431336e+03
8.165665e+02
-9.213315e+02
3.450386e+02
8.342778e+02
4.429107e+02
3.081517e+02
1.950647e+02
2.766691e+02
-7.013054e+02
4.484658e+02
1.518992e+02
3.944067e+02
-6.580237e+02
-3.924431e+02
3.749253e+02
-5.762944e+02
3.517072e+02
-8.171487e+01
5.646769e+02
-5.434435e+02
1.295923e+02
1.201461e+02
1.024848e+02
5.376266e+01
-2.117532e+02
2.508800e+01
-5.098237e+02
-2.856515e+02
4.866566e+02
-2.868569e+01
1.478469e+01
1.699647e+02
-1.810198e+02
-1.542353e+02
4.844796e+02
2.721983e+02
6.972864e+02
4.350152e+02
2.017865e+02
1.972686e+02
6.920792e+01
7.162553e+01
-1.242445e+02
5.018053e+01
-1.529228e+02
-7.670477e+01
1.045628e+02
9.274998e+01
-2.501158e+02
1.718650e+02
5.862495e+01
1.960975e+02
-6.809621e+01
6.078092e+01
4.258597e+01
1.425526e+01
3.682663e+01
3.205183e+02
3.105266e+02
-2.450973e+02
-1.094531e+02
1.632794e+02
1.925940e+02
-2.160181e+01
-1.765026e+02
-5.055912e+01
2.394943e+01
1.925061e+02
-3.959589e+00
2.468174e+02
-5.307195e+01
-3.093192e+01
1.363824e+01
1.087347e+02
1.313669e+02
4.178577e+01
-1.156518e+01
-8.919930e+01
-7.067249e+01
1.830536e+01
-3.177371e+01
-2.836719e+00
9.867113e+00
1.002124e+00
6.962260e+01
7.069167e+01
7.891547e+01
3.381793e+01
3.674788e+01
8.795290e+01
-7.203442e+01
-7.302773e+01
6.916128e-01
4.900371e+01
1.461112e+00
-5.474449e+00
2.577816e+01
-4.504370e+00
9.819792e+01
2.234353e+01
-4.069896e+01
7.006224e+00
-3.717280e+01
-2.347422e+01
-5.797821e+00
3.281175e+01
1.024984e+01
3.017214e+01
-1.251495e+01
2.667666e+01
5.450666e+00
-1.433513e-01
1.468630e+00
-2.471241e-01
-1.805528e-01
9.557177e-02
3.038999e-01
-6.487533e-03
-3.986167e-01
4.285608e-03
-3.390765e-01
-3.582377e-01
-4.675096e-01
1.695529e-01
1.332610e-02
-2.257956e-01
-1.971368e-01
2.628592e-02
1.435843e-01
1.766991e-01
-1.072336e-01
7.380604e-02
-7.699054e-02
2.519291e-02
3.322653e-03
-1.220236e-01
-6.744799e-03
2.897530e-02
-1.080314e-01
1.308631e-01
