-2.592194e-01
-1.114515e+00
5.712673e-03
5.347556e+01
1.899681e+02
-1.565964e+01
3.473162e-04
-7.890339e+04
-1.221400e+05
7.843350e+03
1.083049e+05
2.001575e+05
-9.226077e+04
5.363717e+04
-4.987280e+03
-8.436698e+03
-2.086988e+04
-1.399122e+05
2.778336e+04
-1.497466e+04
-8.355444e+03
-2.266335e+04
-1.159803e+04
-1.312488e+04
6.625586e+03
-1.453983e+04
-4.656338e+03
3.921951e+03
1.118524e+04
3.866716e+03
-3.975191e+04
-3.183634e+04
2.134204e+04
-2.932356e+04
1.539140e+04
-1.398776e+04
-1.872431e+04
2.151028e+04
-1.341447e+04
-5.836587e+03
4.191597e+03
2.692123e+03
-1.301037e+04
5.311230e+03
1.032334e+04
-1.015364e+04
1.042867e+04
4.653850e+03
-4.579013e+03
1.321581e+03
6.367370e+03
-1.503714e+03
3.664690e+03
-1.854388e+03
-5.045768e+03
1.705802e+03
1.723341e+03
7.861231e+03
-2.209006e+02
-1.248558e+04
-2.633633e+03
5.803260e+03
7.024863e+02
2.691561e+01
3.240263e+03
4.875919e+03
3.436292e+03
2.127784e+03
-4.526795e+03
5.624395e+03
1.896905e+03
-7.954493e+02
-2.348327e+03
-5.362012e+02
-6.790900e+02
7.314794e+02
3.667061e+02
7.401658e+02
-4.388222e+03
1.531906e+02
9.533066e+02
-1.910051e+03
1.565117e+02
2.039998e+03
2.035503e+03
7.310336e+02
-1.383890e+03
7.522976e+02
1.043873e+02
-5.516927e+01
1.128246e+02
1.047565e+03
1.531349e+03
1.479526e+03
-1.188717e+03
2.751253e+02
9.808699e+02
-7.916112e+02
-7.731920e+02
-5.158336e+02
-2.461564e+01
-3.034444e+02
1.417142e+02
-1.240151e+03
-1.871579e+02
-5.698469e+02
1.082864e+03
6.625792e+02
1.045664e+03
1.217904e+03
-4.789776e+02
9.712817e+02
-4.452396e+02
9.705369e+02
-3.406250e+02
-4.604280e+02
-4.012014e+02
-7.434651e+01
-3.939329e+02
4.268424e+02
2.086510e+01
1.090376e+02
-4.781619e+02
2.205320e+02
6.011534e+02
-1.656617e+02
2.852288e+02
6.567678e+01
-3.373111e+02
1.695220e+01
5.004566e+02
3.131833e+02
-2.695697e+00
-1.176547e+02
-2.061778e+01
-2.483919e+02
3.864640e+02
-1.108715e+02
1.676317e+02
9.697261e+01
-6.928970e+01
-1.824864e+02
1.583909e+02
1.830519e+02
2.414407e+01
1.828720e+02
-1.299126e+02
-2.843864e+02
1.147992e+02
1.892304e+02
1.771347e+02
1.963137e+02
-4.551199e+01
-1.395441e+02
-3.012519e+02
-7.837955e+01
4.322107e+01
-3.999530e+01
-1.051903e+02
4.187225e+01
7.973859e+01
2.843843e+01
6.530448e+01
-1.610168e+02
-4.072322e+01
-4.999408e+01
4.239467e+01
8.822607e+01
-4.676289e+01
6.664237e+01
3.824503e+01
2.991309e+01
1.292760e+02
7.594692e+01
-3.587881e+01
-1.536705e+01
9.575938e+01
3.275726e+01
-3.400774e+01
-6.191279e+00
9.421497e+00
5.411683e+01
8.080342e+00
-7.039043e+01
5.025426e+01
-7.787248e+00
5.482900e+01
7.695358e+00
-8.378912e+01
2.310242e+01
3.760352e+01
3.565885e+01
-4.857242e-01
2.178649e+01
3.448528e+01
-3.944614e+01
-2.058825e+01
-2.644263e+01
-3.421883e+01
4.028792e+01
2.180628e+01
-6.708069e+01
1.237764e+00
2.937281e+00
3.207956e+01
2.842030e+01
-1.219152e+00
-3.119352e-01
-5.660922e-02
3.850060e-01
1.834655e-01
5.414437e-02
-1.158562e-01
-3.647685e-01
-1.129223e-01
7.133098e-02
-1.081458e-02
-3.786012e-01
2.290422e-02
4.849372e-02
6.922337e-02
-6.516633e-02
2.423824e-02
1.429161e-01
1.955466e-02
-4.129040e-02
1.850486e-01
1.088251e-01
1.388928e-03
-3.743128e-02
1.440686e-01
6.597769e-02
-4.589285e-02
-2.011854e-02
-4.213171e-02
