-2.280866e-01
7.734828e-02
-4.241377e-02
5.006222e+01
2.028028e+02
-2.533840e+01
3.534781e-04
-4.258336e+04
2.705787e+04
1.767501e+05
2.674448e+03
-1.044805e+05
9.931209e+04
-5.424119e+04
5.519441e+04
-2.668694e+04
5.991090e+02
-2.959900e+04
1.084043e+05
6.885997e+03
-3.015766e+04
4.819800e+04
3.705395e+04
-1.305174e+04
7.032091e+03
-2.023888e+04
-2.296412e+04
-2.760111e+03
-1.377343e+04
1.889938e+04
-2.550322e+04
1.211197e+04
-1.473069e+04
-5.534904e+03
1.847120e+04
2.296341e+04
2.421479e+04
-4.824348e+03
1.095812e+04
-3.451282e+03
-4.522999e+03
-1.405600e+04
-2.090621e+04
-1.129020e+04
8.607779e+03
-7.411266e+03
-7.674012e+03
8.599887e+03
-9.377824e+03
-5.700913e+02
6.136819e+03
7.592708e+03
1.576097e+03
4.711754e+03
-3.243067e+03
7.737750e+03
2.407128e+03
5.050586e+03
-4.227977e+03
-7.522386e+03
-4.343593e+03
-2.100940e+03
9.763697e+02
-3.189559e+03
2.436867e+03
4.226667e+02
3.219385e+03
1.325034e+02
-2.640559e+03
2.777831e+03
-6.994326e+02
-8.249149e+01
4.575459e+00
9.931694e+02
1.018489e+03
5.279037e+02
7.836628e+02
1.306340e+03
-4.129836e+03
-1.844163e+03
8.533509e+01
1.378862e+02
-1.510841e+03
-9.816508e+01
1.088614e+03
1.310582e+03
-1.475432e+03
1.135461e+03
-1.142143e+02
-7.688670e+02
-8.992325e+02
4.671412e+02
2.316040e+03
9.821251e+02
-9.580034e+02
4.867208e+02
2.495966e+03
1.721472e+02
2.316259e+02
9.762751e+02
-1.652827e+03
-1.117173e+02
-7.760880e+02
-1.243623e+03
5.696782e+02
-2.738217e+02
1.063013e+03
5.352471e+02
5.734156e+02
1.230709e+03
3.947060e+02
6.633141e+02
-5.561473e+02
8.258257e+02
-7.774320e+01
-2.257699e+02
3.873668e+02
-1.525317e+02
-4.815455e+02
5.595307e+02
-1.264103e+02
-1.730311e+02
-1.805587e+02
3.952980e+02
-4.347783e+01
-2.764050e+02
5.580183e+01
3.819803e+02
9.556945e+01
-5.774257e+01
2.670054e+02
2.361234e+02
1.136106e+02
3.530973e+02
2.541084e+01
1.001154e+02
4.451234e+02
-2.050110e+02
-1.019020e+02
4.988525e+01
-1.055945e+02
-9.561797e+00
-1.356056e+02
1.539943e+02
-1.469589e+01
-9.546730e+01
-1.571447e+02
-8.486436e+01
6.761738e+01
-2.225514e+01
-6.789699e+00
-2.526762e+00
8.564718e+01
1.940943e+01
-1.523664e+02
-5.880497e+01
1.909823e+02
5.115211e+01
-1.366825e+02
-8.194566e+01
2.366837e+02
-5.305969e+01
6.814335e+01
5.333488e+01
3.538953e+01
-1.413105e+02
-4.789710e+01
8.517996e+01
-5.349786e+01
2.203208e+01
6.891255e+01
6.935259e+01
-3.212700e+01
4.625937e+01
3.014783e+01
-7.648862e+01
3.552200e+00
-4.527936e+01
-5.179147e+01
2.789758e+01
7.624280e+00
-7.732334e+00
2.667916e+01
1.774704e+00
5.244633e+01
-6.868705e+01
3.745234e+01
3.965612e+01
-3.246067e+01
6.640486e+01
3.191009e+01
1.846534e+01
-7.867587e+00
-1.214394e+01
5.435671e+01
1.987074e+01
1.736197e+01
-1.465400e+01
1.698213e+00
-3.132353e+01
-1.652236e+01
-6.468669e+00
1.384726e+01
4.164842e+01
-6.557926e+00
1.916194e+01
-1.328731e-01
1.071876e-01
-7.636017e-01
3.505423e-01
2.947825e-01
-2.018675e-01
1.103737e-01
-1.834737e-01
-1.727614e-01
-1.892145e-01
-1.013202e-01
-2.331058e-02
-7.073216e-02
1.618022e-02
2.096718e-02
1.324316e-02
-6.208371e-03
7.406800e-02
5.398128e-02
-4.861362e-02
9.753900e-02
8.913296e-02
4.626008e-02
-6.920080e-02
-6.692626e-02
3.271846e-02
1.695016e-02
-5.414148e-02
-3.004591e-02
