-1.236096e-01
-1.052802e+00
1.428969e-01
5.319111e+01
1.846232e+02
-1.801639e+01
3.525235e-04
-5.711198e+04
-1.269494e+05
1.577142e+05
-2.326872e+05
1.057383e+04
-7.577189e+04
2.509943e+04
3.458409e+04
1.589848e+04
-1.809797e+04
5.714294e+04
1.257760e+05
4.708255e+03
4.397056e+04
9.141928e+04
-4.236024e+04
-4.316211e+03
8.833850e+03
2.549171e+03
-5.104937e+04
-3.295901e+04
-1.079025e+04
-2.404340e+04
-2.855739e+04
-7.094546e+04
-2.706709e+04
-2.161273e+04
5.604213e+03
1.025223e+04
-3.966105e+03
-2.003669e+04
3.318693e+04
-1.045567e+04
6.923412e+03
-1.842054e+04
-1.037745e+04
-5.098195e+03
-1.043232e+04
1.090584e+03
1.148833e+04
1.253353e+04
-1.112160e+04
4.676907e+03
-3.500992e+03
-2.738968e+03
-5.073742e+03
2.158553e+03
1.532557e+03
-1.319890e+03
-6.109371e+02
3.214696e+03
5.382918e+03
-1.089798e+04
-5.780416e+03
-1.792817e+03
-4.932818e+03
-3.712690e+02
-5.148915e+02
7.244023e+03
1.624969e+03
2.931680e+03
-1.902851e+03
6.844645e+02
-4.010275e+02
1.137848e+03
2.599697e+01
2.773104e+03
2.107777e+03
2.614403e+03
2.366239e+03
1.924148e+02
-3.908816e+03
-7.680545e+02
1.959797e+03
-1.443910e+03
-2.854341e+02
1.438136e+03
-1.944760e+02
2.247031e+03
-8.134469e+02
-1.749892e+02
-1.175429e+01
-1.355385e+02
4.505120e+02
5.192610e+02
4.162090e+02
1.756356e+03
-3.849123e+02
7.767019e+02
1.321541e+03
-1.040689e+03
-7.202763e+01
-4.098651e+02
-6.909224e+02
-6.722888e+02
6.174749e+02
-6.987236e+02
2.738484e+02
-7.015245e+02
1.013991e+03
-2.334298e+01
1.242961e+03
1.346876e+03
3.928871e+02
2.448927e+02
5.624458e+01
5.284359e+00
-1.751995e+02
5.675449e+02
-4.896426e+02
-4.753529e+02
-7.681490e+02
4.969286e+02
4.782318e+01
-3.347938e+01
-4.707619e+01
1.998187e+01
-3.132542e+02
1.298654e+02
1.205365e+02
2.516750e+02
-6.188557e+02
-4.525855e+02
3.687221e+02
2.522765e+02
2.881055e+01
-1.822923e+01
8.343893e+01
-2.243832e+02
-4.025224e+01
-2.327890e+02
-1.648190e+02
-6.602062e+01
-1.993924e+02
6.196988e+01
2.855562e+02
2.085377e+02
5.402012e+01
-1.851823e+02
-4.501455e+01
-2.488005e+02
7.718880e-01
3.459787e+02
-1.024288e+00
6.821239e+01
-1.547702e+02
-1.339921e+02
-6.737388e+01
-8.602798e+01
-3.550419e+01
-1.632425e+01
-8.829797e+01
8.390235e+01
1.087665e+02
1.145432e+01
3.148229e+01
-7.139225e+01
-2.274351e+02
2.462833e+01
4.875272e+01
6.225279e+01
-3.444724e+01
-2.546688e+01
7.569043e+01
1.549142e+02
1.102845e+02
1.682350e+01
5.189926e+01
-4.285023e+01
8.393674e+01
1.061883e+02
-1.215478e+02
5.654140e+01
9.151459e+01
1.013715e+02
-1.217983e+01
-5.557034e+01
5.793391e+01
7.981623e+00
3.760891e+01
7.762524e+01
-2.481107e+01
5.381274e+01
1.678586e+01
5.484108e+01
1.805257e+01
-4.044018e+01
3.292771e+01
-2.128103e+01
4.276634e+00
2.112164e+00
-3.045441e+01
1.536227e+01
2.574835e+01
-7.572977e+01
-2.797908e+00
-1.401880e+01
2.294534e+01
1.077033e+01
-7.504745e-01
4.459310e-01
-5.808493e-01
-7.065177e-02
-2.291088e-01
2.213492e-02
-1.833053e-02
2.701569e-01
-7.919327e-02
4.045102e-01
4.402597e-01
1.798161e-03
1.083410e-01
-6.500570e-02
1.393127e-01
-1.455386e-01
-4.182531e-02
1.047591e-01
9.892143e-02
1.300884e-01
1.181646e-01
1.395287e-01
2.264312e-02
8.468783e-02
2.709233e-01
1.020107e-01
-1.034625e-01
-3.666461e-02
-4.279823e-03
