-2.855887e-01
1.555955e+00
-6.896925e-02
5.944889e+01
1.878216e+02
-7.558990e+00
3.559856e-04
-2.068328e+04
5.875170e+03
2.891369e+04
-1.078401e+05
1.375217e+04
5.956810e+04
1.646876e+04
3.055843e+04
-1.685820e+04
4.472737e+03
-1.577660e+04
9.305714e+04
-4.927191e+02
-9.823374e+03
3.107143e+04
-4.486602e+04
-2.452704e+03
-3.323721e+03
1.425942e+04
-2.624349e+04
-1.762373e+03
-3.366720e+03
-1.247175e+04
5.301806e+03
-2.258431e+04
-1.479521e+04
-1.259441e+04
1.565037e+03
-5.385122e+03
-1.192766e+04
3.310114e+02
1.792271e+04
7.681868e+02
-3.738670e+03
-3.074843e+03
2.018220e+03
-5.872723e+03
7.824469e+03
1.437324e+03
5.564759e+03
1.264332e+04
-1.268586e+04
9.184166e+02
4.054557e+03
1.429210e+03
2.843376e+02
3.257318e+03
7.441295e+03
-1.633984e+03
-4.371507e+02
5.018394e+03
-3.094146e+00
-2.224018e+03
-4.768193e+03
1.783871e+03
2.148994e+02
1.521182e+03
-7.517328e+02
4.693050e+03
7.317838e+01
9.838222e+02
-2.747093e+03
2.368531e+03
2.299331e+02
3.603457e+02
4.773036e+02
3.124163e+03
-7.645861e+02
-3.816431e+02
-4.752207e+02
7.685731e+02
-2.647823e+03
-3.296516e+02
-5.488065e+02
-1.457045e+03
7.640485e+02
1.118853e+03
2.239835e+02
1.564707e+03
-6.487493e+02
3.193825e+01
7.643984e+02
-2.589146e+02
-1.459153e+02
9.726751e+02
9.978179e+02
7.139630e+02
-1.602047e+02
7.082933e+02
1.356708e+03
-5.633886e+02
3.567014e+01
4.016350e+02
-4.901693e+02
2.325808e+01
6.074423e+02
-4.775420e+02
-6.034257e+02
-4.530480e+02
6.420547e+02
5.419340e+02
9.054645e+02
6.379934e+02
5.274252e+02
-2.446494e+02
-3.681360e+02
8.001648e+01
3.136139e+01
2.938710e+02
-4.649170e+01
-2.283837e+02
-1.965603e+02
4.110950e+02
9.300018e+01
5.256914e+02
5.160567e+01
-1.097477e+02
1.316095e+01
-1.590777e+02
1.741938e+02
3.514779e+02
-1.339698e+02
-2.789156e+02
1.293909e+02
3.329161e+02
-1.032421e+02
-6.649172e+01
1.872932e+02
-1.935428e+02
-3.214002e+01
-5.268700e+01
-6.087476e+01
-2.186975e+02
-1.189771e+02
2.643034e+02
2.524010e+01
2.194951e+02
2.122055e+00
-9.675312e+01
2.687461e+01
-6.674507e+01
1.693679e+01
1.476464e+02
3.179485e+01
-3.033495e+01
-1.462285e+02
-5.695631e+01
-4.317524e+01
-9.832482e+01
2.666757e+01
-8.606274e+01
4.758193e+01
-4.663650e+01
4.004169e+01
-3.465820e+01
-1.387657e+01
-4.272013e+01
-1.194265e+02
-7.687769e+01
-2.472936e+01
1.197869e+02
-1.366206e+02
-1.048466e+01
3.942985e+01
6.312616e+01
7.735706e+01
6.096615e+01
4.424499e+01
-8.548891e+01
5.732667e+01
3.551097e+01
-1.189672e+02
2.754699e+01
2.393655e+01
7.422562e+01
-3.153272e+01
-1.997164e+01
2.077464e+01
-4.290018e+01
4.318400e+01
6.726670e+01
-1.401415e+01
1.962155e+01
5.618805e+01
4.520146e+01
-2.810325e+00
-1.800364e+01
3.918233e+01
-9.210541e+00
-9.485741e+00
-2.358508e+01
-2.645290e+01
-2.393131e+01
2.194437e+01
-3.884079e+01
-1.205442e+01
1.381237e+01
1.605361e+01
4.719757e+00
-3.216435e-01
-6.654167e-01
-4.272386e-01
-4.315174e-01
-4.774471e-03
-2.746100e-01
9.189189e-03
3.694167e-01
-4.626198e-02
4.124043e-02
3.368796e-01
1.035692e-02
-2.399875e-03
-1.136158e-01
5.448617e-02
-1.976643e-01
-7.038375e-02
1.168799e-01
1.062546e-01
9.167193e-02
1.045392e-01
5.548880e-02
-1.020554e-02
-1.202594e-01
1.412994e-01
6.746836e-02
-6.997919e-02
4.054465e-02
9.168383e-03
