-2.436314e-01
1.186430e+00
5.918910e-02
5.489778e+01
1.876881e+02
-1.569246e+01
3.651376e-04
-3.845501e+04
8.966325e+04
3.728008e+04
-2.565563e+05
-1.076872e+05
-4.131214e+04
9.800381e+04
-3.430077e+04
-1.450325e+05
-3.747403e+04
-2.496232e+04
132906
-6.166440e+04
3.159262e+04
-3.680843e+04
-1.046706e+04
3.909944e+04
-4.696512e+03
-5.136104e+04
-6.125237e+04
6.092538e+04
-7.207748e+03
-1.505796e+04
5.406799e+03
-8.163177e+03
-2.439524e+04
-1.870902e+04
-1.700540e+04
-1.261283e+04
1.755557e+04
-5.823661e+03
1.645202e+04
4.087495e+03
-5.348463e+03
-1.595126e+04
-9.012100e+02
-34398
3.507169e+03
1.215722e+04
1.022876e+03
1.318360e+04
-2.335100e+04
-4.138579e+03
2.329517e+03
8.056431e+03
6.668138e+03
2.217488e+03
4.948296e+03
9.897390e+03
-1.816085e+02
7.591788e+03
-1.798850e+03
1.279032e+02
-8.171438e+03
6.669580e+03
-2.231699e+02
-1.315974e+03
3.633387e+02
-1.160303e+03
3.668712e+03
3.059386e+03
-3.445017e+02
1.810253e+03
-7.428436e+02
6.259453e+02
2.310623e+03
1.017965e+03
-3.174069e+02
-1.044442e+03
3.022922e+03
2.230223e+02
-3.340144e+03
-1.108023e+03
-2.314677e+03
2.184022e+03
-4.570963e+01
2.285218e+03
7.802571e+02
2.678799e+02
-1.544286e+03
8.848783e+02
5.574366e+02
1.950057e+02
5.573677e+02
1.116164e+03
3.017529e+03
2.987419e+02
2.663429e+02
5.233483e+02
2.907856e+03
-7.904532e+02
8.208423e+02
5.395678e+02
-9.622911e+02
5.043228e+01
-1.460220e+02
-1.047198e+03
6.243298e+02
-5.214325e+02
8.935910e+02
6.420361e+02
1.038673e+03
1.263285e+03
1.194336e+03
3.105012e+02
-9.122672e+02
8.423980e+01
4.865282e+02
3.961010e+02
-2.835768e+01
-5.220128e+02
-1.394216e+02
5.004316e+02
1.765778e+02
7.946453e+02
-3.614367e+01
2.998497e+02
1.938732e+02
-2.394493e+02
-4.392932e+01
3.773680e+02
1.884698e+02
7.323160e+01
-2.823554e+01
5.579667e+02
-2.269320e+02
-1.034246e+02
1.182761e+02
-2.966293e+02
1.061618e+02
-1.330244e+02
1.250746e+01
-1.010946e+02
-1.549680e+02
3.902809e+02
-3.208312e+02
3.500054e+02
-2.004781e+02
-2.278771e+01
-4.537990e+00
1.286404e+02
-7.219926e+01
1.629130e+02
-4.125200e+01
6.581173e+01
-2.045641e+02
9.631599e+01
-2.370948e+01
-5.803009e+01
6.229316e+01
1.268080e+02
6.648095e+01
-1.719275e+02
1.692143e+02
2.207608e+01
1.890534e+01
-1.781495e+01
-1.159280e+02
1.038215e+01
-5.197189e+01
2.182477e+02
-1.018858e+02
-9.548220e+01
2.794739e+01
-4.678682e+01
-3.155634e+01
1.143004e+02
-2.677705e+01
-1.529172e+02
-5.011825e+01
-3.278263e+01
-7.375491e+01
-2.694036e+01
-5.670391e+01
4.051872e+01
-4.254950e+01
5.055317e+01
2.167481e+01
-5.271460e+01
3.579858e+01
1.011927e+01
-1.001648e+02
-7.698662e+00
1.756784e+01
5.492664e+01
3.715380e-01
-1.476598e+01
5.883556e+01
2.952307e+01
3.207133e+00
-3.748880e+01
-2.739046e+01
-4.318019e+01
2.153686e+01
-6.699611e+01
2.546434e+01
4.581883e+01
-1.255809e+01
8.435953e+00
-4.330625e-01
-7.834049e-01
-1.645514e-01
-7.856491e-01
1.863697e-01
-5.565751e-02
3.900266e-02
3.760293e-03
-5.071992e-02
-1.252000e-01
1.996091e-01
-3.840088e-02
-1.155024e-01
-1.458286e-01
2.722973e-01
9.837649e-02
-4.705924e-02
1.072406e-01
2.788891e-02
3.584990e-02
9.856134e-02
8.605017e-03
1.330731e-01
-1.243453e-01
1.789695e-02
1.678953e-02
4.603728e-02
2.917291e-02
1.029293e-01
