-1.121288e-01
1.157356e+00
-1.128798e-01
5.774222e+01
1.829908e+02
-1.610034e+01
3.612355e-04
-5.588097e+04
1.137017e+05
8.794092e+03
-2.628196e+05
-9.742347e+04
-3.493748e+04
1.375410e+04
9.023362e+03
-9.883356e+04
-9.277319e+04
-1.331967e+05
7.744998e+04
-2.330010e+03
-2.599953e+03
3.327296e+04
2.116946e+04
-2.538916e+03
2.230366e+04
-9.913546e+03
-2.265036e+04
-1.467105e+04
-1.372758e+04
-1.393528e+04
1.411865e+03
-8.068759e+03
-1.618760e+04
-6.215208e+03
-9.928912e+03
4.751467e+03
1.048946e+04
-1.504248e+04
5.470334e+03
1.602025e+04
-9.271727e+02
-6.909616e+03
-6.446374e+03
-2.743711e+04
-3.233104e+03
6.247122e+03
-3.395006e+02
5.057203e+03
-1.396136e+04
-5.097836e+02
4.091488e+02
1.832331e+03
6.047924e+03
6.678487e+03
-2.239933e+03
2.289645e+03
-1.714057e+03
2.129510e+03
2.707406e+03
-4.679516e+03
-5.120881e+03
3.014311e+03
-3.742816e+02
-1.754055e+03
1.327342e+03
3.271494e+02
2.971380e+03
8.311152e+02
-1.431107e+03
1.252845e+03
-6.282668e+01
6.711128e+02
1.462533e+03
6.401503e+02
6.694565e+02
3.131057e+02
3.634471e+02
7.301052e+02
-2.076827e+03
-2.114631e+03
1.908719e+03
6.310538e+02
1.058702e+03
8.547517e+02
1.690068e+03
3.844664e+02
-1.494905e+03
1.182566e+02
8.088772e+01
6.380839e+02
-4.564048e+02
1.183517e+03
1.809754e+03
6.939113e+02
-6.170175e+02
3.464378e+02
1.252662e+03
-9.669583e+02
6.075585e+02
1.383637e+02
-8.634747e+02
2.667466e+02
-5.021981e+02
-7.582279e+02
-2.628581e+02
1.797084e+02
4.708754e+02
6.959391e+02
5.115498e+02
8.185978e+02
6.629832e+02
-1.275191e+02
-5.783127e+02
2.466164e+02
2.022886e+02
-5.396166e+01
-2.172820e+02
-2.524179e+02
-1.691986e+02
6.693095e+02
7.707234e+00
4.278941e+02
-1.701900e+01
1.931925e+02
1.331762e+02
1.794779e+02
-7.161018e+01
2.600536e+02
-2.270509e+02
2.008042e+02
1.561339e+02
4.535533e+02
-2.990086e+02
5.293483e+01
-1.134013e+02
-2.098424e+02
8.450538e+01
-1.475236e+02
-4.404333e+01
1.565951e+02
-2.148348e+02
-3.883281e+01
-1.206748e+02
3.695150e+01
-2.055886e+02
-1.493297e+01
-2.004901e+01
-1.226926e+02
-1.894044e+02
1.955526e+02
1.077077e+00
1.446437e+02
-2.587649e+01
1.726837e+01
-3.052879e+01
-1.156122e+02
1.465476e+02
9.309206e+01
3.084030e+01
-5.519014e+01
5.242500e+01
-2.028060e+01
3.809880e+01
-1.151840e+02
-7.459473e+01
-2.515831e+01
-4.440860e+01
1.088315e+02
-3.338012e+01
-7.244329e+01
2.301798e+01
-2.284434e+01
-3.391183e+01
9.796747e+01
-3.595089e+01
-1.312147e+01
2.608515e+01
3.651415e+01
-3.065754e+01
6.507230e+01
3.278246e+01
4.338762e+01
-1.879784e+00
5.197812e+01
5.107782e+01
-7.731328e+01
-4.312030e+01
5.275801e+01
-2.133413e+00
2.244765e+01
2.689038e+01
5.452250e+01
6.597588e+00
-3.960466e+01
2.946301e+01
1.628442e+01
-2.335658e+01
-1.628571e+01
-2.920454e+01
-3.812596e+01
4.014838e+00
-2.885226e+01
3.090182e+01
2.333595e+01
-3.356512e+00
4.118671e+00
-7.038988e-01
-2.245939e-01
-5.147071e-01
-3.585109e-01
4.287734e-02
8.023954e-02
1.353792e-01
-1.534040e-01
-5.788084e-02
-2.463846e-02
3.709817e-01
4.163913e-02
-6.504236e-02
-1.015707e-01
9.087248e-02
-8.380008e-02
6.016731e-03
1.062001e-01
3.798219e-02
1.186028e-01
5.637396e-02
9.557664e-02
8.293476e-02
-3.106053e-02
6.023612e-02
3.884902e-02
5.659817e-02
1.010292e-02
1.129614e-02
