-1.180293e-01
2.682276e-01
2.201619e-01
4.209778e+01
1.766850e+02
-2.522871e+01
3.467199e-04
-7.152052e+04
1.479350e+04
1.557104e+05
4.808419e+04
2.103596e+04
4.935806e+04
-9.418177e+04
6.287244e+04
3.367754e+03
9.080117e+04
5.597184e+04
6.343672e+04
3.807343e+04
6.027565e+03
-2.468631e+04
4.508751e+04
1.363860e+02
2.364027e+04
-6.939320e+04
1.818009e+04
-1.105403e+04
-1.221940e+04
1.555235e+04
-3.336548e+04
-1.466757e+04
5.011713e+03
-5.426529e+03
-2.238679e+03
1.203346e+04
7.935829e+03
3.269388e+03
-1.293871e+04
-7.980021e+03
-5.061902e+03
5.454740e+03
1.008051e+03
-1.509535e+03
1.013565e+04
-1.573042e+04
8.992022e+03
1.209745e+02
4.434647e+03
4.567481e+02
3.232812e+02
3.837561e+03
-5.389651e+03
5.267783e+03
-1.121599e+03
3.685920e+03
2.277355e+02
7.882884e+03
-1.565239e+03
-5.098055e+03
-5.563032e+03
1.440056e+03
-1.223087e+03
-3.998778e+03
3.125164e+03
2.815816e+02
-7.379019e+02
1.745818e+03
-1.822959e+03
-1.703303e+02
2.266890e+03
3.915555e+03
7.333475e+02
-1.610685e+03
-1.623479e+03
-8.475920e+02
5.584724e+02
7.911083e+02
-2.957291e+03
-9.529421e+02
-4.223909e+02
-1.151667e+03
-3.791076e+02
-7.609955e+02
1.899855e+02
5.066223e+02
-1.351038e+03
1.594528e+03
-1.018677e+01
9.390648e+02
4.078787e+02
-1.033517e+03
1.745476e+03
8.858451e+02
-3.770036e+02
6.826862e+02
1.186877e+03
-3.070341e+02
-4.851154e+02
-7.883928e+00
-2.875156e+02
-7.408813e+02
5.907886e+02
-4.629521e+02
3.392090e+02
-9.931788e+02
6.834678e+02
6.035548e+02
7.944999e+02
4.781851e+02
5.806423e+02
5.304258e+02
-2.655369e+01
1.462058e+02
-6.036368e+02
9.487479e+01
1.499513e+00
-2.761196e+02
-4.446148e+02
3.569841e+02
-2.956481e+02
-1.482108e+02
-1.463559e+02
3.102376e+02
-6.840154e+01
-2.007708e+02
2.943733e+02
1.975878e+01
1.967772e+02
-1.567998e+01
1.438066e+02
3.431329e+02
5.209144e+01
2.108840e+02
1.933551e+02
1.099038e+01
3.329498e+02
1.092422e+02
-5.091071e+01
-1.799359e+02
9.800604e+01
-8.991808e+01
-2.978795e+01
1.719598e+02
8.937217e+01
1.008124e+02
-1.300753e+01
-1.287078e+02
4.616186e+01
1.276266e+01
1.463086e+02
5.345435e+01
-6.395461e+01
3.944695e+00
-4.973436e+01
4.362790e+01
1.096565e+02
1.294555e+02
-2.893770e+01
4.930499e+01
1.548655e+02
2.890705e+01
-5.593058e+01
1.285474e+02
-9.160543e+01
-1.455466e+01
-5.882740e+01
1.438980e+02
-1.519821e+02
-7.872295e+01
8.241479e+00
1.514097e+02
5.810258e+01
-2.641050e+01
7.839267e+00
-8.569949e+01
4.624351e+01
2.578626e+01
-9.919505e+01
-2.697495e+00
1.690432e+01
3.080307e+00
4.887246e+00
7.086734e+00
1.259940e+01
-5.473524e+01
1.191626e+01
1.925838e+01
-6.094363e+01
-7.401507e+01
3.614227e+01
1.134524e+01
-1.651093e+00
2.636593e+01
8.145411e+00
-3.557792e+01
1.620480e+01
8.882167e+00
-1.160353e+01
6.674491e-01
3.452729e+01
3.785981e+00
2.534058e-01
-6.958484e+00
9.246522e+00
6.321156e+00
4.843396e-01
-4.503300e-01
-3.187060e-01
-1.079072e-01
-5.080265e-02
-3.469165e-02
-4.363861e-01
9.472176e-02
2.516581e-02
1.307773e-01
7.059741e-02
-1.502773e-01
-1.773130e-02
-5.205870e-02
2.672363e-02
1.626968e-01
-4.627563e-02
-3.703272e-02
-3.475618e-02
-1.870791e-01
-1.049054e-01
3.854087e-02
-1.237863e-01
-4.872590e-02
-1.019348e-01
-2.785970e-03
-6.993590e-02
-2.599178e-03
5.324383e-02
