-1.977906e-01
3.567892e-01
9.903723e-02
4.835556e+01
1.917182e+02
-2.349520e+01
3.389710e-04
-2.438910e+05
-3.212158e+05
2.162707e+05
-8.328824e+04
4.156547e+04
6.662818e+03
-2.186093e+04
2.290387e+04
-2.779895e+05
-8.036219e+04
-7.218043e+04
5.877510e+04
6.469962e+04
-5.188870e+03
1.836529e+04
3.376952e+04
7.017892e+04
4.874590e+04
-3.572918e+04
2.166998e+04
5.135932e+04
-1.602449e+04
3.371234e+04
-5.647505e+04
4.231671e+04
-3.147466e+04
-3.396791e+04
1.891538e+04
1.893918e+04
2.664767e+04
-2.016841e+04
-5.924762e+03
4.433523e+03
1.487893e+04
-1.769459e+04
-2.101354e+04
-9.442001e+02
1.408422e+04
-9.164541e+03
-4.030388e+03
3.903409e+03
-1.137226e+03
2.974760e+03
1.062678e+04
4.185826e+03
9.778581e+03
-1.573070e+04
-6.867914e+03
1.172874e+04
2.707377e+03
8.624393e+03
2.660390e+02
-1.249555e+04
-2.250485e+03
-2.446967e+02
-4.993445e+03
-4.430447e+03
1.847489e+03
2.828711e+03
5.679648e+03
8.308623e+03
-4.932859e+03
1.846694e+03
-2.870917e+03
1.907099e+03
1.275932e+03
-5.695480e+02
1.625920e+03
1.289515e+03
3.209541e+03
-1.726338e+03
-4.537865e+03
-1.870235e+02
-1.777008e+03
1.686132e+03
-2.393398e+03
1.388794e+03
3.530479e+03
1.462194e+03
-2.679106e+03
9.880970e+00
-3.410699e+02
-8.168564e+02
5.090478e+02
9.127297e+02
3.064574e+03
2.064627e+03
-1.283145e+03
-7.289251e+02
2.454755e+03
2.676436e+02
1.152106e+03
4.531433e+02
-7.996935e+02
-1.135742e+03
-2.452015e+02
-1.869271e+03
1.104456e+03
-6.354169e+02
1.269158e+03
3.773247e+02
9.305833e+02
2.295233e+03
2.520223e+02
2.111793e+03
-5.485306e+02
1.166213e+03
2.579730e+02
-4.498799e+02
-1.203246e+01
-9.599376e+02
-3.873916e+01
7.181403e+02
3.892542e+02
3.846374e+02
-7.637518e+02
5.641921e+02
3.758097e+02
-5.934862e+02
-2.001912e+02
-5.288734e+01
2.349574e+02
-1.817653e+02
1.133768e+02
3.921897e+02
-1.162790e+02
1.525973e+02
-4.681161e+02
2.057456e+02
5.799797e+02
-3.722293e+02
-7.804784e+01
2.126695e+02
-1.393401e+02
1.024862e+02
-1.426081e+02
1.254611e+02
-2.153035e+02
6.371733e+01
1.505585e+02
-1.578343e+02
-9.302765e+01
1.412558e+02
1.760883e+02
2.748569e+02
1.675633e+02
-6.872984e+00
-1.355591e+02
1.054754e+02
8.759206e-01
2.751813e+02
-9.317946e+01
-2.380641e+02
2.639645e+02
-2.231598e+01
1.531017e+02
-6.860234e+01
-3.017498e+01
-1.923404e+01
9.251244e+01
1.031729e+02
-6.252055e+01
7.692964e+01
1.207772e+02
4.940411e+01
7.793347e+01
7.346087e+01
-5.135386e+01
-6.991720e+01
-2.075862e+01
8.074110e+00
3.866623e+01
1.345084e+01
3.308865e+01
2.613317e+01
-2.439090e+01
9.285626e+00
1.026782e+02
-1.549304e-01
1.128412e+02
1.663898e+01
-1.121936e+02
9.840213e+01
-3.413345e+00
2.520938e+01
-6.025047e+01
3.238921e+00
-2.577430e+01
3.765573e+01
-3.680210e+01
2.031380e-02
-1.209317e+01
3.362339e+01
-3.829928e+01
-5.099748e+01
1.533852e+01
-3.082024e+01
1.879108e+01
4.742701e+01
-2.898657e+00
2.754896e+00
-5.614317e-01
1.013558e+00
3.805253e-01
-3.099480e-01
-5.100313e-01
-8.641574e-01
-1.184433e-01
-4.443246e-01
1.241895e-01
-4.139351e-01
8.623771e-02
-3.547678e-02
2.905559e-01
1.802880e-01
-2.179214e-02
-2.230119e-02
-8.541461e-03
-6.096933e-02
1.315067e-02
2.378800e-01
1.222793e-01
-1.101541e-01
-1.211904e-02
2.031427e-02
5.095570e-02
-1.425482e-01
-9.295431e-02
