-4.532868e-01
-1.495358e+00
8.905604e-02
5.489778e+01
1.823023e+02
-9.259950e+00
3.534012e-04
-1.454767e+05
8.362471e+04
-6.368446e+04
-1.253730e+04
1.065898e+05
-306771
3.755966e+04
-1.221348e+04
-7.951595e+04
1.144849e+05
-1.157515e+05
7.160749e+04
-6.628888e+04
-2.291447e+04
-6.567201e+04
1.721618e+04
-1.438332e+04
-1.521405e+04
1.065820e+04
6.998212e+03
-2.444795e+04
-7.366891e+03
-3.670977e+04
-1.156844e+04
-3.800615e+04
1.406810e+04
-1.881082e+04
-1.474876e+04
-9.173800e+03
-6.242290e+03
1.948539e+03
-1.092862e+04
-1.137720e+03
-6.089471e+03
-1.376250e+04
-2.376668e+03
-3.530414e+03
-3.052686e+03
-8.415165e+03
1.240707e+04
-1.029078e+03
8.180154e+03
3.381766e+02
6.199298e+03
-8.977379e+03
-2.847407e+03
8.810279e+03
-8.908590e+03
-1.839252e+02
1.607278e+03
6.671052e+03
5.767613e+03
-8.909744e+03
-6.166130e+03
7.561804e+02
-1.804915e+03
-9.817402e+02
2.398819e+03
5.009253e+03
1.856144e+03
3.163938e+03
-5.468728e+03
4.192938e+03
2.385907e+03
2.578708e+03
-1.563208e+03
-2.596580e+03
-1.288584e+03
1.934064e+02
-1.063975e+03
1.456930e+03
-4.038691e+03
-7.022686e+02
1.844803e+03
-1.034659e+03
-2.237677e+02
3.868422e+02
3.276038e+03
4.626913e+02
-6.024978e+02
-1.260847e+03
-9.737978e+02
1.933422e+03
1.341775e+03
-4.937199e+02
2.028974e+01
1.777849e+03
-1.381031e+03
8.223663e+02
7.563519e+02
-6.330934e+02
-1.019815e+03
-8.540115e+02
2.030112e+02
-2.266082e+02
6.725386e+02
-1.917228e+02
-2.552461e+02
-4.144512e+02
9.203077e+02
1.346437e+03
4.508812e+02
1.007084e+03
-3.382552e+02
2.003120e+02
7.330200e+01
4.040513e+02
-1.035610e+01
-1.429706e+02
-6.224163e+02
-3.442056e+02
-7.719733e+02
1.070803e+02
-7.561735e+01
5.291094e+01
-2.952933e+02
-3.582978e+01
9.664246e+02
8.150657e+01
-6.952985e+01
-3.937020e+02
-7.165298e+02
-2.868760e+01
5.251495e+02
3.323365e+02
-2.217516e+02
2.763453e+02
-4.935106e+01
-1.891277e+02
3.712369e+02
-1.614129e+02
1.733404e+02
-2.459036e+01
-1.962100e+02
-2.712095e+02
3.080760e+02
2.836660e+01
2.966275e+01
2.104489e+02
-1.379868e+02
-1.878468e+02
-3.074509e+01
4.297264e+02
3.185600e+02
2.099819e+02
4.317909e+01
4.120586e+01
-5.297980e+01
6.992207e+01
1.056432e+02
8.449261e+01
7.470393e+01
1.905058e+01
-4.013835e+01
-7.578193e+00
4.089768e+01
-7.903828e+01
-1.282181e+02
-1.568402e+01
-8.110104e+01
8.733903e+01
-1.742847e+02
2.550044e+01
3.233518e+01
1.242648e+02
7.016031e+01
3.906794e+01
-1.436930e+01
8.901883e+00
1.269992e+02
8.069771e+01
-3.677869e+01
-3.378847e+01
4.432487e+01
7.162347e+01
2.321165e+01
1.295105e+01
6.644671e+01
2.963051e+00
3.637669e+01
9.317835e+01
-9.860590e+01
-6.234678e+01
1.808299e+01
1.870803e+01
3.882070e+01
3.375711e+01
-1.161171e+01
-6.629012e+01
-2.425622e+01
-6.442877e+00
-9.941813e+00
4.173076e+01
2.411814e+01
-5.249115e+01
2.850708e+01
-3.574590e+01
2.731849e+01
1.509246e+01
-1.227102e+00
-4.585144e-01
9.833375e-02
9.784129e-02
6.703878e-02
4.763321e-01
-1.545354e-02
-7.156935e-01
1.144908e-01
-2.313592e-01
4.663128e-01
-2.535755e-01
2.137409e-01
-6.564190e-02
-2.448582e-02
9.336147e-02
-2.646737e-03
3.377507e-03
1.701052e-02
5.953709e-02
-5.303434e-02
8.386572e-02
-1.000688e-01
-6.906486e-02
8.214428e-02
2.467274e-02
-6.791359e-03
-3.755479e-02
2.679852e-02
