-5.297130e-01
9.199140e-01
9.699390e-02
5.461333e+01
2.098208e+02
-1.763627e+01
3.509666e-04
-1.190431e+05
-4.404530e+04
-145431
-1.995316e+05
-1.858446e+05
-1.536636e+05
-5.055361e+04
4.885589e+04
-2.517273e+05
2.883259e+03
-1.484187e+05
1.773240e+05
-6.170210e+04
-5.450902e+04
-5.999268e+04
2.465351e+04
4.267756e+04
-1.972644e+04
-3.314600e+03
-6.204534e+03
4.636625e+03
-2.278028e+04
-1.840671e+04
-1.009970e+04
1.442635e+04
-2.235468e+04
-3.487993e+04
2.288877e+03
4.704671e+03
6.448069e+03
1.378221e+03
3.093657e+02
-1.149358e+04
-1.255466e+04
-2.045408e+04
-7.567423e+03
-1.583140e+04
1.980217e+04
-2.067936e+03
5.210059e+03
2.458281e+03
-7.979360e+03
-8.290033e+03
3.244725e+03
-6.931422e+03
6.537808e+03
1.498990e+03
-8.551700e+03
1.087732e+04
5.676855e+03
1.475671e+04
2.734056e+03
-9.108393e+03
-1.454294e+03
7.587964e+02
-1.293582e+03
-2.126798e+03
1.085631e+02
6.284831e+03
5.659385e+03
3.117113e+03
-3.857877e+03
4.924882e+03
2.212652e+03
1.017661e+03
-9.874362e+02
-2.361573e+03
-1.083411e+03
-4.221519e+02
1.747938e+03
2.872323e+03
-5.356614e+03
-6.896803e+02
-1.275792e+03
8.404454e+02
-2.391930e+03
7.285327e+02
4.333552e+03
1.595535e+03
-1.411899e+03
-5.091388e+02
-5.801045e+02
-3.378770e+02
7.567663e+02
-4.418063e+01
3.166145e+03
2.194626e+03
-1.847072e+03
1.208884e+03
2.335911e+03
2.262623e+02
2.497427e+02
2.328674e+02
-1.047255e+03
-3.808630e+02
1.186611e+02
-1.333204e+03
3.844875e+02
-1.660085e+02
1.119465e+03
6.491517e+02
-8.057271e+00
1.703786e+03
-3.269417e+02
1.558935e+03
-5.408195e+02
6.137428e+02
2.241608e+02
-4.523548e+01
2.382063e+02
-6.450826e+02
-9.430051e+01
1.256649e+02
-2.771836e+02
-6.333266e+01
-3.650285e+02
3.914069e+02
8.274470e+02
-1.965053e+02
-2.985996e+02
-7.764570e+01
-3.062780e+02
3.541591e+02
3.554034e+02
6.626235e+02
-6.926102e+01
3.334415e+02
-3.369968e+02
-1.793056e+01
8.385698e+02
-1.430107e+02
1.648369e+02
1.391180e+02
-2.617045e+02
1.937200e+02
-2.289673e+01
3.859132e+01
-9.516181e+01
1.579119e+02
-5.031935e+01
-1.993987e+02
4.348834e+01
2.150608e+02
1.206676e+02
1.833049e+02
2.793659e+02
1.891563e+02
-1.891522e+02
-4.728513e+01
-5.759723e+01
3.570294e+02
-3.269903e+01
-2.520388e+02
1.562084e+02
1.226649e+02
8.923965e+01
9.136965e+00
2.988850e-01
-3.325082e+01
-4.339751e+01
1.309104e+02
-2.094961e+00
4.927837e+01
5.955512e+01
2.751507e+00
-4.072960e+00
9.967822e+01
-5.172324e+01
-4.665948e+01
-2.837546e+01
-5.634183e+01
3.327015e+01
3.969823e+01
-8.819214e+01
1.818274e+01
7.934661e+01
4.417978e+01
1.390118e+02
-7.893532e+01
2.170786e-01
7.294803e+00
-1.375294e+02
-1.963331e+00
-6.179195e+00
3.710891e+01
2.079744e-01
5.561677e+01
1.447961e+01
5.810277e+00
-1.047791e+01
-2.337055e+01
2.484198e+01
-1.010409e+00
-1.386160e+01
-5.796616e+01
5.321798e+01
1.415156e+00
-9.297804e-01
3.475359e+01
-2.670953e+00
2.266141e+00
-6.709708e-01
1.408219e-01
5.761838e-01
-2.094805e-01
-1.774640e-01
-1.402770e+00
3.912541e-02
-7.234767e-01
-1.827252e-01
-1.568820e-01
-1.903406e-01
3.758026e-02
3.867438e-02
1.337785e-01
4.233072e-02
8.648391e-02
6.031939e-02
-1.287532e-01
-5.204136e-02
1.529736e-01
1.651842e-01
-8.457731e-02
-1.681141e-01
9.474310e-03
1.220644e-01
-1.061465e-01
5.758411e-02
