-2.657957e-01
-1.005842e+00
1.762585e-01
5.205333e+01
1.959003e+02
-1.635777e+01
3.558655e-04
-1.456553e+05
-2.098368e+05
5.056169e+04
1.163649e+05
-3.468782e+04
2.547820e+03
-1.214435e+05
7.565508e+04
-9.959303e+04
-1.262311e+04
-1.541672e+05
4.174878e+04
-4.347646e+04
-4.341046e+04
-4.692844e+03
3.997170e+04
-4.227917e+04
6.620047e+03
-1.505876e+04
-1.635643e+04
-8.111292e+03
-4.058026e+04
2.351651e+04
-7.939042e+04
2.619629e+04
9.583311e+03
-3.074561e+04
7.235434e+04
3.798266e+04
3.317422e+04
1.455736e+04
-1.248507e+04
-1.048231e+04
-2.295772e+03
-1.258222e+04
-7.657186e+03
5.294447e+03
1.131337e+04
3.074886e+03
5.263090e+03
-1.864188e+03
-2.303419e+03
-7.915950e+03
1.044154e+04
-8.027051e+03
5.708167e+03
-5.360296e+03
-1.354188e+04
9.654111e+03
3.499772e+03
9.099424e+03
-4.774544e+03
-1.613122e+04
7.920485e+02
-1.199212e+03
6.642999e+02
-8.034740e+03
6.228639e+03
3.132336e+03
8.194582e+03
6.103340e+03
-3.079306e+03
2.173015e+03
5.056835e+03
7.181544e+02
-2.476442e+03
-1.491163e+03
1.643347e+02
1.919937e+03
2.506895e+03
4.079467e+03
-7.281993e+03
-6.370600e+02
2.534653e+02
6.453806e+02
-2.451965e+03
-1.020026e+03
5.226495e+03
3.568447e+01
-1.187860e+03
1.549558e+02
3.064122e+00
1.071737e+03
1.447608e+03
3.381892e+02
2.351693e+03
2.346737e+03
-2.823113e+03
1.731684e+03
2.063144e+03
1.535513e+03
1.034558e+02
9.035818e+00
-2.641474e+02
3.343944e+01
-6.008522e+02
-1.203410e+03
2.195905e+03
5.502259e+02
1.226286e+03
3.800931e+02
3.079199e+02
1.982591e+03
-3.417305e+02
2.138871e+03
-6.592187e+02
1.209010e+03
-2.550869e+02
-9.140102e+02
-2.153569e+02
-5.183771e+02
-5.528584e+02
3.954388e+02
-1.022007e+03
-4.523471e+02
-8.587272e+02
6.259196e+02
4.190208e+02
-1.731043e+02
-1.267521e+00
1.566880e+02
-2.539770e+02
-1.641335e+02
6.701345e+02
1.070743e+01
2.457834e+02
3.802890e+02
-8.241658e+02
4.704067e+01
1.332905e+03
-3.817462e+02
2.219019e+02
8.030850e+02
-1.167971e+02
-1.964875e+02
-4.513319e+01
6.445171e+01
-2.325376e+02
3.626917e+02
7.283450e+01
-3.245049e+02
6.258171e+01
1.626769e+02
-2.132080e+01
3.751709e+02
4.495077e+02
-2.628977e+01
-4.707931e+02
-1.181851e+02
-6.198664e+01
2.492317e+02
-2.549156e+02
-1.209464e+01
9.503801e+01
1.124488e+02
1.677783e+02
-2.347597e+01
1.174439e+02
-1.082569e+02
3.658883e+01
-5.521945e+00
1.253804e+02
1.516334e+02
7.881120e+01
8.443732e+01
4.250798e+01
1.483120e+02
-2.604443e+01
-5.152586e+00
-4.800944e+01
6.120845e+01
7.306974e+01
-1.974277e+01
1.431934e+01
-3.722857e+01
1.152684e+01
5.663572e+01
8.409464e+01
-3.527674e+00
9.838528e+01
2.472749e+01
-1.126225e+02
8.416427e+01
-2.008914e+01
2.516891e+01
-1.895250e+00
4.190659e+01
1.692421e-01
-3.061533e+01
-3.887132e+01
-9.691442e+00
-2.670860e+01
4.643046e+01
1.094311e+01
-3.520558e+01
6.947645e+01
1.536540e+01
2.762622e+01
5.037069e+01
-2.386244e+00
2.759859e+00
-1.085605e+00
1.252103e+00
-2.599602e-01
-9.598694e-02
1.957785e-02
-1.319767e+00
-1.301027e-01
-5.047198e-01
-5.218956e-01
-4.045323e-01
1.062429e-01
2.364117e-01
3.752824e-02
5.014709e-02
4.338805e-02
4.967856e-02
5.032759e-02
-1.723055e-01
-5.795698e-02
2.063899e-01
1.692575e-01
-1.186655e-01
-1.645340e-01
1.677106e-02
1.361215e-01
-8.942477e-02
-8.806877e-02
