-2.396149e-01
2.393142e-01
-2.677433e-01
4.864000e+01
1.965649e+02
-2.559163e+01
3.553375e-04
-5.420870e+04
2.737153e+04
1.597249e+05
-1.604392e+05
-1.144780e+05
1.703487e+05
-7.888038e+04
3.807518e+04
-1.056867e+05
8.416944e+04
5.283194e+04
1.226942e+05
-3.479354e+04
1.268078e+04
-1.034764e+03
1.630288e+04
2.719524e+04
1.886471e+03
-7.998952e+04
-2.673591e+04
1.304974e+04
3.558367e+03
4.870738e+03
-1.661671e+04
-3.213341e+04
-3.543690e+03
-1.990721e+04
1.723313e+04
5.882716e+03
1.724531e+04
8.592916e+03
1.062076e+04
4.998005e+03
1.374464e+04
-4.319640e+03
-1.248990e+01
-3.157637e+04
7.558726e+03
9.790958e+03
6.974064e+03
8.142107e+03
-1.846635e+04
-5.671838e+03
5.341847e+03
6.529827e+03
8.042376e+03
2.219517e+03
-1.069168e+03
1.192976e+04
-1.052898e+03
8.516672e+03
-6.281377e+03
-2.418493e+03
-6.687955e+03
3.681888e+03
7.076816e+02
-3.788611e+03
4.823959e+03
-4.781757e+02
2.111202e+03
4.282610e+03
8.478162e+02
7.750378e+02
2.340503e+03
2.908374e+03
2.574074e+03
2.582740e+02
1.605654e+02
-1.632139e+03
3.535022e+03
5.526602e+02
-4.684077e+03
-9.723568e+02
-2.335017e+03
1.289244e+03
-1.991772e+03
4.244767e+02
3.037958e+00
1.008778e+03
-5.557117e+02
2.611552e+03
1.340892e+03
-4.108940e+02
1.156032e+03
7.591242e+01
3.910374e+03
5.356235e+02
5.785984e+02
1.441836e+03
2.895550e+03
-3.559432e+02
4.587830e+01
2.762251e+02
-9.753145e+02
-4.086432e+02
-2.039549e+02
-1.306566e+03
8.461252e+02
-3.390260e+02
1.079603e+03
6.848233e+02
1.176175e+03
6.313223e+02
1.129777e+03
8.669583e+02
-6.142736e+02
7.163409e+01
2.293272e+02
-7.342821e+01
1.472854e+02
-5.048309e+02
-6.709329e+02
5.756641e+02
-2.310754e+02
1.765689e+02
1.186327e+01
5.659863e+02
-7.362338e+01
-4.133288e+02
1.622015e+02
4.361201e+02
4.558297e+02
-3.672214e+00
-7.789442e+01
1.551570e+02
-2.134798e+02
1.100782e+02
8.853707e+01
-2.354884e+02
3.288172e+02
1.717385e+01
-1.224676e+02
-1.580793e+02
2.775106e+01
1.689473e+02
-1.415473e+02
2.522752e+02
-2.027418e+02
-1.193587e+01
-9.234919e+00
4.060573e+01
3.435096e+01
-4.951334e+01
-3.815926e-01
3.089269e+01
-1.402882e+02
1.055392e+02
-6.828244e+01
-1.212535e+02
1.221729e+01
1.145256e+02
-1.741638e+02
5.804354e+01
2.284434e+02
-5.392381e+01
-2.542940e+01
1.226501e+02
-8.880164e+01
1.929963e+01
-1.150815e+02
1.732363e+02
-1.436840e+02
-9.820233e+01
1.623249e+01
7.427891e+01
5.920568e+01
2.203532e+01
6.128251e+01
-1.420773e+02
-5.269864e+01
-6.767990e+01
-9.517963e+01
3.456594e+01
1.594388e+01
1.625147e+01
-6.673911e+00
6.425806e+01
-1.591720e+01
-8.401245e+01
7.970087e+00
4.716789e+01
-7.816618e+01
-3.906470e+01
3.200891e+01
4.656707e+01
7.440279e+00
1.412176e+00
5.509124e+01
-2.792162e+01
-1.255151e+00
-7.330718e+00
-1.857008e+01
-2.744088e+01
2.878102e+01
-3.182309e+01
3.676460e+01
2.086053e+01
-1.424870e+01
-1.493415e-02
-2.995080e-02
-3.881479e-01
-4.700418e-01
-1.045265e-01
9.719942e-02
-7.534583e-02
-1.350117e-01
1.652521e-01
-1.842936e-01
-1.524048e-03
-5.270197e-02
-8.297953e-03
-2.910958e-02
-2.107688e-01
1.528194e-01
8.483374e-02
-1.125496e-01
1.135443e-01
2.058069e-02
-1.205275e-01
9.384998e-02
-1.256440e-02
7.320030e-03
-1.369891e-01
-1.136130e-01
2.817027e-02
3.669785e-02
3.149861e-02
9.945592e-02
