2.182225e-01
7.789045e-01
3.775917e-01
4.892445e+01
1.533917e+02
-2.100869e+01
3.416321e-04
-1.490402e+05
-2.034339e+05
-8.661116e+04
-8.231138e+04
-3.577288e+04
-1.918987e+05
9.930802e+04
-5.276486e+02
-1.602521e+05
-4.070435e+04
-1.777369e+05
9.702724e+04
7.249166e+04
-1.844248e+04
-3.208350e+04
3.704627e+04
7.426166e+04
2.699254e+04
-1.808910e+04
3.261920e+04
4.647276e+03
-1.327525e+04
6.074442e+04
-5.982329e+04
3.191308e+04
-4.075650e+04
-4.864263e+04
2.085019e+03
4.264963e+03
2.212429e+04
-2.897402e+04
1.656905e+03
-4.211590e+02
-5.366430e+03
-1.102704e+04
-2.396358e+04
-3.675490e+03
6.869713e+03
-1.584344e+04
6.558934e+03
-6.957678e+03
-1.985789e+03
-5.827146e+03
2.374861e+03
-5.492889e+02
1.992408e+03
-7.867427e+03
-1.159063e+04
7.561850e+03
2.317386e+03
1.024734e+04
6.575773e+03
-9.439909e+03
-9.474459e+02
-2.866213e+02
-4.076828e+03
-2.573144e+03
3.092101e+02
5.281373e+03
2.675086e+03
2.101486e+03
-5.967999e+03
3.230411e+03
-2.597930e+03
-2.078861e+02
4.190236e+01
-1.902173e+03
-5.528429e+02
-1.115695e+02
5.208289e+02
-1.046129e+03
-2.619345e+03
8.340592e+02
-2.290786e+03
7.901475e+02
-1.828535e+03
1.136442e+03
4.053459e+03
2.511595e+02
-3.146873e+03
-2.953879e+02
-4.931129e+02
5.830748e+02
6.043518e+02
-4.453645e+02
2.633468e+03
1.923061e+03
-1.771875e+03
2.870360e+02
-1.811067e+02
-8.346490e+01
-6.668284e+01
-3.202690e+02
-7.125251e+02
1.727021e+02
5.669880e+02
-1.429971e+03
1.704977e+02
4.729634e+01
4.690319e+02
6.509232e+02
7.190478e+02
2.210147e+03
-1.073581e+02
1.791015e+03
-4.551831e+02
7.194330e+02
-1.933628e+02
-4.605650e+02
3.453217e+02
-1.501356e+03
-2.010880e+02
-3.504715e+01
4.714927e+02
-9.087399e+01
-5.075241e+02
-2.900297e+02
7.832462e+02
-6.274485e+02
1.471096e+02
-3.162840e+02
-1.987355e+02
1.454624e+02
4.602197e+02
6.393307e+02
4.159354e+01
4.770912e+02
-4.841718e+02
6.980269e+01
5.479480e+02
-3.429337e+02
5.242797e+01
4.445808e+01
-3.776247e+02
-9.720726e+01
-9.100182e+00
2.084324e+02
-1.457231e+02
2.071162e+02
1.769781e+02
-3.179730e+02
-6.284489e+01
3.396299e+02
2.130207e+02
2.516668e+02
4.251671e+02
7.499811e+00
-1.802596e+02
1.299697e+02
1.555358e+02
3.728519e+02
-4.450622e+00
-2.583633e+02
1.687865e+02
7.570440e+01
1.255610e+02
-7.285103e+01
-3.659212e+01
-7.475873e+01
-6.211514e+01
9.459141e+01
-4.851403e+01
9.106051e+01
1.198428e+02
5.526180e+00
5.314626e+01
-1.939363e+01
6.647704e-01
-7.569193e+01
1.613571e-01
-5.629592e+01
3.095961e+01
7.007246e+01
-8.371253e+01
6.465002e+01
2.597321e+01
-2.146420e+01
1.194267e+02
-4.517854e+01
8.859138e+01
8.313393e+00
-1.459030e+02
9.255026e+00
2.644260e+01
-1.012254e+01
-6.846983e+01
4.098975e+01
-2.991069e+01
1.450495e+01
-1.561747e+01
-4.451758e+00
1.623472e+01
1.316700e+01
-3.966834e+01
-5.605357e+01
4.129346e+01
-3.359138e+00
2.836839e+01
4.006257e+01
-2.917010e+00
1.862098e+00
-6.172545e-01
1.175009e+00
6.275926e-01
-9.662901e-02
-2.956387e-01
-1.375311e+00
8.456385e-02
-6.621044e-01
-1.004227e-01
-4.784040e-01
-7.215154e-02
1.434356e-01
-4.324017e-02
2.912663e-01
6.480530e-02
-1.199987e-01
-3.495284e-02
-1.102704e-01
-1.348710e-01
1.849987e-01
-1.967930e-02
-2.557700e-02
-5.828440e-02
1.516568e-02
8.374431e-02
-9.473439e-02
2.188334e-02
