6.365999e-02
3.817605e-01
-7.736982e-03
4.067556e+01
1.650505e+02
-2.570191e+01
3.530385e-04
-2.226704e+05
4.323786e+04
2.189800e+05
-7.002711e+03
1.799331e+05
-1.871202e+05
-7.145367e+04
1.484800e+05
-4.857520e+04
3.492770e+04
3.568856e+03
-8.423477e+03
-4.885303e+04
-2.889153e+04
-2.513046e+04
5.634077e+04
7.225782e+03
1.728755e+04
-3.185529e+04
8.814385e+04
3.249000e+04
-3.249389e+04
-7.268414e+03
-8.887250e+03
2.899255e+04
-1.258867e+04
-1.312674e+04
-2.768288e+04
3.196102e+04
3.400166e+04
4.619840e+01
-2.305458e+04
1.348407e+04
3.455058e+03
-1.816299e+04
-1.358108e+04
-4.903575e+03
2.888521e+03
-2.123212e+04
1.860104e+02
-3.383896e+03
1.544193e+03
1.787623e+03
-2.371375e+03
7.878121e+03
4.970481e+03
1.812299e+03
6.711305e+03
1.367741e+04
2.085911e+03
7.807993e+03
1.249406e+03
-7.846514e+03
-1.093070e+04
-1.803854e+03
-4.025263e+03
-6.741145e+03
-3.981477e+03
-1.265961e+03
3.699004e+03
6.908034e+03
-2.502877e+03
-1.188911e+03
3.638714e+03
6.500399e+03
1.811684e+03
-4.100677e+03
-3.527043e+03
1.752058e+03
-2.530176e+03
-2.282928e+03
-3.558315e+03
-2.047366e+03
-1.179848e+02
-5.140333e+02
7.614262e+02
-6.541134e+02
4.385185e+03
-1.062750e+03
-1.926540e+03
-2.890450e+03
1.028019e+03
1.465245e+03
1.244003e+03
1.489446e+02
1.626667e+03
2.290687e+03
-1.572623e+03
-8.088026e+02
-2.377568e+02
-9.786398e+02
-4.252432e+02
-2.417333e+02
-3.021883e+02
-1.255144e+03
4.783321e+02
-9.765710e+02
1.388245e+03
-1.752376e+03
5.580150e+02
8.680545e+01
6.827277e+02
6.230453e+02
-4.916296e+02
1.082197e+03
-8.549232e+02
2.931586e+02
-6.432834e+02
-5.500212e+02
-1.187411e+03
-6.834489e+02
-5.215892e+02
9.863490e+02
-2.545491e+01
4.409401e+02
-7.700142e+02
2.644762e+02
6.781670e+02
2.246857e+01
1.760864e+02
-3.499150e+02
-4.338577e+01
-5.235721e+01
-2.801177e+00
-7.144323e+01
-1.234828e+02
2.719886e+02
-2.688486e+02
-7.194991e+01
4.036627e+02
-1.103581e+02
-3.200013e+02
2.250170e+02
-2.872549e+02
-5.474003e+02
1.970939e+02
-1.513652e+02
-9.849233e+01
2.569626e+02
-1.240139e+02
-3.337656e+02
-2.527870e+02
3.377096e+02
2.567352e+02
2.282553e+02
2.651902e+02
4.654721e+00
1.269437e+02
8.312898e+01
1.870891e+01
1.035409e+02
1.500198e+02
1.676292e+02
4.013898e+01
-5.970504e+01
4.291562e+01
-3.138293e+01
-1.661646e+02
8.226855e+01
-1.398796e+01
1.203513e+02
-2.134213e+02
-2.045639e+01
7.118333e+01
1.356602e+02
8.094204e+01
-6.357326e+00
-1.542540e+02
5.810121e+01
1.068294e+02
1.241869e+02
-2.777394e+01
-4.607144e+01
8.298695e+01
4.222107e+01
-1.283328e+01
-3.551308e+00
7.189143e+01
-1.993349e+01
6.548652e+01
8.929163e+01
-7.370280e+01
-2.568117e+01
2.587197e+01
1.851524e+01
8.363126e+00
-5.854609e+00
-8.622752e+01
-4.413247e-01
-4.541359e+01
3.089280e+01
-2.155071e+01
7.285543e+01
1.405475e+01
-9.941998e+00
4.543842e+00
-5.828642e+01
3.601469e+01
1.851854e+01
-1.248121e+00
3.101565e-01
-1.248688e-01
-4.048290e-01
-2.489414e-01
-6.013152e-02
-4.705224e-02
-1.526644e-01
3.093136e-02
1.622373e-01
6.331341e-01
-3.266956e-01
2.165344e-01
-1.339712e-01
-8.846425e-03
2.438669e-01
4.210142e-02
-7.493947e-02
-7.005160e-02
-5.066496e-02
-2.943882e-01
2.328395e-01
-8.020226e-02
-4.436979e-02
-5.898029e-02
-9.021884e-02
4.176645e-02
-2.962109e-02
-8.006992e-02
