-3.818709e-01
1.434235e+00
-1.999001e-01
5.603556e+01
1.849734e+02
-8.780507e+00
3.475631e-04
-1.463140e+05
-5.945652e+04
1.816062e+05
-6.134831e+04
1.455336e+05
-6.579505e+04
4.037803e+04
2.837654e+04
-3.037570e+04
9.676387e+04
7.352445e+04
1.050538e+05
8.801148e+04
6.234863e+04
1.797261e+04
1.690333e+04
8.615530e+03
3.598939e+03
-4.506952e+04
2.522387e+04
3.165862e+04
2.183018e+04
3.481917e+04
-5.211039e+04
-5.524700e+04
2.627605e+04
-1.127729e+04
-3.433737e+03
-8.124054e+03
1.124753e+04
4.914393e+03
-5.993108e+03
-1.901629e+04
9.159317e+03
-5.218102e+03
5.545146e+02
-1.378716e+03
4.410685e+03
-1.856588e+04
1.615622e+04
4.739333e+03
3.475734e+03
-4.727889e+02
2.581997e+03
1.841135e+03
-2.211727e+03
-2.088882e+03
-7.738825e+03
7.950078e+03
2.380134e+03
1.098789e+04
-5.507323e+03
-1.103335e+04
-5.455655e+03
3.008224e+03
-8.183917e+03
-2.058307e+03
8.543044e+02
2.208488e+02
-2.500889e+03
5.068579e+03
8.028242e+02
3.601874e+03
-1.545879e+03
3.464076e+03
2.417760e+03
2.342639e+02
-1.588666e+03
-1.937243e+03
7.416669e+02
-4.821775e+02
-4.215371e+03
1.775676e+03
-1.377496e+03
-9.922709e+02
-7.498779e+02
3.259375e+02
1.961726e+02
1.142681e+03
-2.332041e+03
1.977211e+03
2.847603e+02
6.045088e+02
2.653300e+03
3.204792e+02
2.566950e+03
7.346431e+02
3.239405e+02
-4.719697e+01
1.948529e+03
-1.091003e+03
-1.524148e+03
3.223456e+02
7.150831e+02
-1.246230e+03
7.402349e+02
-1.327604e+03
1.447957e+02
-1.361218e+03
7.379189e+02
1.320619e+03
1.316317e+03
1.397787e+03
8.101332e+02
4.881326e+02
2.036470e+02
3.855789e+02
2.597615e+02
-3.059023e+02
-7.353591e+01
-1.084071e+03
-8.715287e+02
3.598101e+02
8.026092e+02
-1.111397e+01
-1.963063e+02
5.728489e+02
3.917288e+02
-5.122247e+02
3.570717e+02
-7.914100e+01
-2.525014e+01
-8.690870e+01
4.042215e+02
2.839665e+02
-5.096361e+02
-1.511221e+02
3.327612e+02
-1.287504e+01
3.503337e+02
1.523103e+00
-1.997637e+02
-3.739465e+02
-1.570857e+02
-5.193473e+01
2.526856e+01
3.070836e+02
-5.134557e+01
6.360428e+01
-8.204952e+01
-1.020811e+02
2.188883e+01
6.714693e+01
2.023819e+02
2.749605e+02
-3.011852e+02
-4.371158e+01
-9.461404e+00
-2.691133e+01
5.573183e+00
1.493806e+02
-1.106528e+02
-8.927646e+01
1.642135e+02
-4.067433e+01
9.407184e+00
-1.094695e+02
-2.648462e+02
5.655397e+00
-2.668569e+01
2.119552e+02
-2.455493e+02
-6.442657e+01
3.547381e+01
1.303348e+02
1.361235e+02
1.069256e+02
7.263731e+01
-1.280064e+02
1.137455e+02
5.522763e+01
-9.091771e+01
-2.296344e+01
1.171521e+01
5.930803e+01
2.390743e+01
-2.850775e+01
5.227076e+01
-3.735201e+01
5.320274e+01
7.118607e+01
-9.481365e+01
-3.295036e+01
2.025626e+01
1.643000e+01
-1.221166e+01
-1.835945e+01
-2.334694e+01
-6.269167e+01
3.958633e+01
4.785374e+01
-1.671437e+01
3.045654e+01
2.180994e+01
-5.332171e+01
6.542190e+00
3.161563e+01
9.822615e+00
2.798462e+01
-6.851948e-01
-1.448954e-01
9.648844e-02
-4.573089e-02
4.101201e-01
2.900149e-03
-1.605035e-01
7.258674e-02
-1.078552e-01
2.541938e-01
4.767933e-01
-7.783277e-02
-1.190446e-02
-2.292947e-01
2.451017e-01
6.939422e-02
-4.255513e-02
-8.222538e-02
-6.451942e-02
6.260212e-03
-4.655316e-02
1.542080e-01
-8.376963e-02
-1.897389e-01
1.024333e-01
-5.386805e-03
-9.582640e-02
-6.933759e-02
2.003748e-02
