-3.476074e-01
-2.135393e-01
8.270548e-02
5.148444e+01
2.085903e+02
-2.254313e+01
3.518621e-04
-8.283127e+04
-9.457916e+04
1.664948e+04
1.163831e+05
2.145318e+05
-7.938828e+04
-9.033897e+04
1.397295e+05
1.809072e+05
1.974822e+05
-2.663222e+05
-8.973033e+04
-2.245855e+04
-3.508928e+04
-5.261296e+04
-7.044152e+02
-1.119855e+05
-5.122892e+04
-5.774560e+04
-1.086653e+05
-2.628161e+04
9.944043e+03
4.177688e+04
-1.319991e+05
-7.650999e+04
7.482162e+04
1.140406e+04
4.768417e+04
4.278627e+03
3.670135e+04
5.284343e+04
-1.278194e+04
-6.321030e+03
2.094011e+04
-4.384209e+03
-2.780604e+04
1.687604e+03
-7.213611e+01
1.711146e+04
2.673490e+04
1.883989e+04
-3.000163e+03
-1.521839e+04
8.522358e+03
-6.715264e+03
1.589572e+02
1.484382e+04
-1.071719e+04
-3.062525e+03
5.394978e+03
1.109542e+04
-1.657872e+04
-1.537576e+04
-7.620258e+03
3.689431e+03
3.539390e+03
1.277708e+03
-5.480444e+02
4.528313e+03
-3.414894e+03
1.912379e+03
-4.896884e+03
1.039125e+04
4.411066e+03
2.166693e+03
-1.624274e+03
-1.382600e+03
-9.146865e+02
2.459822e+03
4.532255e+03
4.160221e+03
-3.927615e+03
-8.440220e+02
2.840173e+03
-1.605158e+03
-2.297161e+03
-5.581676e+03
2.513867e+03
5.137951e+03
1.614588e+03
2.001665e+03
7.195650e+01
-1.439330e+03
1.577857e+03
-2.136969e+03
1.380595e+03
9.208939e+02
-4.674404e+02
1.846325e+03
6.965900e+02
-5.791915e+02
-1.045054e+03
7.212380e+02
8.938252e+02
8.408149e+02
-1.658054e+03
-1.701821e+03
-6.349938e+02
1.170792e+03
1.918158e+03
1.104379e+03
-1.903727e+02
6.448461e+02
5.470568e+02
-1.021796e+02
6.364897e+02
1.112498e+03
-2.445150e+02
-3.250429e+02
-3.386632e+02
-5.716212e+02
-1.751524e+03
2.078495e+02
-7.956042e+02
-1.309879e+03
-3.770834e+01
4.383650e+02
3.849539e+02
-5.157953e+02
-3.737236e+02
3.833228e+02
-5.897573e+02
-1.761503e+02
5.170859e+02
6.306498e+02
-9.680967e+01
1.665229e+02
2.412509e+02
1.655788e+02
1.970034e+02
-1.806792e+02
-7.200748e+01
-7.253287e+01
-7.221638e+01
-3.617656e+02
3.639907e+02
1.875480e+02
8.225690e+01
2.946079e+02
-4.271244e+01
1.568818e+02
-5.352121e+01
1.273573e+02
1.366205e+02
6.743004e+01
-5.228582e+01
4.103225e+02
-6.031859e+01
-2.452643e+02
1.544157e+02
4.931749e+02
-4.476745e+02
-3.479405e+00
1.274382e+02
-3.036557e+02
9.320161e+01
-8.855560e+01
7.748966e+01
-2.691234e+02
-1.675643e+02
-1.574480e+01
-3.424900e+01
1.277453e+02
6.846248e+01
6.218559e+01
5.178584e+01
1.465213e+02
2.109913e+02
-5.034064e+01
8.263106e+01
2.224834e+00
-6.153197e+01
3.070975e+01
-3.870279e+00
1.153617e+02
-8.721143e+00
7.750906e+00
5.826983e+01
-5.245378e+01
-5.008839e+00
8.625256e+01
-1.016256e+02
-3.708384e+01
3.203399e+01
7.685139e+01
1.026284e+02
1.043587e+02
6.533345e+01
-1.214085e+02
-1.295578e+01
-6.024045e+01
-1.048177e+00
-9.158249e+00
5.784803e+01
-5.851016e+01
8.603781e+00
-2.572004e+01
2.344382e+01
2.110981e+01
-1.634182e-01
-1.969798e-01
-9.703165e-02
-2.711864e-01
7.279597e-02
-3.588669e-01
2.508089e-01
4.325214e-01
-2.522692e-02
-6.735026e-02
-5.057217e-03
-3.090329e-02
-5.862485e-02
1.081725e-01
2.922695e-02
2.220741e-01
-5.124878e-02
1.145972e-02
8.550204e-02
9.348568e-02
1.860013e-01
-2.973661e-01
-1.381468e-02
-1.538923e-01
1.517597e-01
8.192766e-02
5.172506e-04
3.458661e-03
1.724431e-01
