-2.156765e-01
1.092402e+00
6.670653e-02
5.432889e+01
1.917063e+02
-1.302252e+01
3.544310e-04
-2.148177e+05
-4.879487e+05
5.027128e+05
7.731615e+04
9.077308e+04
1.260006e+05
-1.379323e+05
8.242746e+04
-1.119970e+05
9.434011e+04
8.100065e+04
8.918122e+04
-2.979715e+04
-6.869464e+02
1.039567e+04
-3.908229e+04
-1.472152e+04
-4.946843e+03
-5.415450e+04
-3.343839e+04
7.838316e+03
1.055560e+04
3.324661e+04
-7.917842e+04
9.531243e+03
-1.706630e+04
-3.025161e+04
1.791796e+04
1.155573e+04
2.050195e+04
1.266910e+04
1.994004e+04
-1.516758e+04
2.083175e+04
-1.842432e+04
-2.047832e+04
-1.129383e+04
1.224673e+04
-1.828194e+03
-8.244729e+03
1.224394e+04
-2.195636e+04
-7.745923e+03
1.534663e+04
5.817475e+02
6.632801e+03
-1.127562e+04
-1.129903e+04
8.392926e+03
4.762228e+03
1.076632e+04
-5.352080e+03
-1.342567e+04
-5.181248e+03
-1.898544e+03
-2.901958e+03
-1.721340e+03
-1.188195e+03
4.401270e+03
5.641425e+03
8.530718e+03
-6.885009e+03
3.432513e+03
3.707706e+02
8.650655e+02
-1.516647e+02
1.982971e+03
1.100258e+03
1.627747e+03
4.711500e+03
1.650406e+03
-5.657132e+03
9.476287e+02
-3.332652e+03
1.397787e+03
-1.905456e+03
2.079169e+03
1.566508e+03
3.536311e+03
-4.507251e+02
9.830607e+02
1.296107e+03
-1.029645e+03
7.183221e+02
-2.214890e+02
2.980476e+03
2.615270e+03
-3.714374e+02
9.945005e+02
2.447615e+03
5.361011e+02
6.380870e+02
6.695696e+02
-6.298376e+02
-3.673824e+02
-5.361936e+02
-1.853171e+03
1.141634e+03
-5.130457e+02
2.226353e+03
1.452353e+02
1.480102e+03
1.719032e+03
-1.385640e+02
2.466359e+03
5.271849e+01
9.637618e+02
2.399374e+02
-1.620559e+02
4.034138e+02
-6.407909e+02
-8.934920e+02
6.266895e+02
-2.069918e+02
-6.944116e+01
-4.192126e+02
5.871290e+02
2.957276e+02
-5.833540e+02
-9.979834e+01
3.139311e+02
5.748369e+01
-7.462253e+02
3.925254e+02
6.621127e+01
1.125471e+02
-6.674798e+00
-3.931092e+02
9.484253e-01
6.991736e+02
-1.751318e+02
5.664888e+01
8.168582e+01
-3.143781e+01
1.657467e+02
-8.354327e+01
3.024023e+02
-1.917955e+02
-2.410568e+01
3.097386e+02
2.329620e+01
2.126342e+02
3.361243e+02
-4.622868e+01
6.154733e+01
8.678204e+01
-3.022020e+01
-2.284953e+02
8.829700e+01
-3.037055e+01
1.502272e+02
-3.459369e+02
-1.281517e+02
2.691552e+02
-1.133677e+02
1.576351e+02
-2.794423e+01
9.775543e+00
-2.888505e+01
3.764858e+01
1.243555e+02
-7.335762e+01
1.673263e+02
1.845112e+02
1.428985e+02
8.530868e+01
5.787473e+01
1.103551e+02
-7.131712e+01
-5.611964e+01
-5.545587e+01
-8.443057e+01
-1.826493e+00
2.366179e+01
9.730471e+01
-5.852514e+01
-4.567027e+01
3.366759e+01
1.769098e+01
2.116799e+02
2.427130e+01
-1.195821e+02
4.601419e+01
5.463707e+01
5.575769e+01
-6.221188e+01
-5.068089e+00
3.118102e+01
8.095484e+00
-8.727524e+01
-5.362160e+01
-3.926983e+00
2.488879e+01
1.888391e+01
-9.945348e+01
3.269787e+00
-3.712712e+01
4.687345e+01
3.766985e+01
-2.422745e+00
2.927427e+00
-8.980014e-01
1.418715e+00
3.113637e-02
-7.859308e-01
-3.827268e-01
-3.481073e-01
-2.662490e-01
-3.511720e-01
-1.419047e-01
-5.199569e-01
1.035857e-01
9.341198e-03
2.496485e-01
2.135635e-01
2.325558e-02
3.215576e-02
5.881619e-03
-1.702478e-01
1.053671e-01
4.549069e-02
-9.975300e-02
-1.824232e-01
9.245523e-02
1.026884e-01
-8.894919e-03
-1.425294e-01
-1.925717e-02
