-1.169073e-01
6.508353e-01
9.478256e-03
4.750222e+01
1.840061e+02
-2.194467e+01
3.639697e-04
-1.290528e+05
1.666910e+05
1.569344e+05
-4.303856e+04
-1.081291e+05
1.437588e+04
-1.020293e+05
1.256129e+05
-4.307766e+04
1.365323e+05
5.342543e+04
1.329283e+05
-4.748006e+04
-3.463477e+04
-8.936496e+04
7.653426e+04
-2.418891e+04
-8.716913e+03
-4.363742e+04
6.490277e+04
1.676917e+03
-1.897436e+04
-9.765287e+03
-4.322906e+04
-5.642163e+03
-3.150608e+04
-8.919102e+03
-2.590503e+04
1.118880e+04
3.112083e+04
1.992074e+03
-1.058487e+04
-1.327477e+04
-3.107487e+04
-7.044918e+03
1.154175e+03
-2.748772e+04
2.704802e+04
-2.061712e+04
1.583399e+03
-3.343140e+02
-1.598912e+04
-9.310930e+03
-3.503694e+02
2.388194e+03
-6.350210e+02
2.394264e+03
-4.030366e+03
1.352831e+04
-1.286598e+03
1.686946e+04
6.465475e+01
-1.622388e+03
-6.779326e+03
2.489377e+03
-3.650598e+02
-4.925555e+03
1.276382e+02
3.143174e+02
2.037029e+03
5.997132e+03
-3.478138e+03
-8.920855e+02
4.102002e+03
4.184719e+03
2.726180e+03
-5.292267e+03
-4.066915e+03
-6.793745e+02
-1.420235e+03
8.965508e+02
-6.088266e+03
-6.281273e+02
-3.609539e+03
-3.836299e+02
-8.513607e+02
-1.452514e+03
1.380918e+03
-1.726417e+03
-8.875023e+02
2.066357e+02
8.695894e+02
2.059504e+03
7.380688e+02
-1.352468e+03
3.359122e+03
6.540975e+02
2.278366e+02
6.907769e+02
1.911490e+03
-4.950075e+02
-8.847622e+02
7.915350e+02
-1.025152e+03
-5.834839e+02
5.036474e+02
-1.368788e+03
1.231136e+03
-1.326166e+03
7.000893e+02
5.167098e+02
9.900070e+02
4.803451e+02
5.968521e+02
9.758217e+02
-3.428746e+02
-2.061683e+02
-2.808318e+02
9.659698e+01
2.693970e+02
-5.762631e+02
-7.871898e+02
3.494151e+02
-3.228935e+02
1.293134e+02
-3.210626e+02
3.321660e+02
6.768963e+02
-3.157513e+02
5.069356e+02
-1.011902e+02
3.152458e+01
3.027426e+02
2.158727e+02
1.352426e+02
3.231794e+01
3.433947e+02
1.010178e+01
-4.004286e-01
9.976170e+02
-1.795081e+02
1.226222e+02
6.300019e+01
7.411308e+01
-4.048126e+00
-2.631225e+01
4.096807e+02
-9.182684e+01
1.036887e+02
-1.379247e+02
-3.074594e+02
-9.235567e+01
5.831050e+01
1.583729e+02
1.087857e+02
1.315172e+02
-2.001485e+01
-1.084028e+02
6.030486e+01
1.155571e+02
1.812658e+02
-1.512850e+01
-5.004655e+01
2.372241e+02
1.052480e+02
-1.582233e+02
1.975513e+02
-1.350651e+02
5.373620e+01
-1.199286e+02
2.839445e+02
-4.086512e+02
-6.309039e+01
1.168055e+01
2.225360e+02
1.755389e+02
1.126411e+01
-8.156954e+01
-1.149631e+02
2.102594e+01
-6.643703e+01
-1.721780e+02
-8.036399e+01
-2.622551e+01
-1.650398e+01
4.603915e+01
-4.807010e+01
4.754067e+01
-1.084914e+02
1.043052e+02
2.685253e+01
-1.329090e+02
-1.084864e+02
3.911805e+01
-1.487297e+00
-4.654665e+01
3.491525e+01
1.248661e+01
-1.296343e+01
-2.298035e+01
3.611185e+01
-3.837594e+01
1.245932e+01
1.993755e+01
-2.810655e+00
6.157555e+01
-9.958450e+00
-2.180676e+00
2.990176e+01
-2.051954e-01
-1.288106e+00
-3.462140e-01
4.499485e-01
3.167462e-01
5.131132e-01
-3.212539e-01
-4.390528e-01
9.059355e-02
3.021254e-01
1.504793e-01
-3.169034e-01
-1.088389e-01
2.124163e-02
-4.091686e-02
1.189568e-01
-3.899317e-02
-1.507387e-01
-7.994007e-02
-2.493567e-01
-2.828888e-01
1.546955e-01
-2.511403e-01
-1.320785e-01
-1.821937e-01
1.099061e-02
-9.358127e-02
1.903266e-02
9.651524e-02
