-9.293650e-02
3.719048e-02
-8.762697e-02
4.664889e+01
1.860649e+02
-2.750233e+01
3.465512e-04
-9.505550e+04
8.762605e+04
5.947437e+04
-2.091609e+05
3.968508e+04
-3.678566e+04
-3.417529e+03
6.046776e+04
-8.500731e+04
-1.808965e+04
-5.055896e+04
6.835115e+04
2.300060e+04
4.317113e+03
1.714533e+04
-1.238278e+04
1.784704e+04
1.449981e+04
-2.413176e+02
-2.112920e+04
8.481063e+03
-1.625188e+04
-1.633313e+04
3.801707e+03
-1.245220e+03
-7.503579e+03
-1.055216e+04
-1.773234e+04
-8.388474e+03
-1.008351e+04
-1.112164e+04
1.305254e+04
-5.360957e+03
4.806594e+03
-1.107296e+03
-6.581123e+03
-7.524050e+03
5.717763e+03
-8.887078e+03
1.290195e+04
5.923294e+03
-3.203407e+03
8.294448e+02
2.859820e+03
4.242746e+03
1.181148e+03
2.582374e+03
1.193330e+03
-5.287598e+01
4.396709e+03
5.230260e+03
1.584766e+03
-3.898138e+03
-5.544609e+03
1.937342e+03
3.679982e+02
4.549342e+02
-2.162646e+03
2.398748e+03
1.022922e+03
1.434304e+03
-2.668961e+03
2.396143e+03
-6.409587e+02
1.247352e+03
1.448564e+03
1.160376e+03
-3.393624e+02
-4.509819e+02
4.305845e+02
-4.588792e+02
-3.024478e+03
-4.512039e+02
-3.504254e+02
-7.266995e+02
2.958425e+01
1.947508e+03
5.506207e+02
1.761741e+03
-1.680007e+03
5.107171e+02
-3.872551e+02
2.941451e+02
-5.087743e+02
1.172633e+03
1.037869e+03
1.111316e+03
-5.316173e+02
2.747617e+02
1.343965e+03
-5.932927e+02
-3.766424e+02
-1.306697e+02
-7.100640e+02
-3.810009e+02
2.905103e+02
-4.021008e+02
-4.490812e+02
-8.136910e+02
7.435248e+02
1.037138e+03
1.046625e+03
9.389769e+02
6.727748e+02
-2.565569e+01
-3.471827e+02
2.819924e+02
1.132246e+02
7.446208e+01
-1.654058e+02
-2.254940e+02
-4.269058e+02
5.371696e+02
3.347206e+02
6.306732e+02
-1.548629e+02
-5.617896e+01
1.785568e+02
-2.031244e+02
5.239196e+01
5.343236e+01
-2.937362e+01
-1.001737e+02
-4.437870e+01
5.077786e+02
-2.067983e+02
1.010782e+02
1.085734e+02
-1.212504e+02
-9.131260e+01
-9.730744e+00
-1.351730e+02
-2.491023e+02
-2.069778e+02
-3.298107e+01
3.110226e+01
2.630642e+02
-1.627806e+01
5.750822e+01
-1.283937e+02
-4.155981e+01
-5.442680e+01
2.032498e+02
1.584642e+02
1.448679e+02
-1.864554e+02
-1.217529e+02
1.045557e+02
3.265725e+01
4.202098e+01
3.808598e+01
7.219558e+01
-2.270410e+01
1.147178e+02
-5.874940e+01
-1.759641e+01
-7.872677e+01
-1.503398e+02
-4.213029e+01
-5.737878e+01
1.504440e+02
-1.507588e+02
-7.746244e+01
1.018794e+02
5.525274e+01
5.396808e+01
3.795539e+01
-2.128077e+00
-6.039934e+01
8.002662e+01
2.054702e+01
-1.144203e+02
4.024715e+01
3.741631e+01
5.828627e+01
-4.452498e+01
-4.466967e+01
2.064475e+01
-3.490588e+01
1.301676e+01
6.099014e+01
-7.642635e+01
-1.933104e+01
5.603744e+01
2.380778e+01
-6.422995e+00
-1.753273e+01
3.115742e+01
-1.206787e+01
-1.037157e+00
1.041960e+01
-1.249224e+01
-4.334224e+00
6.345738e-01
-3.202960e+01
-1.265407e+01
-1.087128e+01
1.248758e+01
1.700216e+01
-6.650876e-01
-1.105140e+00
1.743160e-01
-1.903417e-01
2.507389e-01
-2.034056e-01
-2.453386e-01
2.176458e-01
-4.133885e-02
7.594059e-02
4.826025e-01
2.238699e-01
1.389131e-01
-7.837252e-02
9.021579e-02
-1.302070e-02
-5.895490e-03
-9.029852e-02
-3.523283e-03
9.950598e-02
-8.738779e-03
7.045808e-02
-1.676349e-02
-5.854910e-02
1.656718e-01
5.432206e-02
-3.818742e-02
2.457807e-02
1.661003e-02
