-1.003520e-01
8.721816e-01
-2.607087e-02
4.892445e+01
1.796522e+02
-1.742662e+01
3.255286e-04
-3.437098e+05
1.200703e+05
4.595420e+05
-6.121444e+05
-9.589975e+03
2.149877e+05
-2.039744e+05
3.203172e+05
-1.534387e+05
-1.085587e+05
-1.441780e+05
8.446448e+04
-1.157676e+05
-7.175116e+03
6.582604e+04
3.429830e+04
-2.561762e+04
1.409652e+04
-6.216483e+04
1.309289e+04
-7.729513e+04
-1.321460e+04
-2.612733e+04
-4.724787e+04
-3.271674e+04
-2.269374e+04
5.387940e+03
2.106515e+04
6.621653e+03
-6.978637e+03
1.419807e+04
3.488480e+03
2.414055e+04
-9.190578e+03
-2.130628e+04
1.100341e+04
-4.338437e+04
-9.202931e+03
9.987320e+03
1.265150e+04
-8.272580e+03
-2.572233e+04
-1.500171e+04
8.125239e+03
2.397807e+03
5.921744e+03
3.678095e+03
-1.358674e+04
7.873372e+03
-2.986253e+03
6.699521e+03
-7.661495e+03
-1.067433e+04
-2.238257e+03
3.697117e+03
-2.953736e+03
-2.137290e+03
-6.194944e+02
3.958475e+02
4.309035e+03
1.376992e+04
-5.877591e+02
-2.265993e+03
1.396639e+03
3.727958e+03
7.877733e+03
-1.665284e+03
1.343516e+03
4.776166e+02
1.749422e+03
-1.536838e+03
-6.318792e+03
-8.210209e+02
-4.069900e+03
-1.499655e+03
-2.238517e+03
-4.193952e+02
2.235803e+03
5.446180e+02
-1.393707e+03
5.051706e+02
4.893293e+02
2.241365e+03
1.040211e+03
1.045569e+03
2.431214e+03
7.453735e+02
4.744221e+02
1.380337e+03
3.399566e+03
-5.516141e+02
-3.737610e+02
2.193914e+02
-1.281130e+03
-1.070041e+03
-5.933149e+02
-1.361862e+03
4.256902e+02
-7.121379e+00
8.878499e+02
1.419093e+03
1.475999e+03
8.229865e+02
1.833013e+03
2.254958e+02
-6.452327e+02
-2.375779e+02
7.670540e+01
-3.729883e+02
1.141479e+02
-6.016485e+02
-1.153446e+03
8.831631e+02
5.525309e+01
1.165161e+03
-6.212660e+02
5.191849e+02
3.755830e+02
-3.401898e+01
-2.704785e+02
-8.911377e+00
-8.694733e+01
-3.825040e+02
-1.000915e+02
-1.382457e+02
-4.029805e+02
8.083881e+01
-1.978679e+02
-3.114873e+02
5.345915e+02
-5.435549e+02
6.945729e+01
2.059953e+02
-1.709810e+02
-1.516512e+02
-1.518543e+02
3.349993e+02
-4.892318e+02
9.868650e+00
9.102609e+01
-1.801791e+02
-2.136618e+02
1.186512e+02
1.879706e+02
3.302694e+02
-2.817500e+02
-2.817833e+02
5.133182e+01
-9.236604e+01
-1.938323e+02
2.920045e+01
-6.750494e+01
5.895686e+01
2.492785e+02
-2.671698e+01
-8.663179e+01
-2.491675e+01
-1.524347e+02
7.654443e+01
-3.192316e+01
1.541009e+02
-3.823979e+02
-3.508458e+01
2.663199e+01
1.895036e+02
2.189786e+02
1.046208e+02
-2.473000e+01
-7.525978e+01
3.145467e+01
8.539260e+01
-5.911994e+01
-4.356553e+01
1.568413e+02
-3.800558e+01
-8.016644e+01
-6.179085e+01
5.118734e+01
-3.514291e+01
1.212710e+02
6.075872e+01
-1.270331e+02
-7.205798e+01
2.027820e+01
7.095324e+01
-7.583894e+00
-7.807532e+01
-1.593576e+01
9.750147e-01
-7.760153e+01
6.368270e+01
-5.815116e+01
5.486393e+01
1.749028e+01
-6.542429e+01
5.737813e+01
-6.861356e+01
-1.250257e+01
2.462856e+01
-2.571728e+00
-1.010223e+00
-1.365592e-01
5.910312e-02
4.850495e-02
-1.608399e-01
-1.210587e-01
3.457931e-01
-1.584700e-01
3.640317e-01
1.104222e+00
-2.099027e-01
3.720559e-01
-1.778472e-01
3.839139e-01
1.773429e-01
9.607582e-03
5.566365e-03
3.723978e-03
-6.861738e-02
-1.248297e-01
1.958564e-01
-3.337076e-01
-9.283812e-02
2.062132e-01
7.546473e-02
5.342803e-02
9.658990e-02
-4.514392e-02
