-1.160481e-01
-1.140152e+00
1.581756e-01
5.432889e+01
1.837438e+02
-1.661606e+01
3.525237e-04
-5.735705e+04
-1.274683e+05
1.576305e+05
-2.327502e+05
1.070731e+04
-7.579082e+04
2.496329e+04
3.451399e+04
1.595586e+04
-1.815451e+04
5.710859e+04
1.258293e+05
4.735587e+03
4.397517e+04
9.141401e+04
-4.233411e+04
-4.256841e+03
8.772190e+03
2.545718e+03
-5.102240e+04
-3.297033e+04
-1.079114e+04
-2.408835e+04
-2.857698e+04
-7.091045e+04
-2.711480e+04
-2.158506e+04
5.621597e+03
1.028247e+04
-3.979492e+03
-2.005197e+04
3.318684e+04
-1.045989e+04
6.927529e+03
-1.843626e+04
-1.035551e+04
-5.122061e+03
-1.039016e+04
1.107172e+03
1.148700e+04
1.253313e+04
-1.113175e+04
4.664502e+03
-3.507704e+03
-2.733074e+03
-5.067971e+03
2.146083e+03
1.527644e+03
-1.309088e+03
-6.138279e+02
3.206287e+03
5.380001e+03
-1.089045e+04
-5.780566e+03
-1.798322e+03
-4.925431e+03
-3.747691e+02
-5.090981e+02
7.248469e+03
1.625013e+03
2.922244e+03
-1.903422e+03
6.853282e+02
-4.040550e+02
1.140032e+03
3.029374e+01
2.773907e+03
2.109384e+03
2.614620e+03
2.365010e+03
1.970568e+02
-3.909212e+03
-7.729571e+02
1.960111e+03
-1.446311e+03
-2.819731e+02
1.437199e+03
-1.939684e+02
2.247480e+03
-8.108320e+02
-1.744393e+02
-1.178310e+01
-1.323285e+02
4.504033e+02
5.205491e+02
4.183462e+02
1.758110e+03
-3.864375e+02
7.776935e+02
1.325265e+03
-1.039516e+03
-7.156983e+01
-4.121242e+02
-6.894875e+02
-6.710345e+02
6.162180e+02
-6.987487e+02
2.745994e+02
-7.006555e+02
1.015326e+03
-2.395216e+01
1.243131e+03
1.347117e+03
3.922491e+02
2.450877e+02
5.681689e+01
5.301024e+00
-1.755368e+02
5.678384e+02
-4.899910e+02
-4.753302e+02
-7.675336e+02
4.962532e+02
4.673071e+01
-3.293631e+01
-4.683707e+01
1.985757e+01
-3.142150e+02
1.300628e+02
1.202465e+02
2.522347e+02
-6.187903e+02
-4.520943e+02
3.681971e+02
2.517956e+02
2.967881e+01
-1.833721e+01
8.307174e+01
-2.245915e+02
-3.975900e+01
-2.330251e+02
-1.652926e+02
-6.562947e+01
-1.991211e+02
6.326193e+01
2.850699e+02
2.080596e+02
5.399409e+01
-1.854335e+02
-4.501991e+01
-2.490330e+02
5.709395e-01
3.457127e+02
-1.487081e+00
6.818036e+01
-1.547165e+02
-1.343803e+02
-6.777566e+01
-8.620455e+01
-3.570862e+01
-1.660079e+01
-8.817011e+01
8.348380e+01
1.086705e+02
1.162530e+01
3.147282e+01
-7.123283e+01
-2.273220e+02
2.468565e+01
4.851915e+01
6.231322e+01
-3.441396e+01
-2.545221e+01
7.561540e+01
1.550427e+02
1.103144e+02
1.707698e+01
5.203626e+01
-4.303885e+01
8.388686e+01
1.060961e+02
-1.215862e+02
5.647777e+01
9.160455e+01
1.011874e+02
-1.206425e+01
-5.550481e+01
5.798038e+01
8.082772e+00
3.748325e+01
7.777517e+01
-2.456158e+01
5.378674e+01
1.691075e+01
5.482026e+01
1.785594e+01
-4.051165e+01
3.284501e+01
-2.128026e+01
4.327764e+00
2.139633e+00
-3.031958e+01
1.529144e+01
2.578987e+01
-7.561214e+01
-2.692270e+00
-1.391250e+01
2.286461e+01
1.075043e+01
-7.498170e-01
4.443781e-01
-5.801714e-01
-7.103164e-02
-2.292473e-01
2.232760e-02
-1.758613e-02
2.697424e-01
-7.933187e-02
4.039850e-01
4.403669e-01
2.310073e-03
1.082600e-01
-6.500878e-02
1.390214e-01
-1.456471e-01
-4.183961e-02
1.049496e-01
9.910218e-02
1.299397e-01
1.179338e-01
1.396539e-01
2.268170e-02
8.438706e-02
2.707039e-01
1.019632e-01
-1.029216e-01
-3.659489e-02
-4.377349e-03
