1.352488e-01
-1.174843e+00
-9.020026e-02
5.575111e+01
1.636672e+02
-1.622559e+01
3.612500e-04
-4.733301e+04
1.021093e+04
1.097644e+05
8.674370e+03
-3.658321e+04
-1.103725e+04
-7.776968e+03
2.374822e+04
-8.076686e+04
3.555858e+04
-2.661850e+04
5.369664e+04
-2.685238e+02
-1.908227e+04
6.467189e+03
9.155494e+03
4.534899e+03
1.908421e+03
-7.038802e+03
-2.063222e+04
1.425557e+04
-2.513742e+04
-3.659038e+03
-5.570056e+03
3.369289e+03
-4.361886e+03
-6.395421e+03
-9.709360e+03
1.914187e+03
1.424484e+04
-5.907219e+03
8.152872e+03
-2.041565e+02
2.428630e+02
2.083271e+03
-8.850249e+03
-9.193332e+03
7.048015e+03
-5.451133e+03
-2.167734e+02
8.364770e+03
-5.319053e+03
1.006593e+02
2.352325e+03
1.313232e+03
4.174339e+03
-7.252689e+02
-3.815963e+02
2.918741e+03
8.904187e+02
6.009769e+03
-1.262599e+03
-3.726164e+03
-3.432922e+03
6.009566e+02
9.535382e+02
-2.591731e+03
1.323735e+02
1.357962e+03
3.627107e+03
-5.258830e+02
-2.838582e+03
2.139523e+03
7.265095e+02
8.362889e+02
-7.956579e+02
8.564492e+02
-4.642621e+01
-1.132197e+02
1.869743e+03
1.559516e+02
-3.023439e+03
-7.613815e+02
7.213025e+02
7.523398e+02
4.064907e+02
1.238657e+03
2.011222e+03
7.786504e+02
-1.292366e+03
2.844619e+02
-2.923886e+02
4.034069e+02
-3.686088e+02
8.714758e+01
1.854185e+03
1.162131e+03
-1.000308e+03
1.430247e+02
8.442194e+02
-4.425974e+02
1.666115e+02
2.447949e+02
-8.993941e+02
2.237448e+02
1.613965e+02
-7.603307e+02
3.833432e+02
-5.599916e+02
6.547060e+02
3.832340e+02
4.815130e+02
6.820754e+02
2.535520e+02
4.592843e+02
-1.982344e+02
6.089109e+02
3.602205e+01
-2.197826e+02
-1.207595e+02
-2.013162e+02
-8.021548e+01
6.952775e+02
3.438805e+01
1.561392e+02
-2.742377e+02
4.477472e+02
-4.835397e+01
-6.438269e+01
2.234580e+02
2.188647e+02
-1.525986e+01
4.039339e+01
1.224876e+02
4.389543e+02
2.163436e+02
1.361893e+02
-5.239991e+01
-4.344751e+01
2.203999e+02
-1.123848e+01
-3.424393e+01
-3.830483e+01
-1.664511e+02
7.729516e+01
-4.646904e+01
1.046254e+02
-2.025629e+01
2.797033e+01
-7.394736e+01
-2.104506e+02
6.339498e+01
1.356054e+02
-4.881560e+01
8.628861e+01
6.784916e+01
7.850318e+01
-5.442044e+01
-6.463105e+01
1.213847e+02
1.030917e+02
-4.814217e+01
-7.928434e+01
1.060939e+02
-2.159159e+01
2.193035e+01
-6.973309e+00
1.906781e+00
-3.355033e+01
-4.259225e+01
8.446593e+01
-2.620061e+01
6.130283e+00
1.117840e+02
4.765322e+01
-4.907103e+01
7.709484e+01
-2.545094e+01
-5.974645e+01
7.206357e+00
-3.446501e+01
-6.782957e+01
4.020068e+01
2.959187e+01
6.203591e+01
-4.346199e-01
3.411686e+01
3.745748e+01
-2.539042e+01
-2.598297e+01
1.544432e+01
-1.687784e+01
2.352021e+01
4.089207e+01
1.066444e+01
-1.972610e+01
2.722771e-01
3.281841e+01
-4.757446e+00
-5.813463e+00
-2.022797e+01
-8.993330e+00
-1.010332e+01
2.273078e+01
-1.704163e+01
2.366613e+01
1.033544e+01
1.315246e+01
1.125347e+01
-4.620451e-01
2.082633e-01
-3.759842e-01
-1.555589e-01
-6.153463e-02
-2.130025e-01
1.364580e-01
-9.921796e-02
-1.699476e-01
-9.395655e-02
1.544042e-01
-1.238479e-01
1.446160e-01
2.472506e-02
-9.591324e-02
-1.188129e-03
7.078766e-03
-1.884739e-03
1.501152e-02
-1.558890e-02
4.708326e-02
5.299583e-02
3.971104e-02
-5.282825e-02
-4.687312e-02
3.222200e-02
2.911736e-02
-3.213369e-02
3.665498e-03
