-2.780933e-03
-9.322091e-01
1.739749e-01
5.063111e+01
1.732941e+02
-1.964231e+01
3.513669e-04
-4.075374e+04
-1.848726e+05
-1.275488e+05
8.892684e+04
-2.913853e+04
-4.882132e+04
-6.149729e+04
2.657693e+04
-5.069797e+04
4.608003e+04
-6.545754e+04
2.913331e+04
8.920938e+03
-5.988260e+04
-1.872705e+04
4.399887e+04
-4.204390e+04
1.249818e+04
3.059321e+03
-1.168525e+04
-1.255939e+04
-2.520209e+04
-1.951367e+04
-2.568036e+04
-2.115779e+04
-9.800075e+03
-1.516117e+04
2.012318e+04
8.915597e+03
-3.209947e+03
4.636289e+03
3.977047e+03
-1.506777e+02
-1.969716e+04
2.164003e+03
3.714629e+03
5.207414e+03
2.374854e+03
-8.159754e+03
6.742499e+03
2.979569e+03
9.701136e+02
-3.128430e+03
1.990554e+03
-9.697813e+03
-5.043508e+03
-1.720053e+02
-8.678275e+03
-1.257484e+02
1.047037e+01
8.130568e+03
8.779648e+02
-1.273596e+04
1.405393e+03
-2.967037e+03
-2.421806e+03
-4.024857e+03
1.445025e+03
4.876936e+03
4.529607e+03
5.451317e+02
-4.150539e+03
1.628490e+02
1.130194e+03
-2.110707e+03
-4.219469e+03
-1.013734e+03
1.707382e+03
2.164800e+03
-5.671566e+02
2.397114e+03
-4.398965e+03
3.998033e+02
8.028076e+02
1.549379e+02
1.302944e+03
2.175201e+02
2.966386e+03
-5.273038e+02
-1.502179e+03
-2.325029e+02
-8.442982e+02
1.312761e+03
-5.781502e+02
-3.108703e+01
2.974491e+02
1.942646e+03
-1.912907e+03
1.008621e+03
1.395009e+02
2.771853e+02
1.366306e+02
3.480765e+02
2.525482e+01
3.859610e+02
1.032836e+02
-9.721567e+02
5.053286e+02
-3.420263e+01
8.708190e+02
2.675580e+02
-9.924629e+01
8.510909e+02
-3.405781e+02
9.053333e+02
-2.443150e+02
7.261978e+02
-2.162109e+02
-3.161773e+02
8.008677e+00
-3.836452e+02
-8.062353e+01
5.438739e+01
-6.637116e+02
-2.302849e+02
-4.662428e+02
2.396914e+02
2.871958e+02
2.895379e+00
2.249508e+02
-5.245667e-01
-4.305736e+02
1.250910e+01
3.695692e+02
4.753644e+02
4.378673e+02
1.677407e+02
-3.275527e+02
1.912985e+02
5.743090e+02
-2.598445e+02
2.972473e+02
2.145999e+02
-6.655639e+01
4.309851e+01
1.472880e+02
1.078238e+02
6.550677e+01
6.787924e+01
1.568393e+02
-3.159432e+02
1.961856e+02
1.740382e+02
-1.437886e+02
2.441204e+02
2.259123e+02
6.572250e+00
-3.256884e+02
-1.108298e+02
1.305959e+02
1.756785e+02
-1.416790e+02
-1.733551e+02
1.101328e+02
2.064160e+02
2.302087e+01
2.186055e+01
7.734186e+01
-1.767157e+01
-3.452851e+00
7.727303e+01
1.679154e+01
1.753305e+02
1.107522e+02
6.559146e+01
6.898616e+01
6.928550e+01
3.407603e+01
-5.158008e+01
1.078446e+01
3.385803e+01
-1.759824e+01
4.125893e+01
3.893552e+01
6.816944e+01
9.254765e+00
-1.450051e+00
7.051767e+01
-2.830477e+01
-6.346794e+00
3.839159e+00
-4.024015e+01
1.947102e+01
9.974327e+00
-5.633957e-01
-2.857403e+01
4.190784e+01
2.149864e+01
-2.860229e+01
-1.135695e+01
1.378894e+01
-3.158787e+01
3.456701e+01
2.823883e+01
-2.339412e+01
6.873322e+01
-1.669076e+01
3.418262e+01
2.026869e+01
-1.820044e+00
1.491398e+00
-3.453616e-01
8.351108e-01
-6.075326e-02
1.808511e-02
3.714082e-01
-6.006079e-01
-5.081958e-02
-1.456438e-01
-9.786371e-02
-4.589413e-01
4.091305e-02
2.289884e-01
-1.494690e-01
-4.321472e-02
7.755757e-02
-1.112164e-03
-1.428539e-01
-1.239698e-01
-1.617226e-01
1.724188e-01
-5.364060e-03
2.961395e-02
-1.131711e-02
4.116781e-03
7.994478e-03
-1.048692e-01
-4.349260e-02
