-1.948149e-01
1.488137e+00
-8.575410e-02
5.888000e+01
1.840584e+02
-1.068779e+01
3.684312e-04
-4.762148e+04
9.992330e+04
1.413592e+05
-1.951216e+05
-1.277614e+05
-1.884257e+05
2.425474e+04
2.999560e+04
-8.147377e+04
1.276467e+04
-1.123680e+05
1.579897e+05
-8.012670e+04
1.307772e+04
1.225145e+04
-3.776088e+04
3.959264e+04
-2.894243e+03
-7.857432e+03
-4.263995e+04
3.877820e+03
-3.117943e+04
-2.453454e+04
4.862762e+03
-1.228229e+04
-2.147451e+04
-1.827069e+04
-2.000365e+04
9.272574e+03
1.006679e+04
-6.421240e+03
3.956444e+04
-1.408359e+04
1.019165e+04
8.404707e+03
-9.968287e+03
-1.934976e+04
-8.340143e+02
-1.660242e+03
6.984673e+03
5.604148e+03
-1.041717e+04
3.120582e+02
8.528920e+02
-1.656220e+03
4.919852e+03
4.792271e+03
-6.917559e+02
-1.136405e+03
4.446419e+03
6.817411e+03
1.182838e+03
-6.634251e+03
-8.882166e+03
2.044607e+03
3.868160e+03
-9.451431e+02
-8.802198e+02
3.212756e+03
1.073044e+03
-1.602642e+03
-2.253610e+03
3.130987e+03
-7.864430e+02
1.025747e+03
-8.847103e+01
6.670726e+02
-2.781109e+02
6.108488e+01
1.182042e+03
3.714712e+02
-2.858432e+03
-1.995776e+03
-3.838885e+02
9.660698e+02
-5.208651e+00
2.896751e+03
5.732911e+02
1.779716e+03
-5.093847e+01
8.155573e+02
8.823795e+02
2.738665e+02
-5.524382e+02
-3.518347e+02
1.720152e+03
1.308693e+03
-8.674586e+02
1.203106e+03
1.868790e+03
-1.131520e+03
-3.601973e+02
6.069021e+01
-9.519576e+02
1.558070e+02
4.975062e+01
1.024454e+02
-2.253274e+02
-1.001860e+03
1.751413e+03
1.433868e+02
1.010417e+03
8.161859e+02
1.452278e+02
2.427271e+02
-2.997605e+02
2.015799e+02
-2.464619e+02
5.480053e+02
-2.440723e+01
-7.803406e+01
-2.048321e+02
6.571557e+02
-2.116127e+02
1.071252e+02
4.922781e+01
8.127187e+01
3.082275e+01
6.793214e+01
2.277629e+01
2.615939e+02
-1.316448e+02
-1.292460e+02
2.248335e+02
5.512346e+02
2.695259e+02
2.174885e+02
2.220503e+02
-2.804071e+02
3.936506e+01
8.577116e+01
-1.915407e+02
-2.230214e+02
-2.571151e+02
2.412924e+02
-1.973867e+01
1.025619e+02
-5.421245e+01
-3.575776e+00
-4.863573e+01
-1.629163e+02
1.330623e+02
2.683885e+02
-1.060524e+02
1.865339e+01
7.160506e+01
9.398747e+01
1.038484e+02
-1.320128e+02
-7.663407e+00
1.523753e+02
4.995789e+01
6.305466e+01
8.591401e+01
5.008031e+01
7.822539e+01
2.891384e+01
-4.235528e+01
-8.262067e+01
-1.555656e+02
8.385490e+01
2.993456e+01
-8.983418e+01
1.191793e+02
3.404866e+01
-6.843584e+01
7.814793e+01
1.425980e+01
-9.285294e+01
2.496530e+01
-1.357366e+01
-5.459350e+01
1.061286e+02
-9.184014e+00
8.096527e+01
-9.534127e+00
3.863163e+01
2.113297e+01
-3.879852e+01
-2.166542e+01
2.439737e+01
-2.586832e+01
-2.229812e+00
3.789281e+01
3.556882e+01
-6.451657e-01
1.881334e+00
5.537580e+01
1.914955e+01
-2.644295e-01
-3.580532e+01
2.370841e+01
-2.976570e+01
3.691230e+01
-3.588961e+01
-1.211599e+00
1.374470e+01
1.367202e+01
2.294368e+00
-1.566310e-01
-4.583724e-01
-8.796477e-01
-4.167053e-01
3.617944e-02
-1.549128e-01
-1.003225e-01
-3.758945e-02
-5.083346e-02
-8.881783e-02
2.330851e-01
1.303337e-01
1.163781e-01
1.580997e-02
6.521484e-04
1.223314e-01
7.235664e-03
4.233506e-02
3.659415e-02
5.516433e-02
4.363666e-02
3.737767e-02
1.097693e-01
-4.425768e-02
-7.534381e-02
5.957930e-02
4.625721e-02
-1.220314e-02
1.008475e-01
