-1.643396e-01
-1.149083e+00
6.988104e-02
5.603556e+01
1.837725e+02
-1.435771e+01
3.522860e-04
-6.131491e+04
9.877982e+04
2.632905e+05
-6.617264e+03
-5.650271e+04
2.012138e+05
-1.334023e+05
1.634004e+05
-1.837231e+04
5.964489e+04
3.882398e+04
5.811451e+04
-5.305004e+04
-1.497492e+04
1.467176e+04
5.718301e+04
-3.480869e+04
9.505105e+03
-5.717559e+04
-5.200474e+02
-2.795753e+04
-1.396659e+04
2.128582e+04
-2.506766e+04
-7.951363e+03
1.110450e+03
-5.023204e+03
2.708719e+03
8.946162e+03
2.134695e+04
1.322414e+04
-3.484835e+03
2.953338e+03
2.096046e+03
-2.176134e+03
-1.385175e+04
-2.612557e+04
1.152879e+04
-5.344505e+03
-6.126565e+03
7.490527e+03
-1.425095e+04
-4.740214e+03
-1.144732e+03
6.662462e+03
6.938672e+03
9.532688e+03
-6.738638e+03
9.100097e+03
-8.319002e+02
6.761530e+03
-7.195332e+03
-3.429062e+03
-4.324060e+03
1.349522e+03
-1.417973e+02
-2.699769e+03
4.998395e+02
-1.143304e+03
1.102582e+03
7.264415e+02
-1.637177e+03
1.796269e+03
2.058158e+03
2.888659e+03
1.609392e+03
1.097000e+03
-4.075844e+01
8.103112e+02
2.613915e+03
2.638339e+03
-4.508368e+03
-2.179618e+03
-1.134921e+03
6.186006e+02
-1.072356e+03
-2.651408e+02
9.453124e+02
2.123760e+03
-1.523555e+03
1.029646e+03
5.502442e+02
-1.505517e+01
4.418374e+02
-4.990582e+02
2.926073e+03
6.132891e+02
1.850062e+02
9.217551e+02
1.677503e+03
-4.042646e+01
-2.989104e+02
1.127615e+03
-1.404001e+03
-1.254893e+02
-9.936785e+01
-9.110052e+02
3.107851e+02
-4.108005e+02
9.114290e+02
6.524207e+02
6.622481e+02
5.455037e+02
6.684937e+02
1.036515e+03
-4.483771e+02
3.087844e+02
-7.093539e+01
-5.100825e+02
4.726067e+01
-5.099033e+01
-6.242776e+02
6.793694e+02
-1.904389e+02
-3.041601e+01
-2.974089e+02
6.107807e+02
-5.817334e+01
-1.872735e+02
5.665149e+01
3.272616e+02
3.325362e+02
7.605751e+01
2.074863e+02
1.969511e+02
7.739102e+00
2.933777e+02
1.611721e+02
-8.364651e+01
4.190580e+02
7.451919e+01
-1.159244e+02
-4.190325e+01
-4.185981e+01
-1.631221e+02
-1.088659e+02
1.528139e+02
-1.663097e+02
5.717310e+01
-1.203887e+02
5.385349e+01
5.187073e+01
-2.425804e+01
-1.396693e+01
-5.595344e+01
-9.462990e+01
2.986827e+01
-6.692825e+01
-4.865662e+01
1.318689e+02
2.758237e+01
-1.731272e+02
9.020377e+01
1.904025e+02
-6.004219e+01
-5.711803e+01
9.267288e+01
2.057412e+01
-2.962804e+01
-1.507703e+02
1.081915e+02
-1.434206e+02
-8.382359e+01
3.795481e+01
1.470877e+02
-1.497748e+00
8.552384e+00
1.218779e+01
-4.175927e+01
-7.584018e+00
-3.714971e+01
-1.330357e+02
-1.599441e+01
1.882235e+01
-1.493169e+01
1.608496e+01
3.947403e+00
-8.250219e+00
-8.493607e+01
4.688763e+01
2.143312e+01
-2.744282e+01
-4.410687e+01
5.404523e+01
1.655226e+01
-8.226138e-01
-3.960188e+01
4.481320e+01
-2.123569e+01
-2.270008e+01
-5.302949e+00
2.177129e-02
-1.241054e+01
1.924122e+01
-9.014742e+00
1.553139e+01
9.039741e+00
-3.741184e+00
1.562247e+01
4.628925e-01
-1.215679e+00
-1.685938e-01
2.556739e-02
6.320047e-02
-1.202442e-01
-1.497246e-01
1.551500e-01
-2.152459e-01
1.587663e-01
-1.018558e-01
-1.582251e-01
1.678646e-02
-4.450782e-02
-6.338262e-03
1.482773e-01
-3.866557e-02
8.526890e-02
9.777411e-02
-2.238682e-01
8.796575e-02
-4.238536e-02
-1.159590e-01
-1.091599e-01
-1.583573e-01
2.436630e-02
1.498371e-02
-7.776300e-03
7.128426e-02
