-1.652559e-01
8.504822e-01
-1.666331e-01
4.494222e+01
1.804873e+02
-2.084957e+01
3.268661e-04
-141966
1.961870e+05
1.815815e+05
-2.940170e+05
5.642196e+03
-8.952809e+04
1.164772e+05
-1.246816e+04
-1.912770e+05
6.146388e+04
-2.422317e+04
8.911750e+04
3.070979e+04
3.717198e+04
-1.526939e+04
-4.296140e+04
8.639149e+04
2.026502e+03
-2.672391e+04
1.889015e+04
-1.624855e+04
-3.834405e+03
-3.856818e+04
3.969996e+02
-1.823354e+04
-3.572773e+04
-2.546366e+04
-2.898782e+04
-2.533314e+04
-8.872454e+03
-1.082242e+04
4.043218e+03
-1.441127e+03
2.983563e+03
-9.583759e+03
-3.794694e+03
-2.578652e+04
4.352039e+03
8.308102e+00
1.765649e+04
8.103521e+03
-1.359944e+04
3.095621e+03
6.343861e+03
-7.128163e+02
-1.288270e+03
3.514999e+03
5.585408e+03
1.549647e+03
2.024592e+03
3.510657e+03
7.816203e+03
-7.453380e+02
-7.975645e+03
4.279757e+03
-8.199991e+02
9.736279e+02
-5.394462e+02
5.137067e+03
-8.111443e+02
3.766333e+03
-5.100149e+03
1.367671e+03
-2.181458e+03
3.646378e+03
3.545016e+03
1.663327e+03
-4.592936e+02
-3.069757e+02
5.284080e+02
-8.988842e+02
-3.151711e+03
-1.352380e+03
-1.312460e+03
-1.292173e+03
-6.845790e+02
1.374355e+03
3.497252e+02
1.312269e+03
-1.515507e+03
-6.868998e+02
2.341397e+02
4.860363e+02
1.329984e+03
-1.417590e+02
9.898354e+02
6.612059e+02
1.940834e+02
-8.940939e+02
2.097455e+03
-1.466553e+03
-7.843793e+02
-2.463760e+02
-4.836317e+02
-7.368683e+02
1.503337e+03
-7.595683e+02
-1.737077e+02
-1.866144e+03
2.048563e+02
8.954874e+02
1.388103e+03
1.149205e+03
8.891882e+02
-1.363708e+02
7.179718e+00
-2.107809e+02
7.598512e+01
5.355757e+02
-1.833141e+02
-6.980221e+02
-6.127079e+02
4.563901e+02
6.915729e+02
6.501766e+02
-9.326570e+01
-2.194044e+01
2.063080e+02
-3.133511e+02
2.668004e+02
7.241288e+01
-1.758701e+02
-8.785123e+01
1.684814e+01
3.929883e+02
-2.416282e+02
1.391012e+01
1.571996e+02
-2.300920e+02
-2.250936e+02
-4.501589e+01
-3.670712e+01
-3.793360e+02
-1.731332e+01
2.179230e+02
2.228160e+01
3.985711e+02
-6.971710e+01
-1.230833e+02
-1.090751e+02
-1.350593e+02
-1.693872e+02
1.841278e+02
3.659557e+02
2.610846e+01
-3.301267e+02
-1.264535e+02
1.327105e+02
1.339893e+02
2.295542e+01
1.234468e+02
7.751670e+01
-5.619529e+01
2.040085e+02
-4.625018e+01
-9.025204e+01
-1.782537e+01
-3.415613e+02
-1.977550e+01
-3.603553e+01
1.652700e+02
-3.568500e+02
-1.652715e+02
-1.352299e+01
1.237825e+02
1.173664e+02
3.351523e+01
-3.721580e+01
-1.677718e+02
1.156415e+02
-1.636741e+01
-1.091028e+02
-2.733835e+01
-3.673148e+01
1.213775e+01
-1.247157e+01
-4.797611e+01
5.029890e+01
-3.231800e+01
7.847039e+01
8.884310e+01
-1.080956e+02
-4.193629e+01
4.560955e+01
1.853530e+01
-4.625270e+01
1.697472e+01
1.639661e+01
-1.137023e+01
-8.452326e+00
9.057907e+00
-9.349626e+00
-5.397185e+00
1.830264e+01
-5.162558e+01
-1.413227e+01
-1.085505e+00
-4.235063e+00
7.729655e+00
-8.366549e-01
-1.945950e+00
6.895017e-02
-9.174627e-01
2.620997e-01
-3.550842e-01
-3.286895e-01
2.466095e-01
1.026672e-01
2.973757e-01
9.035786e-01
8.716162e-02
-4.208362e-01
-2.412006e-02
2.055481e-01
1.637978e-01
-7.364748e-02
-5.568590e-03
-3.208099e-02
7.061865e-02
-8.671522e-02
3.110914e-02
-9.625607e-02
-9.889749e-02
1.773860e-01
1.721256e-02
-8.119904e-02
6.457297e-02
1.199923e-01
