1.124777e-01
-7.854603e-01
1.679269e-01
4.750222e+01
1.625058e+02
-2.306849e+01
3.385455e-04
-1.506903e+05
2.908650e+04
1.426839e+05
-2.763440e+05
-1.015719e+03
-1.593546e+05
1.751418e+04
2.542418e+04
-1.399194e+05
-1.094970e+04
-8.362017e+04
1.058540e+05
-2.530912e+04
2.797782e+04
-9.101245e+03
-2.556309e+04
4.654829e+04
5.884227e+03
-8.607934e+03
-4.240669e+04
-3.355653e+04
-1.845748e+04
-2.779541e+04
-1.083742e+04
-2.718994e+04
6.503990e+03
-8.760492e+03
-1.488490e+04
3.443264e+03
-9.389774e+03
-1.368542e+04
6.515158e+02
-5.218593e+03
2.395444e+03
-1.119672e+04
3.817079e+03
-9.145226e+02
-8.287201e+03
-8.496238e+03
2.133814e+04
3.109385e+03
-8.830414e+03
6.071138e+03
5.046955e+03
-5.195515e+03
8.598453e+02
-3.449444e+02
-3.182374e+03
-4.423095e+03
3.239591e+03
4.031596e+03
5.769152e+03
-1.088954e+04
-6.816424e+03
2.126065e+03
-9.440200e+02
-3.309409e+03
-5.127557e+02
3.271581e+03
3.579463e+03
3.793166e+03
-8.159973e+02
3.082455e+03
2.864736e+02
2.819112e+03
1.636616e+02
2.346555e+02
4.343784e+02
-1.530062e+02
1.885779e+03
-5.614064e+02
-3.237051e+03
-3.813730e+02
1.813364e+03
-1.010734e+03
-2.058209e+01
2.268400e+03
1.173129e+03
9.349497e+02
-9.359663e+02
-1.953983e+02
-8.876300e+02
2.019686e+03
2.776064e+02
2.701687e+02
4.778944e+01
2.371807e+03
-1.186627e+03
1.344107e+02
1.442335e+03
-1.227829e+03
-3.608348e+02
-6.563779e+02
-2.256171e+02
-3.804801e+02
4.195995e+02
-9.901018e+00
1.270325e+02
-1.031047e+03
1.131066e+03
7.073309e+02
1.022410e+03
9.172711e+02
4.531709e+02
3.149084e+02
4.641977e+01
5.394653e+02
6.185646e+01
1.549349e+02
-6.311089e+02
-3.616194e+02
-5.461432e+02
5.577009e+02
6.833272e+00
4.801795e+02
1.303517e+02
-7.670483e+01
2.609388e+02
1.063312e+02
9.834819e+01
-1.434301e+01
-3.786632e+02
-3.118585e+02
2.716779e+02
3.303350e+02
-1.084935e+02
-9.054082e+01
-1.196638e+02
-2.130063e+02
1.423223e+02
5.489098e+00
3.812881e+01
-1.163859e+02
-1.851350e+02
-4.040210e+01
4.479763e+01
1.767352e+02
-6.934346e+00
5.641933e+01
1.373521e+00
-1.436020e+02
-4.981363e+01
3.162609e+02
3.135053e+01
2.313041e+02
-1.728078e+02
-1.207242e+02
2.907383e+01
7.722333e+00
-8.765991e+01
8.889138e+01
5.665286e+01
6.196582e+01
9.228142e+01
6.666110e+01
-3.203545e+01
-1.479426e+01
-2.161622e+02
5.411630e+00
-5.714926e+01
8.810426e+01
-7.641909e+01
-4.647866e+01
9.959055e+01
1.031420e+02
9.648148e+01
1.193506e+02
9.941740e-01
-7.954823e+00
6.824123e+01
1.202925e+02
-7.189516e+01
-3.462167e+00
4.527116e+01
5.933393e+01
-2.330575e+00
-7.163199e+00
2.407059e+01
3.809776e+01
3.306172e+01
8.839301e+01
-8.665567e+01
-1.345651e+01
4.114024e+01
3.809936e+01
-9.628275e+00
-3.645737e+01
-1.104507e+00
-8.988140e+00
6.751909e+00
1.845009e+01
-1.565190e+01
2.874348e+01
4.422647e+01
-6.108770e+01
1.965198e+01
-1.871584e+01
1.874526e+01
9.431829e+00
-1.375959e+00
-4.275077e-01
-2.432467e-01
1.806872e-01
-8.649179e-02
5.500875e-02
-1.397632e-01
-3.916075e-02
-5.669732e-02
2.413592e-01
6.130643e-01
8.790671e-02
1.245068e-01
-7.142118e-02
2.022036e-01
4.123256e-02
-3.053622e-02
-1.032536e-01
-1.040829e-01
1.580583e-01
-1.286862e-01
1.164111e-01
7.485291e-02
-1.616349e-02
1.779346e-01
5.288287e-02
-9.395767e-03
-2.033983e-02
-4.222241e-02
