-1.343976e-01
9.879805e-01
3.545775e-01
5.063111e+01
1.746594e+02
-1.647764e+01
3.406949e-04
-1.258088e+05
-1.115976e+05
6.521802e+04
-7.617391e+04
-7.718980e+04
-5.993191e+04
-9.678106e+04
9.713070e+04
-1.609623e+05
2.887273e+04
-5.173210e+04
1.544804e+05
-9.688288e+04
-5.167470e+04
-5.010811e+04
-1.217427e+03
-3.352734e+03
-2.255014e+04
-2.093167e+04
-2.147107e+04
6.942771e+03
-1.869475e+04
-1.680616e+04
-2.526564e+04
6.808524e+03
-1.871800e+04
-2.648859e+04
1.154722e+04
1.153849e+04
1.126124e+04
6.855466e+03
8.321422e+03
-1.378958e+04
-2.511417e+03
-9.556558e+03
-6.671308e+03
-2.088030e+04
1.486011e+04
-1.790917e+03
4.197880e+03
4.231336e+03
-1.003147e+04
-4.203330e+03
3.283794e+03
-5.955640e+03
3.921499e+03
5.507928e+02
-6.104660e+03
8.316026e+03
4.698026e+03
1.321730e+04
-4.807122e+02
-9.487221e+03
-4.535484e+03
9.817776e+02
7.219272e+02
-2.448047e+03
-7.305379e+02
3.822383e+03
4.671662e+03
3.535632e+03
-3.793550e+03
2.585685e+03
3.150373e+03
2.227699e+03
-1.194851e+02
-1.293876e+03
-6.870659e+02
1.130274e+03
1.661976e+03
2.021634e+03
-4.504786e+03
-1.038300e+03
-2.310752e+03
1.408580e+03
-1.968840e+03
1.379214e+03
2.551869e+03
1.084825e+03
-9.892575e+02
-1.707534e+02
1.226249e+02
-1.216786e+02
1.437672e+02
-5.344881e+02
2.663826e+03
1.996908e+03
-1.421125e+03
1.466258e+03
2.153348e+03
2.729781e+02
-2.366996e+02
4.703609e+02
-8.811501e+02
-4.743245e+02
-3.482915e+02
-7.365983e+02
6.204015e+02
-4.680232e+02
1.095593e+03
3.121111e+02
4.188490e+02
9.277031e+02
-1.043589e+02
1.471777e+03
-3.952954e+02
5.786876e+02
8.669294e+01
-8.356052e+01
1.693111e+02
-2.917914e+02
-2.080955e+02
3.512822e+00
-3.925379e+02
-1.043305e+02
-3.557617e+02
2.904630e+02
6.975776e+02
-2.968932e+02
-1.132784e+02
1.636224e+02
-1.020512e+02
-9.299784e+01
3.876400e+02
3.369090e+02
1.027371e+02
3.170020e+02
-2.196311e+02
1.278123e+01
6.701425e+02
-1.217184e+02
1.159544e+02
1.489197e+02
-1.533082e+02
1.246802e+02
1.717398e+01
7.632282e+01
-1.423732e+02
1.186220e+02
5.859285e+01
-1.783875e+02
6.641248e+01
1.857741e+02
6.261462e+01
1.107317e+02
2.736170e+02
8.047841e+01
-7.925423e+01
-5.795447e+01
-2.362004e+01
2.180755e+02
-1.473575e+02
-1.535748e+02
1.937423e+02
3.848068e+00
6.714896e+01
5.822882e+01
-9.386990e+00
-5.289228e+01
-1.171117e+02
8.914393e+01
-4.965071e+01
9.136349e+01
7.796138e+01
3.422171e+01
2.142346e+01
8.855748e+01
-1.287976e+01
-3.725346e+01
-2.887027e+01
-4.010439e+01
-3.775919e+01
1.388189e+01
-4.253017e+01
1.072941e+01
1.551991e+01
4.025232e+01
6.824046e+01
-6.155145e+01
4.782183e+01
1.375639e+01
-8.804998e+01
-8.602052e+00
9.988481e+00
1.308802e+01
-3.298608e+01
2.565183e+01
1.751481e+01
2.068725e+00
-3.752048e+01
-1.207320e+01
7.044072e+00
1.869121e+01
-1.039147e+00
-5.532980e+01
3.061465e+01
-1.166714e+01
1.706061e+01
2.078856e+01
-1.685095e+00
1.635942e+00
-8.106576e-01
8.718511e-02
5.193179e-01
-2.046871e-01
-2.671361e-02
-6.236635e-01
-1.710400e-01
-5.332136e-01
-9.055902e-02
-3.051082e-01
-6.686566e-02
3.094218e-02
8.339522e-02
1.776040e-01
-2.349516e-02
3.060034e-02
-1.176502e-02
-1.456472e-01
-7.417485e-02
9.084022e-02
4.947436e-02
-9.867546e-02
-1.364040e-01
6.948977e-02
3.634026e-02
-9.184441e-02
8.770100e-02
