-3.088227e-01
3.579783e-01
4.499356e-02
5.262222e+01
2.075441e+02
-2.591772e+01
3.634429e-04
3.735218e+04
-1.520524e+05
1.322266e+05
-2.713565e+05
-1.186677e+05
3.509938e+04
-8.334614e+02
9.724534e+04
1.060112e+04
-2.601536e+04
9.452044e+04
8.345795e+03
5.251469e+04
6.802982e+04
5.452307e+04
-9.282132e+04
-8.498652e+03
5.672256e+04
-1.741267e+04
-2.901352e+04
1.118899e+04
-2.589920e+04
-2.148497e+03
3.677341e+03
6.091705e+03
-1.048717e+04
-9.469337e+03
-3.963822e+03
2.366110e+04
4.751264e+03
-7.809141e+03
6.236784e+04
-1.819185e+04
3.191084e+04
5.148750e+03
4.015074e+03
-1.280076e+04
-6.324483e+03
7.572102e+02
2.905963e+03
6.937751e+03
-1.882532e+04
-1.029912e+03
-8.805031e+03
6.895204e+03
5.523494e+03
-5.615757e+03
4.269480e+03
4.382573e+03
3.137050e+03
4.675153e+03
-3.146927e+03
-1.208515e+04
-8.251221e+03
1.464725e+03
-1.720338e+03
2.722023e+02
-5.588565e+03
2.500889e+03
-4.864530e+03
-3.712751e+03
1.508237e+03
-4.283306e+03
-3.694694e+03
-7.235692e+02
-1.332500e+03
5.252175e+03
3.742564e+03
2.335097e+03
1.077953e+03
-2.232932e+03
-3.199263e+03
4.817894e+02
-1.586349e+03
1.933717e+03
2.248080e+03
3.840590e+03
-8.470586e+02
2.638708e+03
-1.134493e+03
9.029474e+02
1.824176e+03
-1.799880e+03
-1.409283e+03
1.192841e+03
9.365831e+02
-4.195829e+02
5.591547e+02
6.784786e+02
3.907694e+02
-9.198287e+02
-8.753181e+01
1.384146e+03
-2.680547e+01
-5.723188e+02
8.387939e+02
-5.109495e+02
-2.805430e+02
-1.891566e+03
1.653355e+03
-6.946297e+02
1.605084e+03
7.768204e+02
-8.827997e+02
5.742059e+02
3.601206e+02
1.828340e+02
-4.732678e+02
1.075935e+03
1.590890e+02
-3.808326e+02
-2.076481e+02
7.124739e+02
3.686120e+02
3.989523e+02
1.967042e+02
2.778203e+02
-9.246887e+02
-1.357139e+01
2.153949e+02
1.577306e+02
3.684156e+02
-1.707839e+02
8.234795e+01
4.775203e+02
2.869610e+02
-3.318208e+02
4.820185e+02
-9.233817e+01
-2.990888e+02
6.795355e+01
-2.614728e+02
-4.801780e+02
-1.352931e+02
3.713056e+02
-1.498044e+02
3.474513e+02
-2.434509e+02
-1.741682e+02
3.145570e+02
1.176568e+02
5.969620e+01
9.248479e+01
-3.443849e+02
-1.323481e+02
-1.092739e+02
-2.350340e+02
-4.919993e+01
-8.062602e+01
-1.248197e+02
-4.945387e+01
1.158265e+02
1.259172e+02
1.883904e+02
8.649451e+01
8.905409e+01
4.515854e+01
-9.548219e-02
1.668447e+01
-1.490375e+02
1.098562e+02
5.078378e+01
-7.817045e+01
1.487382e+02
3.526706e+01
-1.467661e+01
6.187610e+01
3.311408e+01
-6.921715e+01
-1.352046e+01
1.498359e+02
-1.455425e+02
7.041896e+01
-4.315862e+01
1.533844e+02
-2.249734e+01
-9.125554e+01
1.418603e+00
-3.676772e+01
5.905547e+01
-1.751741e+01
2.706140e+01
-1.417600e+01
1.167129e+02
2.938289e+01
-8.153941e+01
-6.305397e+00
6.706245e+01
7.553549e+00
1.064658e+01
-1.219170e+01
-1.916436e+01
-3.743928e+01
6.153167e+01
-6.827776e+01
-4.222914e+01
-8.719914e+00
4.219398e+01
3.244192e+00
-5.082622e-01
1.655537e-01
1.657875e-02
-4.032433e-01
-7.958063e-02
-5.921795e-01
3.831817e-02
7.326401e-01
-1.023487e-01
3.890886e-01
2.843260e-01
-3.337650e-02
-1.298598e-01
-4.051967e-02
1.224490e-02
-1.318907e-01
-2.028132e-02
4.619332e-02
5.715749e-02
6.857955e-02
1.460761e-01
3.917240e-03
-5.301101e-03
-4.442356e-02
1.426778e-01
7.132182e-02
-3.841310e-02
-6.079290e-02
3.585662e-02
