-4.666331e-02
-5.930471e-01
4.834172e-01
4.551111e+01
1.660323e+02
-2.288487e+01
3.328979e-04
-2.612752e+05
1.500705e+05
4.985416e+05
-5.095356e+04
1.059464e+05
1.453511e+05
-2.068354e+05
1.724193e+05
-1.422992e+05
-1.100556e+04
6.317789e+04
1.741405e+03
-5.613191e+04
-5.652016e+03
-1.523578e+04
3.672584e+04
6.512101e+03
1.016749e+04
-4.315162e+04
2.849470e+03
-2.362589e+04
-2.825905e+04
-2.457952e+04
-2.891652e+04
2.070750e+04
-9.859569e+03
9.581034e+03
9.192792e+03
1.083852e+04
1.045120e+04
-8.759257e+03
-1.672381e+04
-5.493424e+03
-8.697041e+03
-1.587472e+04
-6.886633e+01
-1.330665e+04
1.494235e+04
-5.063280e+03
1.293236e+03
4.973000e+03
-6.044433e+03
-1.099517e+02
7.057303e+03
5.363288e+03
3.753573e+03
4.919101e+03
-1.643353e+03
2.071931e+03
-8.802814e+02
7.160581e+03
-2.305707e+03
-6.242501e+03
-3.674261e+03
-3.947132e+02
1.527865e+03
-5.759506e+03
-8.434714e+02
-3.414566e+02
4.202576e+03
7.466755e+03
-1.878505e+03
-4.201940e+02
5.470854e+03
5.795348e+03
4.109635e+03
-1.289647e+03
-1.157115e+03
5.141360e+02
1.861922e+03
-2.013424e+03
-5.184224e+03
-1.393497e+03
-1.152335e+03
5.414840e+02
-2.359413e+03
1.554257e+03
1.869968e+03
8.401729e+02
-1.724476e+03
1.074070e+03
-1.389351e+03
1.056224e+03
5.230545e+02
-5.138983e+02
2.346962e+03
1.333149e+03
-2.883552e+02
6.007548e+02
2.277688e+03
-4.619990e+01
-2.768802e+02
1.216312e+02
-1.905777e+03
-1.312416e+03
5.631128e+02
-3.818321e+02
1.237094e+03
-1.099314e+03
-4.377140e+02
7.481378e+02
1.080836e+03
8.746230e+02
1.036267e+03
9.329517e+02
-3.721513e+02
1.431884e+02
-6.071096e+02
-7.704670e+02
-4.506733e+02
-1.017809e+02
-5.055695e+02
8.752457e+02
-1.650883e+02
5.397556e+02
-5.335346e+02
7.413490e+02
9.813968e+01
-1.027839e+02
-8.922251e+01
1.661381e+02
1.520397e+02
-2.276190e+02
-6.499738e+01
2.275917e+01
-1.325961e+02
2.256357e+02
-2.441246e+02
-1.716145e+00
5.359627e+02
-2.935501e+01
2.208384e+01
2.160296e+02
1.448529e+02
-2.688866e+02
-1.720157e+02
2.305541e+02
-1.247137e+02
1.366035e+02
-2.430084e+02
-1.899778e+02
-1.233937e+02
1.168410e+02
2.217799e+02
1.498705e+02
-1.018055e+02
1.434366e+01
-5.958110e+01
6.433149e+01
1.633213e+01
1.486993e+02
-8.472962e+01
5.734059e+01
2.962430e+02
6.209957e+00
-1.388025e+02
1.370106e+02
-1.219045e+02
3.178976e+01
4.541940e+01
1.551053e+02
-2.736041e+02
-9.053960e+01
4.627035e+00
1.493573e+02
9.996858e+01
4.953209e+01
-1.554414e+02
-1.731781e+01
1.947358e+01
3.928356e+01
-7.098634e+01
-6.533487e+01
8.778427e+01
-5.021168e+01
-2.836701e+01
1.770594e+01
-3.486908e+00
2.442749e+01
5.765736e+01
3.226698e+01
-9.478740e+01
-2.310023e+01
-1.552294e+01
2.657236e+01
2.268994e+01
-8.986810e+00
1.438671e+01
-3.047094e+01
-5.783855e+01
4.185536e+01
-2.341638e+01
2.586154e+01
1.219608e+01
-3.001941e+01
3.463104e+00
-4.138867e+01
-2.278103e+00
8.289331e+00
-5.450060e-01
-9.748247e-01
7.771814e-01
-5.423837e-01
-6.991266e-02
-1.538927e-01
-4.760985e-01
-8.718688e-02
1.805598e-01
9.853270e-02
4.909324e-01
-4.913497e-01
9.763186e-02
3.775407e-02
1.323499e-01
3.017320e-01
2.442219e-02
-4.576195e-02
-2.201806e-02
-2.751653e-01
-1.157054e-01
1.653938e-01
-1.117081e-01
1.844868e-08
-1.199249e-01
-2.142791e-02
2.367834e-03
5.433344e-02
-1.025377e-01
