-1.342765e-01
1.255434e+00
1.035859e-01
5.632000e+01
1.836975e+02
-1.288676e+01
3.584101e-04
-1.072175e+05
-7.931444e+04
2.529431e+05
-7.286695e+04
8.149236e+04
-8.084854e+04
8.665288e+04
1.010539e+05
-1.606141e+04
-6.674184e+04
-9.374179e+04
7.649668e+04
-4.905089e+04
1.359285e+04
1.297141e+04
-6.619891e+03
-6.743434e+03
-5.663771e+03
-9.247611e+03
-6.025338e+03
5.630028e+03
1.218668e+03
1.072472e+04
-1.631962e+04
1.283602e+04
-1.008484e+04
-6.775100e+03
-5.426375e+03
8.527904e+03
8.010619e+03
-2.018558e+03
1.258083e+04
-2.867640e+02
5.726039e+03
-1.994924e+03
-3.007372e+04
-1.888438e+04
1.006829e+04
-8.637275e+03
2.806231e+02
5.879678e+03
-1.476922e+04
-5.330483e+03
6.711622e+03
6.674250e+03
8.363896e+03
3.108225e+02
-6.922635e+03
8.772528e+03
4.870701e+03
7.019619e+03
-2.104830e+03
-1.059102e+04
-7.318830e+03
4.680309e+03
-7.841851e+02
-2.588452e+03
-8.280121e+02
6.925532e+02
1.921158e+03
1.502307e+03
-2.501441e+03
5.587496e+03
-9.816163e+02
1.326757e+03
5.308691e+02
4.031102e+02
-3.945616e+02
-1.153518e+03
1.185923e+03
3.808653e+02
-3.373277e+03
-1.018346e+03
-1.352442e+03
-3.032743e+02
-1.151747e+02
1.450535e+03
2.205502e+03
1.505878e+03
-1.020731e+03
-4.182082e+01
4.644355e+02
-1.097500e+02
3.410466e+02
1.068948e+03
2.607761e+03
1.724922e+03
-5.107836e+02
9.158164e+02
1.734107e+03
-1.346986e+03
-7.186346e+02
2.038265e+02
-1.272410e+03
-6.200673e+00
-1.646058e+02
-1.148787e+03
-2.608106e+02
-6.468027e+02
1.533452e+03
1.225641e+03
7.766747e+02
1.302727e+03
2.006805e+02
9.251027e+02
-7.025883e+02
1.033988e+03
3.372263e+02
-2.137152e+02
-9.315386e+00
-3.829552e+02
-4.061451e+02
5.001270e+02
4.345920e+02
2.729287e+02
-1.082111e+02
1.716095e+02
6.610731e+02
-1.429435e+02
-1.836646e+00
-1.395359e+02
-2.196418e+02
-2.083110e+02
2.737877e+02
2.298796e+02
-3.784398e+02
1.314383e+02
5.505639e+01
-5.819815e+01
4.881673e+02
-1.141139e+02
-1.275917e+02
1.291022e+01
-2.566456e+02
4.089788e+01
-1.173165e+02
2.418615e+02
-1.918926e+02
6.349875e+01
-9.458237e+01
-7.211429e+01
-1.212445e+01
2.091615e+02
8.623730e+00
2.044489e+02
1.545854e+01
-1.984821e+02
-1.268251e+01
-3.710520e+01
3.540905e+01
3.448357e+01
-5.883347e+01
-3.880205e+01
1.492741e+02
-6.489754e+01
1.242546e+02
-9.751625e+01
-7.921911e+01
-4.631149e+01
-8.192451e+01
9.907384e+01
-1.116113e+02
-1.646965e+01
1.292675e+02
6.144373e+01
8.047117e+00
1.367176e+02
1.586033e+01
-4.248009e+01
4.154650e+01
3.914732e+01
-7.979436e+01
3.818830e+00
-7.159596e+01
7.467595e+01
-1.325774e+01
-3.516428e+01
5.736225e+01
-3.261724e+01
9.835255e+01
4.959096e+01
-4.601229e+01
2.380057e+00
7.404516e+01
3.582015e+01
-3.813667e+01
-3.993847e+01
1.102266e+00
1.075473e+01
-4.525592e+00
-1.536189e+01
1.577797e+01
9.836378e+00
-3.932212e+00
-5.138980e+01
-1.303166e+01
4.246902e+01
2.075711e+01
2.796937e+01
-8.981957e-01
1.124251e+00
-3.559604e-01
9.903749e-01
1.415215e-01
9.021360e-02
-5.930254e-02
-3.477390e-01
-3.853309e-02
-7.064278e-02
1.199206e-01
6.170210e-02
1.364581e-02
-2.366565e-02
1.204109e-01
-7.270244e-03
-4.490161e-03
5.062092e-02
2.426286e-02
8.153355e-02
6.711990e-02
1.117657e-01
-6.605277e-04
-8.182048e-02
5.529288e-02
3.306901e-02
1.465830e-02
-4.846687e-02
-2.997451e-02
