-1.224258e-01
-6.963625e-01
-3.324936e-02
4.693333e+01
1.863736e+02
-2.095834e+01
3.572823e-04
-1.324862e+05
-2.239699e+05
2.994108e+05
1.171201e+04
-1.676150e+05
6.644229e+04
-1.463969e+05
8.171984e+04
-1.289735e+05
6.926734e+04
4.370756e+04
9.151523e+04
-1.984873e+04
-5.909348e+04
-5.298528e+04
6.272028e+04
-3.594798e+04
2.154212e+04
-3.779843e+04
1.559382e+04
-3.114064e+04
-4.075202e+04
-1.607068e+04
-6.781630e+04
-3.849799e+03
-5.099368e+04
-2.676671e+04
2.437846e+04
1.462840e+04
1.007341e+04
6.363517e+03
-1.313969e+04
5.388223e+02
-3.796035e+03
-1.402550e+04
1.613422e+03
-8.634848e+03
1.285948e+04
-1.444231e+04
-8.562900e+02
9.404712e+03
-6.467115e+03
1.286089e+03
6.328396e+03
-6.825648e+03
-4.129281e+03
-7.138383e+03
-8.674122e+03
6.125065e+03
-4.984944e+03
1.100948e+04
1.932091e+03
-1.450928e+04
-2.101567e+03
-2.653800e+03
-4.292612e+03
-7.699778e+03
1.460636e+03
4.670278e+03
7.076513e+03
6.106223e+03
-3.392721e+03
-2.413943e+03
3.974959e+03
1.198887e+03
-9.596607e+02
-1.321377e+03
1.891823e+03
3.728245e+03
3.535647e+03
1.438572e+03
-6.152347e+03
-7.847979e+02
-9.804087e+02
1.592481e+02
-9.390544e+02
-4.964195e+02
3.291638e+03
3.278582e+01
-7.815721e+02
-9.669832e+02
-9.646684e+02
1.929725e+03
-4.274692e+02
-1.047352e+03
2.554769e+03
2.115740e+03
-1.476868e+03
4.850795e+02
1.872392e+03
9.410325e+01
1.020346e+03
5.679706e+02
-8.229997e+02
6.201637e+01
-1.291925e+02
-1.464065e+03
1.371167e+03
-3.600070e+02
1.113941e+03
9.198399e+01
6.237021e+02
1.095556e+03
4.050569e+02
1.605439e+03
-2.856362e+02
6.469203e+02
-2.756736e+02
-4.972763e+02
-1.432190e+02
-4.508634e+02
-2.778131e+02
4.565478e+02
-5.330285e+02
-1.010583e+02
-6.619761e+02
7.579152e+02
2.158142e+02
-3.009137e+02
6.654414e+01
1.832412e+02
-2.130820e+02
-4.326195e+02
1.068511e+02
1.595653e+02
3.420461e+02
3.890331e+02
-2.747585e+02
9.639713e+01
8.285454e+02
-3.795234e+02
1.467677e+02
3.894413e+02
-7.473763e+00
1.675646e+02
-1.623456e+02
6.168490e+01
-3.089987e+01
1.360092e+02
2.780851e+02
-3.659946e+02
8.030338e+01
7.713875e+01
-4.248092e-01
1.789802e+02
2.648074e+02
-1.255622e+02
-1.649769e+02
-1.018357e+02
5.624400e+01
1.409610e+02
-9.505559e+01
-1.138943e+02
2.900144e+02
5.985356e+01
-2.234548e+01
4.419043e+01
-1.228620e+01
-1.485259e+01
1.922953e+01
7.581821e+01
-1.247412e+02
1.150021e+02
6.819841e+01
2.178142e+02
1.229866e+02
6.060437e+01
1.442326e+01
-1.318863e+02
1.481464e+01
6.782626e+00
-7.210204e+01
-5.682250e+00
8.043243e+01
-4.042533e+01
-3.490621e+01
1.818603e+01
8.851270e+01
-6.025640e+01
6.773572e+01
4.269497e+01
-8.281075e+01
3.491938e+01
-1.166651e+01
3.315070e+01
-6.209419e+01
-1.500983e+00
2.834834e+01
1.094734e+01
-6.010819e+01
7.358868e+00
-3.197251e+01
3.973138e+01
-4.582711e+00
-3.299097e+01
6.613009e+01
-3.907995e+01
2.097583e+01
2.977641e+01
-1.457646e+00
1.817151e+00
-5.113264e-01
1.315952e+00
-9.994449e-02
-2.330948e-01
-7.689226e-02
-4.984085e-01
3.619110e-02
-3.072386e-01
-7.093389e-02
-4.299275e-01
7.793351e-02
1.252385e-01
4.810918e-02
3.764766e-02
2.455277e-02
-6.267318e-02
-1.573131e-02
-2.573366e-01
-1.069191e-01
2.098178e-01
-7.756305e-02
-4.356584e-02
-2.368881e-02
7.158462e-02
-6.389563e-02
-1.048476e-01
-1.900249e-02
