-1.938872e-01
-4.584493e-01
2.903301e-01
4.664889e+01
1.873951e+02
-2.400485e+01
3.367360e-04
-2.027839e+05
1.106018e+05
1.508188e+05
-2.887705e+05
3.290370e+04
-9.273830e+04
-9.747445e+04
1.286154e+05
-2.111489e+05
-9.794891e+03
-8.281137e+04
3.214638e+04
-3.264910e+04
-1.451155e+03
-2.094226e+04
-2.425054e+03
3.384334e+04
-1.395699e+04
-2.915173e+04
-3.780405e+04
-4.154876e+04
-1.847311e+04
-2.572066e+04
-1.451146e+04
-2.032734e+04
-8.124155e+03
-3.677976e+03
2.306202e+03
-1.288305e+04
-1.033218e+04
-2.952950e+03
-5.516213e+03
-1.982558e+03
1.423713e+03
-1.264946e+04
1.812394e+03
-2.279422e+03
8.098565e+01
2.928987e+03
1.774052e+04
4.172819e+03
2.440313e+02
-2.365604e+03
6.315137e+03
-2.131737e+03
1.113321e+03
3.627250e+03
-7.373309e+03
-6.412771e+03
2.202528e+03
7.532866e+03
8.324373e+02
-7.659227e+03
-3.777833e+03
-3.536229e+02
-4.443277e+02
-1.740445e+02
-6.833749e+02
4.090106e+03
3.207347e+03
5.430280e+03
-5.270531e+03
2.646426e+03
1.919372e+03
4.256952e+03
1.745632e+03
1.966485e+02
2.661544e+02
5.006760e+02
2.191055e+03
-3.685848e+02
-3.880611e+03
-9.959877e+02
6.426848e+02
-6.128250e+00
-1.481445e+03
2.091251e+03
2.384004e+03
1.504142e+03
-2.000797e+03
5.127005e+01
-1.599911e+03
1.215408e+03
8.564308e+02
-1.310993e+02
7.720029e+02
1.665156e+03
-8.427697e+02
7.888568e+02
1.171077e+03
-4.810759e+02
-3.353033e+01
-6.973617e+02
-8.655437e+02
-2.593931e+02
4.728871e+02
-2.880871e+01
2.272939e+02
-7.964052e+02
-7.304548e+01
9.842910e+02
8.951674e+02
1.160836e+03
7.652824e+02
6.096786e+02
-4.400252e+02
3.664558e+02
-1.434678e+02
-3.129194e+02
-7.476031e+02
-1.682606e+02
-6.615669e+02
6.658348e+02
-8.587880e+01
3.486062e+02
-5.210561e+02
6.941851e+01
1.404745e+02
5.801106e+01
-1.431967e+02
2.012915e+01
-3.840435e+02
-9.287692e+01
8.313175e+00
5.564865e+02
-1.092419e+02
5.497410e+01
-2.001536e+02
-2.010208e+02
1.132203e+01
8.300308e+00
2.050350e+02
-1.221638e+02
-8.069949e+01
-2.406770e+02
-3.674497e+00
1.730064e+02
-7.762424e+00
2.583346e+02
-6.622545e+01
-1.357668e+02
-3.264607e+01
1.882658e+02
2.309143e+02
1.628368e+02
-2.357862e+02
5.633667e+01
2.270726e+01
5.030478e+01
-3.512659e+01
2.065822e+02
-6.731503e+00
-1.527514e+01
2.088528e+02
5.317192e+01
-1.045898e+02
-3.388917e+01
-1.368166e+02
-2.370149e+01
-8.779869e+00
8.872070e+01
-1.038599e+02
-6.706549e+01
8.064388e+01
8.368434e+01
8.751379e+01
5.086212e+01
-9.567649e+01
-4.345167e+01
4.436773e+01
5.123826e+01
-5.439637e+01
5.142607e+00
7.352626e+01
4.082808e+01
-6.933231e+01
3.314547e+00
3.652937e+01
3.221038e+01
3.796077e+01
6.951557e+01
-1.267539e+02
-3.406018e+01
6.020863e+00
3.626157e+01
5.419581e+01
3.011630e+01
3.609906e+01
-3.634235e+01
-3.155625e+01
-2.331560e+00
-2.351270e+01
2.316761e+01
4.591392e+01
-6.531241e+01
4.991392e+00
-4.819408e+01
9.320873e+00
1.290226e+01
-1.279664e+00
-1.788182e+00
8.678015e-01
-9.157290e-01
-2.757688e-03
-1.203717e-01
-4.509606e-01
1.797953e-02
1.158416e-01
5.789716e-02
5.494639e-01
-3.135290e-01
1.112342e-01
6.629393e-03
2.891642e-01
3.038131e-01
4.565502e-02
1.309691e-02
-7.728409e-02
4.997171e-03
2.783780e-03
1.063846e-02
-1.430434e-02
3.028261e-02
1.010387e-01
2.097118e-02
-2.259700e-03
2.045712e-02
-1.940663e-03
