7.810167e-02
9.655259e-01
2.646784e-02
5.063111e+01
1.658518e+02
-2.037377e+01
3.515951e-04
-8.177847e+04
6.895855e+04
-6.059734e+04
-7.887353e+04
-7.365915e+03
-1.912437e+05
4.440030e+04
8.269401e+04
-4.899815e+04
5.226828e+04
-6.632983e+04
9.711691e+04
4.632020e+04
-5.572496e+04
-4.539889e+04
5.145341e+04
2.067060e+04
5.302678e+03
-2.965205e+04
4.971705e+04
1.533328e+04
-1.729757e+04
-1.346597e+04
-4.735575e+03
-1.687956e+04
-2.679216e+04
-1.571766e+04
-8.457481e+03
1.423055e+04
1.340659e+04
-3.585146e+03
-6.814488e+03
9.465479e+03
-7.992186e+03
-5.232519e+02
-3.235553e+03
-1.398864e+04
-2.372592e+03
-1.563195e+04
1.505208e+04
-1.306058e+03
-2.509135e+03
4.790319e+03
-3.997989e+02
-2.528365e+03
-1.907990e+03
-3.228443e+03
1.139580e+03
7.266860e+03
-1.376263e+03
1.018361e+04
5.348802e+03
-8.806532e+03
-4.561004e+03
5.806991e+02
8.675214e+02
-1.699178e+03
1.675456e+03
3.966311e+03
7.529839e+02
2.938075e+03
-4.053863e+03
3.884426e+02
1.126947e+03
2.163207e+03
7.058691e+02
-2.581612e+03
-2.133236e+03
3.966144e+02
-1.041407e+03
-1.767367e+02
-3.146993e+03
-4.770284e+02
-1.091636e+03
-9.932382e+02
1.838003e+02
-3.911342e+02
1.635075e+03
-1.822314e+03
-1.824362e+03
-9.680541e+02
1.256436e+03
1.062108e+03
9.325808e+02
-7.639150e+02
1.585005e+03
1.300858e+03
-9.459241e+02
2.152565e+02
6.444634e+02
-1.485384e+03
-7.687621e+02
2.370734e+02
-3.841449e+02
-4.401429e+02
1.158251e+03
-7.937742e+02
2.199660e+02
-1.214905e+03
2.088342e+02
1.407873e+02
7.767399e+02
1.178928e+03
2.588138e+02
3.869540e+02
-4.916731e+02
3.286305e+02
-1.998557e+02
1.259589e+02
1.606179e+01
-1.053186e+03
-1.053364e+02
3.425047e+02
2.087743e+02
-2.520796e+01
-3.568290e+02
2.400453e+01
4.830990e+02
-4.472118e+02
4.643025e+02
-1.295780e+02
-3.252543e+02
2.704712e+02
2.260596e+02
5.501317e+02
3.083697e+02
1.984419e+02
-1.261387e+02
-1.358158e+02
2.622782e+02
-1.698718e+02
-9.058437e+00
-1.052956e+02
-2.534025e+02
4.350388e+01
1.811649e+02
3.242801e+02
-1.999621e+01
7.148769e+01
2.888623e+01
-4.898959e+02
3.061864e+01
1.485503e+02
2.342587e+02
1.950860e+02
1.166096e+02
6.066246e+00
3.299380e+01
4.507049e+01
1.008764e+02
2.493685e+02
1.754326e+00
2.523129e+00
1.434405e+02
7.111987e+01
-1.723958e+01
4.550370e+01
-1.802361e+02
-6.936257e+00
-7.372971e+01
1.872792e+02
-1.802174e+02
-5.709906e-01
3.169381e+00
8.138212e+01
1.174743e+02
2.242087e+01
-8.512411e+01
-1.408623e+02
5.938397e+01
6.706523e+00
-4.557560e+01
2.724986e+01
-3.852551e+01
2.459259e+01
5.345636e+00
-1.128820e+01
1.075309e+02
-7.114737e+01
3.140799e+01
4.585616e+01
-7.732056e+01
-3.247910e+01
2.866090e+01
-1.699808e+01
-7.252083e+01
3.622340e+01
-3.025958e+01
-9.615138e+00
-3.573254e+00
4.179570e+01
-3.334845e+01
3.833187e+01
1.444428e+01
-3.747783e+01
2.403120e+01
6.275095e+00
1.735940e+01
1.977869e+01
-8.478176e-01
-1.055597e+00
-4.909361e-01
3.008590e-01
4.160034e-01
1.449501e-01
-1.011020e-01
-1.931291e-01
-4.692863e-02
2.573752e-01
2.895993e-01
-6.242112e-02
-1.941505e-01
2.720892e-02
-5.473685e-02
8.865873e-02
4.858753e-03
-1.420420e-01
-1.447784e-01
-2.298502e-02
-2.110915e-01
1.759447e-01
-2.995293e-03
-5.355634e-02
-6.591717e-02
1.664249e-02
-3.292522e-02
-4.637739e-02
7.141341e-02
