2.560908e-02
4.567418e-01
9.812163e-02
4.266667e+01
1.751232e+02
-2.598240e+01
3.232423e-04
-2.134982e+05
2.198168e+05
1.126749e+05
-434179
8.368958e+04
-1.145075e+05
2.077662e+04
3.330401e+04
-1.226613e+05
1.409353e+03
-1.668190e+05
8.838019e+04
2.666540e+04
2.464874e+04
3.374073e+04
-8.231430e+04
4.257427e+04
-9.065070e+03
3.233286e+03
-2.670933e+04
-2.007077e+04
-1.099670e+03
-2.602311e+04
-2.973670e+03
-4.874909e+03
-1.550744e+04
-5.763256e+03
-9.514184e+03
-1.357427e+04
-1.409962e+03
-1.170171e+04
1.657896e+04
1.167022e+04
4.196828e+03
-1.281253e+04
4.317695e+03
-1.225401e+04
-9.399920e+02
4.710128e+03
1.868278e+04
5.956937e+03
-1.276647e+04
1.806597e+03
3.696971e+03
-4.247515e+03
-1.587083e+03
6.631461e+03
5.245836e+03
-5.098408e+03
4.748987e+03
2.224242e+03
4.277455e+03
-2.733290e+03
-9.127827e+03
3.918353e+03
1.745500e+03
3.821259e+03
-3.334744e+03
2.289604e+03
-6.952856e+02
5.994569e+03
-2.055836e+03
5.336261e+02
-2.263149e+03
2.268709e+03
3.884272e+03
5.986197e+02
-8.619899e+02
-5.689230e+02
-1.993760e+03
-2.585482e+03
-2.183857e+03
4.475035e+02
-1.712772e+03
-2.010857e+03
7.735941e+01
7.685568e+02
5.985005e+02
5.150725e+02
-1.054777e+03
-5.639800e+01
5.427173e+02
3.674926e+02
-2.432222e+02
1.649351e+03
7.593078e+02
8.009127e+02
-3.879061e+02
-6.769597e+01
1.808239e+03
-9.670444e+02
-8.982693e+02
-2.763379e+02
-1.991131e+02
-5.705070e+02
3.854044e+02
-6.034451e+02
-7.512658e+02
-9.518989e+02
1.524001e+02
1.737386e+03
1.462826e+03
9.224352e+02
1.222698e+03
-3.907997e+02
-2.216013e+02
1.787907e+01
-9.796287e+01
7.844395e+01
-4.727889e+02
-8.730214e+02
-7.546578e+02
5.081829e+02
5.092662e+02
9.255598e+02
3.945095e+01
-1.958127e+02
2.943654e+02
-2.494881e+02
1.260293e+02
1.081218e+02
-2.313196e+02
-8.460057e+01
7.823814e+01
3.735092e+02
-2.320676e+02
1.092477e+01
-5.100397e+01
-2.320996e+02
-1.768415e+02
-2.755819e+02
-1.715877e+02
-2.325019e+02
-3.527733e+02
4.673936e+01
5.540247e+01
3.057097e+02
-6.123011e+01
6.540732e+01
-5.388624e+01
-1.124029e+02
-2.899456e+02
1.737319e+02
1.850549e+02
1.695983e+02
-2.136117e+02
-6.496977e+01
1.163474e+02
-6.835455e+01
-7.676440e+01
5.238124e+01
2.031383e+02
1.137712e+01
1.057355e+02
-5.577605e+01
-6.151595e+01
-7.766332e+01
-2.639592e+02
-1.814687e+00
1.086859e+00
1.770489e+02
-2.831473e+02
-1.890450e+01
1.761694e+01
4.058059e+01
1.573956e+02
1.053087e+02
-1.187998e+01
-7.674190e+01
1.206660e+02
8.480994e+01
-6.995483e+01
2.818541e+01
5.502462e+01
3.923750e+01
-4.454780e+01
-7.714758e+01
4.234727e+01
-8.053080e+00
9.222717e+01
1.192687e+02
-9.308333e+01
-2.492468e+01
7.976923e+01
5.607734e+01
-9.049863e+00
-3.075016e+01
1.895072e+01
1.144642e+01
-6.017440e+00
3.152405e+01
-3.647013e+01
7.601131e+00
1.408158e+01
-5.818039e+01
3.625579e-01
-1.433406e+01
4.656806e+00
3.205775e+00
-2.088332e+00
-2.781575e+00
-3.742444e-01
-4.504163e-01
2.528812e-02
-5.345368e-01
-3.640022e-01
1.867986e-01
2.407343e-01
2.809005e-01
1.121975e+00
3.391715e-01
-1.395675e-01
-5.814467e-02
3.427878e-01
3.114055e-02
-9.314299e-02
-5.279296e-02
-8.163650e-02
2.897215e-01
-2.278524e-02
6.945983e-02
-3.264728e-02
-2.254025e-01
3.182005e-01
2.472861e-02
-2.678819e-02
1.002956e-01
-7.698677e-03
