3.488383e-03
-3.217196e-01
7.207305e-02
4.352000e+01
1.781509e+02
-2.858244e+01
3.499541e-04
-8.302346e+04
1.268276e+05
-9.770627e+04
-3.075736e+05
-4.706314e+04
-1.591451e+05
5.684068e+04
2.884922e+04
-1.071332e+05
2.465621e+03
-8.433042e+04
6.696951e+04
-2.135622e+04
1.838127e+04
2.174210e+04
-6.748053e+03
1.248070e+04
7.591147e+03
2.607941e+04
-1.383873e+04
-1.593143e+04
-2.197909e+04
-3.021993e+04
1.780645e+04
-3.606982e+04
-8.402783e+02
-1.118681e+04
-7.159740e+03
-1.551425e+04
-7.242500e+03
-9.407019e+03
1.250533e+04
-3.577038e+03
3.930699e+03
-7.103190e+03
2.844648e+03
-1.086966e+04
-5.913732e+02
-3.302236e+03
1.762670e+04
6.104568e+03
-3.380975e+03
-6.804783e+02
-2.544440e+03
-9.016699e+02
-6.516205e+02
1.920364e+03
-6.289621e+02
4.863940e+02
-1.166748e+02
7.436131e+03
3.401901e+03
-7.779968e+03
-4.227132e+03
3.055516e+03
-8.629194e+02
-2.598522e+02
4.851083e+02
3.738038e+03
2.649152e+03
1.377265e+03
-3.193906e+02
2.136182e+03
5.858295e+02
1.553846e+03
8.305247e+02
1.436876e+03
-1.089237e+02
-5.535225e+02
4.446938e+01
4.123857e+01
-3.942894e+03
-8.536624e+02
1.413372e+03
-1.219710e+03
6.844539e+02
1.122176e+03
2.407590e+03
6.017796e+02
-2.062719e+03
-1.055277e+02
-1.074053e+02
1.272764e+03
3.575615e+01
1.138694e+03
2.373530e+02
1.454579e+03
-1.132171e+03
3.107436e+02
9.782564e+02
-6.989847e+02
-5.898508e+02
-6.206986e+02
6.208784e+01
2.715741e+02
2.899212e+02
-2.009219e+02
-6.499849e+02
-4.437607e+02
4.592640e+02
1.040401e+03
4.870392e+02
8.024271e+02
3.356968e+02
-1.878940e+02
-4.341288e+02
2.636743e+02
4.557390e+02
-1.566381e+02
-5.037851e+02
-5.058260e+02
-4.208753e+02
4.715762e+02
1.154301e+02
6.712487e+02
-1.444511e+02
-4.372010e+01
2.253050e+02
1.122553e+01
7.668229e+01
9.406844e+01
-3.123330e+02
6.899113e+01
3.218535e+02
4.419993e+02
-1.514063e+02
4.973238e+01
-1.466912e+02
-1.584785e+02
4.615007e+01
-1.900712e+02
2.975418e+01
-4.408250e+01
-2.331935e+02
-5.947969e+01
1.156096e+02
4.923534e+01
-5.783086e+00
8.373360e+01
-7.321079e+01
-2.157921e+02
-3.266811e+01
1.583111e+02
4.133038e+01
3.123015e+02
-1.378325e+02
-1.682954e+02
4.533842e+01
-1.185257e+02
2.644071e+01
-1.744383e+01
1.455350e+02
6.620763e+01
3.643733e+01
6.823479e+01
-2.957195e+01
-1.040112e+02
-1.957382e+02
3.068931e+01
-4.628134e+01
1.061092e+02
-4.882528e+01
-5.003687e+01
6.894097e+01
2.017204e+01
8.019046e+01
1.172163e+02
2.425661e+01
-7.438082e+01
1.082151e+02
9.084291e+01
-3.616579e+01
5.782315e+01
-1.190777e+01
5.480892e+01
-1.818403e+00
-4.380259e+00
5.290381e+01
-6.443684e+01
-2.581388e+01
7.226555e+01
-6.486330e+01
-1.424542e+01
3.177082e+01
2.825606e+01
9.187781e+00
-4.047406e+01
-3.559347e+00
-3.439091e+01
1.021263e+01
3.928393e+01
-2.585720e+01
1.809902e+01
2.030931e+01
-5.190659e+01
3.091574e+01
-1.909903e+00
1.280076e+01
1.402031e+01
-1.272729e+00
-3.531380e-01
2.656934e-01
-1.611275e-01
-1.584808e-01
3.218747e-02
1.713275e-01
-8.430291e-02
-3.332921e-03
4.757696e-02
6.900596e-01
2.540179e-01
1.280828e-01
-1.504122e-01
5.922794e-02
-5.351000e-02
2.291421e-02
8.299717e-02
7.018816e-02
2.253287e-01
-5.808013e-02
1.595147e-01
5.827536e-02
-3.076793e-02
1.603492e-01
5.550801e-02
-2.273275e-02
3.369294e-02
-3.376881e-02
