-6.537689e-02
1.542564e+00
-1.175102e-01
5.660444e+01
1.804786e+02
-9.354531e+00
3.406223e-04
5.768542e+04
-5.325641e+04
-2.233502e+05
-1.119922e+05
-7.491170e+04
-1.568388e+05
1.316672e+05
-1.836104e+04
-2.159667e+04
-8.628393e+03
-6.408713e+04
6.500576e+04
-3.695115e+03
-4.451951e+03
-2.350374e+04
-1.970200e+04
1.737861e+04
-4.741577e+03
-2.669234e+02
-4.851512e+04
2.487275e+04
-1.513775e+04
-5.790351e+03
1.951239e+04
-12083
-4.510942e+03
-1.446828e+04
-7.063071e+03
-1.079754e+04
-4.149732e+03
-7.675401e+03
2.055538e+04
-5.356532e+03
9.110675e+01
-3.567282e+03
-3.102515e+03
-4.050234e+03
5.009832e+03
-1.672861e+01
5.277543e+03
7.093654e+03
-4.722484e+02
-3.369152e+03
-2.356417e+03
2.337178e+03
-2.340044e+03
4.299863e+03
4.740980e+03
2.326409e+03
1.211726e+03
5.305938e+03
1.288696e+03
-1.849512e+03
-1.474577e+03
7.457307e+02
-2.173911e+03
1.563278e+02
8.631441e+01
2.983799e+03
1.612000e+03
-3.784139e+03
-1.851242e+03
3.576934e+03
-9.797684e+01
-5.909203e+02
-2.184669e+03
1.269387e+03
4.560276e+02
-7.222054e+02
7.869274e+02
1.134054e+03
-1.904080e+03
-1.530018e+02
8.552802e+02
1.378446e+02
1.028414e+03
8.163791e+02
2.515429e+03
1.308708e+03
-1.243108e+03
-3.883128e+02
-3.779287e+02
-5.881663e+01
-3.506443e+02
5.854304e+02
9.075430e+02
7.275840e+02
-9.435964e+02
5.861039e+02
3.224237e+02
-1.379156e+02
8.080389e+01
-1.561787e+02
1.118155e+02
2.297840e+02
5.454158e+02
-1.477747e+02
-5.635322e+02
-3.386733e+02
7.871012e+02
5.745648e+02
-1.321754e+02
8.120238e+02
-5.326288e+01
1.434489e+02
-3.965675e+02
4.161339e+02
2.935658e+01
3.761768e+02
3.802539e+01
-2.622061e+02
3.193408e+01
-1.854092e+01
1.190724e+02
1.536655e+02
-1.078183e+02
7.162923e+01
9.711171e+01
-1.972279e+01
-6.344369e+01
1.462598e+02
-2.018311e+02
2.047778e+02
1.947615e+02
6.180496e+02
1.169376e+02
8.755081e+01
1.269258e+02
-1.918696e+01
-3.324107e+01
-1.138654e+02
2.582290e+01
-2.260651e+02
-1.349959e+02
3.213637e+02
2.083636e+01
5.613474e+01
3.570110e+01
-2.811192e+01
9.783379e+00
-8.701826e+01
-8.590155e+00
2.128419e+02
-4.494918e+01
8.318314e+01
6.990711e+01
8.106060e+01
-8.130836e+01
-6.468002e+01
1.263257e+02
6.365971e+01
4.405070e+01
-1.815808e+02
4.086221e+00
3.899068e+00
9.443441e+01
-5.963763e+01
-3.676162e+00
-5.920016e+01
-6.804773e+01
7.849595e+01
2.402465e+01
-1.162291e+00
3.565568e+01
-3.711628e+01
-5.334533e+01
5.404887e+01
6.305452e+01
-6.860656e+01
8.511517e+00
-6.227976e+00
-4.669613e+01
5.762727e+01
-6.069253e+01
5.238879e+01
2.348698e+01
5.055397e+01
6.240920e+01
-6.552506e+01
-4.287057e+01
1.981680e+01
-1.786020e+01
3.889467e+00
5.272383e+01
2.491108e+01
-7.103297e+00
2.260791e+01
4.659451e+01
-1.406533e+01
2.052310e+01
-2.944459e+01
3.150592e+00
-3.375503e+01
9.440734e+00
-2.715328e+01
1.521246e+01
3.115780e+01
1.376355e+01
3.064571e+00
-6.138472e-01
1.228532e+00
-6.300414e-02
-1.477569e-01
1.536050e-01
-5.824170e-02
3.693545e-01
-1.646006e-01
7.732040e-02
-2.985042e-01
5.987076e-02
1.073629e-01
-3.316290e-02
1.438862e-02
-4.545221e-02
2.180918e-02
2.340527e-02
3.171433e-02
7.724721e-02
9.595877e-02
7.465159e-03
9.444083e-03
1.035821e-01
-3.347820e-02
3.773896e-02
1.272577e-02
4.647622e-02
-4.748717e-02
3.970043e-02
