-1.240723e-02
-1.073193e+00
1.941101e-01
5.489778e+01
1.749683e+02
-1.903283e+01
3.559466e-04
-4.193921e+04
4.086786e+04
-8.392441e+04
-8.937537e+04
4.954352e+04
-4.205309e+04
2.351546e+04
-3.637621e+03
-2.727542e+04
-4.992786e+04
-1.122023e+05
5.372062e+04
-3.582694e+04
-2.485005e+04
1.796945e+04
-2.731347e+04
-2.105451e+04
8.140541e+03
1.983085e+04
-5.213397e+04
-2.883400e+04
-1.009915e+04
-3.495179e+04
-1.841177e+03
-3.882238e+04
5.087479e+03
-1.606802e+04
3.857693e+03
-1.488661e+04
-2.186119e+04
-5.815898e+03
8.100968e+03
-3.686946e+03
-1.103175e+04
-6.380059e+03
5.239778e+03
-2.428082e+03
3.135715e+03
-1.090840e+03
1.743863e+03
-8.552039e+01
-5.346044e+03
2.763569e+03
1.696077e+03
-2.853232e+03
-2.536857e+03
6.285602e+03
-2.382257e+03
-3.733932e+03
4.725703e+02
4.878315e+03
4.655612e+02
-7.305564e+03
-4.645363e+02
-1.753344e+03
-1.300303e+03
1.019829e+03
1.412267e+03
4.564364e+03
2.769095e+03
-1.540854e+03
-1.152669e+03
3.865134e+03
8.301345e+02
-6.089622e+02
-7.364974e+02
1.754570e+03
1.396025e+03
1.441927e+03
1.237116e+02
1.444315e+03
-3.746905e+03
5.475328e+02
1.504050e+03
-7.248007e+02
3.252325e+02
1.013678e+03
8.925229e+02
1.209413e+03
-1.878921e+03
5.010471e+02
-9.503920e+02
1.160900e+03
-1.800716e+02
1.127733e+03
1.326237e+03
9.752385e+02
-9.314781e+02
5.252203e+02
1.031898e+03
-8.840620e+02
1.897694e+02
-2.961815e+02
-4.561122e+02
-1.622811e+02
1.273271e+02
-8.234390e+02
-3.547050e+02
-4.212076e+02
2.454821e+02
1.074802e+03
5.835374e+02
1.084074e+03
2.639202e+02
-1.894598e+02
-3.559011e+00
2.494208e+02
-2.953931e+02
-1.138791e+02
-2.341530e+02
1.144238e+02
-4.054739e+02
3.499574e+02
2.098585e+02
2.685566e+02
-3.917167e+02
1.892615e+02
2.436300e+00
1.852702e+02
9.415148e+01
2.233343e+02
-4.987650e+02
1.266101e+02
4.463833e+02
5.211290e+02
-1.296995e+02
-4.541291e-01
-6.144180e+01
-1.659711e+02
1.191841e+02
-9.715705e+01
8.249173e+01
-3.953067e+01
-1.590866e+02
-1.111785e+02
1.567808e+02
1.128818e+02
-6.025173e+00
1.538346e+01
-2.350971e+02
-2.110506e+02
-1.348575e+01
3.293719e+02
6.625299e+01
1.812941e+02
-1.142716e+02
7.289447e-01
-1.819081e+02
-1.206500e+02
7.734429e+01
-4.065601e+01
6.347292e+00
-6.620039e+01
-4.717751e+01
1.273076e+01
7.787301e+01
-1.258716e+02
-6.363531e+01
-4.988805e+01
2.895880e+01
1.262265e+02
-5.665006e+01
7.683401e+00
6.133903e+01
5.424479e+01
2.208922e+01
6.525437e+01
3.543903e+00
-2.074016e+00
9.125293e+01
3.866191e+01
-7.134045e+01
5.372656e+01
8.086163e+01
7.341393e+01
3.989380e+01
-3.526884e+01
5.462315e+01
-2.057900e+01
-2.676662e+01
5.540097e+01
-4.990818e+00
3.650476e+01
1.077378e+01
3.062836e+01
9.091064e+00
-2.109842e+00
4.476816e+01
-3.694006e+01
-1.467624e+01
-1.171407e+01
-4.483263e+01
-3.854423e+00
2.297231e+01
-4.695341e+01
3.031908e+01
7.008958e+00
1.389739e+01
8.210947e+00
-8.170918e-01
-1.611792e-01
-1.478395e-01
-1.101413e-01
-3.853909e-02
3.034648e-01
2.694704e-01
-2.218706e-01
2.744322e-02
-8.057478e-02
2.951639e-01
-1.080383e-01
8.487300e-02
-4.738801e-03
-1.223599e-02
-1.404142e-01
-9.480074e-03
1.549050e-02
3.515968e-02
5.136536e-02
9.381493e-02
7.608374e-02
-3.295210e-02
6.474821e-03
1.529216e-01
2.564174e-02
-6.947790e-03
2.067252e-02
-6.662524e-02
