-2.089682e-01
-1.167382e+00
2.439363e-01
5.632000e+01
1.892447e+02
-1.634356e+01
3.623349e-04
-1.055047e+05
-1.473614e+04
1.928946e+05
-1.783586e+05
-1.827824e+04
-1.016167e+05
2.807597e+04
6.103208e+04
-9.917952e+04
-7.153547e+04
-9.978030e+04
7.519189e+04
-1.082646e+04
2.170416e+04
4.007730e+04
-1.801904e+04
1.039226e+04
2.757418e+03
-8.214665e+03
-4.810812e+04
-4.304256e+04
-1.037742e+04
6.238405e+01
-2.729448e+04
-2.136492e+04
-6.856438e+03
-1.841444e+04
7.901512e+03
3.498138e+03
-1.287408e+03
-8.426334e+03
1.046564e+04
-5.610416e+03
9.386549e+03
8.646891e+02
-1.521610e+04
-5.078020e+03
-4.714377e+03
-6.067129e+03
9.506729e+03
2.924140e+03
-8.665312e+03
-5.214968e+02
8.578948e+03
-1.391640e+03
8.596955e+02
2.182959e+03
-6.852125e+03
-2.850356e+03
4.279367e+03
3.218100e+03
1.162486e+03
-1.167031e+04
-3.533177e+03
1.599916e+03
-9.123307e+02
-1.901250e+03
3.181167e+02
3.911074e+03
1.308818e+03
-1.367999e+02
-1.166636e+03
5.232950e+03
-7.785492e+02
8.881653e+02
-1.539733e+03
1.407689e+03
9.542276e+02
-5.465275e+01
1.699649e+03
5.338127e+02
-3.484213e+03
-9.236459e+02
1.285593e+03
-5.303115e+02
-7.115715e+02
2.385850e+03
1.123442e+03
2.862018e+03
-1.644272e+03
8.309026e+02
-8.244437e+02
4.700256e+01
-7.380898e+01
1.930690e+02
1.247904e+03
1.739773e+03
-1.182016e+03
5.340950e+02
1.409757e+03
-9.953922e+02
-2.977232e+02
-3.722610e+02
-1.117485e+03
-2.758978e+02
2.404074e+02
-7.230935e+02
-5.521993e+02
-4.000370e+02
1.296548e+03
8.849131e+02
6.890609e+02
1.192658e+03
4.762639e+02
4.846899e+02
-1.470566e+02
1.007845e+03
-4.661750e+01
-1.574142e+02
-3.575286e+02
-2.628253e+02
-2.485993e+02
5.336881e+02
1.367238e+02
1.498323e+02
5.759000e+00
2.167691e+02
3.087956e+02
4.049396e+01
-8.718821e+01
1.384691e+02
-3.501847e+02
-2.464024e+02
3.965643e+02
5.278415e+02
-3.578370e+01
1.077677e+02
1.156866e+01
-7.676594e+01
1.621992e+02
9.197919e+00
4.398116e+00
-1.126681e+02
-3.157585e+02
-5.239589e+01
-3.349236e+01
1.378756e+02
1.771964e+01
2.207932e+01
-7.088616e+01
-1.469333e+02
-9.293796e+00
2.635963e+02
1.254386e+02
1.312277e+02
-7.963965e+01
3.384979e+01
-2.479690e+01
-6.299557e+01
2.829070e+01
1.582295e+02
-4.363669e+01
-3.175783e+01
1.089985e+02
1.355237e+01
9.670613e+01
-7.862118e+01
-6.151182e+01
-8.256815e+01
-5.301049e+01
5.577514e+01
-2.448336e+01
-1.297429e+00
8.390593e+01
2.962522e+01
-8.450925e+00
1.072905e+02
4.165398e+01
-5.283217e+01
5.800845e+01
5.592515e+01
-3.234135e+01
3.977727e+01
-4.575928e-01
8.378941e+01
-1.247510e+01
-5.931406e+00
5.813955e+01
-1.983621e+01
-9.987230e+00
5.049987e+01
-5.004401e+01
2.798516e+01
2.826643e+01
4.351537e+01
1.504075e+00
-1.594452e+01
2.185971e+01
-1.751650e+01
1.931374e+01
-7.969374e+00
5.978371e+00
-4.802354e+00
2.234222e+01
-5.739844e+01
-6.950016e+00
5.444426e+00
1.671157e+01
1.261372e+01
-7.785155e-01
7.519289e-01
-1.755996e-01
-3.051546e-01
4.462018e-02
-1.438937e-01
4.429270e-02
-1.861899e-01
-4.157147e-02
-2.754006e-01
3.809780e-01
-1.264227e-01
7.600470e-02
-1.383172e-02
2.287649e-02
4.084572e-03
-1.264977e-02
8.483832e-02
1.017772e-01
1.036114e-01
7.806655e-02
1.323862e-01
9.609545e-02
1.163297e-02
1.040550e-01
4.333022e-02
3.963817e-02
-2.835141e-02
-1.379364e-02
