2.316669e-02
-7.059701e-01
1.542715e-01
4.664889e+01
1.735701e+02
-2.534766e+01
3.540978e-04
9.017917e+03
-184412
-2.993016e+05
-7.912286e+04
-2.676105e+04
-8.643330e+04
2.178796e+04
-2.381833e+04
-5.211719e+04
-8.408329e+03
-1.062775e+05
6.341176e+04
6.442858e+04
-4.167064e+04
1.016352e+04
1.939024e+04
-3.513196e+04
2.070139e+04
3.881538e+04
1.279694e+04
-7.218257e+03
-2.107291e+04
-2.579288e+04
-1.418124e+04
-4.381371e+04
-1.622326e+04
-1.204862e+04
-4.780228e+03
-1.061458e+03
-6.102535e+03
-1.354690e+04
1.494208e+04
1.353062e+04
1.696764e+02
1.362762e+04
-3.624675e+03
-1.061467e+03
7.451728e+03
-3.347148e+03
7.713795e+03
1.069414e+04
-1.636490e+03
1.636793e+03
-4.880717e+03
-1.651707e+04
-6.565424e+03
-5.321646e+03
-3.781268e+01
-8.561161e+02
-8.790237e+02
4.674956e+03
6.015172e+03
-7.818723e+03
-2.223316e+03
3.433326e+03
-5.778308e+02
3.244303e+02
1.163919e+02
5.337471e+03
1.832627e+03
-3.033166e+02
-3.124722e+03
7.937941e+02
-4.693389e+02
-1.484829e+03
-4.020232e+03
4.592498e+02
1.155963e+03
2.168705e+02
-1.335734e+03
1.953248e+03
-2.021309e+03
-3.116024e+02
1.036564e+03
-1.423452e+03
2.520863e+03
-6.880481e+00
2.043196e+03
-5.112803e+02
-7.298272e+02
-9.942952e+02
-2.661615e+02
3.832802e+02
-6.794567e+02
1.011332e+03
5.682220e+02
1.162848e+03
-1.580302e+03
5.610930e+02
-1.402184e+02
-1.560168e+03
-6.158102e+01
-2.642856e+02
6.565424e+02
2.295527e+01
6.445840e+02
-9.509550e+02
-6.934084e+02
-2.122100e+02
9.180535e+02
3.552605e+02
2.981426e+02
4.802671e+02
-1.794608e+02
2.805660e+02
-4.035970e+02
5.030881e+02
6.616604e+01
1.407645e+02
-4.854237e+02
-4.201063e+02
1.759021e+02
2.288706e+02
1.092387e+01
6.943993e+01
-2.738284e+02
-5.713746e+01
4.001826e+02
1.031451e+01
2.901992e+02
-6.979731e+01
-5.639957e+02
-1.524730e+02
3.984634e+02
6.908154e+02
1.851764e+02
5.134045e+01
-2.167332e+02
-2.840524e+01
1.758846e+02
-2.113558e+02
3.799233e+01
-1.651383e+01
-1.677856e+02
2.140011e+02
2.146729e+02
1.226158e+01
7.401323e+00
8.991113e+01
2.591010e+02
-3.761142e+02
8.667000e+01
1.991884e+02
-5.308016e+01
2.347179e+02
1.785248e+02
-8.367253e+01
-7.750218e+01
-1.886040e+02
1.065634e+02
2.348687e+01
2.968139e+01
-1.081897e+02
-4.746851e+01
1.090237e+02
9.649530e+01
-8.301926e+01
-4.443908e+00
2.881048e+00
-3.993979e+01
5.895744e+01
-4.378591e+00
5.228848e+01
7.639832e+01
4.650315e+01
8.218657e+01
6.565333e+01
4.424120e+01
-7.502746e+01
8.414764e+01
8.086053e+01
-4.542735e+01
7.741669e+01
2.958698e+01
1.011691e+02
-1.763706e+01
-2.345387e+01
7.836911e+01
-7.565332e+01
-1.153390e+01
5.498370e+01
4.346419e+00
1.005061e+01
1.910825e+01
2.759513e+01
-5.789393e+01
2.390182e+01
1.818807e+00
6.065779e+00
-1.656939e+01
-8.818832e+00
-4.856417e+01
9.212279e+00
2.223287e+01
-3.201639e+01
3.212690e+01
8.472109e-01
4.336338e+01
1.059722e+01
-1.747033e+00
1.368477e+00
-7.420673e-01
6.095595e-01
-7.298198e-02
7.252516e-02
3.884410e-01
-2.985876e-01
-3.714298e-02
-1.343019e-01
1.257871e-01
-6.689954e-02
9.079789e-02
1.644378e-01
-1.076657e-01
-2.323806e-01
2.906376e-02
-3.330972e-02
-2.508363e-02
1.200179e-01
-3.467483e-02
1.603041e-01
3.432070e-02
-4.324567e-03
1.170439e-01
7.382452e-02
-9.266252e-02
-1.005184e-01
6.536452e-02
