9.452977e-02
9.102871e-01
-9.311077e-02
4.721778e+01
1.632979e+02
-2.082796e+01
3.308325e-04
-1.591206e+05
-2.521178e+05
1.818029e+05
-2.788037e+05
-8.102649e+03
-7.755531e+04
-1.354417e+04
5.864008e+04
-1.730422e+05
-4.493680e+04
1.368785e+04
8.096704e+04
9.594052e+04
2.365294e+04
-3.298352e+04
-8.806584e+03
4.107798e+04
-3.785498e+03
-3.841995e+04
5.951639e+03
6.385936e+03
-1.939903e+04
-1.152611e+03
-5.571015e+04
-1.830084e+04
-3.305905e+04
-1.752969e+04
-1.982189e+04
-3.353791e+03
-1.731231e+04
-4.680053e+03
7.870694e+03
-1.127306e+04
1.101195e+04
-3.822559e+03
6.073388e+02
5.924295e+03
1.542165e+03
-1.118703e+04
1.431536e+04
4.428001e+03
-8.566688e+03
8.035536e+02
4.462285e+03
-8.607027e+02
-2.454965e+03
-7.631298e+03
-1.401452e+03
-2.215962e+03
3.141683e+03
6.052690e+03
4.332311e+03
-9.210104e+03
-6.680352e+03
2.809191e+03
-1.979157e+03
-3.713535e+02
-1.302719e+03
3.242701e+03
4.535510e+02
4.039071e+03
-3.209674e+03
-1.387552e+03
-5.105734e+02
3.460537e+02
8.114492e+02
7.151113e+02
8.209951e+02
2.238902e+02
5.873627e+02
-2.216492e+03
-2.650138e+03
9.122850e+02
-1.984671e+02
5.430263e+02
-2.506520e+02
3.213652e+03
2.391157e+02
1.133783e+03
-8.278987e+02
-4.054585e+02
-1.172736e+03
1.247512e+02
-3.843200e+02
-8.221721e+01
9.441055e+02
1.090494e+03
-1.123941e+02
6.888535e+01
8.980911e+02
-1.007624e+03
3.365656e+02
-8.325824e+01
-2.090461e+02
-1.883728e+02
8.346240e+02
-8.267060e+02
1.358170e+02
-8.940122e+02
6.076287e+02
2.559739e+02
1.461382e+03
1.457364e+03
3.438328e+02
9.745502e+02
6.482915e+01
5.557329e+02
-5.861117e+02
5.496274e+02
-2.590250e+02
-3.622987e+02
-2.394842e+02
4.127549e+02
4.590389e+02
4.398941e+02
-1.435574e+02
9.977699e+01
2.019852e+02
-2.912224e+02
9.994145e+01
-3.487695e+01
-1.750433e+02
-2.692557e+02
3.462836e+01
5.994321e+02
-1.426275e+02
-1.245409e+02
-3.972346e+01
-9.247675e+01
-1.425863e+02
1.344322e+01
1.389612e+02
-2.581613e+02
-9.832666e+01
1.196477e+02
-7.119251e+01
2.657237e+02
-4.445697e+01
1.391668e+02
2.083943e+02
-2.112699e+02
-6.771873e+01
2.450494e+02
6.583686e+01
9.428751e+01
-8.756837e+01
-7.040462e+01
-3.911285e+01
1.001948e+02
-5.302740e+01
1.772455e+02
5.962798e+01
-1.994944e+02
1.394635e+02
7.068526e+01
2.987685e+01
-1.101498e+02
-1.553232e+02
4.514593e-01
1.368755e+01
1.527820e+02
-9.114077e+01
4.241214e+00
9.222712e+01
4.879173e+01
8.882401e+01
4.173040e+01
-3.739629e+01
-7.393504e+01
2.452163e+01
3.934792e+01
-9.978274e+01
-1.041144e+01
4.492296e+01
1.208700e+02
-6.600368e+01
-3.710646e+01
5.298191e+01
7.807891e+00
8.789336e+01
4.433273e+01
-1.132971e+02
1.279442e+00
3.942724e+01
3.815417e+01
-5.187199e+01
4.100064e+01
3.252613e+01
2.079595e+01
-4.047232e+01
-9.197449e+00
-4.301624e+01
-1.178141e+01
2.433419e+01
-7.422628e+01
-6.064178e+00
-4.601997e+01
4.291561e+01
1.697772e+01
-1.912499e+00
6.714289e-01
-4.353576e-02
3.011096e-01
-3.468833e-02
-3.440427e-01
-5.611677e-01
-1.352662e-01
1.665614e-02
-1.311356e-01
3.900800e-01
-2.793288e-01
8.602709e-02
4.016490e-02
3.070776e-01
1.186803e-01
6.359036e-03
-1.323508e-01
-1.266100e-01
3.641573e-02
4.405196e-02
7.929832e-02
3.133376e-02
-2.251237e-02
2.756287e-01
1.144453e-01
-1.441301e-01
-4.616909e-02
5.229880e-03
