9.196840e-02
1.000872e+00
4.906110e-02
5.176889e+01
1.694916e+02
-2.126299e+01
3.515660e-04
5.615170e+04
2.174676e+05
-3.585737e+05
-4.645091e+04
-8.405955e+04
-8.742860e+04
5.035817e+04
-4.657359e+04
-2.729108e+03
2.239718e+04
-1.032419e+05
1.418097e+05
-4.809964e+04
-5.889582e+04
-1.229503e+04
7.747884e+03
6.242766e+03
-1.255129e+03
3.335829e+04
-1.333362e+04
1.900882e+04
-3.008119e+04
-4.275917e+04
3.248783e+04
-1.672887e+04
-9.826978e+03
-1.942214e+04
-1.331619e+04
-1.670471e+04
-1.505093e+04
2.724780e+03
1.305512e+04
-3.383515e+03
-1.948960e+04
-4.199452e+02
5.247861e+03
-1.238841e+04
6.508488e+03
-9.854430e+03
1.048581e+04
3.101594e+03
-6.117223e+03
-2.674976e+03
-7.801408e+03
-3.817435e+03
-2.808860e+03
7.139815e+03
4.924171e+03
4.234251e+03
-1.647309e+03
7.779310e+03
3.868507e+03
-2.269022e+03
-4.142137e+03
-1.436554e+03
3.401891e+03
-4.256692e+02
8.758559e+02
4.783636e+03
2.831410e+03
-2.963212e+03
-2.731776e+03
2.134054e+03
1.737121e+03
-1.183168e+03
-3.875649e+02
7.678395e+01
-1.452727e+03
-3.256120e+02
-2.023984e+03
2.292286e+03
-3.727923e+03
-1.741601e+03
1.985561e+01
-2.204085e+02
8.210208e+02
5.869229e+02
1.659742e+03
-7.656156e+02
-1.963689e+03
3.721184e+02
8.601539e+02
1.397638e+03
-2.133932e+02
3.884253e+02
1.056073e+03
5.980295e+02
-1.495210e+03
8.422286e+02
1.078029e+03
-8.263876e+02
-1.848294e+02
-1.082633e+02
-4.320083e+02
8.660783e+01
5.705653e+02
-1.645484e+02
-2.478163e+02
-8.562189e+02
3.842961e+02
6.576001e+02
6.020721e+02
9.790020e+02
-2.177186e+02
-6.579720e+01
-7.794777e+02
-3.130294e+02
-9.611868e+01
4.849625e+02
4.370618e+02
-2.959166e+02
-7.813404e+01
3.512668e+02
-1.360391e+02
1.524413e+02
-1.329623e+02
-1.635822e+02
3.587109e+01
6.081811e+01
3.015966e+02
2.334460e+02
-4.281308e+02
4.206084e+02
3.683427e+02
4.985876e+02
2.919542e+02
2.204183e+02
1.219448e+02
-2.936595e+02
2.170932e+02
-1.441925e+02
1.390958e+02
-1.294678e+02
-1.080524e+02
1.578889e+02
2.230957e+02
2.531358e+02
6.757027e+01
-2.116027e+01
-2.265258e+02
-2.991907e+02
8.190532e+01
1.596716e+02
1.635205e+01
1.032179e+02
7.876073e+01
-2.477476e+00
-1.019982e+02
-9.849086e+01
1.955430e+02
-3.069798e+01
6.883643e+01
1.959133e+01
8.461999e+00
1.019120e+02
-4.540747e+01
-4.416086e+01
-5.664793e+01
-6.181634e+01
-1.085424e+02
1.864010e+02
-5.227536e+01
-8.000535e+01
-4.178689e+00
-1.010149e+01
-1.323470e+01
2.459436e+01
-1.867972e+01
-8.588940e+01
4.713817e+01
-2.529488e+01
-4.727633e+01
8.966743e+01
-1.885471e+01
7.202961e+00
4.577451e+01
8.447143e+00
5.955771e+01
-9.083669e+01
-3.601748e+01
2.019820e+01
-4.939052e+01
-1.988362e+01
5.097880e+01
-1.839689e+01
-3.683052e+01
3.285949e+01
4.939655e+01
-1.843721e+01
4.053968e+00
-6.874731e+00
-2.598893e+01
-2.491458e+01
1.195288e+01
-7.171925e+00
4.950023e+01
4.774879e+01
4.801898e+00
5.979829e+00
-6.917930e-01
-1.356255e+00
-3.664309e-01
-1.467365e-01
2.647713e-01
2.301613e-01
4.224335e-01
-4.104252e-01
1.963654e-01
2.250452e-01
7.466712e-02
8.184510e-02
-4.361293e-02
4.011224e-03
-1.435919e-01
-1.956623e-02
1.352546e-02
3.414807e-02
5.572930e-02
4.553796e-02
-1.616178e-02
1.132148e-01
-2.255861e-02
-3.511220e-02
-5.543796e-02
2.316625e-02
9.100495e-03
2.926824e-02
8.102950e-02
