1.059676e-01
1.282792e+00
1.443008e-01
5.404445e+01
1.654370e+02
-1.368818e+01
3.459519e-04
-9.487131e+04
7.895506e+04
8.321147e+04
3.897816e+04
-1.695738e+04
-2.860104e+04
-7.799612e+04
6.991967e+04
-1.522999e+05
5.752744e+04
-1.311267e+05
5.775392e+04
1.891795e+04
-2.322609e+04
5.529712e+03
-1.287274e+04
6.072398e+04
1.136005e+03
-2.441061e+04
-9.237111e+03
-3.909473e+04
-3.631628e+04
-2.407247e+03
-3.661851e+04
4.331544e+03
-2.071873e+04
-3.020111e+04
1.397859e+04
6.059107e+03
8.210673e+03
-1.095997e+03
1.335217e+04
-7.107299e+03
5.668757e+02
1.645157e+04
-1.382845e+04
-5.208937e+03
2.560942e+03
-9.446599e+03
1.170783e+04
2.246178e+03
3.869383e+03
-2.378845e+02
1.390431e+04
-3.814128e+03
-3.183400e+03
8.042046e+03
-2.078047e+03
-6.883915e+03
6.497730e+03
2.097599e+03
3.155064e+03
-8.096688e+03
-1.526588e+03
-5.992155e+03
1.557009e+03
-9.469922e+02
1.017629e+03
6.868122e+03
7.909432e+02
-1.883914e+03
-4.884717e+03
4.846805e+03
6.921976e+02
1.437691e+03
-2.482381e+03
-1.499706e+02
2.593785e+02
1.027945e+03
3.032501e+02
1.435472e+03
-3.455291e+03
-1.964997e+03
-5.802814e+02
-6.247827e+02
-1.519861e+03
1.487938e+03
1.290038e+03
1.858409e+03
-2.477592e+03
8.370257e+02
8.167209e+01
-6.556714e+02
5.598462e+01
-2.033255e+03
9.461944e+02
1.816517e+03
-1.724739e+03
2.560276e+02
1.199721e+03
7.146152e+02
-6.935131e+02
-2.449870e+01
-7.329330e+02
-1.127175e+03
2.297864e+02
6.243547e+01
-4.622006e+02
-5.407908e+02
6.909485e+02
-1.127203e+02
7.227020e+02
1.158278e+03
-1.505025e+01
5.600518e+02
-5.452228e+02
5.994777e+02
-5.836597e+02
-8.154008e+01
1.602118e+02
-4.042830e+02
-3.107784e+02
4.135713e+02
-2.790830e+02
-3.359693e+02
-2.672187e+02
1.978070e+02
5.344355e+01
-4.988764e+01
-1.232692e+02
2.668352e+02
-4.147623e+01
1.271841e+01
3.284337e+02
7.333493e+02
5.274968e+02
4.528889e+02
-9.435857e+01
1.164352e+02
4.487428e+01
6.510687e+01
6.314314e+01
-2.099021e+02
8.820930e+00
-7.534364e+01
7.891463e+01
2.272908e+02
1.276786e+02
3.411953e+00
-1.243880e+02
-1.715477e+02
1.534301e+02
1.566999e+02
2.160509e+02
-7.753401e+01
6.664967e+01
1.706462e+02
-1.661813e+01
4.072290e+01
1.568691e+02
3.395633e+02
-1.334195e+02
-3.914687e+01
2.769879e+02
2.288628e+01
8.706132e+01
6.540222e+01
3.167299e+01
-1.977691e+02
-1.388334e+02
5.891213e+01
-6.244155e+01
-1.153821e+01
4.646875e+00
5.258768e+01
-8.997099e+00
-7.280661e-01
4.675489e+01
-1.006694e+02
2.849133e+01
-5.598321e+01
-3.997923e+01
5.820586e+01
-4.666990e+01
2.264139e+01
8.668115e+00
2.843571e+01
4.381368e+01
-6.751158e+01
-3.097447e+01
-4.270812e+00
-6.905199e+01
-3.694619e+00
1.757634e+01
-1.232218e+01
-1.527566e+01
7.215115e+01
3.948014e+01
-2.401474e+01
9.328456e-01
-1.227983e+01
1.646713e+01
-3.208266e+01
1.250983e+01
-1.667447e+01
-1.660370e+01
-1.215397e+01
2.057517e+01
4.394808e+00
-3.300857e-01
5.416459e-01
-3.992428e-01
-1.215630e+00
5.078290e-01
-2.959555e-01
-7.657812e-02
-3.365211e-01
1.392285e-02
-2.672416e-01
1.248793e-01
-3.641483e-01
-1.815159e-01
4.293368e-02
-2.589682e-01
2.866729e-01
3.553388e-02
-5.736257e-02
-6.585700e-03
-1.713920e-01
-5.834184e-02
2.566381e-02
3.012826e-02
2.459883e-02
-1.855153e-01
2.533941e-02
5.294935e-02
-3.062751e-02
8.961863e-02
