-2.592449e-01
9.261555e-01
1.046118e-01
5.290667e+01
1.930703e+02
-2.011475e+01
3.577540e-04
1.866036e+04
-5.095657e+04
-7.940571e+04
1.361201e+05
1.855530e+04
-1.079674e+05
1.082581e+05
-1.488989e+05
-8.064486e+04
2.629789e+04
-3.587100e+04
8.042868e+04
-4.933884e+04
-7.496558e+03
-3.682632e+04
-2.739870e+04
1.613525e+04
1.860920e+04
1.039978e+04
-1.610954e+04
4.114640e+04
-1.606960e+04
-1.382625e+03
8.230620e+03
1.888521e+04
-1.644382e+04
-2.505454e+04
-2.090550e+04
-6.253377e+03
9.322711e+03
-5.993439e+03
9.276672e+03
4.096379e+03
-1.724604e+04
-3.138838e+03
-9.196910e+03
-1.124404e+04
1.094883e+04
2.023123e+03
-8.730318e+03
4.008148e+03
-4.878853e+03
1.025694e+03
-4.092263e+03
9.389256e+02
4.404526e+03
-8.899930e+02
2.050552e+03
5.773213e+03
-1.090353e+03
8.537392e+03
8.704326e+02
-3.772230e+02
-6.156619e+03
4.684518e+03
3.074401e+01
9.567939e+02
6.550455e+02
1.992583e+03
2.333293e+03
2.621147e+02
-4.624870e+03
2.102197e+03
2.052128e+03
-1.721622e+03
-1.614541e+03
9.460438e+02
-1.463372e+03
-5.697250e+01
3.915349e+02
1.399768e+03
-1.326222e+03
4.856071e+02
-4.956264e+02
5.847135e+01
9.486793e+02
1.104176e+03
1.967822e+03
3.243423e+01
-8.878835e+02
-8.407805e+02
7.067653e+02
3.548186e+02
-1.100458e+02
1.633498e+03
1.647031e+03
1.132466e+03
-1.070409e+03
8.526559e+02
2.732558e+02
-2.963109e+02
8.177169e+02
-5.049232e+02
-5.364772e+02
6.043073e+02
2.548486e+02
-6.172444e+02
3.128412e+02
1.264471e+02
8.413385e+02
2.252267e+02
5.122883e+02
7.114020e+02
-4.409991e+02
6.994389e+02
-5.009767e+02
1.971155e+02
-2.524994e+02
1.881979e+02
-2.514917e+02
-1.735339e+02
1.889380e+02
3.505637e+02
1.599561e+02
4.102076e+02
-2.537602e+02
3.487176e+01
4.113650e+02
-4.181202e+01
-4.922245e+01
7.318979e+01
-1.739710e+02
4.064843e+01
2.393459e+02
5.201029e+02
2.364253e+02
7.496517e+01
-1.195289e+02
-2.363329e+02
2.101551e+02
-8.345061e+01
4.978488e+01
1.934123e+01
-2.018539e+02
1.600867e+02
-3.138929e+01
7.300650e+01
-1.489494e+02
8.693636e+01
7.557437e+01
-1.114198e+02
1.414671e+02
3.338116e+02
-8.845605e+01
3.027490e+00
1.130132e+02
3.079512e+01
-1.227768e+02
-2.981970e+01
1.236828e+02
-2.734420e+01
1.624821e+02
-1.576759e+02
-6.476178e+01
3.150040e+01
5.158829e+01
-5.320879e+01
1.411617e+01
3.958416e-02
-2.845667e+01
1.513875e+02
7.559621e+01
3.687577e+01
1.480616e+02
-2.357933e+01
-5.734011e+01
2.762649e+01
-6.860133e+01
-4.230748e+01
-3.191967e+01
-1.165947e+01
-4.895217e+01
6.820892e+01
-1.809336e+01
1.204947e+02
-2.255622e+01
5.532245e+00
6.127897e+01
8.033251e+00
2.802242e+01
-7.597294e+00
-1.754370e+01
1.247382e+01
2.730738e+01
1.434433e+01
-2.813295e+01
2.828932e+01
1.141123e+01
2.684454e+01
-7.968198e+00
-6.390085e+01
-2.492349e+01
-2.153977e-01
3.754259e+00
-4.462027e+01
1.844423e+01
1.769850e+01
3.345448e+01
1.117949e+01
-6.306421e-01
1.406574e-01
-4.105184e-01
3.185522e-02
-1.370004e-02
-3.158562e-02
4.815264e-02
-4.426931e-01
4.558275e-02
-1.429249e-01
-9.260865e-02
-1.898793e-01
1.408980e-01
-1.881519e-02
-1.173327e-01
-2.214500e-01
-1.669699e-02
3.592307e-02
4.169848e-02
2.259790e-02
7.664802e-02
4.129962e-02
6.988259e-02
-1.077928e-01
1.691418e-02
1.914153e-03
4.312656e-03
-1.160885e-02
9.912615e-03
