-2.279507e-01
-1.249391e+00
1.508510e-01
5.632000e+01
1.823305e+02
-1.477940e+01
3.405199e-04
-5.765702e+04
-1.718674e+05
1.115004e+05
6.723435e+04
1.106349e+04
-5.539108e+04
-3.575796e+04
-9.783708e+03
-1.607122e+05
1.331966e+05
-6.845826e+04
-6.094390e+04
-4.513832e+04
-2.333143e+04
-1.088661e+05
-5.442927e+04
-2.737306e+03
9.442026e+02
-2.065294e+04
-7.919392e+04
-2.744776e+04
-4.638609e+04
-7.702311e+04
-1.988734e+04
-1.974715e+04
2.223875e+04
6.220698e+02
-2.544064e+04
3.126155e+03
-3.134997e+04
2.613385e+04
1.387220e+04
2.759155e+04
1.235427e+04
1.469503e+02
-1.029724e+03
2.425366e+03
-1.193757e+03
1.267390e+04
6.524134e+02
1.115229e+04
2.792982e+03
3.535703e+03
2.450797e+04
-4.851776e+03
-6.938129e+02
5.799441e+03
1.606422e+03
-7.423150e+03
-4.103244e+01
-3.475592e+02
3.831920e+02
-5.665363e+03
-2.369542e+03
1.672980e+03
-2.543639e+03
-3.153058e+03
3.341228e+03
6.203167e+03
2.567622e+03
-6.050553e+02
-4.677249e+03
6.339113e+03
2.836908e+03
-5.757944e+02
-4.309314e+03
1.191312e+03
2.940856e+03
2.481516e+03
3.558135e+03
3.241989e+03
-1.003612e+03
-3.476085e+02
2.558917e+03
3.268237e+02
1.444058e+02
8.854011e+02
2.781026e+03
2.914468e+03
2.197522e+03
-1.580571e+03
-1.372001e+03
1.373785e+03
1.880556e+03
-1.364227e+03
-6.994611e+01
1.158388e+03
-5.048066e+02
-5.048929e+02
4.887219e+02
-6.973477e+02
1.146180e+03
-3.838820e+01
8.999681e+02
6.468091e+01
6.612274e+02
1.120763e+02
1.940395e+02
-1.429889e+02
1.171079e+03
-5.730005e+02
3.406449e+02
3.452946e+02
-4.536714e+02
6.595883e+02
7.798782e+01
3.976543e+02
-6.478069e+02
5.507025e+02
-9.539290e+02
1.669477e+02
-3.196768e+02
1.682631e+02
-5.064435e+02
1.600411e+02
-9.776926e+01
6.160634e+02
-1.577256e+02
2.834653e+02
-2.499003e+02
-1.549802e+02
-3.414069e+02
-3.533449e+02
-1.108895e+02
4.498129e+02
5.018750e+01
-1.336026e+02
1.417892e+02
-5.009732e+01
-9.401949e+01
-6.554228e+00
3.258076e+02
-2.145435e+02
2.267210e+02
2.906194e+02
4.427932e+01
-8.956198e+01
-1.200535e+02
1.146015e+02
1.438342e+02
8.074043e+01
3.311336e+01
2.880099e+02
2.663709e+01
-9.106671e+00
-6.776245e+01
1.877762e+02
-1.332063e+02
5.694415e+01
3.124244e+01
1.849494e+02
-7.001579e+01
-5.703316e+01
6.174405e+01
-3.862988e+01
1.073907e+02
-4.694150e+01
4.534864e+01
-1.230050e+02
-6.047023e+01
1.016408e+01
-2.356869e+01
1.127223e+01
8.456977e+01
1.553605e+02
-1.533429e+01
4.635615e+01
3.257819e+01
1.314237e-01
5.689554e+01
6.985438e+01
-6.676400e+01
-6.922293e+01
4.681247e+01
1.432759e+02
-7.034241e+01
8.552180e+01
1.703111e+01
8.021085e+01
-1.134259e+01
3.790597e+01
-2.174947e+01
-2.317411e+01
3.879683e+01
8.273042e+01
4.051361e+00
6.959142e+01
4.932561e+01
-6.810889e+01
-8.427460e+01
-8.361657e+01
-6.110960e+00
-1.445280e+01
4.461156e+01
-5.488773e+01
4.441914e-01
-5.091766e+01
4.369487e+01
4.122797e-01
-8.006791e-01
1.279484e+00
4.020118e-01
-6.196134e-01
-1.928696e-01
-1.632148e-01
9.269687e-02
-1.365592e-01
3.365356e-02
-2.039953e-01
3.127806e-02
-5.734528e-01
6.059507e-02
1.577124e-01
1.017427e-01
1.472470e-01
-8.036802e-02
1.447969e-02
5.831224e-02
5.553809e-03
1.426005e-01
-1.107509e-01
1.021181e-01
-1.543531e-03
1.438360e-01
2.528105e-02
-2.817891e-02
-7.939530e-02
4.957324e-02
