-9.236816e-02
1.023463e+00
-1.759950e-02
5.432889e+01
1.779625e+02
-1.573701e+01
3.570910e-04
-6.257812e+04
2.388905e+05
2.558564e+05
1.093116e+05
-2.124362e+04
6.762807e+04
6.123437e+04
3.675184e+04
-1.565937e+04
7.619566e+04
2.158518e+04
1.124278e+04
-1.660184e+04
6.031618e+04
7.581661e+04
-4.278042e+03
2.121649e+04
4.317655e+04
4.969772e+03
3.034611e+04
4.599432e+04
-1.308526e+04
3.469641e+04
-6.363829e+04
3.300718e+04
-1.083797e+03
-2.150636e+04
4.645022e+04
3.013905e+04
5.543228e+04
4.287527e+03
1.864557e+04
-3.164565e+04
1.491457e+04
9.603759e+03
-1.456147e+04
-1.296911e+04
7.970040e+03
-1.217525e+04
1.146451e+04
9.045500e+03
-9.650546e+03
-1.139323e+04
-7.156413e+03
1.069432e+04
1.466764e+04
-2.771988e+03
-2.537979e+03
1.238805e+04
3.582491e+03
6.873823e+03
-2.130923e+03
-5.165902e+03
-7.763394e+03
-5.442623e+03
2.613422e+03
-7.272054e+03
3.843761e+03
-1.786752e+03
-1.414272e+03
1.035417e+03
3.652632e+03
4.188618e+03
2.314423e+03
4.860534e+03
1.775089e+03
1.425690e+03
-1.362578e+03
-1.889662e+03
1.975457e+03
-2.136458e+03
-7.107425e+03
-2.087145e+03
8.506232e+01
-2.356321e+03
-8.794690e+02
-1.592174e+02
1.427797e+03
1.354218e+03
-3.452407e+03
3.900368e+03
1.207864e+03
-1.654539e+03
1.793969e+03
-9.080756e+02
2.779586e+03
1.304868e+03
-3.720143e+02
8.826507e+02
2.111374e+03
1.787490e+03
-1.865137e+03
8.001332e+02
-1.144660e+03
-1.278252e+03
-8.420344e+02
-5.320004e+02
1.128150e+03
-1.277028e+03
1.306453e+03
8.458131e+02
1.079424e+03
1.537318e+03
-8.030763e+01
9.161266e+02
6.355603e+01
2.240570e+01
1.058266e+02
-2.389990e+02
7.080330e+02
-6.482302e+02
-8.226424e+02
8.186810e+02
-2.005252e+02
-5.329123e+01
9.312279e+00
5.784420e+02
-3.492742e+02
-4.092097e+02
8.749472e+01
3.748895e+02
6.536325e+02
1.072041e+02
6.402261e+02
-2.422454e+02
-1.661774e+02
-8.891917e+01
4.321647e+01
-1.293609e+02
6.536399e+02
-8.371109e+01
-3.898705e+02
2.083931e+02
-1.296839e+02
-2.234110e+02
1.599244e+01
5.860839e+02
-1.028422e+02
1.289175e+02
-3.363881e+02
-1.641690e+02
1.560822e+02
-1.392697e+02
-1.309912e+01
-1.384164e+01
-2.836810e+01
-2.566205e+01
-1.074007e+02
-2.192909e+01
9.989239e+01
4.203846e+01
-2.954430e+02
2.414323e+02
1.936123e+02
-9.458518e+00
-7.617953e-02
1.619008e+02
-2.136886e+02
-1.432652e+02
-1.854780e+02
1.112308e+02
-4.990314e+01
-1.732619e+02
4.042168e+01
8.559323e+01
-2.634785e+01
1.364429e+02
6.075984e+00
-1.354616e+02
1.088818e+00
-7.716318e+00
-6.472955e+01
2.687534e+01
-8.474852e+01
-1.933856e+01
6.322169e+01
4.020070e+01
-1.221291e+01
-8.431994e+01
5.595033e+00
6.839176e+00
-5.265659e+01
4.260465e+01
3.945779e+01
-5.839366e+01
2.298381e+01
1.353520e+01
-1.325371e-01
-4.953711e+01
7.049008e+01
2.214093e+01
-1.102966e+01
-2.734216e+01
2.781547e+01
-2.787974e+00
2.583393e+00
6.315352e+01
-1.037485e+01
3.128826e+01
1.136681e+00
-1.283750e+00
-2.499836e-01
-4.643673e-01
-1.182300e-01
-3.094362e-02
-2.197793e-01
-3.169723e-02
-4.305431e-01
2.178267e-01
3.370740e-02
2.233921e-02
1.389344e-01
1.128535e-01
-2.048271e-01
1.513354e-01
-9.852028e-03
3.088532e-02
6.215661e-02
-1.613471e-01
-4.864741e-02
1.281801e-01
1.600580e-02
-1.512494e-01
-2.561035e-01
1.770785e-02
5.767806e-02
6.794897e-02
1.527995e-02
