-2.260300e-01
1.015118e+00
-3.039518e-01
5.034667e+01
1.945415e+02
-1.796163e+01
3.242051e-04
-1.829427e+05
-4.098420e+05
-3.559693e+05
-4.246403e+05
5.363938e+03
1.382799e+04
-7.994792e+04
-6.906871e+04
-2.221448e+05
3.076443e+04
4.209151e+04
1.565695e+05
-4.076015e+04
1.852432e+03
1.110584e+04
-6.323791e+04
4.489332e+04
-2.120286e+04
1.866005e+04
-6.953211e+04
3.333859e+04
1.622841e+04
-3.967906e+03
-2.572610e+04
-4.017316e+04
8.908091e+02
-9.674310e+03
-2.094343e+04
-1.340627e+04
-1.057373e+04
-2.091694e+04
3.448855e+04
1.386024e+04
-1.046964e+04
-3.843732e+04
7.136938e+03
4.889678e+03
-3.469216e+03
6.066646e+03
1.104901e+04
1.875775e+03
-1.290963e+04
-7.184327e+03
4.522503e+03
-2.006581e+04
6.158128e+01
-9.072221e+03
-5.799370e+03
3.729898e+03
3.730110e+03
5.654202e+03
-5.834589e+02
-5.011881e+03
-2.078439e+03
5.887006e+03
-8.453161e+03
2.376535e+03
-3.963591e+01
4.697941e+03
6.986553e+03
1.113408e+04
-5.349887e+03
3.257433e+02
-1.821483e+03
-2.677493e+03
6.873340e+01
3.860306e+02
2.496031e+03
-1.631229e+03
1.950176e+03
-3.851468e+02
-3.399614e+03
2.978115e+03
-1.890437e+03
1.124048e+03
-8.042574e+02
1.806763e+03
1.248132e+03
3.061852e+02
1.687996e+02
-1.013588e+03
-4.228000e+02
7.694572e+02
3.998333e+02
3.251766e+03
5.419008e+02
1.794016e+03
-3.830700e+02
2.364111e+02
1.401117e+03
-7.289345e+02
8.371464e+02
6.081639e+02
9.184740e+02
1.995794e+02
4.368777e+02
-1.464517e+03
1.097932e+03
-5.161196e+02
1.041314e+03
6.867231e+02
1.072193e+03
1.503848e+03
2.633336e+02
1.535885e+03
-6.637501e+01
-7.221877e+01
4.415962e+02
3.448519e+02
-1.885885e+02
-9.351243e+02
-8.015361e+02
-1.873443e+02
5.286166e+02
7.277703e+02
-3.132708e+02
-1.550859e+02
6.235480e+02
-3.253181e+02
9.425787e+01
-3.166358e+02
-5.236295e+02
-2.297054e+02
2.001612e+02
3.400383e+02
-1.476202e+02
-1.041529e+02
-4.464799e+02
-2.216290e+02
3.202912e+02
-4.508372e+02
2.719762e+02
-2.549510e+01
-1.855393e+02
3.084875e+02
1.322209e+02
1.727124e+02
-1.835923e+02
4.642915e+01
3.321120e+02
-2.411214e+01
-1.585292e+02
4.875109e+02
-7.579762e+01
3.334519e+02
-3.832865e+00
-1.150818e+02
-2.425113e+02
7.023288e+01
-1.271817e+02
3.094531e+01
1.704155e+01
-2.105182e+02
2.057089e+00
4.916427e+00
1.098640e+02
-1.881613e+02
-5.105210e+01
9.096006e+01
9.954558e+01
1.735033e+02
-1.105991e+02
6.936161e+01
1.132485e+02
6.386168e+01
1.896979e+02
3.253602e+01
6.631090e+00
1.028072e+01
2.851285e+01
5.143584e+01
-6.607345e+00
3.979199e-01
4.753923e+01
6.585110e+01
-4.202563e+01
-8.991818e+01
1.016937e+02
2.543578e+01
1.681862e+02
8.849284e+01
-1.329173e+02
1.994564e-01
5.839561e+01
7.262482e+01
-7.586582e+01
-2.024376e+01
2.985862e+01
4.783258e+00
-8.313451e+01
-4.498513e+00
-4.823600e+01
3.870226e+01
5.383027e+00
-9.686586e+01
7.970546e+01
-4.222363e+01
2.462556e+01
3.730861e+01
-5.976268e+00
1.402891e+00
-2.648227e-01
1.349299e+00
2.174502e-01
-5.003366e-01
1.141297e-04
-8.777882e-01
1.044032e-01
3.819805e-02
3.716662e-01
-1.991243e-01
2.086737e-02
3.186154e-02
5.440598e-01
-5.927051e-02
-6.023462e-02
-1.128905e-01
-1.089448e-01
1.634813e-01
-1.797248e-02
1.106099e-01
-2.101065e-02
-1.698024e-01
4.165734e-01
8.299258e-02
-2.852582e-02
-1.432530e-01
4.252663e-02
