-1.507158e-01
1.133962e+00
-1.240837e-01
5.290667e+01
1.829859e+02
-1.673155e+01
3.552746e-04
-5.279751e+04
-2.946220e+04
-1.619637e+05
-2.432376e+05
-6.217986e+03
7.261454e+04
-2.691554e+04
3.526371e+04
-1.135778e+05
7.179600e+02
-6.465361e+04
5.690602e+04
-4.444064e+04
7.094679e+03
3.607191e+04
-3.009111e+04
9.478557e+04
8.389296e+03
-4.691961e+03
-2.044846e+04
9.139995e+03
-1.386134e+04
1.290818e+04
-2.004627e+04
-1.806543e+04
-1.986621e+04
-2.190134e+04
1.112679e+04
-6.210339e+02
-5.836531e+03
-1.598797e+04
2.487330e+04
6.616555e+03
2.496568e+04
6.561361e+03
-1.315637e+03
-1.161786e+04
-6.188979e+03
1.519444e+02
2.032051e+04
-2.489260e+03
-7.159033e+02
-4.480438e+03
4.277950e+03
-3.313258e+03
8.142884e+03
-2.126269e+03
-9.571330e+02
-3.194179e+03
3.255319e+03
4.822189e+03
-2.339052e+03
5.716926e+02
-4.832487e+03
-1.906500e+03
2.563631e+03
-1.494515e+03
7.566938e+02
3.067653e+03
-1.264421e+02
2.852793e+03
-2.529128e+03
3.270095e+03
-5.671646e+02
1.200977e+03
1.077439e+03
1.936112e+03
1.631854e+03
-1.357688e+03
2.653932e+03
5.418786e+02
-3.274533e+03
-3.108846e+02
-1.233958e+03
-4.915686e+02
-2.081521e+03
7.976066e+02
1.618274e+02
1.979173e+03
-1.047399e+03
5.507964e+02
2.345724e+02
1.059133e+02
1.259484e+03
8.740400e+02
1.197834e+03
1.658910e+03
-6.837414e+02
1.230644e+03
1.196837e+03
-3.742368e+02
-4.869317e+02
-6.573833e+02
-9.434250e+02
-1.808783e+02
6.156658e+02
4.415879e+02
-9.402492e+01
-1.171054e+03
7.831755e+02
5.767073e+02
9.867859e+02
1.338594e+03
6.850320e+02
1.716370e+02
-2.373488e+02
-4.800315e+02
-2.176352e+02
3.266643e+02
1.502717e+02
-4.179454e+02
-6.581983e+02
2.583499e+02
3.856041e+02
2.720465e+01
-2.943014e+02
-1.260639e+02
-3.311202e+02
-5.027008e+02
-2.864706e+01
2.322818e+02
1.147368e+02
-2.563465e+02
1.769850e+01
5.195601e+02
4.747530e+01
1.935303e+02
-8.131322e+01
-2.611687e+02
-1.649961e+02
-6.812067e+01
-1.844963e+02
-4.145439e+02
-1.628349e+02
-1.365977e+01
1.199517e+02
2.554933e+02
-1.055845e+02
8.284808e+01
2.818445e+01
-1.501001e+02
-2.176861e+01
2.555514e+02
1.169722e+02
7.454652e+01
-1.070732e+02
5.032362e+01
1.471881e+02
5.515710e+01
2.163756e+01
9.457209e+01
-9.225760e+01
-3.200215e+01
5.245168e+01
-1.289568e+02
3.491270e+01
-3.246455e+01
-1.054392e+02
-5.544059e+01
-8.839273e+01
1.471908e+02
-6.719724e+01
-1.315876e+02
5.923861e+01
3.877555e+01
-1.871617e+00
-1.213287e+01
2.468233e+01
-1.406619e+02
-1.487961e+01
-7.151669e+01
-9.255285e+01
1.298960e+02
3.926453e+01
4.805577e+01
-2.944797e+01
3.615154e+01
5.806933e+01
-4.253068e+01
1.352726e+01
7.995133e+01
-5.617673e+01
-1.599753e+00
4.568953e+01
-1.287289e+01
-4.809142e+01
4.653578e+01
4.733965e+01
-1.435930e+01
-2.686848e+01
-1.145227e+01
-2.849850e+01
-3.119244e+01
3.683776e+00
-1.490468e+01
7.218903e+00
-2.096311e+01
7.648939e+00
-2.078555e+00
-1.371327e+00
6.695138e-01
3.517189e-03
-6.190026e-01
2.170797e-01
-3.047239e-01
-5.202433e-02
8.132343e-02
1.769594e-01
7.134210e-02
1.995272e-01
1.723227e-01
-6.953076e-02
-7.071757e-02
8.477895e-02
1.307879e-01
-4.685512e-02
-1.041922e-01
-7.887256e-02
6.647009e-02
-9.967436e-03
-8.011764e-02
-4.659173e-03
-7.438190e-02
5.768684e-02
2.870659e-02
2.947471e-02
1.577588e-02
7.181855e-02
