-1.500674e-01
-5.282328e-01
1.138162e-01
4.892445e+01
1.926840e+02
-2.676151e+01
3.460709e-04
-8.024268e+04
1.192521e+05
4.265710e+04
-4.709568e+05
-5.081940e+04
-5.016902e+04
4.717120e+04
-5.894284e+04
-7.405885e+04
-2.681670e+04
-2.335156e+04
1.968710e+05
6.794332e+04
1.750845e+03
1.158307e+05
-7.549802e+04
6.792268e+04
1.415249e+04
3.073996e+04
-6.133713e+04
9.528554e+03
1.403034e+04
-2.985060e+04
4.404132e+04
-2.879966e+04
-3.447374e+04
-5.648787e+03
-3.579217e+04
-1.352327e+04
-2.373154e+04
-4.198763e+04
3.640231e+04
1.263645e+04
9.698156e+03
-2.621125e+04
1.029751e+04
1.386444e+03
-1.153744e+03
1.246200e+03
1.442901e+04
6.856717e+03
-1.256642e+04
5.562517e+03
-3.549245e+03
-7.121188e+03
-1.080388e+03
-7.236998e+03
9.250441e+03
-4.763199e+03
3.126328e+03
-1.485882e+03
8.003927e+03
8.594640e+01
-7.648416e+03
1.383783e+03
1.520444e+03
3.585981e+03
-3.474768e+03
3.660203e+03
-2.702074e+02
5.148281e+03
-3.019356e+03
-1.702900e+02
-4.978123e+03
1.396740e+03
3.482900e+03
2.935518e+03
5.595955e+02
-9.658938e+02
-2.208977e+03
-2.670904e+03
-1.276482e+03
-2.916952e+02
-2.935198e+02
-2.449411e+03
2.183724e+02
1.272297e+03
-2.251101e+03
7.227726e+02
-1.687651e+03
4.572471e+02
-2.741148e+02
1.092116e+03
-9.958917e+02
3.738855e+03
1.386136e+03
9.987512e+02
-8.675532e+01
-9.186523e+02
2.410792e+03
-1.727054e+03
3.090488e+02
1.528587e+02
-5.996353e+02
-7.161133e+02
8.312043e+02
-2.802018e+02
-6.303098e+02
-8.482034e+02
5.725012e+02
1.441211e+03
1.714959e+03
9.319795e+02
1.510253e+03
-9.785771e+02
-1.667305e+01
-4.635635e+02
2.048406e+02
7.837587e+02
-2.932211e+02
-5.177495e+02
-5.601278e+02
7.163939e+02
6.596342e+02
1.066028e+03
1.815324e+02
-4.919092e+02
-1.934019e+02
-4.158924e+01
3.498894e+02
4.586688e+02
-3.899747e+02
-1.935319e+02
-2.312807e+02
2.635168e+02
-7.841472e+01
-1.058018e+02
1.342402e+02
-5.529166e+02
-2.516157e+02
-2.632462e+02
-1.173026e+02
-2.634643e+02
-4.623964e+02
3.894534e+02
6.942881e+01
2.555689e+02
-2.767749e+01
-1.422463e+02
-2.390557e+01
-2.169293e+02
-5.163036e+01
4.321096e+02
1.229501e+02
5.561923e+01
-3.096046e+02
-1.105592e+02
6.062312e+01
-2.902036e+01
-3.215888e+01
-1.280865e+02
3.019648e+02
-1.178643e+01
-6.066978e+01
-5.834137e+01
-7.435957e+01
-1.336426e+02
-2.622095e+02
1.329538e+01
5.458556e+01
1.952209e+02
-2.211074e+02
-8.224387e+01
4.517662e+01
8.458266e+01
1.339783e+02
6.524689e+01
2.340866e+01
-1.032941e+02
1.109338e+02
2.497820e+01
-8.809571e+01
1.214190e+02
1.315957e+02
2.013453e+01
-3.203496e+01
-1.046567e+02
4.681662e+01
2.537660e+00
2.919319e+01
1.645042e+02
-2.343434e+01
2.802462e+01
6.522550e+01
4.279175e+01
-3.019333e+01
-7.004855e+01
6.125334e+01
2.656735e+01
-1.078001e+00
9.381720e+00
-5.490194e+01
-3.701463e+01
-1.229325e+00
-5.375389e+01
-2.225455e-01
2.489541e+00
1.932567e+00
-9.696202e-01
-1.510240e+00
-1.920069e+00
-9.087124e-01
-3.189849e-01
3.457577e-01
-3.070697e-01
1.411420e-01
4.636644e-01
-7.546999e-03
2.707138e-01
8.720591e-01
4.439339e-01
3.948364e-02
-6.151527e-02
3.208301e-01
-1.673561e-01
-5.973421e-02
-9.299108e-03
-2.031172e-02
3.290308e-01
1.536774e-02
9.609792e-02
9.392768e-03
-6.729521e-02
4.001080e-01
7.873695e-02
-7.969223e-02
5.993150e-02
-1.116127e-02
