-4.157991e-02
-1.210554e+00
3.771689e-03
5.376000e+01
1.779996e+02
-1.566686e+01
3.559247e-04
-6.333497e+04
-7.415380e+04
5.105412e+03
5.386407e+04
3.639600e+03
-1.091142e+05
-3.947144e+04
2.491175e+04
-6.540297e+04
6.617401e+04
1.382126e+03
3.902358e+04
-4.986273e+04
-2.214868e+04
2.303857e+03
2.898101e+04
3.583055e+03
7.962656e+03
-1.181588e+04
-7.249972e+03
-1.337210e+04
-1.957210e+04
7.586189e+03
-8.278590e+03
-1.489774e+03
-1.621441e+04
-2.811774e+04
7.747356e+03
1.302199e+04
1.622587e+04
1.382901e+03
7.009367e+03
3.794202e+03
-2.380652e+03
-6.003126e+03
-1.252941e+04
3.846739e+03
1.680740e+03
-4.245521e+03
-1.202992e+03
-2.768704e+03
7.902970e+03
-3.777475e+03
3.842736e+03
-6.021555e+01
-2.549503e+03
2.203454e+03
-6.005018e+03
3.335469e+03
4.138724e+03
6.399294e+03
-1.828028e+03
-8.046081e+03
-3.705196e+03
-2.325874e+03
2.697234e+02
-8.230757e+02
3.630854e+03
3.318328e+03
1.810495e+03
5.321721e+02
-5.602863e+03
2.943049e+03
2.619527e+03
2.139176e+02
-1.810000e+03
2.326108e+02
6.723441e+02
6.596379e+02
6.099120e+02
1.532015e+03
-3.651916e+03
-1.531458e+03
7.815031e+02
-5.242229e+02
-4.787877e+02
3.945244e+02
2.396165e+03
1.427810e+03
-1.383390e+03
-9.149327e+02
-3.639557e+02
3.681308e+02
2.849968e+02
1.784094e+02
7.053434e+02
1.841623e+03
-1.687786e+03
8.083698e+02
7.290947e+02
-6.569321e+01
1.027854e+02
-7.864961e+02
-6.375578e+02
2.395961e+02
2.384559e+02
-2.791434e+02
1.133627e+02
-6.913159e+02
6.040493e+02
6.376228e+02
6.429070e+01
9.114830e+02
-3.308318e+02
8.405302e+02
-4.221958e+02
7.342808e+02
-4.358634e+01
-1.233015e+02
-3.246700e+02
-6.337094e+00
-2.994956e+02
4.383259e+02
-1.876018e+02
-1.286024e+02
-5.039782e+02
5.023727e+01
3.087204e+02
-1.833675e+02
-1.675539e+02
-1.925002e+01
-1.430097e+02
-2.653288e+02
2.805395e+02
4.850660e+02
2.860594e+02
4.531648e+02
-1.583215e+02
5.261277e+01
2.329839e+02
-6.385992e+01
-1.663890e+01
-7.624988e+01
-1.089221e+02
-1.706356e+02
1.225470e+02
-8.685503e+01
9.389924e+01
1.302056e+02
-1.613719e+01
-1.072935e+02
1.091581e+02
2.139838e+02
1.316756e+02
7.474469e+01
1.651634e+02
5.868460e+01
-2.412743e+01
1.674093e+01
2.162226e+02
3.691243e+01
2.147161e+01
2.852852e+01
9.787686e+00
-1.898076e+01
1.138742e+02
6.628175e+01
4.084254e+01
-5.285126e+01
-6.453315e+01
2.824598e+01
1.530512e+01
-5.339100e+00
1.016044e+02
8.319751e+01
-5.159880e+01
-2.395134e+01
2.453867e+01
-1.793323e+01
6.403143e+01
6.833357e+00
-2.176351e+01
8.493288e+01
2.587387e+01
2.233240e+01
-1.545424e+01
1.481005e+01
6.464401e+01
-3.196964e+01
2.736980e+01
6.039811e+01
-5.389422e+00
2.669434e-01
1.310279e+01
1.598693e+01
2.286473e+01
2.898015e+01
4.428227e+00
-1.699139e+01
-1.154444e+01
-5.896766e+00
1.171243e+01
1.435885e+01
8.846142e+00
-1.126352e+01
8.394938e+00
-2.560702e+01
3.085797e+01
1.789680e+01
-2.750262e-01
1.088797e+00
4.229485e-02
2.043954e-01
9.747982e-02
7.770559e-02
-1.648147e-01
-2.571673e-01
4.123533e-02
-3.244909e-01
2.836090e-02
-7.702178e-02
5.234474e-02
-1.504890e-02
-8.006487e-02
1.264921e-01
8.888084e-02
5.681108e-02
6.325152e-02
-3.960708e-03
-6.118426e-02
2.183958e-04
2.219435e-02
-1.392920e-02
-2.227606e-02
2.295627e-02
-1.883101e-03
-6.377644e-02
-3.538949e-03
