-1.595796e-01
7.316917e-01
-3.561016e-02
4.977778e+01
1.957629e+02
-2.195507e+01
3.648501e-04
-5.974954e+04
-2.637626e+05
6.305991e+04
-2.154679e+05
-4.037694e+05
1.196257e+05
1.139652e+04
-7.929601e+03
-2.541506e+05
-6.706133e+04
-5.394973e+04
1.666272e+05
2.618897e+04
4.316605e+04
-1.093429e+04
5.420491e+04
8.783882e+04
4.808018e+04
-1.457505e+04
-1.311175e+05
3.692840e+04
-2.160468e+04
9.565899e+04
-7.600510e+04
6.585788e+04
-1.934380e+04
-6.628070e+04
2.009258e+04
-1.580361e+04
5.627415e+04
5.373468e+03
2.322730e+04
-1.331213e+04
5.253786e+03
-2.147320e+04
-2.511836e+04
-3.557131e+02
2.922607e+04
-1.265232e+04
4.273485e+03
5.052100e+03
-2.757462e+04
1.029262e+03
4.238013e+02
9.873636e+03
1.398305e+04
-1.592263e+04
-1.400391e+04
6.155190e+03
2.178424e+03
7.593330e+03
-3.249139e+02
-8.589414e+03
5.308744e+03
5.533808e+03
-5.494589e+03
-1.340165e+04
2.197265e+03
-1.921821e+03
6.973006e+03
1.070006e+03
-1.671288e+03
6.257096e+03
-5.590884e+02
-4.879323e+03
1.125722e+03
3.530400e+03
4.797381e+03
1.883706e+03
4.313041e+03
2.707395e+03
-7.213196e+03
1.209117e+02
-1.363469e+03
2.294935e+03
5.845758e+02
4.459746e+03
2.386652e+03
4.352452e+03
-4.758552e+03
1.525727e+03
-1.254296e+03
4.112593e+02
-3.184228e+03
2.593061e+03
3.596421e+03
3.557110e+03
-1.954895e+03
-7.687768e+02
3.798849e+03
2.495909e+03
2.354274e+03
2.100727e+03
-2.203825e+03
1.222864e+03
-8.854127e+02
-1.403015e+03
1.821576e+03
1.285748e+03
1.594486e+03
-2.109010e+02
-4.564034e+00
2.429088e+03
7.311455e+02
3.248254e+03
-6.147520e+02
2.311073e+03
1.317639e+03
-2.586173e+02
1.319440e+03
-6.124197e+02
2.401068e+01
6.784838e+02
-6.851658e+02
4.133136e+02
-1.229775e+02
4.431970e+02
1.325709e+02
-1.102078e+03
-4.500072e+02
5.087793e+02
5.075043e+02
2.676252e+02
-1.784199e+02
3.089872e+02
6.203743e+02
1.283463e+02
-6.130005e+02
3.372945e+02
7.495752e+02
-6.312623e+02
3.577087e+02
5.803140e+02
-2.573513e+02
5.001567e+02
-6.040300e+02
7.017939e+02
-6.730773e+01
-1.647974e+00
3.710399e+02
1.282338e+02
3.787739e+01
2.944068e+01
-2.721698e+02
1.897847e+02
-2.537373e+01
-1.023288e+01
-6.126271e+02
-2.139652e+02
2.759194e+02
3.576954e+02
-2.270552e+02
-5.086009e+02
3.873945e+02
2.545736e+02
-5.997722e+01
-6.765371e+01
2.599353e+02
-1.698259e+02
9.446519e+01
2.003033e+02
2.462263e+02
1.371384e+02
7.629559e+01
-9.224658e+01
-7.812106e+01
4.177349e+02
9.232626e+01
-2.229811e+02
-1.672761e+02
-1.550558e+02
7.400414e+01
1.042237e+02
-1.985412e+02
-1.356432e+02
-3.373108e+01
7.084538e+00
6.385521e+01
-8.481355e+01
9.224786e+01
-1.229256e+02
-1.665859e+02
6.358058e+01
9.627356e+01
1.043194e+00
-1.106648e+02
-5.005549e+01
1.057416e+02
9.920706e+01
5.924733e+01
-2.318734e+00
1.380112e+01
-2.210291e+01
-4.182298e+01
-6.399149e+01
1.240932e+02
6.015411e+01
-2.274494e+01
8.240722e+01
-2.924560e+00
3.775835e+00
-6.287699e-01
7.579035e-01
9.703181e-02
-7.721810e-01
3.465198e-01
-9.942971e-01
-3.179553e-01
-6.666206e-01
-3.177904e-01
-2.708424e-01
8.486745e-02
9.071573e-02
1.112940e-02
-5.237765e-02
8.559208e-02
-1.639877e-02
-9.492535e-03
3.655192e-03
2.337490e-02
1.729358e-01
2.029831e-01
-1.940121e-01
7.152606e-02
6.086606e-03
1.974996e-01
-6.761917e-02
-1.146310e-01
