1.108475e-01
1.271197e+00
1.604631e-01
5.404445e+01
1.715827e+02
-1.336138e+01
3.538601e-04
1.128254e+05
-8.684177e+04
-3.052113e+05
5.863720e+04
-9.207802e+04
-1.355740e+05
9.014566e+04
1.245882e+04
7.616170e+04
-9.241381e+04
-92137
7.750118e+04
1.144574e+04
-4.581496e+04
-4.334591e+04
6.536709e+04
-1.262395e+04
4.840683e+03
8.430723e+03
-6.996169e+03
8.143726e+03
-1.726582e+04
2.639481e+04
2.376456e+04
1.486424e+04
-2.885447e+04
-1.563536e+04
8.549394e+02
-1.776651e+03
-6.842251e+03
-6.956803e+02
-1.736503e+03
-1.688555e+03
-7.984540e+03
4.498075e+03
-1.141161e+04
5.357264e+03
1.659072e+04
-1.777599e+04
-2.043950e+03
-2.786270e+03
4.896634e+03
-4.138076e+02
-5.911304e+03
-3.867786e+03
-6.127933e+03
2.271434e+03
2.797233e+03
5.419485e+03
-1.461567e+03
6.926119e+03
3.521423e+03
-1.806960e+03
-1.218514e+03
1.399183e+03
1.315386e+03
-2.463087e+03
3.275680e+03
1.248919e+03
2.851822e+03
-6.036525e+03
-4.894233e+03
2.556561e+03
3.918767e+02
-2.926582e+03
-2.975307e+03
-5.639101e+02
-7.039064e+02
8.975168e+02
-9.134603e+02
3.247409e+03
-1.427882e+03
-3.981840e+02
8.487672e+01
-1.315150e+03
9.676417e+02
3.426944e+02
2.169572e+03
7.252343e+00
-1.424212e+03
-6.939484e+02
-4.344622e+02
1.407043e+03
-1.414505e+03
8.472309e+02
8.374130e+02
1.411833e+03
-1.999564e+03
8.994522e+02
-1.407533e+02
-6.510115e+02
-9.925635e+01
-7.911752e+01
-5.403257e+02
7.112621e+02
8.977420e+02
1.112883e+02
-9.370870e+02
-4.500950e+01
7.921592e+02
5.099377e+02
-8.385893e+02
8.989311e+02
-2.812870e+02
3.415423e+02
-8.606754e+02
7.270917e+02
-4.478939e+02
-1.690554e+02
2.799525e+02
-9.403071e+01
4.587018e+02
1.434236e+02
-6.153279e+01
-3.164563e+02
-3.203860e+02
-1.989561e+02
3.105499e+02
-1.074299e+02
1.883058e+02
5.814280e+01
-1.875475e+02
3.559380e+02
2.689817e+02
7.535753e+02
4.985090e+02
3.873036e+02
-4.178476e+01
9.985377e+01
3.120834e+02
-1.648819e+02
3.574562e+01
-1.163671e+02
-1.581909e+02
1.295796e+02
-2.124736e+01
-1.569948e+01
7.947236e+01
1.397878e+02
-5.347979e+01
-1.969400e+02
1.208325e+02
1.212487e+02
-1.540775e+01
6.243726e+01
2.568000e+02
-1.648142e+01
-1.705384e+02
-2.796998e+01
2.418629e+02
4.249802e+01
7.505440e+01
-1.466103e+02
-4.931226e+01
1.250073e+02
9.163443e+01
-1.308323e+01
1.040056e+02
-6.093645e+01
-6.004244e+01
9.297403e+01
8.407344e+01
3.272033e+01
3.728648e+01
-1.998089e+01
-1.279039e+02
1.198540e+01
-5.507051e+00
-8.200209e+01
3.645168e+01
-2.878331e+01
-1.769679e+01
9.861185e+01
-9.660214e+01
-6.032088e+00
2.397308e+01
2.402024e+01
9.759023e+01
-9.333082e+01
-2.832824e+01
5.472561e+00
-8.631271e+00
5.121150e+00
4.076394e+01
-2.396265e+01
-3.638294e+01
3.527495e+01
5.037358e+01
1.071173e+01
2.937222e+01
-8.394302e+00
6.343544e+00
-4.338316e+00
-1.217823e+01
1.689205e+01
3.331062e+01
4.990410e+01
2.327346e+01
6.026679e+00
-6.931506e-01
1.471686e+00
-2.817116e-01
4.944921e-01
1.654707e-01
-1.987765e-01
3.324263e-01
-5.675153e-01
2.108558e-01
-2.382869e-01
-3.894463e-01
-3.446354e-02
-1.418629e-02
1.149675e-01
-2.957156e-01
4.467435e-03
9.342481e-02
-6.310040e-03
-2.135896e-02
-7.566596e-02
-1.102025e-01
1.037449e-01
8.446049e-02
6.093439e-02
-8.287713e-02
-4.685427e-03
2.261780e-02
-8.078628e-02
1.003508e-02
