-1.338098e-01
-5.961568e-01
6.875204e-02
4.835556e+01
1.909745e+02
-2.447932e+01
3.502587e-04
-1.540259e+05
8.157847e+04
-2.760518e+04
-1.211839e+05
2.161918e+04
7.201835e+04
-9.333334e+04
-3.870141e+02
-1.527698e+05
6.469957e+04
-5.562239e+04
7.689891e+04
-3.882284e+04
-3.899335e+04
9.992305e+03
-2.479400e+04
1.329519e+04
-2.015316e+03
8.099850e+02
-1.904378e+04
-1.011955e+04
-2.488194e+04
-3.877218e+04
-2.447254e+03
-9.172672e+03
-3.383738e+03
-1.491597e+04
2.633327e+04
-1.095101e+03
-7.853150e+03
6.880266e+03
-4.262077e+03
4.647222e+03
-6.759445e+03
-2.360274e+04
1.225289e+04
-3.137272e+03
3.154538e+03
5.935361e+02
1.674979e+04
1.232801e+03
-9.252989e+03
5.431463e+02
4.476699e+03
-2.548220e+03
1.942911e+03
-2.123398e+03
2.643803e+03
2.791523e+03
4.747593e+02
6.230647e+03
1.667798e+03
-5.497136e+03
-5.210852e+03
-8.156901e+02
2.359065e+03
-1.907959e+03
3.295727e+03
4.338586e+03
6.825851e+03
6.346615e+03
-3.580943e+03
-8.968072e+02
3.270595e+03
1.538964e+03
2.215207e+03
5.849364e+02
-3.383343e+02
3.635837e+02
-2.965617e+02
5.045511e+02
-5.252358e+03
-2.716615e+02
-5.856069e+02
-1.929401e+02
-8.788162e+02
5.978324e+02
2.260376e+03
-1.473999e+01
-1.252357e+03
-1.430151e+02
6.687625e+01
2.392911e+03
6.637278e+02
7.481552e+02
1.204193e+03
1.723510e+03
-1.386333e+03
6.200730e+02
2.049884e+03
6.289145e+01
2.521985e+02
-5.331115e+02
-7.544516e+02
-3.436245e+02
4.888280e+02
-6.736749e+02
1.182503e+03
-9.742600e+02
-4.284637e+01
7.862159e+02
1.327552e+03
1.457108e+03
3.393488e+02
8.258657e+02
-4.374767e+02
5.883862e+01
-2.004937e+02
-2.223354e+01
-4.991816e+01
-3.520909e+02
-6.864987e+02
6.540516e+02
-1.574922e+02
6.459098e+02
-4.118503e+02
2.641966e+00
1.647448e+02
-1.824866e+02
3.579191e+02
1.623289e+02
-3.004975e+02
-2.715688e+02
1.263539e+02
1.028817e+02
6.357161e+01
8.651655e+01
-3.615988e+02
-3.333491e+02
3.636078e+02
-2.618822e+02
1.373165e+02
5.300295e+01
-4.935303e+01
-2.957450e+01
1.791959e+02
2.459750e+02
-7.034466e+01
8.870311e+01
-1.451099e+01
-2.124714e+02
-3.682251e+01
2.185237e+02
1.699146e+02
2.549520e+02
-2.590320e+01
-8.860835e+01
-1.511609e+02
-5.015753e+00
-4.899327e+01
-3.608339e+01
-3.447214e+00
9.574304e+01
5.845273e+01
7.699432e+00
-5.319913e+01
-1.866591e+01
-1.705541e+02
-3.355973e+00
-1.272088e+01
1.899889e+02
-1.766536e+02
-2.913362e+01
4.621562e+01
1.227674e+02
1.376377e+02
4.365748e+01
-7.411343e+01
-3.208148e+01
5.332796e+01
4.786761e+01
-6.709454e+01
3.708843e+01
1.128267e+02
-2.614032e+01
-2.448933e+01
2.180698e+00
3.361226e+01
2.443157e+01
1.007383e+02
1.126516e+02
-9.323173e+01
2.243308e+01
3.384376e+01
2.902114e+01
-2.974680e+01
-3.200591e+00
1.683469e+01
-2.400256e+01
-5.458577e+01
2.005891e+01
-6.385696e+01
4.464136e+01
1.754482e+01
-5.001816e+01
4.879086e+01
-1.971813e+01
1.277188e+01
1.074204e+01
-1.802842e+00
-1.332249e+00
-7.988796e-02
6.464664e-01
1.880891e-01
3.853203e-02
-2.189249e-01
-3.001718e-01
1.847406e-02
1.613385e-01
3.544675e-01
2.134003e-02
1.673816e-01
-3.174505e-03
1.759291e-01
-3.348172e-02
-5.003927e-02
5.715593e-03
-9.372102e-03
4.325080e-02
-7.048451e-02
8.456086e-02
-2.708318e-02
-1.627915e-01
1.638792e-01
3.409733e-02
-2.586196e-02
5.523153e-02
-5.581956e-02
