3.588741e-02
-1.512292e+00
-1.010430e-02
5.802667e+01
1.757396e+02
-1.181916e+01
3.748211e-04
-3.130709e+03
4.414262e+02
-4.741604e+04
-2.141779e+05
-9.601289e+04
-1.649104e+05
1.065697e+05
-8.710743e+04
-8.981233e+04
-1.872623e+04
-5.180988e+04
1.234963e+05
-1.239205e+04
2.207003e+04
2.391717e+04
-2.715434e+04
4.426310e+04
3.198071e+04
2.396107e+04
-2.203178e+04
-2.300433e+03
-1.499613e+04
-3.116463e+04
1.405755e+04
-3.101406e+04
-1.232902e+04
-2.984741e+04
-2.944527e+04
-1.618354e+04
-5.313386e+03
-3.089538e+04
1.773300e+04
-3.120141e+03
8.203693e+03
-1.473268e+04
-7.605312e+03
-6.928243e+03
9.548334e+03
-2.223474e+03
2.904582e+03
1.024295e+04
-6.192336e+03
4.843399e+03
-1.277898e+04
-5.234659e+03
-4.521172e+01
-3.519320e+03
5.033141e+03
3.845227e+02
-2.406605e+03
5.268954e+03
7.371618e+03
-5.486947e+03
-3.350986e+03
9.377299e+02
-2.702828e+03
-1.637410e+02
-1.822275e+03
4.956537e+03
6.218832e+02
2.873415e+02
-2.710304e+03
9.463427e+02
1.922730e+02
3.067976e+03
4.685076e+02
2.532123e+03
9.277292e+02
6.033785e+02
1.359394e+03
-2.587477e+02
-3.095419e+03
-1.263889e+03
1.567022e+03
-1.047452e+03
1.309826e+02
1.223190e+03
1.880529e+03
1.537124e+03
-1.923102e+03
-1.210590e+03
-6.445459e+02
4.754216e+02
-4.103220e+02
1.098681e+03
1.701761e+03
1.718811e+03
-1.300753e+03
-2.289675e+02
7.745298e+02
-1.777653e+03
3.851964e+02
-6.830071e+02
-3.253429e+02
-4.544474e+02
1.123667e+03
-8.870934e+02
-3.494679e+02
-1.125582e+03
7.529230e+02
9.748953e+02
1.073437e+03
1.054771e+03
-5.511004e+01
2.888710e+02
-2.004184e+02
1.357235e+02
-4.390294e+01
4.651348e+02
-7.534901e+02
-3.531923e+02
-3.012469e+02
6.045078e+02
3.951859e+02
3.963542e+02
-1.625867e+02
5.143989e+01
-1.738335e+02
1.056136e+02
1.923735e+02
2.376887e+02
-5.113802e+02
5.761985e+01
2.229903e+02
4.984726e+02
-2.126157e+01
1.033134e+02
6.911826e+01
-3.665999e+02
4.757665e+01
-1.779282e+02
-1.482705e+02
-5.832413e+01
-3.725551e+02
2.345371e+02
1.523863e+02
3.968321e+00
-6.518410e+01
-1.631356e+01
-8.164103e+01
-3.305862e+02
-2.546231e+01
3.876926e+02
-1.755212e+01
1.518496e+02
-3.073886e+00
2.108260e+01
-1.027963e+02
-1.620733e+02
2.229803e+01
1.799346e+00
2.018687e+02
1.965587e+01
-7.034573e+01
2.181466e+01
5.563178e+01
-9.146015e+01
-1.569181e+02
3.583735e+01
4.248926e+01
8.574614e+01
-3.971060e+00
-8.399364e+01
6.536919e+01
8.997659e+01
-1.660022e-01
3.797432e+01
1.640837e+01
-1.389702e+01
9.525397e+01
4.252909e+01
-5.862711e+01
1.101179e+02
6.377895e+01
5.873068e+01
3.687962e+01
-2.156104e+01
4.888732e+01
-2.206139e+01
-2.435952e+01
7.170394e+01
1.105510e+00
2.511540e+01
2.059579e+01
3.776633e+01
-1.519601e+01
-2.199045e+01
7.618896e+00
-3.466021e+00
9.480862e+00
-2.846086e+01
-1.219181e+01
9.436733e-02
1.519759e+01
-4.813742e+01
2.051983e+01
3.114029e+00
1.691532e+01
3.766507e+00
-7.101880e-01
3.422998e-01
-4.332587e-01
-6.863866e-02
7.988522e-03
1.112801e-01
3.255660e-01
8.787323e-03
1.031636e-01
-1.216185e-01
3.912551e-01
1.225141e-01
6.970852e-02
-8.353122e-02
5.887091e-03
-9.604696e-02
-3.259841e-02
9.640733e-02
9.719134e-02
1.725655e-01
6.388894e-02
1.255834e-01
6.549940e-02
-1.957724e-03
1.212021e-01
2.592393e-03
1.265186e-02
-3.051244e-02
-1.105372e-02
