-1.603647e-01
-1.084523e+00
2.396597e-01
5.632000e+01
1.837996e+02
-1.716058e+01
3.512659e-04
-8.164995e+03
-3.119768e+04
7.931452e+04
-3.865183e+04
-6.097273e+04
-1.151107e+04
3.979050e+04
6.944067e+03
-4.989375e+04
-4.138973e+04
-6.432596e+04
6.948095e+04
1.108171e+04
-5.281094e+03
3.044398e+04
-3.725462e+03
5.126101e+03
5.758982e+03
1.850149e+03
-3.557135e+04
-3.010849e+03
-1.446275e+04
1.340082e+04
2.199476e+03
7.160479e+03
-4.367796e+03
-1.081098e+04
-2.070270e+03
6.339904e+03
9.056967e+03
-1.185454e+04
1.343818e+04
1.416294e+03
7.632830e+02
6.647762e+03
-1.163831e+04
-7.389329e+03
2.399477e+03
-1.929515e+03
-1.155374e+02
7.536485e+03
-9.095892e+03
1.837815e+03
6.179152e+03
4.172715e+03
2.344244e+03
2.173376e+03
-5.652454e+02
1.035969e+03
1.390613e+03
1.578054e+03
3.247888e+02
-4.566887e+03
-3.892300e+03
2.314495e+03
6.376626e+02
-3.387323e+03
9.454118e+02
1.769785e+03
3.238976e+03
-3.219835e+03
-2.203783e+03
3.599601e+03
-2.342761e+02
-7.172021e+02
-1.936184e+03
2.266980e+03
4.257956e+01
2.961739e+01
1.390155e+03
7.042941e+02
-2.151639e+03
-1.262885e+03
1.158848e+03
3.817546e+02
1.296506e+03
2.294017e+03
1.378032e+03
1.796887e+03
-9.291561e+02
3.722664e+02
-9.999284e+01
9.372288e+01
-1.055659e+03
9.517371e+02
1.111387e+03
1.277982e+03
-1.222836e+03
4.413515e+02
9.457695e+02
-6.583334e+02
3.377042e+02
8.231835e+01
-1.102302e+03
4.507061e+02
-2.058437e+02
-3.866819e+02
-3.513775e+02
-3.192867e+01
9.196594e+02
3.769107e+02
3.152815e+02
7.598541e+02
1.233755e+02
3.248672e+02
-4.278343e+02
1.042829e+03
1.694181e+02
-1.248201e+02
-6.196956e+01
-8.494391e+01
7.068875e+01
4.227184e+02
2.316094e+01
1.959140e+02
6.897744e+01
9.026892e+01
1.009891e+02
-7.703507e+00
7.369723e+01
2.643255e+02
-4.646155e+01
-1.014508e+02
1.740580e+02
4.333859e+02
1.333365e+02
6.765386e+01
9.449903e+00
3.911507e+00
1.500493e+02
1.203749e+00
-9.020481e+01
-8.760201e+01
-1.669547e+02
9.627356e+01
-1.447661e+02
3.326369e+01
-7.209879e+01
-4.370811e+01
1.148434e+00
-5.351032e+01
5.846882e+01
1.333270e+02
-9.392054e+01
4.174312e+01
3.241304e+01
1.160625e+01
-9.079657e+01
-1.003678e+02
1.258583e+02
5.853753e+01
3.771022e+00
-9.690916e+01
9.413719e+01
2.631642e+01
7.328350e+01
-2.184250e+00
9.154161e+00
-7.061914e+01
-4.422800e+01
6.944331e+01
1.812775e+01
7.190975e+00
8.293814e+01
-2.325019e+00
-8.062461e+01
9.709599e+01
2.442527e+01
-6.054905e+01
1.351138e+01
2.400364e+01
-6.172371e+01
2.918126e+01
-1.832845e+01
6.836597e+01
-7.547140e+00
3.956389e+01
2.439174e+01
-3.876518e+01
-8.426482e+00
3.195859e+01
4.597613e+00
3.705845e+01
5.448912e+01
3.510631e+01
-1.671289e+01
-2.180383e+01
3.371618e+01
1.749965e+01
2.501648e+01
-2.327442e+01
4.411042e+00
-1.816891e+01
1.375102e+01
-2.682532e+01
2.499490e+00
3.279303e+01
1.462420e+01
7.642450e+00
-3.405191e-01
8.646806e-01
-4.185432e-01
-1.215117e-02
-3.892268e-02
-1.321956e-01
2.369336e-01
-1.637712e-01
-2.063807e-02
-2.186921e-01
3.665340e-02
-6.635286e-02
9.748883e-02
-2.246273e-02
-8.479455e-02
-6.552276e-02
-1.548564e-03
4.356802e-02
1.853378e-02
3.696700e-02
6.517740e-02
7.769472e-02
1.156512e-01
-3.081276e-02
7.676823e-03
1.647334e-02
6.795403e-02
-3.597789e-02
-4.767286e-02
