2.724074e-01
-1.143993e+00
-1.119431e-01
5.404445e+01
1.497993e+02
-1.629870e+01
3.536729e-04
-5.595996e+04
2.767443e+05
-1.972119e+05
-1.004593e+04
-4.222107e+04
2.598873e+03
-5.994529e+04
4.475843e+04
-5.233392e+04
3.593090e+04
2.270858e+04
5.991671e+04
-7.228759e+04
-1.960604e+04
-5.109248e+04
1.082899e+05
-6.594287e+03
7.905463e+03
-7.448443e+03
6.826609e+04
-1.831529e+04
-4.490104e+04
-3.887486e+04
-3.281937e+02
-6.484621e+03
-1.943031e+04
2.136911e+03
2.762022e+03
2.562649e+03
6.568338e+03
1.670976e+04
-1.577843e+04
-5.192068e+03
-2.685351e+04
-2.821321e+03
1.427075e+04
-9.322591e+03
-3.573991e+02
-1.588828e+04
1.476722e+04
1.189203e+03
8.622383e+02
-1.025217e+04
-5.883147e+03
2.398805e+03
-8.244609e+02
1.310540e+04
-2.008157e+03
7.685280e+03
-1.753558e+03
9.464994e+03
-3.738018e+03
-2.599743e+03
-3.813840e+03
1.382980e+02
2.624501e+03
-5.452919e+03
3.043889e+03
-2.802787e+02
3.678033e+03
1.706095e+03
1.906885e+03
-8.318885e+02
6.493633e+03
3.596298e+03
8.501149e+02
-2.844369e+03
-2.768571e+03
-1.712579e+03
-1.849106e+03
3.860688e+02
-5.690867e+03
-2.678617e+03
1.138916e+03
-2.466152e+02
-4.642719e+02
-1.128826e+03
4.233733e+03
-1.435951e+03
-8.495317e+02
1.039281e+02
-2.286280e+02
2.323982e+03
1.009289e+03
-1.815898e+03
4.751037e+02
3.125042e+02
-1.389594e+03
1.446510e+03
6.365037e+02
-3.510058e+02
-8.275837e+02
-6.612788e+01
-1.034700e+03
4.446320e+01
1.003704e+03
-8.731078e+01
2.630978e+02
-1.079909e+03
-2.926417e+02
9.426223e+02
-6.177657e+01
1.081706e+02
2.021367e+02
-5.909192e+01
-7.676934e+02
-3.702719e+02
-2.641790e+02
-3.749978e+02
-1.633520e+02
-4.436723e+01
-4.531573e+02
6.677584e+02
-4.957709e+02
5.981150e+01
-3.767599e+02
2.687439e+02
1.351493e+02
1.915267e+02
1.970979e+02
-9.173782e+01
-8.413175e+01
4.741674e+02
2.945205e+02
2.360791e+02
6.848289e+01
4.230047e+02
7.896298e+01
2.127046e+01
4.659415e+02
-7.816742e+01
1.300796e+02
-1.390419e+02
-1.909324e+01
-3.738249e+02
2.359977e+01
1.387727e+02
1.216322e+02
2.802214e+02
-2.382541e+02
-3.377898e+02
-9.704804e-01
-1.336956e+02
6.971991e+01
1.683431e+02
1.073312e+02
-6.701188e+01
-9.180373e+00
7.502765e+00
1.087868e+02
-4.591333e+01
-5.544025e+00
1.828594e+02
-8.456944e+00
1.083117e+02
-8.986009e+01
1.266167e+02
-7.335612e+01
6.030524e+01
-1.310682e+02
1.474530e+02
-1.095969e+02
-1.719028e+02
-7.616953e+01
1.139657e+02
4.214885e+01
-2.015687e+00
-1.171723e+02
-4.460448e+01
5.534980e+01
6.684315e+01
-8.255728e+01
-1.161905e+01
1.364262e+01
-9.050106e+00
-1.522679e+01
5.619965e+01
3.677526e+01
-9.401025e+01
-5.295341e+01
3.498360e+01
-7.621737e+01
-5.614813e+01
1.439465e+01
-1.726718e+01
4.542836e+01
3.521791e+01
1.489189e+01
-3.325755e+01
-1.508710e+01
6.968851e+01
-3.944415e+01
1.734974e+01
4.986271e+01
1.602469e+01
6.832603e+01
5.094706e+00
1.129599e+00
1.421971e+01
-1.327000e-02
-1.341486e+00
3.341171e-01
2.191823e-01
-3.968029e-01
5.044078e-01
-2.496402e-01
-4.761754e-01
1.326786e-02
3.520597e-01
1.524189e-01
4.549009e-02
1.799623e-01
-1.856534e-01
-1.210525e-01
1.547087e-01
5.976100e-03
-2.583406e-02
-7.699708e-02
-1.361058e-01
-2.967187e-01
1.677882e-01
-6.746326e-02
4.091868e-03
-2.289586e-01
1.674790e-02
-1.861858e-04
1.361841e-02
2.794685e-02
