-1.930904e-01
6.077448e-01
4.180485e-02
4.807111e+01
1.947225e+02
-2.246533e+01
3.393578e-04
-7.561296e+04
-3.824290e+05
-1.727722e+05
8.137805e+04
1.269619e+05
-3.588452e+04
-7.906882e+04
-3.526849e+04
-6.588038e+04
-4.623283e+03
1.561960e+04
9.828849e+04
1.712932e+04
-4.124844e+04
-7.828466e+04
1.346172e+04
-3.024193e+03
1.218975e+03
-9.153713e+03
-2.456690e+04
3.733521e+04
1.575643e+04
7.482426e+02
-1.736586e+04
1.609036e+04
3.882727e+03
1.616170e+03
1.741450e+03
7.879040e+03
-1.424591e+04
4.481676e+03
-7.002911e+03
7.965917e+03
4.327624e+03
-1.546426e+04
-5.905959e+03
5.116488e+02
1.256044e+04
-6.409642e+03
-1.624101e+03
4.999394e+03
-5.659298e+03
2.208238e+03
7.623805e+02
-9.492201e+03
4.338997e+03
-1.578523e+03
-4.689255e+02
9.044160e+03
7.208323e+03
8.546945e+03
4.040198e+02
-8.627373e+03
-3.089479e+03
5.212042e+03
1.382813e+03
3.389574e+02
-6.760925e+02
1.906048e+03
4.457180e+03
2.564414e+03
-2.393364e+03
4.084552e+03
3.161305e+03
-2.314817e+02
-3.190303e+03
-6.147433e+02
-4.881789e+01
-2.169436e+03
9.815417e+01
5.835361e+02
-1.633445e+03
-7.137778e+01
-8.710200e+02
8.637811e+02
-6.567512e+02
1.548626e+03
2.190674e+03
5.383513e+02
-1.915907e+02
2.423347e+02
-5.503931e+02
-1.230888e+02
2.900115e+02
8.458204e+02
1.887512e+03
1.195701e+03
-7.295872e+02
3.824718e+02
6.908953e+02
-4.397174e+02
2.946413e+02
2.856406e+02
9.375056e+01
-3.948110e+02
3.188124e+02
-1.246516e+03
6.049263e+02
-5.469438e+02
1.046075e+03
5.909415e+02
4.613845e+02
5.751420e+02
-5.134085e+02
1.578461e+03
-4.268102e+02
7.060275e+02
-1.708598e+02
-2.198783e+02
-1.521549e+02
-2.582094e+02
-1.011627e+02
6.767828e+01
1.626223e+02
1.354204e+01
-1.191926e+02
3.461173e+02
6.905075e+02
-2.153100e+02
1.815223e+01
-1.989263e+02
-1.104852e+02
-7.929863e+01
3.300063e+02
4.032798e+02
-2.449013e+02
9.517603e+01
-2.288034e+02
-7.963635e+01
5.359463e+02
-3.207764e+00
1.232909e+02
5.761359e+01
-1.229486e+02
6.042068e+00
1.576446e+01
-1.321626e+01
-1.675293e+01
2.276574e+02
2.058851e+02
-7.613987e+01
7.146173e+00
2.402316e+02
6.396200e+01
8.092559e+01
2.400160e+02
2.622645e+01
-1.646134e+02
8.217850e+01
-5.325889e+00
2.731761e+01
-1.195212e+02
-1.377573e+02
3.006272e+01
-1.112719e+02
1.109414e+02
-9.184535e+00
7.304971e+01
1.240302e+01
-5.042612e+01
1.129324e+02
1.943475e+01
1.331052e+02
9.320853e+01
-2.073156e+01
5.344821e+01
3.641222e+01
-1.488294e+01
8.118293e+01
-7.906116e+00
2.692468e+01
3.487095e+00
-1.465888e+01
-2.032333e+01
6.733948e+01
-3.868367e-01
7.802474e+00
6.764111e+01
-2.853837e+01
7.371462e+01
6.281535e+01
-8.911368e+01
-1.044342e+01
3.155494e+01
4.961682e+01
-3.828393e+01
3.862650e+01
1.173936e+01
1.760288e+00
-2.637700e+01
-1.971378e+01
-1.225390e+01
4.724604e-01
-1.385248e+01
-5.486619e+01
2.653336e+01
-2.124127e+00
4.119145e+01
1.164645e+01
-2.547953e+00
2.781363e+00
-7.496467e-01
1.130338e+00
3.014057e-01
-1.921788e-01
-2.116807e-01
-7.954459e-01
-1.353579e-01
-4.435724e-01
-2.437722e-01
-2.359214e-01
-7.568452e-02
7.175151e-02
2.116618e-01
-1.067306e-02
-5.754731e-03
-2.054379e-02
-2.408766e-02
-4.959597e-02
7.644712e-02
8.029066e-02
6.850915e-02
-6.307326e-02
3.831946e-02
2.778924e-02
-2.414204e-02
-1.560322e-01
4.036942e-02
