-2.261300e-01
5.770228e-01
8.523011e-02
4.864000e+01
1.957455e+02
-2.507252e+01
3.577521e-04
1.861429e+04
-5.130541e+04
-7.926667e+04
1.361730e+05
1.850087e+04
-1.079595e+05
1.081813e+05
-1.490162e+05
-8.052595e+04
2.623453e+04
-3.591379e+04
8.040140e+04
-4.933121e+04
-7.542908e+03
-3.684577e+04
-2.737108e+04
1.617124e+04
1.854756e+04
1.036403e+04
-1.609169e+04
4.112190e+04
-1.609781e+04
-1.386953e+03
8.227926e+03
1.890916e+04
-1.646093e+04
-2.503372e+04
-2.089844e+04
-6.244455e+03
9.310663e+03
-6.001134e+03
9.279438e+03
4.095023e+03
-1.725834e+04
-3.132617e+03
-9.188313e+03
-1.125700e+04
1.096693e+04
2.029229e+03
-8.735152e+03
4.012298e+03
-4.870760e+03
1.023244e+03
-4.102262e+03
9.461458e+02
4.406471e+03
-8.840836e+02
2.053974e+03
5.780698e+03
-1.093296e+03
8.529347e+03
8.669462e+02
-3.662894e+02
-6.156261e+03
4.679666e+03
3.747154e+01
9.546287e+02
6.590129e+02
1.994013e+03
2.326996e+03
2.518617e+02
-4.625132e+03
2.105394e+03
2.051011e+03
-1.719104e+03
-1.613455e+03
9.478757e+02
-1.462789e+03
-5.927230e+01
3.887097e+02
1.401609e+03
-1.327263e+03
4.821840e+02
-4.943829e+02
5.725621e+01
9.503606e+02
1.104437e+03
1.968511e+03
3.236502e+01
-8.869442e+02
-8.410616e+02
7.078409e+02
3.548668e+02
-1.095279e+02
1.633064e+03
1.648355e+03
1.133467e+03
-1.071632e+03
8.535795e+02
2.750490e+02
-2.951798e+02
8.170309e+02
-5.061907e+02
-5.359935e+02
6.046796e+02
2.554250e+02
-6.168093e+02
3.121663e+02
1.268668e+02
8.416945e+02
2.257092e+02
5.116812e+02
7.109586e+02
-4.412167e+02
6.987003e+02
-5.008578e+02
1.969770e+02
-2.518707e+02
1.888452e+02
-2.508184e+02
-1.735286e+02
1.894191e+02
3.501534e+02
1.593139e+02
4.095731e+02
-2.530235e+02
3.468994e+01
4.105164e+02
-4.176936e+01
-4.960493e+01
7.345264e+01
-1.735123e+02
4.130375e+01
2.393642e+02
5.200716e+02
2.369511e+02
7.510813e+01
-1.192310e+02
-2.362108e+02
2.101711e+02
-8.325948e+01
4.963412e+01
1.909500e+01
-2.016558e+02
1.608522e+02
-3.159971e+01
7.288503e+01
-1.488671e+02
8.699080e+01
7.538930e+01
-1.114576e+02
1.415831e+02
3.334930e+02
-8.860237e+01
2.697287e+00
1.130176e+02
3.072515e+01
-1.227758e+02
-2.986213e+01
1.236017e+02
-2.736578e+01
1.626880e+02
-1.578670e+02
-6.480160e+01
3.165821e+01
5.156464e+01
-5.298198e+01
1.413217e+01
-1.193646e-02
-2.875602e+01
1.513754e+02
7.572017e+01
3.673007e+01
1.479026e+02
-2.351370e+01
-5.737094e+01
2.766388e+01
-6.845911e+01
-4.249211e+01
-3.201040e+01
-1.178840e+01
-4.897947e+01
6.817493e+01
-1.820605e+01
1.204012e+02
-2.247284e+01
5.656238e+00
6.123943e+01
8.000350e+00
2.791127e+01
-7.591435e+00
-1.743293e+01
1.240990e+01
2.735106e+01
1.429211e+01
-2.815906e+01
2.832176e+01
1.137500e+01
2.686849e+01
-7.849884e+00
-6.390009e+01
-2.482627e+01
-2.917766e-01
3.763204e+00
-4.451888e+01
1.845628e+01
1.783970e+01
3.339787e+01
1.115335e+01
-6.312597e-01
1.396513e-01
-4.102080e-01
3.102329e-02
-1.379077e-02
-3.120783e-02
4.854920e-02
-4.429156e-01
4.538953e-02
-1.434435e-01
-9.281767e-02
-1.893157e-01
1.408202e-01
-1.879806e-02
-1.176767e-01
-2.214172e-01
-1.673310e-02
3.599902e-02
4.181519e-02
2.245129e-02
7.640751e-02
4.132393e-02
7.005396e-02
-1.080813e-01
1.656605e-02
1.886008e-03
4.393843e-03
-1.163128e-02
9.971918e-03
