-1.989282e-01
-1.352612e+00
5.382491e-02
5.632000e+01
1.787475e+02
-1.145636e+01
3.541492e-04
-3.467876e+05
-1.170458e+05
6.380538e+05
2.198261e+05
3.364667e+05
-3.346528e+05
-9.891130e+04
8.646664e+04
-6.411138e+04
2.466211e+05
-3.299649e+03
3.010933e+04
-1.060535e+05
-6.697794e+03
-7.978776e+04
-3.679184e+04
-7.420619e+04
-3.186651e+04
-6.376148e+04
4.773224e+04
-5.773303e+04
7.276685e+03
-3.394109e+04
-7.242574e+04
-2.526849e+04
1.422592e+04
-2.303633e+04
-1.167642e+04
2.113857e+03
1.054814e+04
1.590915e+04
-3.305193e+04
-1.946439e+04
9.730975e+03
-1.884255e+04
-5.101226e+02
-1.743376e+03
3.972045e+03
-1.100176e+04
7.937559e+03
1.118117e+03
3.191018e+03
5.423760e+03
1.304058e+04
-1.042560e+04
-4.744577e+02
1.555025e+03
-1.491961e+04
-2.264041e+03
2.742410e+03
1.133421e+04
3.016260e+03
-1.855607e+04
-9.598702e+03
-3.574574e+03
-3.412711e+03
7.743204e+02
-1.542576e+03
5.236158e+03
2.234702e+03
1.072948e+04
-7.255177e+03
4.373049e+03
6.991404e+03
8.786249e+03
7.725042e+02
-3.650533e+03
-2.509333e+03
2.580095e+03
-1.254076e+03
8.535526e+02
-5.587292e+03
-8.472961e+02
3.600212e+02
-2.061426e+03
-5.547487e+02
-5.577409e+01
4.831050e+03
5.830659e+02
1.835896e+02
-2.217587e+03
1.229290e+02
2.010640e+03
2.368099e+03
-2.435540e+03
6.050361e+02
2.697232e+03
-1.265974e+03
7.686483e+02
1.015059e+03
-3.834419e+02
-1.196584e+03
-1.337112e+03
4.544495e+02
-1.246308e+03
2.378179e+02
-1.115895e+03
1.031767e+03
-1.208141e+03
6.303169e+02
1.102132e+03
1.751375e+03
7.777883e+02
-1.273778e+03
1.078750e+03
6.557321e+02
6.852450e+02
-5.609197e+02
-3.454737e+02
-1.073663e+03
2.575530e+00
-1.616457e+03
4.970312e+01
-7.248826e+02
-4.635419e+02
-7.299371e+02
2.835327e+02
1.243071e+03
-5.021982e+01
-1.441922e+02
-3.809541e+02
-9.660569e+02
-5.359953e+02
6.905405e+02
-1.366088e+02
-4.990498e+01
1.705737e+02
-3.148487e+02
-1.790615e+02
7.752656e+02
-1.426944e+02
2.151873e+02
3.506003e+02
-4.962313e+01
-4.929097e+02
4.687937e+02
-8.193567e+01
-4.338134e+01
3.093796e+02
-7.452677e+01
-2.966007e+02
-7.095648e+01
4.914961e+02
4.057628e+02
1.540614e+02
1.453132e+02
8.032151e+01
-1.103206e+02
1.089002e+02
-6.945139e+01
2.050460e+02
-1.251707e+02
1.385125e+01
1.275564e+02
-1.089415e+02
-1.623710e-01
-1.361328e+02
-1.797441e+02
-6.257329e+00
-1.104598e+01
2.563424e+01
-2.787312e+02
1.605881e+02
5.916675e+01
2.727199e+02
1.641098e+02
1.006390e+02
-1.805018e+01
7.409460e+01
1.225949e+02
1.179815e+02
-8.654465e+01
-1.443939e+02
7.019860e+01
9.362086e+01
-1.449182e+01
-5.010207e+01
6.612253e+01
7.014790e+01
1.806251e+02
1.071124e+02
-1.259856e+02
-4.975536e+01
2.537375e+00
3.629467e+01
3.006551e+01
2.971261e+01
-5.303859e+01
-8.077285e+01
-8.702254e+01
-9.083787e+00
-1.130165e+01
1.034988e+02
6.026224e+01
-7.923031e+01
-1.842194e+01
-9.237985e+01
6.636015e+01
2.928069e+01
-9.307219e-01
8.229659e-01
-2.279104e-01
2.244336e-01
-2.866951e-01
2.068479e-01
-5.040273e-01
-4.808096e-01
2.179712e-01
-2.058076e-01
5.911081e-01
-5.949446e-01
2.684423e-01
6.186999e-02
1.996381e-01
2.663639e-01
-9.290897e-03
-1.094373e-01
-2.585136e-02
-4.219311e-02
-1.355254e-01
6.770370e-02
-2.919855e-01
-1.534139e-01
1.139959e-01
3.699945e-02
-7.731571e-02
-9.102078e-02
-4.794804e-02
