-1.795451e-01
6.905577e-01
-2.006869e-01
4.864000e+01
1.890160e+02
-2.241277e+01
3.706462e-04
-1.756541e+05
-1.948813e+05
1.949623e+05
1.825226e+05
5.803786e+04
-3.273863e+05
1.146707e+04
-1.458282e+04
-1.803735e+05
1.009382e+05
-1.424626e+05
-1.327775e+04
-3.847638e+04
2.861294e+04
-2.749150e+04
1.453665e+04
3.772504e+04
4.440780e+04
-2.375939e+04
3.728270e+03
-9.924749e+02
-9.687182e+03
5.133041e+04
-2.027356e+04
7.116856e+04
2.610062e+04
-7.548277e+04
-5.561135e+03
1.583813e+04
7.641983e+04
-3.812145e+04
-5.471639e+03
-1.709079e+04
-1.187337e+04
-1.232599e+04
-4.020370e+04
3.307265e+03
2.578723e+04
-8.772326e+03
-2.098472e+04
5.154076e+03
1.045329e+04
-6.363068e+03
1.449602e+04
3.227196e+03
2.029880e+03
2.333290e+03
-1.896472e+04
7.374604e+03
8.564526e+03
7.945185e+03
-1.640025e+03
-1.433782e+04
-6.104400e+03
-2.593296e+03
-3.535771e+03
-3.907841e+03
-2.698371e+03
4.584499e+03
2.404476e+03
1.226184e+03
-7.834495e+03
5.955715e+03
-3.875224e+02
7.497674e+02
-4.877340e+03
-1.396428e+03
1.702191e+02
2.547417e+03
2.064128e+03
1.873245e+02
-4.617881e+03
-4.449846e+02
7.341385e+02
7.176356e+02
-6.159133e+02
1.249186e+03
7.043340e+03
1.414723e+03
-3.347556e+03
-7.726894e+02
-1.919609e+03
-7.517332e+02
-3.293105e+02
1.756040e+02
2.038098e+03
4.880829e+03
-2.942171e+03
-5.999966e+02
7.151807e+02
1.428081e+03
-7.132749e+02
-1.501038e+03
-8.693685e+02
-3.194579e+02
-3.141445e+02
-8.753837e+02
1.364447e+03
-7.604723e+02
1.471993e+03
2.930746e+02
-2.055572e+02
1.948570e+03
-1.225871e+03
2.209831e+03
4.659597e+02
1.811704e+03
-2.384392e+01
-1.148186e+03
-6.696660e+02
-3.979430e+02
-3.623856e+02
2.271313e+02
-3.818460e+02
-4.310041e+01
-1.176608e+03
5.594733e+02
9.230843e+02
5.205337e+01
-4.534852e+02
-4.250610e+02
-9.019531e+01
-6.952823e+01
6.247515e+02
4.675004e+02
5.135795e+02
6.497772e+02
-6.613482e+02
5.616595e+02
8.206823e+02
-2.187464e+02
-8.235007e+01
5.709376e+02
-1.780993e+02
-3.785754e+02
6.128065e+01
-4.298542e+02
-6.737867e+01
2.397766e+02
-1.131416e+02
-1.279036e+02
1.246629e+02
4.246288e+02
6.149580e+01
2.894862e+02
4.466875e+02
1.626783e+02
-3.290426e+02
1.189071e+02
2.676754e+02
4.331080e+02
-3.184109e+01
-2.848851e+02
1.789816e+02
8.831357e+01
2.663733e+02
5.130017e+01
1.301738e+02
-1.001591e+02
1.294159e+02
-1.372679e+02
5.624045e+01
2.333337e+02
2.340375e+02
6.634388e+01
-9.188204e+01
1.404384e+02
-5.507952e+01
9.189407e+01
7.805845e+01
5.131659e+01
4.298324e+01
3.486126e+01
-9.068922e+01
5.600539e+01
9.031598e+01
1.878595e+01
9.055678e+01
4.977569e+01
4.277064e+01
-2.451092e+01
-5.145486e+01
5.149098e+01
2.807441e+00
-1.405640e+01
5.007106e+01
8.744484e+00
-5.437405e+01
-1.282779e+01
-1.751786e+00
-2.359767e+01
7.374360e+01
6.204615e+01
-1.050701e+01
-2.781911e+01
-5.005970e+00
-4.854436e+01
3.634536e+01
5.202528e+01
-2.124765e+00
3.552279e+00
-5.680074e-01
1.716514e-01
-1.814204e-01
-1.508002e-01
2.154533e-02
-1.339321e+00
-2.754446e-02
-7.178676e-01
-2.488501e-03
-5.902175e-01
9.153891e-02
1.395019e-01
-2.025412e-01
1.438134e-01
2.283886e-01
8.493739e-02
1.095835e-01
-9.206323e-02
-4.195963e-02
7.834861e-02
1.031798e-01
-8.444876e-02
-2.527816e-01
-9.579819e-02
2.229095e-01
-1.976789e-01
-1.299565e-01
