2.218796e-02
4.775518e-01
5.859100e-02
4.181333e+01
1.692177e+02
-2.436755e+01
3.434577e-04
-1.362960e+05
2.416597e+05
1.970254e+05
9.550864e+02
2.402235e+04
1.336160e+05
-9.292041e+04
7.478534e+04
-1.119287e+05
-1.451074e+04
-2.122643e+04
1.097276e+05
-1.579011e+04
-3.464292e+04
2.049167e+04
6.341634e+04
4.613277e+04
1.775161e+04
-2.303493e+04
3.785661e+04
3.821547e+04
-3.380193e+04
-2.979953e+04
-3.620981e+04
-1.493462e+03
-1.662595e+04
-1.180517e+04
-2.988756e+03
1.006290e+04
-1.705215e+03
5.777034e+03
-1.984210e+03
-8.890037e+03
-1.250420e+04
6.268192e+03
2.571807e+03
-1.032398e+04
5.761112e+03
-1.825223e+04
1.320638e+04
1.794122e+03
-7.330591e+03
-5.991954e+03
3.305127e+03
2.197464e+03
7.628476e+03
7.088270e+02
-6.623930e+03
4.911771e+03
2.085717e+02
6.865424e+03
-2.129314e+03
-4.865513e+03
-4.194983e+03
-1.230195e+03
1.449587e+03
-5.991015e+03
4.973894e+02
5.626391e+02
1.882188e+03
4.244405e+03
3.978278e+02
-2.511502e+02
1.289677e+03
3.312857e+03
4.194880e+03
-2.365272e+03
-2.401607e+03
-1.794191e+03
5.639759e+02
-2.252584e+03
-5.521816e+03
-1.425348e+03
-2.219748e+03
8.429056e+02
-1.507917e+03
1.330244e+03
1.857508e+02
-1.097902e+03
-1.842551e+03
2.282560e+03
-9.359378e+01
1.447531e+03
1.443440e+03
-1.377969e+03
3.242772e+03
2.690654e+02
-1.822101e+02
5.084661e+02
2.184744e+03
-5.094070e+02
-8.070247e+02
1.224655e+03
-1.730917e+03
-1.206945e+03
1.176481e+02
-2.741892e+02
1.095602e+03
-1.332431e+03
5.477383e+02
4.126445e+02
1.545276e+03
1.485071e+03
1.084057e+03
6.786833e+02
-1.887412e+02
-4.586243e+02
-5.281562e+02
-9.483137e+01
2.939262e+02
-4.541620e+02
-3.694817e+02
1.129597e+03
2.240269e+02
4.141384e+02
-3.897246e+02
6.881427e+02
-2.024350e+02
6.657529e-01
3.747068e+02
1.692804e+02
1.236690e+02
1.533713e+02
1.358513e+02
7.148598e+01
-1.447215e+02
1.065255e+02
2.198562e+02
-3.693183e+02
4.618715e+02
-7.652286e+01
-1.561190e+02
-3.728904e+01
-3.000247e+01
1.626315e+01
-6.450690e+01
4.808909e+02
-1.342093e+02
1.638855e+02
-2.737274e+02
-3.498320e+02
1.733027e+01
1.149934e+02
1.233132e+02
1.590967e+02
-3.485140e+01
-5.680175e+01
3.903559e+01
-2.165450e+00
2.908571e+01
1.485692e+02
-1.324497e+02
1.417539e+02
2.005346e+02
5.088713e+01
-4.456918e+01
1.921951e+01
-1.639394e+02
-3.800353e+01
-8.989553e+01
2.260603e+02
-2.387922e+02
-1.888651e+02
4.974340e-01
1.158223e+02
8.399524e+01
1.821671e+01
-1.682848e+02
-1.313156e+02
-6.705121e+00
-9.257786e+00
-7.941416e+01
3.918763e+01
1.145764e+02
-1.366797e+01
-5.306259e-01
1.784766e+01
4.297664e+01
-3.744582e+01
-1.331074e+01
-1.744174e+01
-6.338683e+01
-1.460927e+01
2.590455e+01
2.697953e+00
-4.696863e+01
1.641312e+01
3.438119e+01
-2.020151e+01
-3.552835e+01
2.352234e+01
-3.652811e+01
-6.092581e+00
2.993764e+01
-1.927462e+01
2.909654e+01
1.514131e+01
-7.581665e+00
2.199393e+01
-1.424613e-01
-2.405786e+00
-4.751028e-01
-1.925045e-01
8.008460e-02
3.187768e-01
-2.231970e-01
-2.954092e-01
-9.890854e-02
3.092003e-01
1.129373e-01
-3.669148e-01
5.820782e-02
1.084821e-01
3.492482e-02
1.908746e-01
-3.819753e-02
-1.088782e-01
6.105552e-03
-2.748694e-01
-5.172184e-02
1.862442e-01
-9.294429e-02
-3.692717e-02
-2.378962e-01
4.491215e-02
9.284786e-03
4.121529e-02
8.286189e-02
