-9.551948e-02
-1.083517e+00
-7.651100e-02
5.233778e+01
1.813033e+02
-1.707357e+01
3.548164e-04
-1.629985e+05
1.070139e+05
1.839839e+05
-3.177388e+04
-6.626968e+04
-5.119261e+04
-9.373029e+04
-6.619279e+04
-1.748381e+05
7.460146e+04
-1.745954e+04
1.099235e+05
-3.478231e+04
-9.254310e+03
4.283647e+02
3.397529e+04
1.340593e+04
3.462252e+04
-3.638771e+04
7.926023e+03
-3.398081e+04
-3.059182e+04
-1.671684e+04
-2.076213e+04
9.947429e+02
-1.167101e+04
-1.664262e+04
-4.152389e+03
1.068240e+04
2.255573e+04
-8.106385e+03
-2.382053e+04
5.045009e+03
-1.928375e+04
-1.564025e+04
4.958339e+03
-1.240352e+02
-5.750759e+02
-1.246749e+04
8.526576e+03
-1.241299e+03
7.550745e+02
4.639470e+03
-1.841566e+03
-1.778417e+03
-3.165232e+03
-2.069156e+03
-5.220372e+03
6.360257e+03
-1.041820e+03
5.828430e+03
4.789956e+03
-8.719863e+03
-6.593178e+03
-1.706398e+03
-3.742692e+02
-4.890278e+03
5.750745e+03
1.289928e+03
5.194164e+03
5.432731e+03
-8.327570e+02
-3.387788e+01
4.409687e+03
4.270710e+03
5.448774e+02
-2.157818e+03
-1.245483e+03
1.476530e+02
4.587964e+02
7.386306e+01
-4.146976e+03
-7.941320e+02
6.141744e+02
-1.729456e+03
-1.493325e+03
-6.196137e+02
2.457774e+03
-5.651121e+02
-1.102180e+03
8.673800e+01
-9.474847e+02
2.144252e+03
-5.782618e+01
-4.017982e+02
2.017666e+03
2.547623e+03
-2.055410e+03
1.912492e+02
1.655234e+03
-3.439197e+02
4.627675e+02
-5.504910e+02
-8.392935e+02
-8.765748e+02
1.896257e+01
-1.358119e+03
6.765134e+02
-1.360579e+01
5.169894e+02
1.066665e+03
7.282100e+02
1.080410e+03
4.556860e+02
7.668499e+02
-5.895070e+02
5.200228e+02
-1.309722e+02
-2.807773e+02
-5.089472e+02
-2.934978e+02
-2.819425e+02
6.396027e+02
-5.605883e+02
3.805760e+02
-3.116520e+02
1.506034e+02
4.416812e+02
-7.758607e+01
-1.023901e+01
2.802867e+01
-2.208703e+02
-3.741658e+01
2.184561e+02
2.383823e+02
2.114814e+02
3.800607e+02
-4.478943e+02
-2.341503e+02
6.038055e+02
-1.776820e+02
8.211857e+01
1.210346e+02
-2.488422e+02
-1.609218e+02
4.095739e+01
6.472714e+01
5.502810e+01
1.280369e+02
-1.383762e+02
-2.569779e+02
6.848140e+01
7.270064e+01
1.332813e+02
2.238533e+02
9.443936e+01
1.470775e+01
-1.466586e+02
-3.709811e+01
6.247741e+01
1.466077e+02
1.944870e+01
5.687326e+01
7.123581e+01
6.389457e+01
-5.484966e+01
4.742649e+01
-1.163960e+02
3.367398e+01
-1.368828e+01
1.447631e+02
-1.545160e+01
-3.155804e+00
3.627797e+01
1.568156e+02
7.746938e+01
8.742304e+01
-3.226237e+01
-2.086932e+01
6.137519e+01
7.410845e+01
-1.974071e+01
5.816170e+01
6.638542e+01
-1.957386e+01
-1.378365e+01
1.833037e+01
7.468643e+01
-9.976886e+00
-3.020296e+01
4.773945e+01
-9.849352e+01
-1.647354e+01
-9.879362e+00
4.501683e+01
1.120989e+01
-3.085912e+01
-2.182300e+01
-1.479889e+01
8.246575e+00
3.633607e+01
-2.346442e+01
3.630974e+01
1.901360e+00
-2.347161e+01
6.264372e+01
-2.698972e+01
1.725124e+01
1.891256e+01
-5.676873e-01
-2.229389e-01
-2.023945e-01
5.107457e-01
-7.990555e-02
2.121408e-01
-2.241712e-01
-4.896964e-01
1.653955e-01
-2.226207e-01
2.466236e-01
5.071723e-03
4.377163e-01
-3.618312e-02
7.915333e-02
6.046908e-02
-1.192427e-02
-7.645587e-02
-3.306985e-02
5.649192e-03
-2.065655e-01
1.727534e-01
3.623831e-02
-4.242441e-02
-4.324428e-02
1.251822e-02
1.021518e-02
-1.864261e-02
-8.555923e-02
