-1.078399e-01
1.436986e+00
-2.117107e-01
5.575111e+01
1.712079e+02
-9.978881e+00
3.376770e-04
1.072968e+05
6.739638e+04
-2.239462e+04
9.162216e+04
-1.844678e+05
1.751883e+05
2.047154e+04
-6.323521e+04
-1.217489e+04
4.547506e+03
1.083155e+05
9.493062e+04
5.677594e+03
-1.283747e+04
-5.624246e+04
5.586863e+04
4.464916e+04
5.644187e+04
-1.373707e+04
2.774790e+04
3.513986e+04
-5.006478e+04
4.018218e+03
-1.869635e+03
2.314463e+04
-2.513492e+04
-8.705698e+03
-1.415081e+04
8.191872e+03
-1.728027e+04
-1.097402e+04
7.515729e+03
-1.323505e+03
-5.413019e+03
-4.905153e+03
1.677337e+04
-1.762493e+03
1.472704e+04
-1.772924e+04
-1.602285e+02
2.582260e+03
1.515642e+03
4.210958e+03
-1.093043e+04
6.756439e+03
3.702365e+03
-2.947778e+03
4.894848e+03
7.674632e+03
-6.189594e+03
5.148960e+03
3.170749e+03
1.877607e+03
-3.243407e+03
-4.101611e+03
-1.552633e+03
-9.810853e+03
2.498862e+03
3.503603e+01
1.739266e+03
-1.707200e+02
-1.343417e+03
-3.248925e+03
1.599385e+03
2.120313e+03
2.179008e+03
1.053768e+03
-2.144537e+02
8.773428e+02
2.116917e+03
-1.496068e+03
-2.405048e+03
-6.907369e+02
-1.361912e+03
7.320115e+02
2.898449e+02
3.239231e+02
8.664384e+02
-7.946172e+02
-1.453630e+03
3.627452e+02
-5.830505e+02
1.918269e+03
-1.607411e+02
-4.126971e+02
2.457266e+03
-3.599597e+02
-3.695739e+02
3.939614e+02
8.420524e+02
1.929768e+01
6.406910e+02
1.014649e+03
-8.439180e+02
-1.253889e+02
9.872897e+02
3.438173e+02
9.980109e+02
-1.403581e+03
3.173423e+01
2.151832e+01
1.043337e+03
5.166237e+02
1.770116e+02
-9.183040e+00
-5.220469e+02
-8.371931e+02
-7.229608e+02
4.652128e+02
4.996970e+02
-5.710313e+01
1.909133e+02
4.955117e+02
1.327388e+02
6.740366e+01
-2.453413e+02
3.741367e+02
-7.349307e+02
-2.349301e+02
6.315070e+02
3.122544e+02
4.958618e+02
2.087370e+02
-2.183131e+02
1.575756e+02
2.360779e+02
2.076469e+02
3.837999e+02
-2.379755e+02
2.344369e+02
-2.413380e+01
-8.095007e+01
-8.533767e+01
9.832939e+01
3.160385e+02
-2.032885e+02
1.726223e+02
-8.032410e+01
4.767653e+01
-9.076594e+01
-2.882271e+02
1.280927e+02
-9.517735e+00
-7.788699e+01
-3.502216e+01
1.553647e+02
-5.929999e+01
-9.614655e+01
4.098624e+01
1.798337e+02
-5.113520e+01
4.379976e+01
1.350393e+01
1.168442e+02
5.608656e+01
-9.151923e+01
8.484901e+01
-5.349697e+01
3.432513e+01
-3.297790e+01
1.649713e+02
-6.442828e+01
-1.743030e+02
2.607823e+01
1.613439e+02
-4.424012e+01
-6.405704e+01
-4.369327e+01
-8.510789e+01
-2.068648e+01
-7.626994e+01
-1.074376e+02
5.325014e+01
7.070097e+01
-7.135826e+01
9.919792e+00
6.715241e+01
2.869184e+01
-6.225721e+01
-5.241126e+01
-2.571220e+01
1.616399e-01
-1.806487e+01
2.623212e+01
-2.661905e+01
-6.434775e+01
1.905374e+01
5.518180e+01
3.533480e+00
5.710849e+00
-1.335403e+01
-3.061517e+01
-4.659022e+01
-1.283642e+01
3.390613e+01
2.960556e+01
2.733104e+01
4.114515e+00
6.131444e+00
1.243141e+00
-8.235583e-01
-7.623542e-02
7.051950e-02
1.393858e-01
1.809280e-01
1.551744e-02
2.509043e-01
6.106319e-03
2.086174e-01
-2.824582e-01
-1.136397e-01
-1.449887e-02
1.273336e-02
-1.024534e-01
2.804021e-02
2.877111e-02
-9.278824e-02
-2.084099e-02
-2.683653e-01
-7.923296e-02
6.596012e-02
-1.377112e-01
2.825442e-02
-1.908677e-01
-1.749681e-02
-8.007581e-02
-1.223291e-03
3.066404e-03
