-3.414195e-01
1.424992e+00
9.222535e-02
5.376000e+01
1.839715e+02
-9.700438e+00
3.404848e-04
-1.756569e+05
-1.422609e+05
5.362231e+04
-5.245323e+04
7.227898e+04
-3.586841e+04
1.410171e+04
-5.865470e+03
-2.244070e+05
-5.509627e+04
-9.426455e+04
8.054774e+04
-4.825354e+04
5.931947e+03
-1.148026e+01
-2.547034e+04
2.459207e+04
3.540415e+03
-7.629478e+03
-1.896311e+04
3.130608e+03
-2.543148e+04
1.562041e+03
-4.814746e+04
1.660999e+04
-1.944090e+04
-3.202231e+04
2.677025e+04
-1.571377e+03
1.289091e+04
5.397075e+02
7.378082e+03
-1.156899e+04
-5.769095e+03
-3.118903e+03
-1.444119e+04
-1.146943e+04
5.818192e+03
3.773444e+01
9.549021e+03
9.774682e+02
-9.019832e+03
-2.939576e+03
6.968238e+03
-3.117603e+03
6.216081e+03
-3.630073e+03
-8.597105e+03
6.377985e+03
6.813470e+03
1.080578e+04
-2.155896e+03
-1.016030e+04
-5.215237e+03
2.691882e+03
-1.305714e+03
-7.414641e+02
8.503857e+02
3.545809e+03
3.113153e+03
4.713043e+03
-2.617127e+03
3.397623e+03
-3.791940e+02
-9.168347e+02
-7.871746e+02
2.648810e+02
4.899114e+02
-3.760453e+02
1.429192e+03
1.514310e+03
-4.752133e+03
4.981013e+02
-2.466614e+03
1.154694e+03
-2.124842e+03
1.788462e+03
2.652293e+03
1.489301e+03
-1.281690e+03
-4.441704e+02
-1.095226e+01
-1.037510e+03
4.467778e+02
5.059133e+02
1.670396e+03
1.782351e+03
-1.680752e+03
1.222539e+03
2.354041e+03
4.865256e+02
-1.826530e+02
-1.801960e+02
-8.638686e+02
-5.346080e+02
-5.235408e+02
-1.137617e+03
3.508238e+00
-1.687764e+02
1.395258e+03
7.045118e+02
4.098656e+02
1.564084e+03
8.887031e+01
1.253952e+03
-2.442516e+02
8.650562e+02
3.206945e+02
-3.814814e+02
1.058299e+02
-8.014396e+02
-2.346547e+02
2.488584e+02
4.115457e+01
3.565479e+02
-4.268911e+02
2.022945e+02
7.023907e+02
-4.979106e+02
-2.887399e+02
8.929812e+01
4.344805e+01
-3.374879e+02
5.362711e+02
4.665919e+02
-2.749945e+01
1.692793e+02
-4.086609e+02
2.072476e+02
4.354865e+02
-1.919226e+02
2.443719e+01
-2.247290e+01
-2.226078e+02
9.096893e+01
-2.752242e+01
2.950750e+02
-5.449019e+01
8.944392e+01
8.326507e+01
-2.083354e+00
-3.464195e+01
2.090689e+02
1.070987e+02
1.991491e+02
1.011766e+02
-3.360393e+01
-8.115593e-01
-4.921047e+01
-5.957955e+01
1.934055e+02
-6.165162e+01
-1.573658e+02
1.652701e+02
6.266181e+00
1.017072e+02
-7.600852e+00
-3.549218e+01
-6.200603e+01
-5.045348e+01
1.326556e+02
-5.253962e+01
6.539444e+01
1.314542e+02
-1.233428e+01
6.851128e+01
1.404405e+02
1.483442e+01
-8.097981e+01
-2.331697e+01
2.258826e+00
-5.190453e-01
4.665219e+01
-2.450502e+01
8.315473e+01
-1.299852e+01
-1.903884e+01
6.899757e+01
-1.881661e+01
8.283561e+01
-3.059043e+00
-1.111020e+02
2.612761e+01
1.601650e+01
2.219923e+01
-2.285408e+01
2.264782e+01
-1.436428e+00
1.382138e+01
-8.316128e+00
-7.450546e+00
-2.195899e-02
2.274422e+01
1.667448e+00
-7.369579e+01
1.310796e+01
-1.403289e+01
2.532673e+01
3.947429e+01
-2.456673e+00
1.729065e+00
-1.826345e-01
1.202169e-01
2.715489e-01
-4.934299e-01
-1.447833e-01
-7.067416e-01
-7.688776e-02
-4.638053e-01
2.542095e-01
-2.559309e-01
3.355319e-02
3.871558e-03
1.087063e-01
3.843753e-02
1.600910e-03
2.628159e-02
-2.311109e-02
3.033477e-02
-5.563532e-02
1.358198e-01
1.208713e-01
-1.263183e-01
6.044875e-02
5.842863e-02
3.218662e-02
-2.747924e-02
1.134940e-02
