-3.811475e-01
1.520715e+00
-5.699926e-02
5.717333e+01
1.896983e+02
-6.811448e+00
3.442929e-04
-6.310896e+04
-3.546012e+05
6.193434e+04
1.086784e+05
1.410198e+04
1.706938e+04
-16672
5.588432e+03
-1.028711e+05
1.373014e+04
1.366592e+04
5.144714e+04
-2.067940e+04
-2.802688e+04
-2.425943e+03
7.101897e+03
-7.396933e+02
5.407354e+03
-3.724267e+03
-1.004437e+04
1.918833e+04
-2.024324e+04
2.450194e+04
-4.252001e+04
1.213308e+03
-6.908422e+03
-2.914447e+04
1.376666e+04
9.522532e+03
4.857546e+03
2.852612e+03
6.029508e+03
-3.216201e+03
4.239321e+03
-7.084807e+03
-1.553741e+04
4.313467e+02
1.363481e+04
-5.846562e+03
-4.229011e+03
7.234670e+03
-4.584067e+02
-3.212371e+03
3.490621e+03
2.787199e+02
4.807020e+03
-8.310179e+03
-7.948564e+03
7.214595e+03
9.217012e+02
1.077253e+04
-1.325247e+03
-1.021369e+04
-2.640212e+03
7.839353e+02
-2.678286e+03
-2.930930e+03
1.930577e+03
4.016949e+03
5.586658e+03
2.831978e+03
-5.228524e+03
3.196163e+03
5.174055e+01
-8.122852e+02
-1.104458e+03
9.222607e+02
1.418468e+03
1.269315e+03
2.864607e+03
2.104432e+03
-4.018153e+03
-3.764367e+01
-1.239421e+02
4.009994e+02
-1.088542e+03
1.235326e+03
3.218031e+03
1.755177e+03
-1.008997e+03
-7.458488e+02
-4.986163e+02
-1.077859e+02
4.282958e+02
5.531717e+02
1.715558e+03
2.037448e+03
-1.554646e+03
6.417087e+02
8.611518e+02
7.857897e+02
3.718499e+02
1.174804e+02
7.977087e+01
2.317067e+01
-3.031379e+02
-1.003558e+03
5.112354e+02
-2.645071e+02
1.492098e+03
3.383002e+02
7.105928e+01
1.102622e+03
-4.918719e+02
1.519013e+03
-1.994311e+02
9.458497e+02
1.314747e+02
-2.157635e+02
-6.315717e+01
-3.238680e+02
-2.497546e+02
8.810795e+01
7.345204e+01
-3.360524e+00
-3.683484e+02
4.136911e+02
3.525426e+02
-3.556119e+02
5.336312e+01
1.008236e+02
-1.727363e+00
-3.496125e+02
4.841376e+02
2.880988e+02
4.324018e+01
1.952261e+02
-2.212681e+02
1.539277e+02
5.752141e+02
-2.576177e+02
6.240988e+01
9.743743e+01
-1.115404e+02
1.459106e+02
-6.531552e+00
-4.531663e+01
-8.993289e+01
1.065163e+02
1.809082e+02
-1.627130e+02
8.828582e+01
2.534187e+02
-7.207806e+01
1.890672e+02
2.427337e+02
-4.289457e+01
-1.802581e+02
-6.964858e+01
4.806083e+01
2.304909e+01
-9.195240e+01
-1.764680e+02
1.104475e+02
-2.010030e+01
1.507328e+02
-3.646124e+01
4.715472e+01
-1.286613e+01
2.233390e+01
4.372172e+01
5.236191e+01
1.148765e+02
1.324663e+02
7.599844e+01
8.898801e+00
5.384093e+01
7.872801e+01
-2.513734e+01
-9.417218e+00
-1.275123e+01
-1.478908e+01
1.124030e+01
6.522967e+00
5.822809e+01
1.173302e+01
2.654776e+00
6.482769e+01
-3.198414e+01
7.137781e+01
5.364950e+00
-2.453220e+01
5.024306e+01
1.503648e+01
3.104933e+01
-4.355855e+01
1.478852e+01
-3.561958e+00
-6.099889e+00
-3.156600e+01
-2.515444e+01
-2.086143e+00
2.446357e+01
-9.370746e+00
-5.037672e+01
9.493324e+00
-1.105272e+01
4.042408e+01
2.851168e+01
-1.755889e+00
3.135566e+00
-3.236161e-01
1.254907e+00
2.262563e-02
-1.564104e-01
5.838678e-02
-6.585092e-01
-2.901295e-02
-4.657432e-01
-3.022773e-01
-2.933250e-01
3.438338e-02
4.322764e-02
3.180797e-02
-1.345864e-02
3.531568e-02
1.087546e-01
5.319951e-02
-2.651271e-02
1.153376e-01
8.927329e-02
5.733883e-02
-5.232222e-02
2.355515e-02
3.816542e-02
-2.528436e-02
-1.266219e-01
-5.088013e-02
