-2.316201e-01
-1.421674e+00
8.907862e-02
5.290667e+01
1.870692e+02
-1.119274e+01
3.360405e-04
-2.187541e+05
8.091670e+04
2.066414e+05
-9.743706e+04
2.481795e+05
-2.817508e+05
8.518220e+04
-3.173361e+04
-8.082601e+04
8.288099e+04
-6.917818e+04
4.284817e+04
-6.725041e+04
2.550062e+04
-8.184835e+03
-9.287645e+04
4.846664e+04
-1.280618e+04
3.676640e+04
-2.828932e+04
3.336204e+04
1.236122e+04
-2.784320e+04
5.240800e+03
-1.853077e+04
2.767210e+04
3.478286e+03
-4.408001e+04
-1.382709e+04
-5.822976e+03
-2.722820e+04
1.941583e+03
8.643578e+03
-1.581997e+04
-2.860190e+03
-1.092482e+04
5.046101e+03
5.936761e+03
-1.395477e+04
7.165221e+03
3.879913e+03
-3.790284e+03
5.372068e+03
4.866123e+03
-4.946721e+02
-2.056228e+03
-4.411921e+03
4.074163e+03
-7.671187e+02
2.635384e+03
5.286989e+03
6.459724e+03
-6.220935e+03
-1.052221e+04
2.674298e+03
2.473447e+02
1.695094e+03
-3.349955e+03
8.727742e+02
3.092123e+03
4.734137e+03
-1.357702e+03
5.598964e+03
1.121422e+03
2.344780e+03
-6.761926e+02
-2.312261e+02
-4.232017e+03
-2.245424e+03
4.455972e+02
-2.826706e+03
-1.839068e+03
1.397480e+03
-2.730743e+02
-1.844441e+03
1.221918e+03
2.285934e+03
1.194613e+03
-3.417303e+01
-1.666420e+03
-1.410340e+02
-2.814915e+02
1.187161e+03
5.264155e+02
1.933670e+03
1.308207e+03
2.374568e+03
-2.530950e+02
-1.090763e+03
3.916861e+02
-2.068250e+03
-6.506752e+02
-1.108943e+03
1.565849e+02
-4.891414e+02
5.338834e+02
-1.260154e+03
3.477098e+02
-1.192082e+03
3.089595e+02
1.252469e+03
1.709088e+03
1.213861e+03
5.042589e+02
6.129421e+02
5.243913e+01
2.854041e+02
-1.751478e+02
-2.976833e+02
-1.170532e+03
-6.107565e+02
-4.622654e+02
2.083556e+02
9.922410e+02
1.163490e+03
-3.301691e+02
1.553332e+02
7.259723e+02
-1.107505e+02
3.161050e+02
-4.129385e+02
-5.311794e+02
-7.499741e+01
3.782923e+02
2.461862e+02
-3.421082e+02
-2.340125e+02
-2.118853e+02
-3.983437e+02
1.773295e+02
7.311127e+01
-1.365675e+02
3.338527e+01
-2.790591e+02
-1.549124e+02
2.865205e+02
-1.003338e+01
-8.688024e+01
1.050105e+02
-3.371353e+02
-3.349167e+02
-5.129731e+01
5.637693e+02
1.344812e+02
3.330813e+02
-1.391419e+02
-7.155369e+01
-4.272205e+01
2.533283e+00
-2.844543e+01
3.325380e+00
1.719021e+02
7.301553e+00
2.402957e+01
-3.427055e+00
1.269347e+01
-1.477869e+02
-3.164199e+02
4.817651e+01
6.802897e+01
1.639240e+02
-2.208813e+02
3.805559e+01
1.593640e+02
5.857865e+01
1.503371e+02
1.097501e+02
-1.029267e+02
4.568270e+01
1.718512e+02
1.179253e+02
-6.160374e+01
-3.627442e+01
2.443116e+01
1.172018e+02
7.484955e+00
-9.606028e+01
4.663932e+01
7.075750e+01
4.676880e+01
9.829354e+01
-7.063693e+01
-1.428192e+01
4.818190e+01
2.891152e+01
-2.044296e+01
-4.683293e+01
-5.605001e+01
-3.197889e+01
-1.235970e+01
1.149310e+01
-2.440941e+01
6.698157e+01
1.665410e+00
-7.282281e+01
-1.482531e+01
-7.150956e+00
3.507718e+01
3.010952e+01
-1.765987e+00
-1.806963e+00
5.081496e-01
1.755121e-01
4.554410e-02
1.873812e-01
-4.642290e-02
-2.286871e-01
3.950169e-01
1.451178e-01
7.780235e-01
-1.913153e-01
6.588747e-02
-1.011088e-01
2.042249e-01
4.736182e-02
-1.353769e-01
-8.163439e-02
-7.133119e-02
2.265632e-01
-1.034854e-01
2.092786e-01
-1.275677e-02
-1.024145e-01
2.345388e-01
-5.918961e-02
2.037092e-02
1.612536e-02
-1.707467e-01
