-1.285668e-01
1.425231e+00
-2.057769e-01
5.717333e+01
1.797543e+02
-1.117527e+01
3.457218e-04
7.803074e+04
-6.716142e+04
-3.832557e+05
-1.526113e+05
-1.898706e+04
5.348456e+04
9.158751e+04
-8.806640e+04
9.035564e+03
-4.453054e+04
-5.857418e+04
1.029942e+05
6.616418e+04
1.707648e+04
4.590589e+04
-1.890067e+04
4.910461e+04
4.352159e+04
5.408052e+04
-1.659716e+04
2.451872e+03
1.065192e+04
3.045304e+04
1.338821e+04
-3.503793e+04
-6.654482e+03
-2.188956e+04
1.222310e+04
-5.345109e+03
-3.357439e+04
-5.246364e+03
2.028209e+04
3.226293e+04
1.655857e+04
-2.489214e+03
-4.492148e+03
6.916602e+03
6.921995e+03
-1.104922e+04
4.538436e+03
4.584327e+03
9.141613e+03
9.700672e+03
-1.974741e+03
-3.064085e+03
-5.104542e+03
3.181994e+03
1.269509e+04
6.836404e+03
-4.728297e+03
-1.736827e+02
1.676130e+03
2.165179e+02
-1.713633e+03
2.615038e+03
-1.726439e+03
-4.524226e+03
2.562726e+03
3.722666e+03
-1.405376e+03
1.414341e+03
-1.667680e+03
2.024855e+03
-2.622818e+03
-2.341981e+03
4.854613e+02
3.559838e+03
1.032099e+03
-1.774533e+03
1.141099e+03
1.581910e+03
-2.039421e+02
5.477103e+02
-1.482214e+03
-3.095489e+03
5.831946e+02
-8.135532e+02
5.610410e+02
1.969011e+03
-1.768165e+03
3.659598e+02
2.270076e+02
-2.445540e+01
6.194745e+02
2.723287e+03
1.518820e+03
1.295101e+03
-4.407620e+02
-3.273134e+02
1.011265e+03
-7.991472e+02
-5.963943e+02
-1.976838e+02
3.292787e+02
-2.081728e+02
1.220146e+03
-5.417358e+02
-1.067221e+03
-4.271964e+02
5.195268e+02
9.154308e+02
5.912612e+02
1.544445e+03
5.404120e+02
-7.892799e+01
-5.540840e+02
-2.835399e+02
-2.053775e+02
2.106372e+02
1.748552e+02
-8.310385e+02
-4.682664e+01
3.291890e+02
7.594254e+02
3.659417e+02
-2.297267e+02
8.767359e+01
-4.175889e+02
-5.580468e+02
1.639422e+02
-4.518792e+01
8.108447e+01
-1.186926e+02
1.806431e+02
5.339931e+02
-2.444250e+02
6.062709e+01
1.093661e+02
-2.469954e+02
-1.578143e+02
-3.282064e+02
-2.715268e+02
-4.053280e+02
-1.982753e+02
2.077864e+02
1.908981e+02
1.825867e+01
-1.055440e+02
-1.172640e+02
7.611698e+01
-1.096771e+02
4.554081e+01
4.759200e+01
1.120479e+02
6.978670e+01
-8.083958e+01
-1.320688e+02
-7.833248e+01
-1.182584e+02
1.093388e+02
-1.208541e+02
7.050544e+01
-6.230918e+01
-4.740436e+01
-3.720753e+01
4.980862e+01
-1.381820e+02
-1.620191e+02
-2.100124e+01
8.309441e+01
1.238169e+02
-6.646072e+01
-2.973844e+01
3.974500e+01
3.953759e+01
6.154068e+01
2.927325e-01
9.240201e+01
-1.112627e+02
1.181040e+02
4.140300e+01
-5.007878e+01
1.269091e+02
6.476261e+01
1.571922e+01
1.803182e-01
-1.622512e+01
9.132541e+01
-4.175672e+01
-2.859577e+01
5.527361e+01
-1.683006e+01
1.748840e+01
4.821295e+01
2.509332e+01
-1.330511e+01
8.341682e+00
-1.035854e+00
-2.094535e+01
2.183138e+01
-4.026305e+01
-3.173002e+01
-1.641049e+01
-4.454426e+01
-1.505249e+01
1.962970e+00
2.465668e+01
1.178564e+01
1.227250e+00
-1.283890e+00
-3.701869e-03
-7.053969e-02
-3.418199e-01
3.431261e-01
-1.718104e-01
4.286413e-01
9.388306e-02
2.859116e-01
2.348978e-01
1.805558e-01
4.370140e-02
-6.826854e-02
-1.546157e-02
-2.757328e-02
-1.505084e-01
-8.349572e-02
8.480490e-02
1.175693e-01
1.042547e-01
1.433152e-01
1.062626e-01
1.529654e-02
-1.876535e-02
1.706370e-01
3.663255e-03
-8.115789e-02
-3.722375e-02
-4.146784e-02
