-7.398117e-02
-1.181715e+00
1.182907e-01
5.461333e+01
1.764525e+02
-1.437454e+01
3.560862e-04
-1.946526e+05
-3.143355e+05
2.528731e+05
9.564492e+04
-6.787982e+03
9.061754e+04
-1.418201e+05
6.133144e+04
-1.896134e+05
1.251869e+04
-1.326734e+03
3.365719e+04
-3.405413e+04
-4.285895e+04
-3.725771e+04
3.015549e+04
-5.140312e+03
5.415147e+03
-3.036972e+04
8.979846e+03
-3.326768e+03
-3.724880e+04
6.574058e+03
-7.430474e+04
2.679199e+04
-1.997799e+04
-3.108470e+04
2.576512e+04
2.726974e+04
1.230939e+04
1.350917e+03
-1.179444e+04
-4.785941e+02
8.357266e+03
-2.674501e+03
-3.046004e+03
-3.147215e+03
1.348024e+04
-3.450192e+03
-2.936459e+03
3.776795e+02
-4.667910e+03
-3.200991e+03
1.019370e+04
-3.650950e+03
5.278792e+03
-9.230602e+03
-8.955729e+03
8.101442e+03
3.093565e+02
9.203758e+03
-1.084746e+03
-1.121757e+04
-1.343351e+03
-1.028619e+03
-1.689031e+03
-6.104789e+03
1.984249e+03
2.344687e+03
6.546078e+03
6.269637e+03
-3.694750e+03
1.126404e+03
2.887819e+03
2.082568e+03
2.382179e+02
-1.280006e+03
9.592566e+02
2.315093e+03
3.367982e+03
6.433364e+02
-5.185478e+03
-7.890042e+02
-1.008242e+03
1.435264e+03
-2.384334e+03
7.953618e+02
3.720591e+03
1.292274e+03
-5.903502e+02
-1.089182e+02
-1.186100e+03
6.353150e+02
5.238571e+02
-7.947095e+02
2.950990e+03
2.236103e+03
-1.816495e+03
6.517773e+02
1.520375e+03
9.293672e+02
7.747051e+02
2.155800e+02
-4.228769e+02
-5.497156e+02
-2.087902e+02
-1.133104e+03
1.233924e+03
-6.285523e+02
1.071321e+03
7.278281e+01
5.488594e+02
1.188923e+03
-1.751024e+02
1.981054e+03
2.321980e+01
7.456117e+02
-3.434590e+02
-6.603068e+02
-1.768481e+02
-3.683687e+02
-1.709058e+02
3.290255e+02
-4.189729e+02
3.258657e+01
-6.466949e+02
7.033828e+02
3.118748e+02
-4.045222e+02
3.380965e+01
2.996257e+02
9.317363e+01
-4.320964e+02
3.852998e+02
7.954094e+01
3.711844e+01
3.406351e+02
-4.643077e+02
1.774196e+02
9.504420e+02
-2.238036e+02
7.302329e+01
4.388297e+02
-1.384048e+01
7.505698e+01
-1.350470e+02
-7.253382e-01
-2.039132e+02
2.218719e+02
2.036285e+02
-2.809472e+02
-7.067683e+01
2.374436e+02
5.161270e+00
2.084749e+02
3.778968e+02
7.905392e+01
-1.305724e+02
-3.165903e+01
1.948239e+00
2.419712e+02
-1.641570e+02
-1.743759e+02
1.462523e+02
-1.187944e+01
1.159570e+02
5.379224e+01
1.036303e+02
-1.523295e+01
4.655610e+01
6.390130e+01
-4.953731e+01
1.035152e+02
8.106798e+01
1.080691e+02
3.811908e+01
7.202756e+01
-7.153994e+00
-1.814716e+01
-6.174509e+01
-1.351615e+01
-1.173754e+01
-1.008288e+01
6.392295e+01
-7.600429e+00
9.861846e+00
6.465778e+01
7.030996e+01
-3.483449e+00
7.530807e+01
4.282186e+00
-6.968217e+01
5.371698e+01
-3.726957e+00
2.810038e+01
-7.349366e+01
3.150209e+01
-2.352316e+01
1.817880e-01
-7.331655e+01
-1.758170e+01
-9.428783e+00
1.801017e+01
5.715553e-01
-2.973679e+01
2.551128e+01
-4.812859e+01
3.322996e+01
2.482571e+01
-1.920780e+00
3.916497e+00
-4.412459e-01
8.703617e-01
2.200583e-01
-5.035950e-02
-2.849233e-01
-9.683843e-01
-7.877283e-03
-6.034110e-01
-1.064985e-01
-6.232982e-01
6.584099e-02
1.032434e-01
2.794782e-02
1.393837e-01
4.863508e-02
-4.331713e-02
3.935745e-02
-1.995443e-01
-8.367047e-02
1.340845e-01
-9.438047e-03
-7.861696e-02
-1.033342e-01
1.806130e-02
1.130592e-02
-9.781261e-02
-5.673964e-02
