-1.170611e-01
-4.232341e-01
4.797069e-02
4.778667e+01
1.897705e+02
-2.881804e+01
3.690576e-04
-5.601169e+04
-2.814052e+05
1.514737e+05
-3.404602e+05
-1.497475e+04
1.220551e+04
5.764418e+04
-3.917538e+04
-3.918780e+04
-6.454470e+02
7.349455e+04
1.974032e+05
-4.188527e+04
-4.521544e+03
-2.264555e+04
-4.438460e+04
5.512487e+04
-5.024708e+02
-1.002008e+04
-1.063961e+05
3.245074e+03
1.494212e+04
-4.614983e+04
-3.436175e+04
-1.020482e+05
-1.209665e+04
-2.713175e+04
-2.750182e+04
-8.602718e+03
-5.682034e+04
-1.543758e+04
3.045419e+04
1.375048e+04
9.405819e+03
-3.682008e+04
-9.859470e+02
-8.433087e+03
-8.292140e+03
9.180783e+03
1.357789e+04
2.155460e+04
-3.081554e+04
4.103225e+01
1.043577e+04
-5.119104e+03
-5.703475e+02
-1.021493e+04
2.691582e+03
-6.896351e+03
-1.750863e+03
8.051807e+03
4.766364e+03
-1.341949e+04
-8.461312e+03
4.880387e+03
-2.547540e+03
-3.599548e+03
-5.602401e+03
9.279223e+03
4.195043e+03
7.591266e+03
-5.868250e+03
3.376349e+03
-4.293336e+02
-1.329109e+03
1.296244e+03
3.791887e+03
3.436161e+03
-3.040580e+01
4.217555e+03
5.523163e+02
-4.098723e+03
1.191102e+03
3.191139e+02
-9.112016e+02
-2.119365e+03
3.420792e+03
-2.269197e+03
2.875314e+03
9.472238e+02
-9.912111e+01
-9.042998e+02
1.560408e+03
1.102821e+03
1.999191e+03
1.307765e+03
2.349585e+03
6.998477e+02
7.730499e+02
3.282016e+03
-3.159184e+03
8.522391e+02
-3.024298e+02
-4.189696e+02
-1.282117e+02
7.331013e+02
-2.700288e+02
1.853529e+02
-1.186493e+03
2.093167e+03
4.389641e+02
1.811328e+03
9.501068e+02
1.278756e+03
2.051780e+02
2.396157e+01
-2.439682e+02
4.214344e+02
1.235793e+03
-7.597165e+02
-5.078903e+02
-7.835689e+02
4.041975e+02
6.744634e+02
7.495771e+02
3.654162e+02
-1.991172e+02
3.127194e+02
-2.550025e+02
2.272614e+02
2.734903e+02
-6.816008e+02
-1.158796e+03
-1.147331e+02
2.089728e+02
-4.496955e+02
-3.017017e+02
2.583610e+02
-4.399933e+02
-6.272949e+01
-3.370770e+02
1.147136e+02
-3.759550e+02
1.943655e+01
5.437309e+02
6.528382e+01
3.463595e+02
-1.300029e+02
-2.032478e+02
2.414828e+02
-7.100517e+01
-4.416506e+01
6.162712e+02
2.841345e+01
1.227886e+02
-4.108665e+02
-2.709112e+02
-9.078703e+00
2.294379e+00
-3.567227e+01
-9.021125e+01
-1.216926e+02
-1.120553e+02
2.203944e+02
-1.346645e+02
-8.202723e+01
-9.784283e+01
-3.234263e+02
7.085628e+01
5.546751e+01
1.421685e+02
-2.989837e+02
-4.472784e+01
8.405179e+01
2.042557e+02
2.685146e+02
6.491531e+01
8.872569e+01
-1.069686e+02
7.488272e+01
5.328256e+01
-1.856977e+02
-2.127018e+01
1.008010e+02
1.154375e+02
-1.138730e+02
-6.334010e+01
1.773002e+01
7.506237e+01
1.219097e+02
1.669861e+02
-1.003631e+02
3.848967e+01
2.389437e+01
8.007474e+01
-6.721777e+01
-2.185121e+01
8.900550e+01
-1.306227e+01
-6.971427e+01
-3.275170e+01
-3.928799e+01
1.072290e+01
-4.184071e+00
-1.281561e+02
2.135638e+01
-4.087548e+01
2.544339e+01
1.349155e+01
-1.823367e+00
-4.646761e-01
-5.996424e-02
7.934911e-01
3.592629e-01
-1.715994e-01
1.743794e-02
5.446532e-01
7.569654e-02
3.064441e-01
4.023526e-01
-5.971887e-02
-1.858832e-01
-1.386876e-02
4.411472e-01
-2.303071e-01
-1.251501e-01
-2.430845e-02
-5.666820e-02
1.613520e-01
2.898674e-01
1.176597e-01
3.305951e-03
9.658016e-02
5.182869e-01
1.575897e-01
-1.234404e-01
-3.887741e-02
1.243928e-02
