-2.478284e-01
-6.239339e-01
1.578642e-01
5.091555e+01
1.985939e+02
-2.094220e+01
3.526009e-04
-2.019816e+05
-3.173803e+05
4.055038e+05
9.410622e+04
3.306654e+04
1.054019e+05
-1.795447e+05
5.826871e+04
-1.612426e+05
6.154040e+04
1.490105e+04
5.874706e+04
-5.816584e+04
-4.025255e+04
6.716107e+03
5.894053e+03
-8.709274e+03
1.236299e+04
-4.071616e+04
-1.144548e+04
5.977689e+03
-8.521345e+03
7.976613e+03
-5.820209e+04
3.196180e+04
-1.178957e+04
-3.948986e+04
1.247377e+04
1.310587e+04
1.612453e+04
6.603682e+03
1.362893e+03
-1.087289e+04
1.994154e+04
-1.090206e+04
-1.467276e+04
-3.572669e+03
2.043518e+04
-2.540968e+03
-9.927806e+03
4.679569e+03
-1.442158e+04
-5.175552e+03
9.224067e+03
-1.407543e+03
9.269266e+03
-1.058400e+04
-1.038147e+04
8.423122e+03
5.093927e+03
7.971022e+03
-3.733579e+03
-1.110728e+04
-3.227236e+03
-2.196155e+03
-7.933452e+02
-2.525189e+03
-6.433440e+02
3.130475e+03
6.414325e+03
6.161020e+03
-4.957720e+03
3.569056e+03
3.864000e+03
2.444992e+03
-3.461292e+02
-3.401281e+01
1.421307e+03
1.746376e+03
2.158824e+03
1.096792e+03
-6.692111e+03
-8.443505e+02
-1.708534e+03
1.025134e+03
-2.540583e+03
1.475321e+03
2.491897e+03
3.016205e+03
-9.192543e+02
2.195353e+02
-3.251255e+02
-3.374882e+02
-3.800837e+02
1.014680e+02
2.727133e+03
2.547700e+03
-1.354161e+03
8.902295e+02
2.598627e+03
6.072202e+02
7.699960e+02
4.976343e+02
-1.097627e+03
-5.127842e+02
-6.677112e+02
-1.366026e+03
1.344084e+03
-5.463896e+02
1.672448e+03
1.998398e+02
1.074472e+03
1.607167e+03
-2.919303e+02
2.539940e+03
-1.638484e+02
9.880640e+02
-1.815785e+01
-5.759330e+02
-2.995148e+02
-1.355322e+02
-7.000300e+02
6.139110e+02
-2.909937e+02
1.462747e+02
-6.782542e+02
7.244484e+02
3.820768e+02
-3.167869e+02
-1.846388e+02
3.378657e+02
8.324179e+01
-4.896645e+02
2.393223e+02
9.696912e+01
2.168269e+02
2.318707e+02
-4.575876e+02
2.556490e+01
7.894148e+02
-2.020281e+02
1.429634e+01
3.283128e+02
-4.756026e+01
-3.179552e+00
-1.175123e+02
7.826870e+01
-1.687437e+02
1.477428e+02
1.065935e+02
-1.056873e+02
5.454663e+01
2.897990e+02
-7.714456e+00
1.226861e+02
2.224637e+02
1.515054e+01
-2.467645e+02
-2.225764e+00
-4.062610e+01
6.823869e+01
-2.046159e+02
-9.904398e+01
1.697183e+02
-9.207413e+01
1.181014e+02
9.261844e+00
1.177725e+02
-4.641886e+01
6.214411e+00
8.431181e+01
-4.097880e+01
8.295098e+01
1.363662e+02
1.308674e+02
4.749745e+01
6.214569e+01
-8.952497e+00
-2.575965e+01
-2.270749e+01
-8.260140e+00
-3.617709e+01
2.939303e+01
7.766148e+01
3.201907e+01
-2.652288e+01
-2.635905e+01
3.957600e+01
4.280136e+00
1.353598e+02
4.832749e+01
-7.504335e+01
5.451864e+01
3.165465e+01
5.528871e+01
-4.130658e+01
4.643694e+00
3.143001e+01
2.150202e+01
-7.150849e+01
-1.816576e+01
-1.419892e+00
2.521812e+01
-5.061299e-02
-5.274903e+01
2.391045e+01
-4.777802e+01
4.100971e+01
3.920314e+01
-2.246330e+00
2.682616e+00
-7.299154e-01
1.344617e+00
8.684667e-02
-5.369253e-01
-2.274991e-01
-6.849182e-01
-1.772854e-01
-5.139598e-01
-2.332256e-01
-3.996015e-01
2.218255e-01
1.409534e-01
1.299081e-01
8.716539e-02
4.580047e-02
9.252611e-03
2.180641e-02
-1.627183e-01
3.133275e-02
1.085712e-01
-2.241562e-02
-1.172100e-01
2.254708e-02
3.301118e-02
8.198141e-02
-9.950942e-02
-5.726965e-02
