-1.040053e-01
6.340547e-01
-7.472877e-02
4.920889e+01
1.856887e+02
-2.405149e+01
3.612390e-04
-5.612293e+04
1.135208e+05
8.712228e+03
-2.628851e+05
-9.733834e+04
-3.498293e+04
1.368235e+04
8.968266e+03
-9.882966e+04
-9.280081e+04
-1.332211e+05
7.751205e+04
-2.310181e+03
-2.604620e+03
3.328414e+04
2.117377e+04
-2.521054e+03
2.227504e+04
-9.901985e+03
-2.263583e+04
-1.466933e+04
-1.371712e+04
-1.395232e+04
1.397771e+03
-8.051627e+03
-1.620571e+04
-6.202810e+03
-9.923137e+03
4.772103e+03
1.048110e+04
-1.505174e+04
5.472262e+03
1.602366e+04
-9.284854e+02
-6.920941e+03
-6.432727e+03
-2.744750e+04
-3.209844e+03
6.251819e+03
-3.439672e+02
5.053805e+03
-1.396692e+04
-5.156193e+02
4.041947e+02
1.831780e+03
6.050255e+03
6.672576e+03
-2.237916e+03
2.295150e+03
-1.717505e+03
2.124476e+03
2.705564e+03
-4.675071e+03
-5.121038e+03
3.011424e+03
-3.691595e+02
-1.754432e+03
1.328232e+03
3.303683e+02
2.972587e+03
8.259822e+02
-1.432543e+03
1.251399e+03
-6.450616e+01
6.716238e+02
1.464085e+03
6.410758e+02
6.700239e+02
3.139270e+02
3.621326e+02
7.326311e+02
-2.076953e+03
-2.117379e+03
1.908765e+03
6.296133e+02
1.060247e+03
8.538737e+02
1.689458e+03
3.843184e+02
-1.493407e+03
1.188015e+02
8.094733e+01
6.401450e+02
-4.566269e+02
1.184422e+03
1.810705e+03
6.947900e+02
-6.177301e+02
3.468593e+02
1.254387e+03
-9.667729e+02
6.079399e+02
1.376429e+02
-8.629086e+02
2.673397e+02
-5.030287e+02
-7.582316e+02
-2.624418e+02
1.801544e+02
4.717309e+02
6.952003e+02
5.122387e+02
8.185681e+02
6.626259e+02
-1.274215e+02
-5.779678e+02
2.465359e+02
2.019998e+02
-5.379834e+01
-2.175037e+02
-2.524097e+02
-1.687919e+02
6.689137e+02
7.166114e+00
4.281040e+02
-1.689426e+01
1.929116e+02
1.325678e+02
1.794673e+02
-7.141746e+01
2.604685e+02
-2.270382e+02
2.010445e+02
1.558772e+02
4.532264e+02
-2.985253e+02
5.287994e+01
-1.137148e+02
-2.100498e+02
8.469748e+01
-1.476305e+02
-4.438854e+01
1.567752e+02
-2.147080e+02
-3.812786e+01
-1.209114e+02
3.681665e+01
-2.056417e+02
-1.516726e+01
-1.992007e+01
-1.228348e+02
-1.895768e+02
1.954563e+02
8.226207e-01
1.445513e+02
-2.584025e+01
1.705888e+01
-3.086709e+01
-1.157175e+02
1.464992e+02
9.290680e+01
3.090872e+01
-5.539281e+01
5.236117e+01
-2.025051e+01
3.807402e+01
-1.151683e+02
-7.454604e+01
-2.516462e+01
-4.454211e+01
1.089124e+02
-3.345285e+01
-7.241215e+01
2.297783e+01
-2.274462e+01
-3.388349e+01
9.805589e+01
-3.592345e+01
-1.324172e+01
2.605276e+01
3.648286e+01
-3.071180e+01
6.501798e+01
3.285847e+01
4.331119e+01
-1.825151e+00
5.201202e+01
5.109567e+01
-7.726490e+01
-4.312749e+01
5.284734e+01
-2.014167e+00
2.245723e+01
2.696173e+01
5.449993e+01
6.451582e+00
-3.964943e+01
2.942613e+01
1.629253e+01
-2.336505e+01
-1.627760e+01
-2.914714e+01
-3.815292e+01
4.043167e+00
-2.879245e+01
3.097502e+01
2.337316e+01
-3.389550e+00
4.117414e+00
-7.034410e-01
-2.250433e-01
-5.141553e-01
-3.584969e-01
4.269908e-02
8.020674e-02
1.357168e-01
-1.534945e-01
-5.789711e-02
-2.469924e-02
3.709688e-01
4.179097e-02
-6.511204e-02
-1.015805e-01
9.075524e-02
-8.387979e-02
6.000661e-03
1.062590e-01
3.803654e-02
1.185264e-01
5.633436e-02
9.560081e-02
8.287295e-02
-3.127793e-02
6.016269e-02
3.887593e-02
5.687032e-02
1.012046e-02
1.130659e-02
