-6.903476e-01
-1.325900e+00
-1.690207e-01
5.688889e+01
1.953973e+02
-6.752706e+00
3.678450e-04
-2.187545e+05
-4.982904e+05
3.547158e+05
-1.731353e+05
-7.057769e+04
1.424489e+05
-9.174998e+04
1.447087e+05
-1.595560e+05
9.488688e+04
-1.108656e+05
1.476531e+05
-1.129736e+05
-8.442317e+03
-8.167027e+04
-8.064014e+03
2.810713e+04
-5.788741e+04
-1.066210e+05
-3.322942e+04
-7.049659e+03
2.343132e+04
5.743879e+04
-1.328803e+05
-6.309816e+04
-1.053135e+03
-4.074691e+04
2.989437e+04
2.595571e+04
3.168629e+04
2.492348e+04
-3.593695e+03
1.642291e+04
1.360787e+04
-2.017439e+04
-2.175486e+04
-2.162300e+04
9.444056e+03
1.242648e+04
-3.726347e+03
1.248068e+04
-3.689078e+04
-1.454635e+04
1.643238e+04
-6.191039e+03
8.301148e+03
-4.867866e+03
-1.251352e+04
5.068697e+03
-1.219593e+03
1.272874e+04
-1.461746e+04
-9.495325e+03
-4.658740e+03
6.745833e+03
-6.814210e+03
-4.395631e+03
1.507317e+03
3.630484e+03
1.500041e+03
1.320192e+04
-5.027303e+03
8.043005e+03
3.197837e+03
3.954442e+03
3.152326e+03
8.232021e+02
1.169274e+03
7.027549e+02
8.176342e+03
4.727809e+03
-6.241895e+03
1.099406e+03
-3.794275e+03
2.616730e+02
-4.709052e+03
-3.353661e+03
2.702202e+03
3.596621e+03
3.615741e+02
-1.918058e+03
7.964553e+02
-1.187830e+03
2.502635e+03
-1.845025e+03
4.605857e+03
3.056831e+03
-2.123053e+02
2.284240e+03
3.237877e+03
-6.928165e+02
1.780964e+03
1.199206e+03
-1.370281e+02
3.103214e+02
-5.260491e+02
-3.213156e+03
1.451231e+03
5.018176e+02
2.533377e+03
-3.429907e+02
1.331431e+03
1.466182e+03
1.030126e+03
2.817262e+03
-2.823495e+02
1.069990e+03
-2.033624e+02
4.912774e+02
-2.493212e+02
-1.022939e+03
-1.321495e+03
-1.467842e+02
-1.073345e+02
-4.403618e+02
-4.265735e+02
9.065112e+02
9.418585e+02
-1.174217e+03
-4.157930e+02
2.362855e+02
-1.635396e+02
-5.172249e+02
2.762934e+02
2.206935e+02
-3.375140e+02
1.527437e+02
-3.209782e+02
-1.984193e+00
8.142724e+02
-4.660522e+02
-1.123593e+02
7.692373e+01
-1.662503e+02
4.150183e+02
-5.129317e+01
1.629294e+02
-4.768369e+02
-5.049760e+01
4.305894e+02
-5.262930e+01
-9.654155e+01
2.563880e+02
-3.335377e+01
2.008071e+02
9.203960e+01
4.810759e+02
-3.518232e+02
-1.585835e+02
-1.841452e+02
6.230416e+02
-4.751400e+02
-3.859368e+02
2.364515e+02
-1.280657e+02
1.300323e+02
-8.985473e+00
-6.744688e+01
-2.629563e+01
2.629851e+01
1.248851e+02
-1.621826e+02
1.977101e+02
8.090998e+01
1.607132e+02
1.556250e+02
1.510740e+02
1.879621e+02
-1.558570e+02
-1.244192e+02
-8.845927e+01
-9.111103e+01
-7.363354e+01
-3.098671e+01
1.091505e+02
-4.979702e+01
-1.821759e-01
1.133652e+02
-2.971368e+01
2.119118e+02
5.911340e+01
-1.056774e+02
3.467527e+01
1.297123e+00
8.656441e+01
-6.947475e+01
4.853925e+01
-1.654884e+01
2.530439e+01
-9.047429e+01
-5.310773e+01
-2.693992e+01
4.242345e+01
1.098572e+01
-9.871222e+01
4.902439e+01
-4.161615e+01
1.447284e+01
3.740874e+01
-2.548556e+00
3.615952e+00
-1.224198e+00
1.589492e-01
2.769480e-01
-8.924784e-01
-2.687204e-01
-8.655965e-02
-1.402080e-01
-6.625885e-01
-6.846639e-02
-6.674649e-01
7.251729e-02
-1.984249e-02
3.508951e-01
3.369887e-01
-7.616449e-02
1.145640e-01
9.235579e-02
-1.432451e-01
1.488934e-01
-2.540404e-02
-5.455005e-03
-2.714027e-01
2.203151e-02
3.955682e-02
1.371973e-01
-6.605864e-02
5.039907e-02
