4.366547e-02
3.242179e-01
2.565081e-03
4.238222e+01
1.759952e+02
-2.891801e+01
3.615750e-04
6.465332e+04
-1.061478e+05
-2.695293e+05
-5.828270e+04
-2.107984e+05
-4.145127e+04
8.036141e+04
-1.177915e+05
-1.186236e+05
-4.496532e+04
-1.430659e+04
1.042450e+05
-1.709672e+04
-6.354685e+03
6.821571e+03
-6.946528e+02
4.272311e+04
6.274230e+04
3.248375e+04
1.460273e+04
3.049407e+04
-4.511781e+04
3.590475e+03
-4.622033e+03
3.641212e+04
-3.306086e+04
-3.697270e+04
5.243663e+03
1.634331e+04
6.054315e+03
-2.017117e+04
2.177043e+04
3.046146e+03
-9.626238e+03
-3.849016e+03
-1.733762e+03
-4.787654e+03
-6.725175e+03
-6.611792e+03
-4.138352e+03
5.160373e+03
-8.619540e+03
-6.288053e+03
-1.262806e+04
-5.688830e+03
4.102213e+02
-7.995773e+03
1.704219e+03
8.301252e+03
-1.170594e+03
4.633144e+03
1.786504e+03
-6.457759e+03
-3.177567e+03
1.008594e+02
1.234075e+03
-2.400982e+03
-1.559979e+02
3.533024e+03
4.921622e+03
-2.042214e+01
-3.568101e+03
-2.000919e+03
-1.884343e+03
-3.089346e+03
-1.358268e+03
1.967199e+03
1.830880e+03
1.732626e+02
6.232343e+02
-5.889250e+02
-3.207312e+03
-1.561910e+02
-1.537462e+03
4.819205e+02
-9.919878e+01
1.798321e+03
2.569997e+03
2.959527e+01
-1.071883e+03
-2.811041e+02
1.421600e+02
8.251600e+02
-1.273547e+02
1.555974e+03
9.230159e+02
1.740285e+03
-1.531889e+03
6.459848e+02
2.510258e+02
7.204106e+01
6.081831e+02
1.075691e+02
-4.430188e+02
-1.819038e+02
1.172335e+03
-6.439987e+02
5.122568e+02
-1.089648e+03
1.516813e+03
-3.192944e+02
6.414506e+02
1.600703e+03
-4.740532e+02
1.089864e+03
-4.351296e+02
-5.615982e+01
-2.438394e+02
5.251534e+02
4.281750e+02
-6.467298e+02
4.511452e+02
5.987908e+02
4.206142e+02
4.027461e+02
-2.069238e+02
4.029776e+01
-2.137942e+02
6.494449e+01
3.180091e+02
4.334517e+01
3.857419e+01
1.631406e+02
4.860782e+02
5.881523e+02
6.568191e+02
1.218166e+02
-2.454236e+02
-1.429080e+02
1.998005e+02
-3.512722e+02
5.647610e+01
5.144214e+01
-2.319099e+02
3.839120e+02
-3.569663e+01
1.173795e+02
-1.060530e+02
3.258696e+01
2.583461e+02
-3.376111e+02
1.791878e+02
2.427306e+02
-2.041293e+02
1.047119e+02
2.711127e+02
-1.039818e+02
-2.134024e+02
7.329739e+01
2.791393e+01
1.242463e+01
1.305320e+02
-3.341142e+01
-1.155355e+01
2.026318e+02
1.667947e+02
7.437350e+01
6.271763e+01
2.189395e+01
-3.211292e+01
6.138420e+01
1.212477e+02
-1.531966e+01
1.290844e+02
1.215903e+01
-5.744721e+01
-2.175900e+01
-5.421600e+01
-5.729331e+01
-1.997863e+01
6.200554e+01
1.712505e+01
1.032068e+02
-3.215339e+01
5.974082e+01
-1.149075e+01
1.294688e+01
9.508354e+01
-2.673933e+01
4.297671e+01
-1.200910e+01
-2.008490e+01
6.838441e+01
4.815892e+01
-7.484023e+00
-1.000053e+02
1.904064e+01
2.430447e+01
5.396849e+01
-2.621235e+00
-2.553265e+01
-1.953181e+01
-6.063447e+00
1.045915e+01
-3.244777e+01
3.383731e+01
1.944080e+01
2.947329e+01
2.069321e+01
-1.478844e+00
9.117263e-02
-4.574155e-01
1.121744e+00
2.883420e-02
-1.527405e-02
2.499068e-01
-3.995680e-01
9.265524e-02
1.093963e-02
-1.793293e-01
6.350537e-03
-4.924874e-02
7.745650e-02
1.927323e-02
-9.782126e-02
4.539438e-02
1.197076e-02
1.278809e-02
7.898693e-02
1.262049e-02
1.168755e-01
8.143345e-02
-6.625448e-02
-5.114946e-02
1.450778e-02
1.974182e-03
-1.284020e-01
2.503937e-02
