-2.253916e-01
-7.254258e-01
-9.694342e-02
4.920889e+01
1.950363e+02
-2.172042e+01
3.464616e-04
-1.583501e+05
-1.243491e+05
-1.818540e+04
1.608584e+04
1.805582e+05
5.506549e+04
-1.337298e+05
6.858528e+04
-6.545999e+04
3.262560e+04
-2.018999e+04
-3.592810e+03
-9.755402e+04
-3.669499e+04
-4.855785e+03
-3.463031e+03
1.026264e+03
3.598134e+04
1.249727e+04
-3.232883e+03
-2.488830e+04
-1.937907e+04
-3.195245e+04
-2.124018e+04
-2.093736e+03
8.021761e+03
-4.627704e+03
1.071277e+04
5.255096e+03
-2.450497e+04
7.592271e+03
-3.583630e+03
6.941262e+02
-8.698460e+03
-2.584833e+04
-2.225316e+02
1.625545e+04
7.122877e+03
-9.675178e+03
7.863620e+03
-7.177480e+01
1.570706e+03
-7.343806e+02
1.263556e+03
-7.032420e+03
2.841991e+03
3.313388e+03
-3.902867e+03
2.199519e+03
1.872067e+03
6.034872e+03
2.724933e+02
-7.752938e+03
-4.752981e+03
-8.060493e+02
-2.619499e+03
-2.350429e+03
1.414167e+03
5.084632e+03
4.235088e+03
5.394010e+03
-4.952799e+03
2.813438e+03
3.214452e+03
2.757728e+03
-2.492025e+02
-1.502345e+02
5.780767e+02
7.165580e+02
4.121753e+02
-4.813764e+01
-5.044196e+03
5.171469e+02
3.962558e+02
-1.187119e+03
-1.983111e+03
4.840571e+02
3.455491e+03
1.469415e+03
-9.463302e+02
-4.017543e+01
-1.809627e+03
1.134525e+03
2.608917e+02
6.319631e+02
8.951228e+02
2.183974e+03
-1.572096e+03
9.614341e+02
9.672884e+02
3.890910e+02
-4.232755e+02
1.183298e+02
-4.926591e+02
-4.809691e+02
8.494529e+02
-3.399356e+02
6.808512e+02
-9.254631e+02
6.457888e+02
7.193359e+02
7.573799e+02
1.395781e+03
-2.660334e+02
1.241224e+03
-1.202694e+02
5.318868e+01
-5.920842e+02
-4.629827e+02
-5.022371e+02
-2.678380e+02
-6.832665e+02
5.237982e+02
-2.149490e+01
4.919179e+02
-6.543705e+02
3.379912e+02
3.698527e+02
-7.438379e+01
-9.779688e+01
-2.092085e+02
-3.334188e+02
-2.298377e+02
2.789394e+02
1.168183e+02
-3.489684e+01
2.081371e+02
-3.101499e+02
-3.008089e+02
4.546225e+02
-2.690825e+02
9.343848e+01
7.760162e+01
-8.617752e+01
-2.233734e+02
1.623391e+02
9.549004e+01
5.603313e-01
2.346709e+02
-5.580428e+01
-2.383822e+02
5.421992e+01
2.783444e+02
2.297556e+02
2.323334e+02
7.111904e+01
-1.226894e+02
-1.795721e+02
7.652397e+01
-4.515597e+01
-8.670669e+01
-2.223171e+01
8.795845e+01
3.656638e+01
7.492802e+00
6.243083e+00
-4.650741e+01
-6.988609e+01
-1.667643e+01
-1.022011e+01
9.559611e+01
-1.307794e+02
2.018277e+01
5.886129e+01
1.625845e+02
1.668779e+02
-9.843210e+00
-1.052150e+02
2.643612e+01
8.084810e+01
1.195062e+02
-3.884628e+01
3.750504e+01
1.163297e+02
3.118428e+01
-7.441072e+00
-5.986803e+01
7.135122e+01
4.687430e+01
5.332905e+01
6.308496e+01
-7.936638e+01
-1.120441e+01
4.112993e+01
4.098457e+01
2.330919e+01
-1.078081e+00
1.408699e+01
-4.324862e+01
-6.456686e+01
1.792038e+01
-2.429559e+01
4.406291e+01
-8.284907e-01
-5.513094e+01
2.728410e+01
-5.782892e+01
3.682059e+01
2.400492e+01
-2.517200e+00
2.640710e-01
6.162129e-01
1.012908e+00
3.213428e-01
-1.300360e-01
-2.153455e-01
-4.727888e-01
-3.877038e-03
1.041551e-01
1.881735e-01
-2.582326e-01
2.791696e-01
2.513531e-01
1.716368e-01
2.724359e-02
4.202951e-02
5.752091e-02
1.068362e-01
-3.673257e-02
3.362072e-02
1.219544e-01
-1.469983e-01
6.071944e-03
1.563002e-01
4.673152e-02
-3.653320e-02
-2.334825e-02
-7.220669e-02
