-3.756047e-01
1.806937e-01
-1.228155e-01
5.290667e+01
2.109230e+02
-2.376838e+01
3.575503e-04
-9.249697e+04
-2.460152e+05
5.592338e+05
6.875639e+05
-7.810958e+04
8.085006e+04
-3.699909e+04
-2.217131e+05
-3.174577e+05
1.794707e+05
7.853371e+04
-7.776069e+04
4.093037e+04
-8.270102e+04
-6.258420e+04
-5.047961e+04
-4.469289e+04
-3.089129e+04
-3.584232e+04
5.320754e+04
1.078959e+04
-1.414320e+04
4.326016e+04
-1.267940e+05
6.537491e+04
-1.746383e+04
-5.199714e+04
7.649431e+04
5.729161e+04
5.918030e+04
2.946942e+04
-1.092756e+04
1.125952e+04
1.939512e+04
-1.071737e+03
-2.357339e+04
1.668994e+04
4.875587e+03
9.123261e+03
-2.474829e+04
2.377127e+04
4.975968e+02
6.916719e+03
2.464140e+04
-1.009200e+04
2.232538e+03
-1.457227e+04
-1.087894e+03
6.910033e+03
3.175474e+03
8.631840e+03
1.757403e+03
-1.190351e+04
-1.670712e+03
-5.588551e+03
1.780648e+03
-6.860098e+03
7.279985e+03
4.127977e+03
4.057413e+03
5.923384e+03
-7.971457e+03
6.547896e+03
5.462996e+03
3.175459e+03
-6.058988e+03
3.872513e+02
1.310253e+03
1.418487e+03
1.094728e+03
8.313742e+02
-3.243240e+03
1.539578e+03
-1.996447e+03
-8.560118e+02
-2.832506e+03
-3.602934e+02
5.124486e+03
2.216265e+03
1.585099e+03
6.827142e+02
-2.430067e+02
-4.198697e+03
1.982404e+03
-2.038027e+03
2.658647e+03
3.658127e+03
-2.452869e+03
4.908014e+02
1.231092e+03
1.672678e+03
1.391977e+03
6.976088e+02
-1.438622e+02
-2.043447e+02
-1.097204e+03
-1.855491e+03
1.301361e+03
6.423307e+02
1.581299e+03
-3.201564e+02
7.405429e+02
1.398384e+03
-1.404935e+03
2.941834e+03
-3.243246e+01
1.459373e+03
-5.234456e+02
-1.251277e+02
2.292913e+02
-1.140045e+02
6.307582e+02
6.061848e+01
-2.614424e+02
-5.636839e+02
-2.799238e+02
1.062782e+03
1.041990e+03
-8.566938e+02
-5.691541e+02
3.638305e+02
2.838201e+02
-9.760261e+02
6.935262e+02
2.349225e+02
4.283942e+02
-1.701529e+01
-5.268341e+02
2.932020e+02
6.817891e+02
-4.477801e+02
1.640916e+02
4.366253e+02
-6.720603e+01
2.835931e+02
2.072386e+01
-1.514807e+02
-7.869057e+01
2.035357e+02
6.318204e+02
-2.617351e+02
3.995666e+02
-4.736230e+01
2.500129e+02
-1.514312e+02
6.000687e+02
4.982440e+02
-4.158030e+02
9.775847e+00
8.301321e+01
3.932322e+02
-4.285591e+02
-3.425521e+02
2.235961e+02
-2.870064e+01
3.296475e+02
1.751400e+02
1.598588e+02
-2.351899e+02
6.539084e+00
-1.274138e+02
1.306083e+02
3.402878e+02
1.156155e+02
2.246000e+01
-1.043364e+02
8.727383e+01
-2.975584e+01
-9.853789e+01
-6.957925e+01
-2.302049e+00
8.542799e+01
-1.404588e+01
-4.486285e+01
7.844801e+01
-8.529380e+01
1.075741e+02
6.419566e+01
5.172875e+01
1.077559e+02
1.601896e+01
-1.639248e+00
1.738065e+02
-3.289472e+01
4.384650e+01
-3.528838e+01
1.869453e+02
-4.363820e+01
1.426524e+01
-5.853304e+01
-1.546891e+02
-1.911967e+01
8.353024e+00
-3.560021e+01
-6.610406e+01
-6.038686e+01
-4.208865e+00
8.037560e+01
2.077605e+01
7.239465e-01
3.441913e-01
3.830437e-01
-5.678061e-02
-3.244810e-01
-4.421400e-01
2.703328e-01
-1.847444e-01
4.668948e-01
-8.909903e-01
-2.441895e-01
-1.150641e+00
-1.786862e-01
1.707021e-01
-1.477781e-02
-1.195843e-01
9.433077e-02
5.909028e-02
8.744057e-02
-5.322516e-02
3.531741e-01
-2.807841e-02
1.802827e-01
-1.563596e-01
-3.233500e-01
1.413019e-02
-4.555004e-02
-2.345955e-01
-2.503327e-02
