-1.297916e-01
5.607514e-01
-9.938300e-02
4.693333e+01
1.871813e+02
-2.446275e+01
3.465524e-04
-9.497930e+04
8.809891e+04
5.925328e+04
-2.092490e+05
3.976816e+04
-3.689919e+04
-3.530745e+03
6.045933e+04
-8.505946e+04
-1.809161e+04
-5.054559e+04
6.839008e+04
2.299649e+04
4.345488e+03
1.721296e+04
-1.242616e+04
1.784182e+04
1.450033e+04
-2.063149e+02
-2.112213e+04
8.508029e+03
-1.621633e+04
-1.630386e+04
3.784661e+03
-1.280572e+03
-7.498111e+03
-1.058187e+04
-1.773061e+04
-8.379965e+03
-1.009480e+04
-1.112569e+04
1.305724e+04
-5.332506e+03
4.817024e+03
-1.126752e+03
-6.581420e+03
-7.524348e+03
5.725792e+03
-8.892208e+03
1.290672e+04
5.929518e+03
-3.208906e+03
8.295634e+02
2.866633e+03
4.233177e+03
1.183102e+03
2.573071e+03
1.191390e+03
-5.652361e+01
4.393343e+03
5.235032e+03
1.586940e+03
-3.910494e+03
-5.547747e+03
1.942582e+03
3.605889e+02
4.613937e+02
-2.173047e+03
2.401094e+03
1.029887e+03
1.447503e+03
-2.676534e+03
2.392307e+03
-6.421637e+02
1.245481e+03
1.448722e+03
1.162443e+03
-3.405470e+02
-4.486819e+02
4.317924e+02
-4.622026e+02
-3.024758e+03
-4.483563e+02
-3.545610e+02
-7.263039e+02
2.916395e+01
1.948955e+03
5.507244e+02
1.761316e+03
-1.681875e+03
5.108749e+02
-3.875776e+02
2.941129e+02
-5.080619e+02
1.174896e+03
1.037961e+03
1.112380e+03
-5.305242e+02
2.740020e+02
1.343787e+03
-5.956370e+02
-3.759619e+02
-1.296377e+02
-7.101728e+02
-3.818525e+02
2.899288e+02
-4.037346e+02
-4.483308e+02
-8.137385e+02
7.434120e+02
1.036762e+03
1.048915e+03
9.404349e+02
6.725962e+02
-2.433469e+01
-3.467318e+02
2.824869e+02
1.128290e+02
7.439946e+01
-1.666003e+02
-2.259083e+02
-4.268411e+02
5.373624e+02
3.354840e+02
6.314885e+02
-1.558069e+02
-5.643465e+01
1.794690e+02
-2.034172e+02
5.311357e+01
5.332336e+01
-2.999144e+01
-1.006965e+02
-4.444303e+01
5.076390e+02
-2.071502e+02
1.004303e+02
1.077804e+02
-1.215674e+02
-9.124108e+01
-9.676167e+00
-1.352742e+02
-2.488255e+02
-2.071162e+02
-3.312111e+01
3.133532e+01
2.634178e+02
-1.663166e+01
5.724888e+01
-1.279593e+02
-4.150619e+01
-5.480050e+01
2.036124e+02
1.585524e+02
1.450945e+02
-1.865372e+02
-1.218175e+02
1.043537e+02
3.271583e+01
4.200509e+01
3.812658e+01
7.195133e+01
-2.281171e+01
1.148958e+02
-5.886545e+01
-1.765846e+01
-7.907808e+01
-1.506113e+02
-4.208241e+01
-5.717236e+01
1.505336e+02
-1.511264e+02
-7.719737e+01
1.020743e+02
5.525890e+01
5.423517e+01
3.791962e+01
-2.321103e+00
-6.043619e+01
8.003966e+01
2.072748e+01
-1.144775e+02
4.011506e+01
3.750966e+01
5.842385e+01
-4.463916e+01
-4.478717e+01
2.069335e+01
-3.480560e+01
1.333521e+01
6.110960e+01
-7.656510e+01
-1.928250e+01
5.602147e+01
2.385643e+01
-6.561183e+00
-1.759685e+01
3.116182e+01
-1.205970e+01
-1.182556e+00
1.041251e+01
-1.256485e+01
-4.266850e+00
6.654932e-01
-3.214868e+01
-1.265630e+01
-1.100449e+01
1.256927e+01
1.706263e+01
-6.639377e-01
-1.103952e+00
1.744480e-01
-1.891477e-01
2.506083e-01
-2.039188e-01
-2.458539e-01
2.178093e-01
-4.131842e-02
7.652523e-02
4.830338e-01
2.229829e-01
1.389444e-01
-7.842322e-02
9.074918e-02
-1.306782e-02
-5.994020e-03
-9.041790e-02
-3.627795e-03
9.968129e-02
-8.388901e-03
7.044329e-02
-1.698291e-02
-5.870543e-02
1.661013e-01
5.441860e-02
-3.819250e-02
2.449273e-02
1.659549e-02
