-3.819083e-02
-6.693061e-01
2.292972e-01
4.608000e+01
1.712176e+02
-2.245931e+01
3.428824e-04
-1.956192e+05
-1.570435e+05
3.282072e+05
1.738679e+05
2.375307e+05
-2.063210e+05
3.557444e+04
-2.191640e+04
-4.269281e+04
9.603768e+03
-1.959169e+05
-1.960392e+04
1.231110e+04
3.761840e+04
4.188994e+04
-1.254029e+04
-1.445154e+03
1.805014e+04
-5.482582e+04
-6.297919e+04
-5.202410e+02
-6.231308e+03
1.216832e+04
-2.281439e+04
3.415386e+04
1.139906e+04
2.937527e+02
4.238669e+04
2.348674e+04
2.711556e+04
-1.030444e+04
-7.743640e+03
-1.105115e+04
-1.740134e+04
-2.193145e+04
-1.693008e+04
6.863418e+03
-5.362553e+03
3.043076e+03
-7.048735e+02
4.241585e+02
4.845590e+03
4.585957e+02
1.158813e+04
8.329049e+03
-2.966447e+03
4.445291e+03
-9.739823e+03
-5.201160e+02
8.056756e+03
2.670594e+03
-1.969913e+03
-1.598739e+04
-2.516856e+03
-1.740281e+03
-2.243819e+03
1.367614e+02
3.015797e+03
2.756302e+02
7.439853e+03
4.143667e+03
-3.091066e+03
4.137879e+03
-1.735303e+03
-3.556591e+02
-2.581616e+03
-9.545218e+02
4.010435e+02
4.587757e+02
2.597301e+02
1.120673e+03
-3.280185e+03
7.699857e+02
1.538079e+03
-7.185725e+02
-6.230030e+02
1.061802e+03
3.414523e+03
6.837796e+02
-2.797538e+03
9.958370e+02
-7.109001e+02
1.136300e+03
-4.012836e+02
2.906628e+02
6.566163e+02
2.964112e+03
-1.791565e+03
1.114125e+03
1.404387e+03
1.052677e+03
9.220791e+01
-9.479894e+02
-5.767089e+02
-3.263441e+02
-8.807623e+02
-8.618904e+02
1.026593e+03
-1.548476e+01
8.981021e+02
9.597058e+02
5.724012e+02
1.940596e+03
1.155320e+02
9.942606e+02
-5.749681e+02
1.098572e+03
-2.285048e+02
-9.530322e+02
-5.344522e+02
-3.630447e+02
-6.044720e+02
3.818918e+02
-3.810384e+02
1.404401e+02
-7.654313e+02
1.343893e+02
4.299900e+02
1.051674e+02
-2.758556e+02
9.374816e+01
-4.294635e+02
-1.420232e+02
5.261415e+02
2.854207e+02
1.718189e+02
8.478844e+01
-5.829492e+02
1.908407e+02
6.132023e+02
-2.932884e+02
-4.791757e+01
4.713845e+02
-1.662900e+02
-4.181901e+02
-6.052325e+01
8.890012e+01
4.995474e+01
7.634815e+01
-8.268531e+01
1.083010e+01
3.545327e+01
3.666352e+02
-8.692626e+01
2.620439e+02
6.933220e+01
-1.374676e+02
-2.892263e+02
2.792638e+01
-1.780019e+01
1.773357e+02
-8.355644e+01
-1.173580e+02
1.468221e+02
2.694758e+01
1.639385e+02
-9.663262e+01
-2.077324e+01
-5.124492e+01
9.817909e+01
4.365536e+01
1.006706e+02
1.351237e+02
1.687731e+02
3.633350e+00
2.969098e+01
1.476859e+02
-3.498585e+01
2.695319e+01
-1.938291e+01
1.120782e+02
1.622536e+01
-2.317416e+01
1.414364e+01
3.275458e+00
-3.395544e+01
-1.089196e+01
3.840508e+01
8.301093e+01
7.284371e+01
1.472601e+01
-6.164581e+01
7.214157e+01
-4.149354e+00
1.361684e+01
6.276006e+00
-4.086937e+01
2.361418e+00
1.419626e+01
-1.520608e+01
-9.389573e+00
4.024658e+00
6.660072e+01
1.832273e+01
-6.601933e+01
1.259989e+01
2.789133e+01
1.893157e+01
3.360600e+01
-1.543821e+00
1.793810e+00
-6.475885e-01
5.698690e-01
-1.588168e-01
-2.453372e-01
-2.331554e-01
-6.977669e-01
7.157131e-03
-1.463293e-01
1.026651e-02
-2.705058e-01
2.283472e-01
9.084681e-02
1.473865e-01
1.036939e-01
-3.669223e-04
-6.552202e-02
-1.562817e-01
6.111401e-02
-1.120100e-01
1.646322e-01
1.715644e-01
-6.317264e-02
2.127726e-02
-5.022665e-02
1.874166e-01
-3.768595e-02
-2.290610e-01
