-1.294797e-01
-1.189356e+00
-2.351552e-04
5.233778e+01
1.818882e+02
-1.504968e+01
3.484956e-04
-2.509621e+05
-6.061914e+04
3.564723e+05
-1.910286e+05
1.211015e+05
-7.585043e+04
-9.489384e+04
1.219889e+05
-1.592035e+05
3.744529e+04
-8.179525e+04
8.692930e+04
6.728035e+03
1.856195e+03
6.868901e+03
-3.782627e+04
5.475638e+04
-9.004596e+03
-3.056014e+04
-2.468955e+04
-2.989510e+04
1.383410e+04
-2.803435e+03
-3.800777e+04
-1.333726e+04
-1.926502e+04
-2.571572e+04
-6.595494e+03
1.187350e+04
4.033071e+03
-8.816436e+03
3.781708e+03
1.256704e+04
1.089777e+04
-4.974376e+03
-1.621253e+04
-4.342524e+03
1.269284e+03
-1.711714e+03
9.954640e+03
4.085494e+03
-8.609146e+03
4.021866e+02
1.739780e+04
-2.836906e+03
3.316090e+03
2.687102e+02
-2.583243e+03
-3.902416e+03
7.467104e+03
4.376801e+03
1.370561e+03
-9.847988e+03
-5.966972e+03
2.199050e+03
-3.745125e+02
-1.357423e+03
-2.882181e+03
4.593444e+03
-2.911733e+02
7.237570e+03
-5.182896e+03
4.258095e+03
-2.395462e+02
3.088243e+03
8.217670e+02
-7.546089e+02
-5.703167e+02
-6.353785e+02
1.240954e+03
-8.179608e+02
-2.642520e+03
-4.125463e+01
-1.777089e+03
-9.468369e+02
-1.557898e+03
1.751121e+03
3.018691e+02
1.924535e+03
-1.314300e+03
1.973521e+02
-9.687643e+01
-3.609614e+02
1.303795e+03
1.119699e+02
2.445732e+03
2.500967e+03
-3.177060e+02
2.088798e+02
1.607838e+03
-1.290373e+03
-5.793175e+02
-5.319704e+02
-9.680936e+02
-9.472209e+02
5.311870e+02
-9.765013e+02
3.046902e+01
-8.459457e+02
8.977649e+02
8.115564e+02
1.398064e+03
1.433865e+03
8.032093e+02
1.193419e+03
-9.772648e+01
5.494720e+02
-2.546625e+02
-1.033363e+02
-6.741479e+02
-6.230876e+02
-6.082543e+02
6.568888e+02
2.177819e+02
3.319575e+02
-3.199637e+02
5.266967e+01
6.405203e+02
-2.940657e+02
1.968054e+01
-1.137365e+02
-2.396540e+02
-3.861226e+02
8.598520e+00
3.445637e+02
-2.686747e+02
1.671871e+02
-2.158440e+02
-1.873105e+02
1.806269e+02
1.094406e+02
1.662856e+01
-1.613524e+02
-1.870297e+02
-1.673273e+02
9.534448e+01
2.701363e+02
-1.194964e+02
9.652163e+01
5.865792e+01
-9.630611e+01
-2.188171e+01
3.302462e+02
3.002260e+02
8.092867e+01
-1.282941e+02
2.463857e+01
3.100110e+01
1.115788e+02
-4.306765e+01
2.724395e+02
-9.475180e+01
-4.187026e+01
1.961347e+02
-6.551247e+01
2.464429e+00
-4.891528e+01
-2.060956e+02
-6.507334e+01
-4.982056e+01
8.669996e+01
-2.463634e+02
1.027925e+00
1.133336e+02
1.027587e+02
1.778782e+02
6.012249e+01
-3.518273e+01
-5.932484e+01
7.698976e+01
5.746284e+01
-8.507415e+01
2.733464e+01
4.677692e+01
9.181960e+01
-5.343294e+01
-5.158965e+01
4.132290e+01
4.564456e+01
9.337285e+01
9.690382e+01
-1.166214e+02
-3.009300e+01
3.058801e+01
3.893198e+01
-7.319936e+00
1.250261e+01
-2.662718e-01
-2.532528e+01
-5.188782e+01
-1.037286e+01
-8.886566e+00
1.699388e+01
1.463333e+01
-7.190297e+01
-1.900263e+01
-5.185839e+01
3.361406e+01
1.556756e+01
-1.619617e+00
-5.950590e-01
-3.269044e-01
-9.102365e-02
2.504413e-01
-1.573865e-01
-6.592713e-01
-1.954916e-01
2.111606e-02
4.256522e-02
4.116999e-01
-3.347793e-01
4.241537e-02
5.025936e-03
2.342079e-01
1.618342e-01
-3.439123e-03
-4.184306e-02
-4.877686e-02
-4.864355e-03
-6.652840e-03
3.967072e-02
-9.218796e-03
-4.719793e-02
6.213370e-02
4.246479e-02
-1.344335e-02
-2.928377e-02
2.542274e-02
