-2.663243e-01
5.982749e-01
1.384052e-01
5.120000e+01
2.009494e+02
-2.435005e+01
3.556337e-04
1.846508e+04
2.238651e+04
-2.149781e+05
-1.717869e+05
-7.819248e+04
-5.743427e+04
5.067596e+04
4.424142e+04
-7.170944e+04
-9.971162e+03
-1.257957e+04
7.731048e+04
-2.960822e+04
7.693232e+03
-3.012129e+04
4.725662e+03
5.877524e+03
-2.645057e+04
2.327311e+04
-2.510877e+04
-4.485611e+03
-1.651663e+04
5.923292e+03
3.698565e+03
-1.066741e+04
1.095211e+04
-8.089149e+03
7.567152e+03
-1.543015e+03
-2.875380e+03
1.134700e+04
1.584685e+04
-3.793360e+03
9.500242e+03
-7.105906e+03
-1.665458e+04
-1.366443e+04
4.985386e+01
1.034682e+03
1.295322e+04
1.196824e+04
-7.022459e+03
-3.618140e+03
7.417554e+03
4.245747e+03
1.753235e+03
8.522446e+03
3.211143e+03
2.782893e+03
3.872149e+03
8.420639e+03
-1.600284e+03
-4.387157e+03
-7.750862e+03
6.341707e+03
2.899873e+03
-2.442035e+03
1.738693e+03
2.595587e+03
3.076279e+03
-1.366250e+03
-4.913042e+03
4.688969e+03
9.457968e+02
-5.230203e+02
-1.082253e+03
3.008366e+03
-4.938552e+02
-2.142356e+03
7.585515e+02
2.115055e+03
-3.684799e+03
-4.284460e+02
1.126415e+03
-3.352737e+02
-6.287210e+02
2.650602e+03
2.370136e+03
3.327741e+03
-3.548303e+02
1.624330e+02
4.241711e+01
-5.745037e+02
4.824007e+02
1.093875e+03
-8.683094e+01
1.488123e+03
-1.341168e+03
1.384244e+03
1.037359e+03
-1.770256e+02
-8.225026e+02
-2.751898e+02
-6.600278e+02
9.131600e+02
6.847477e+02
-3.791192e+02
-6.860822e+02
-5.105721e+02
7.455840e+02
8.211284e+02
-1.258259e+01
5.330579e+02
-2.729282e+02
1.664554e+02
-6.641499e+02
8.596010e+02
6.096080e+02
9.055244e+01
1.612644e+02
-1.496190e+02
-2.417444e+02
2.940614e+02
4.733840e+01
5.894653e+00
2.398738e+02
-1.969891e+02
3.856094e+02
-3.033700e+02
9.634888e+01
1.572213e+02
-6.407831e+01
-1.581141e+02
2.934435e+02
5.720605e+02
-1.886373e+02
2.289258e+02
1.329765e+01
-1.226422e+01
-7.767818e+01
-6.992766e+01
5.502780e+01
-4.558904e+02
-1.512986e+02
-4.111798e+01
-3.025000e+00
1.093387e+02
7.292188e+01
1.595174e+01
3.321156e+01
-3.355375e+01
8.903832e+01
-2.425387e+00
1.326432e+02
1.332355e+02
-1.274076e+02
3.529981e+00
9.222294e+00
-1.380570e+01
9.457915e+01
3.234912e+01
-2.876805e+01
-6.440929e+01
1.296145e+02
3.426336e+01
4.388827e+01
3.044744e+00
-8.859929e+01
-4.877588e+01
-5.961694e+01
9.977988e+01
-8.566558e+00
-2.448244e+01
5.572367e+01
-1.495453e+01
-5.544988e+01
5.605959e+01
3.244484e+01
-9.813174e+01
2.848237e+01
-3.218871e+00
-3.734721e+01
-3.625016e+00
-1.528725e+02
1.011077e+02
-1.612217e+01
6.406065e+01
5.163321e+01
-6.279616e+01
2.520116e+01
6.444367e+01
-9.169939e+01
3.836602e+00
6.451411e+01
4.318068e+01
1.897552e+01
3.934735e+01
2.915765e+01
-1.844193e+01
3.623106e+01
-1.065485e+01
1.583520e+01
-2.265083e+01
8.439813e+00
-4.826248e+01
-5.573536e+00
3.285873e+01
1.991086e+01
3.835548e+00
-6.480268e-01
1.171861e-01
6.995984e-01
-1.522474e-01
1.979025e-02
-7.988346e-02
1.204667e-01
-6.268893e-02
8.674080e-02
-6.837973e-02
1.765924e-01
2.710276e-01
-5.874421e-02
-9.431863e-02
1.958684e-02
-1.214353e-01
8.958981e-03
8.510385e-02
9.736614e-03
2.123476e-01
1.685239e-01
-4.737560e-03
1.402823e-01
-2.484228e-02
1.149858e-01
5.468669e-02
-1.009690e-01
-5.129054e-02
-3.528606e-04
