-1.377693e-01
-4.477294e-01
-1.780973e-03
4.522667e+01
1.898331e+02
-2.334084e+01
3.533468e-04
-1.681199e+05
-3.546196e+05
-5.973388e+04
3.435377e+05
1.286209e+05
8.135054e+04
-2.608426e+05
-2.761406e+04
-1.483465e+05
2.666268e+05
6.130070e+04
5.126661e+04
-5.067398e+04
-1.094553e+05
7.188712e+04
9.126355e+04
-6.908888e+03
8.430270e+02
-8.103301e+04
2.024229e+04
-7.838938e+04
2.075919e+04
7.266116e+04
-1.007478e+05
-8.965621e+04
2.182527e+04
-1.209776e+05
6.814325e+04
1.176187e+04
6.509598e+04
2.634134e+04
-1.127037e+04
-1.465132e+04
2.315235e+04
-6.419577e+03
-1.469399e+04
-5.404073e+03
1.202413e+04
1.716056e+04
-5.401902e+03
-1.667860e+03
-1.025515e+04
-1.061256e+04
3.682256e+03
-1.762223e+04
6.238192e+02
-6.909071e+03
-2.248205e+04
6.857134e+03
3.469323e+03
1.636936e+04
-6.983323e+03
-1.438108e+04
-8.636977e+03
-1.849378e+03
4.031949e+03
-4.596897e+03
4.451931e+03
1.433627e+04
-9.701460e+02
6.580671e+03
-1.529757e+04
3.178029e+03
5.149288e+03
2.003507e+03
-3.164015e+03
-8.347040e+02
4.496500e+03
4.409299e+03
3.723418e+03
5.404368e+03
-9.199351e+03
-1.810372e+03
-1.450860e+03
-2.654206e+03
-4.901251e+03
-1.620837e+03
2.402249e+03
4.557356e+03
-9.153096e+02
1.575269e+03
2.472254e+03
-4.332322e+03
8.838721e+02
-2.746578e+03
1.847543e+03
3.576652e+03
-3.500493e+03
1.910007e+03
1.832510e+03
8.067667e+02
-8.127498e+02
-1.352684e+03
-5.450048e+02
-1.659879e+02
-8.786830e+02
-1.194756e+03
3.120745e+02
6.761848e+02
2.814231e+03
7.693227e+02
-6.099476e+02
7.579951e+02
-1.868650e+03
2.055940e+03
7.728908e+02
7.568985e+02
3.122297e+02
-1.531640e+02
-9.871412e+01
-3.501456e+02
-1.245259e+03
-9.733144e+01
-1.368205e+03
-1.508455e+03
-8.551877e+02
7.685117e+01
1.152263e+03
-8.319443e+02
-6.002570e+02
7.615005e+02
-2.459872e+02
-1.000836e+03
9.070549e+02
5.208023e+02
8.278552e+02
8.267024e+02
-4.059762e+02
2.076169e+02
8.761998e+02
-3.693051e+02
5.906538e+01
-1.355766e+02
-1.841321e+01
-3.367817e+02
6.638942e+02
-6.596231e+01
9.308459e+01
3.182825e+01
4.000252e+02
-1.090748e+02
4.183105e+02
3.261721e+02
2.333381e+02
-6.678504e+01
5.888878e+02
4.483130e+02
-8.531892e+01
-5.452423e+01
2.922147e+02
3.105105e+02
-5.432622e+02
9.516536e+01
1.144947e+01
-1.182533e+02
1.713672e+02
2.767974e+02
1.033813e+02
-6.314873e+01
-9.481592e+01
-6.299440e+01
9.039129e+01
1.800371e+02
2.200938e+01
1.638965e+02
1.300068e+02
-4.844144e+01
1.637442e+02
-8.217027e+01
-3.036795e+01
-1.265503e+02
-1.498194e+01
1.534876e+02
-2.243642e+01
-1.809303e+01
6.219328e+01
2.547353e+01
6.168299e+01
-8.305193e+01
1.167895e+02
9.017834e+01
-8.134811e+01
-3.323116e+00
-7.628793e+01
5.353773e+01
4.154369e+01
1.909046e+02
-3.852581e+00
-8.934594e+01
-6.216637e+01
-3.785863e+01
-1.928746e+01
4.525871e+01
2.450239e+01
-9.051192e+01
3.858568e+01
-1.241467e+02
6.774092e+01
2.156862e+01
-1.694059e+00
3.353433e+00
-6.511312e-01
5.902480e-01
2.592382e-01
-1.618948e-01
1.191609e-01
-6.946469e-01
1.168876e-01
-8.074815e-01
-2.295299e-01
-3.788192e-01
-5.720577e-02
1.897300e-01
-1.533080e-01
1.522505e-01
1.213279e-03
1.857193e-01
6.946876e-02
-8.430702e-02
2.263642e-02
-1.780051e-01
-1.181961e-01
-5.403831e-02
-5.625287e-02
1.290973e-01
-2.804771e-02
-1.104837e-01
2.003367e-01
