-5.109814e-01
1.479596e+00
-2.464237e-01
5.717333e+01
1.911718e+02
-8.123474e+00
3.578392e-04
-1.656476e+05
-2.841510e+04
1.120207e+05
-2.644326e+05
4.477081e+03
2.225343e+05
-2.175705e+05
1.172766e+05
-5.042933e+04
4.589754e+04
5.413129e+04
1.520964e+05
-7.123427e+04
-4.119905e+04
-1.845766e+04
7.476853e+03
-3.378848e+04
-1.072930e+04
-5.862637e+04
-2.272401e+04
-1.616811e+04
-6.524251e+03
-9.329563e+03
-4.253292e+04
-3.131000e+04
-9.923214e+03
1.118216e+04
-4.700491e+03
-1.679017e+03
1.615369e+04
1.373715e+04
-3.336806e+03
1.352675e+04
-7.020807e+03
-2.753526e+04
9.276829e+03
-3.878713e+04
1.889678e+03
8.929285e+03
8.455994e+03
9.970512e+03
-3.473265e+04
-4.571386e+03
-4.888363e+03
-2.883720e+03
8.257102e+03
5.041581e+03
-2.111693e+03
5.730459e+03
-4.614468e+03
1.185271e+04
-7.299707e+03
-2.171457e+03
-1.055159e+04
5.507011e+03
2.302165e+03
-1.136305e+03
-1.828832e+03
1.029851e+03
5.375657e+03
9.823060e+03
-1.968999e+03
-8.550700e+02
4.307016e+03
2.879332e+03
4.469973e+03
-4.432464e+02
-1.025761e+03
-4.752437e+02
8.858049e+02
3.150258e+02
-4.352016e+03
-7.169314e+02
-2.615588e+03
1.891864e+03
-1.880823e+03
-1.965176e+02
3.437299e+02
5.152618e+02
9.580770e+02
4.884149e+02
1.485965e+03
1.512167e+03
5.967439e+02
6.579223e+02
2.892918e+03
2.941731e+02
1.013603e+03
2.026733e+03
2.272005e+03
-1.660405e+03
5.633320e+02
7.827775e+02
-1.398029e+03
6.586815e+02
1.187452e+02
-1.762104e+03
8.756613e+02
-1.524564e+02
4.589289e+02
4.577528e+02
1.706738e+03
7.007658e+02
1.202438e+03
7.253738e+02
-5.105467e+02
-3.135589e+02
-5.528453e+01
-1.823702e+02
1.139733e+01
-6.883252e+02
-9.197496e+02
8.049242e+02
-2.673325e+02
3.001547e+02
9.003842e+01
2.428981e+02
3.522536e+02
-3.354081e+02
1.711723e+02
3.970481e+02
-1.899202e+02
-1.378256e+02
-7.301359e+00
8.849429e+01
2.240858e+00
-4.142865e+01
-2.539418e+02
-4.472748e+02
5.948968e+02
-5.653687e+01
1.342023e+02
2.969462e+01
-4.235792e+01
-1.908976e+01
-1.418902e+02
3.440400e+02
-3.352928e+02
5.414848e+01
1.119420e+02
-1.028588e+02
-5.662437e+01
1.534638e+02
-3.815035e+01
4.479490e+01
-1.193195e+02
2.235056e+01
-6.400204e+01
-9.391051e+01
-7.507355e+01
7.575234e+01
-7.973257e+01
4.916373e+01
2.047191e+02
-4.627837e+01
-1.876341e+02
2.198475e+01
-1.153918e+02
1.068088e+02
-1.181871e+02
3.037088e+02
-2.410833e+02
-2.027642e+01
-2.307388e+00
1.146048e+02
1.704022e+02
6.616963e+01
-5.775959e+01
-9.830610e+01
-4.760934e+01
-3.055873e+00
-1.298707e+02
-1.112177e+01
6.940520e+01
5.318811e+01
-5.812726e+01
6.839449e+00
3.748982e+01
-5.014045e+01
1.349331e+02
9.153353e+01
-1.232791e+02
-5.443122e+01
5.441425e+01
7.277187e+01
-3.425753e+01
-4.820061e+01
7.085297e+01
1.320166e+01
-7.427798e+01
9.644265e+00
-6.900954e+01
-4.462009e+00
4.232552e+01
-7.180762e+01
7.025375e+01
-7.524696e+00
5.411258e+00
-5.770864e+00
-1.954432e+00
-6.930858e-01
-5.497926e-01
3.966086e-01
8.794358e-02
-3.478699e-01
-2.560480e-01
3.462898e-02
6.315542e-02
2.120613e-01
3.446885e-01
-2.254531e-02
6.399846e-03
-1.030192e-01
3.798853e-01
-7.833130e-04
-1.340879e-01
-5.264244e-02
-4.248930e-02
-2.368665e-02
1.298443e-02
5.710077e-02
-1.740832e-01
-2.175701e-01
1.573076e-01
9.028056e-02
-8.365144e-02
6.193969e-02
7.287275e-02
