-6.061168e-02
-1.074520e+00
3.170220e-02
5.603556e+01
1.816813e+02
-1.803539e+01
3.622021e-04
4.916096e+04
-4.635248e+04
-3.021998e+05
9.488651e+04
-7.206360e+04
-8.685953e+04
1.015022e+05
-1.129017e+05
-6.857519e+04
8.046451e+03
-2.113512e+04
8.056969e+04
-7.853518e+03
-37849
-8.150435e+04
4.958987e+04
-2.284288e+04
7.874169e+03
2.802973e+04
1.101745e+04
1.390032e+04
-3.226404e+04
-3.203512e+04
-1.640153e+04
-5.644766e+03
-1.802977e+04
-8.935898e+03
-2.728243e+04
-1.823254e+04
-2.488354e+03
-4.459435e+03
-7.815778e+02
-1.308722e+04
-2.577274e+04
-2.355106e+03
2.047950e+03
-5.015798e+02
2.321859e+04
-9.101519e+03
5.444734e+03
3.365015e+03
-8.293109e+02
2.112243e+03
-1.163709e+04
-5.875559e+03
-3.236978e+03
-3.443483e+03
4.794076e+02
5.954353e+03
-8.181368e+02
1.257462e+04
6.854241e+03
-3.210512e+03
-1.125377e+03
1.356776e+03
-6.441538e+02
-2.187114e+03
7.396714e+02
1.705499e+03
3.630445e+03
-3.412739e+03
-2.760657e+03
2.965260e+03
3.664225e+03
7.147524e+02
-3.061506e+03
-2.305576e+02
-2.980804e+02
-2.826620e+02
-1.297067e+03
2.275416e+03
-4.221187e+03
-4.380703e+02
1.666031e+03
-9.655620e+02
1.422326e+03
4.600632e+02
3.023202e+03
-3.477244e+02
-1.238220e+03
-8.196205e+02
-1.615670e+03
1.774336e+03
-8.423340e+02
2.091335e+02
9.637514e+02
3.044744e+02
-1.842047e+03
3.523066e+02
3.340492e+02
-1.266450e+02
4.026482e+02
-1.056940e+02
-5.481514e+01
5.886349e+02
4.004540e+02
-7.344657e+02
3.375531e+01
-1.899876e+02
4.889877e+02
9.611432e+02
-1.357182e+02
3.339707e+02
-6.876046e+02
1.008762e+02
-2.309491e+02
4.745491e+02
2.309001e+02
1.963555e+02
8.663800e+01
-2.274948e+00
-1.100999e+02
-1.333141e+02
-1.125028e+02
1.688313e+01
-1.153658e+02
-4.094686e+01
4.624234e+02
-6.617230e+01
1.172550e+02
-5.940488e+00
-3.389841e+02
2.459718e+02
4.273445e+02
4.945239e+02
1.012718e+02
1.218675e+02
-7.674576e+01
2.428564e+01
4.441118e+02
-2.731059e+02
3.408036e+02
6.915237e+01
-1.037598e+02
1.899675e+02
5.248681e+01
1.491248e+02
1.184994e+02
1.993459e+02
4.860948e+00
-3.648959e+02
1.021191e+02
1.488141e+02
1.684831e+01
1.710597e+02
1.699395e+02
-1.948164e+01
-1.855473e+02
-1.190253e+02
1.801449e+02
-5.229728e+01
1.603124e+02
-2.511522e+02
-6.587914e+01
1.928844e+02
-2.118799e+01
1.445295e+01
9.318449e+00
-1.631272e+01
-6.742140e+01
1.313807e+02
8.671401e-01
5.744974e+01
4.816714e+01
1.814876e+01
-2.263711e+01
7.065961e+01
-3.775463e+00
-5.220016e+01
2.282162e+01
-2.566971e+01
-5.178559e+01
2.114553e+01
-6.439504e+01
6.168447e+01
5.680428e+01
-1.544025e+01
7.129979e+01
-9.803859e+01
-3.376829e+01
9.690486e+00
-4.977357e+01
-2.832403e+01
2.878564e+01
-3.972030e+00
-2.444441e+01
6.036824e+01
1.651318e+01
1.393265e+00
4.222042e+01
-5.767679e+00
-3.645431e+01
-1.971099e+01
3.133296e+00
-1.660448e+01
6.517529e+01
2.153112e+01
3.126939e+01
1.974934e+01
-7.248164e-01
1.622818e+00
-7.308678e-02
6.340421e-01
2.494319e-01
4.987682e-01
4.327548e-01
-7.323661e-01
-6.783900e-02
-2.626071e-01
-2.883708e-02
-1.098054e-01
1.227463e-01
7.483323e-02
-2.351792e-01
-9.115857e-02
4.479622e-02
-1.040605e-01
-1.058218e-01
4.604536e-03
-4.785553e-02
1.269747e-01
2.830010e-03
-3.505782e-02
2.525437e-02
3.255465e-02
-6.852695e-02
-3.608361e-02
8.599790e-03
