-1.839392e-01
-1.329221e+00
1.725405e-01
5.888000e+01
1.836851e+02
-1.265860e+01
3.562169e-04
-4.996885e+04
-1.445136e+05
1.881017e+05
-4.874644e+04
-9.140961e+04
-2.775110e+03
3.798012e+04
-2.815814e+04
-1.344675e+05
-1.582613e+04
-3.586670e+04
8.427298e+04
6.626612e+04
1.714738e+03
8.247299e+03
3.201270e+03
5.742644e+03
1.579489e+04
-1.699332e+04
-1.263408e+04
-5.549667e+03
-2.198150e+03
1.469906e+04
-2.032105e+04
1.887574e+03
-1.671257e+04
-2.145374e+04
7.384653e+03
1.222921e+04
7.803718e+03
-1.151341e+04
3.750671e+03
-1.796911e+03
1.754277e+04
5.446692e+03
-6.965530e+03
-8.735468e+03
3.556501e+03
-8.790837e+02
-7.362801e+03
9.250715e+03
-9.268492e+03
1.735127e+03
8.116926e+03
2.011615e+03
2.579833e+03
-3.991009e+03
-4.669493e+02
5.253403e+03
2.388738e+03
1.209603e+03
1.341641e+03
-6.909662e+03
-4.787150e+03
3.546995e+03
-2.180903e+03
-4.356125e+03
1.320476e+03
1.729103e+03
1.069077e+03
-1.285681e+02
-2.969987e+03
2.421881e+03
-1.759443e+03
1.774853e+03
-1.755394e+03
2.206360e+03
1.496416e+03
1.145599e+02
3.025552e+03
-1.382833e+02
-2.222382e+03
-1.162361e+03
-4.324204e+02
5.605971e+01
-3.746866e+02
1.377750e+03
8.924149e+02
2.479352e+03
-3.203106e+02
4.641138e+02
-4.677580e+02
-8.474837e+02
-2.545232e+02
3.384847e+02
2.362935e+03
1.288758e+03
-8.790726e+02
1.899240e+02
1.362701e+03
-6.045388e+02
6.120845e+02
3.247082e+02
-6.867429e+02
-8.881452e+01
-1.754113e+02
-1.090747e+03
-2.804367e+02
-1.646141e+02
1.582071e+03
7.044378e+02
6.150774e+02
9.458569e+02
1.598984e+02
5.505851e+02
-5.983245e+01
1.134927e+03
2.450264e+02
-2.108052e+01
-2.139385e+02
-1.718490e+02
1.720183e+01
3.624677e+02
2.072151e+02
1.429829e+02
-1.369580e+02
2.907809e+02
2.157175e+02
-1.595322e+02
2.985652e+00
2.905378e+02
1.176641e+02
-1.555752e+02
1.939304e+02
4.083394e+02
-9.707751e+01
-1.953313e+01
2.377115e+01
9.526652e+00
2.463751e+02
-1.008359e+01
-8.872975e+01
-1.055631e+02
-2.040766e+02
2.177704e+02
-1.539694e+02
-5.479739e+01
-1.415045e+02
-5.330012e+01
1.477867e+02
-3.085715e+01
1.390578e+01
9.649562e+01
-1.932679e+01
2.249281e+01
7.957788e+01
4.285990e+01
-4.680124e+01
-1.796038e+01
5.515878e+01
1.218363e+02
-1.034360e+02
-1.956292e+02
1.008662e+02
-6.776676e+01
1.342536e+02
-2.529233e+01
-2.194368e+01
-5.269265e+01
-5.781705e+01
1.814828e+01
1.260081e+01
2.717525e+01
1.244707e+02
3.867586e+01
-4.042459e+01
1.065686e+02
6.671974e+01
-7.964833e+01
8.149560e+00
1.363521e+01
-3.772208e+01
1.440824e+01
1.169882e+01
8.498616e+01
-8.522099e+00
5.981954e+01
4.471259e+01
-3.794487e+01
2.093876e+01
6.235516e+01
-2.666342e+01
4.682047e+01
2.021889e+01
4.598769e+01
-3.339524e+01
2.554035e+00
1.434642e+01
1.948593e+01
9.011499e+00
-5.275348e+01
2.265570e+00
-2.846759e+01
4.638503e+00
-4.033583e+01
-3.681254e+00
7.685006e+00
2.752950e+01
1.898006e+01
-5.563658e-01
1.646893e+00
-8.979880e-01
-5.390995e-03
-9.891778e-02
-2.008579e-01
5.676192e-02
-2.561971e-01
-1.974486e-01
-4.090222e-01
6.833282e-02
-1.964408e-01
2.579242e-02
-1.938403e-02
3.913505e-02
-4.259880e-02
-4.973641e-02
3.236928e-02
8.944225e-02
1.538508e-02
1.587731e-01
6.205670e-02
1.289200e-01
-4.134082e-02
2.017927e-02
4.947783e-02
2.809385e-02
-9.292713e-02
1.153608e-02
