-1.281237e-01
9.678239e-01
7.229434e-02
5.319111e+01
1.841765e+02
-1.881907e+01
3.537756e-04
-5.536707e+04
1.406629e+04
2.912488e+04
-3.448351e+05
-7.532038e+04
2.149350e+04
6.787313e+03
7.926155e+04
-9.682059e+04
-1.443040e+05
-1.734885e+05
1.158037e+05
-8.063538e+04
1.738806e+04
6.396943e+03
1.417315e+04
3.230283e+04
-5.531608e+02
-3.777676e+04
-3.806877e+04
-4.096058e+04
-3.834249e+03
-3.085622e+04
-4.507166e+04
-4.475802e+04
-1.487695e+04
-5.308935e+03
5.819752e+03
3.226848e+03
-1.037467e+04
2.522222e+03
1.101286e+04
9.666346e+03
1.859695e+03
4.419239e+03
-1.747009e+04
-1.924619e+04
-1.047524e+04
4.955197e+03
1.073431e+04
3.145560e+03
-1.259330e+04
-7.584351e+02
1.228641e+04
1.731675e+03
4.128575e+03
1.112773e+04
-5.216747e+03
-4.064958e+03
5.939094e+03
2.905451e+03
-2.435966e+03
-6.057855e+03
-3.891918e+03
5.508225e+03
-5.192433e+02
-2.879636e+03
6.220551e+01
1.673579e+02
2.070903e+03
7.283755e+02
-1.514201e+03
6.348007e+03
-1.607717e+03
1.117812e+03
4.415320e+02
4.337342e+02
2.225719e+03
-1.451263e+03
2.038272e+03
1.865128e+03
-3.147965e+03
-1.983057e+03
8.673310e+02
-7.223968e+02
-1.367839e+03
1.908917e+03
2.447900e+02
2.304874e+03
-5.384517e+01
6.083870e+02
-6.545093e+02
1.384994e+02
7.028197e+02
2.129390e+02
1.307759e+03
1.332195e+03
-6.140975e+02
1.102707e+03
2.070932e+03
-1.682866e+03
-1.847907e+02
-9.906216e+01
-1.280849e+03
-1.196826e+02
-1.663935e+02
-8.880339e+00
-1.078712e+03
-3.249071e+02
1.821823e+03
1.042860e+03
8.344225e+02
6.708635e+02
1.020145e+03
-3.875775e+01
-3.092211e+02
5.468892e+02
1.991660e+02
7.507014e+01
-1.019068e+02
2.010400e+02
-2.952511e+02
4.231512e+02
1.444585e+02
2.249356e+02
1.789300e+02
9.319698e+01
1.757346e+02
-5.094540e+01
-2.378409e+02
1.568218e+02
-1.022606e+02
-3.374108e+02
2.777968e+02
5.325961e+02
-3.846947e+02
9.494991e+01
2.736694e+02
-1.028181e+02
4.562867e+01
2.244967e+01
-4.842105e+01
-2.884062e+02
-1.962027e+02
-3.529862e+00
-2.109642e+02
2.057707e+02
-9.415016e+01
1.928154e+01
-5.121715e+00
-2.014728e+01
-1.078881e+02
1.736557e+02
9.660577e+01
5.449506e+01
-2.639444e+02
-9.174191e+01
1.618618e+02
-8.082937e+01
2.554853e+01
8.145677e+01
-1.608605e+02
-5.414644e+01
1.291458e+02
-3.939330e+01
6.609544e+01
-5.340651e+01
-7.524963e+01
-1.305482e+02
-1.548193e+02
5.338361e+01
-1.040549e+02
-1.185812e+02
-1.195904e+01
5.983952e+01
1.472409e+01
1.027096e+02
1.311201e+01
-8.094926e+01
-4.225150e+00
3.479419e+01
-8.307292e+01
4.759504e+00
8.511827e+00
6.710109e+01
-4.701432e+01
2.994491e+01
5.774993e+01
-5.039402e+01
-2.961508e+00
7.030909e+01
-2.374089e+01
3.737288e+00
3.138887e+01
5.018748e+01
-1.046861e+01
-2.460699e+00
3.181886e+01
1.694142e+01
-4.688836e+00
-1.930993e+01
3.787573e+00
-3.764397e+01
1.155032e+01
-4.350640e+01
-7.128277e+00
2.232588e+01
7.931123e-01
5.247264e+00
-8.284832e-01
1.631760e-01
-2.020718e-01
-2.078578e-01
1.778198e-01
-7.772017e-02
-7.389624e-02
2.794762e-02
3.839256e-02
6.958723e-03
2.996554e-01
3.524577e-02
-2.405545e-02
1.904299e-02
7.917750e-02
-4.510361e-02
3.296411e-03
6.773348e-02
3.025891e-02
7.366743e-02
1.147419e-01
4.591421e-02
8.865627e-02
4.386318e-02
1.060204e-01
9.077644e-02
-5.561138e-03
-2.902396e-02
7.428773e-02
