-1.117769e-01
5.533705e-01
-3.722261e-02
4.664889e+01
1.867676e+02
-2.116691e+01
3.633942e-04
-1.338028e+05
1.950954e+05
3.353052e+05
6.171020e+04
-3.071057e+04
8.453149e+04
-1.208713e+05
5.082543e+04
-6.889076e+04
1.006340e+05
-6.122370e+04
5.939872e+04
-1.638911e+04
-8.424711e+03
-2.698935e+04
2.949403e+04
-4.220688e+04
-3.959391e+03
-7.425820e+04
-4.143189e+03
-1.802240e+04
-1.322131e+04
2.492971e+03
-8.230934e+04
1.444891e+04
-1.022303e+04
4.111584e+03
2.400412e+04
2.127618e+04
4.301699e+04
8.246821e+03
2.290273e+03
-1.276087e+04
1.140094e+04
-2.429991e+03
-1.803786e+04
-3.043523e+04
7.644027e+03
-3.827325e+03
2.287346e+03
3.983518e+03
-1.286354e+04
-5.457493e+03
1.499200e+04
-7.081382e+03
4.214699e+03
1.214293e+04
-1.187815e+04
5.508718e+03
6.973280e+03
6.909588e+03
-9.011824e+03
-2.506749e+03
-6.048542e+03
-1.372010e+03
4.228326e+03
-3.018275e+03
3.031864e+03
-2.621415e+03
2.955427e+03
4.076850e+03
-5.320419e+02
3.779888e+03
1.082658e+03
2.593531e+03
1.616281e+03
-3.395749e+03
-2.972863e+02
-7.422736e+02
1.341280e+03
1.849568e+03
-5.222962e+03
-6.673267e+02
-1.504837e+03
1.003518e+03
-2.744566e+03
-1.756333e+03
8.993295e+02
1.065721e+03
1.579531e+02
2.396214e+03
2.435806e+02
2.065038e+02
7.433929e+02
-1.377358e+03
3.089719e+03
1.004231e+03
-5.116764e+01
1.499861e+03
3.316482e+03
-2.159933e+02
-6.802351e+02
8.440582e+02
-1.517056e+03
-4.935375e+02
-1.169006e+03
-1.010825e+03
5.367609e+02
-3.492970e+02
1.149985e+03
1.052214e+03
1.266551e+03
1.275517e+03
1.168216e+03
8.463569e+02
2.251558e+01
1.825639e+02
-2.318402e+02
-5.804213e+02
4.755017e+02
-2.661044e+02
-1.261286e+03
7.163417e+02
-2.204638e+02
-5.122601e+02
-2.786305e+02
5.982590e+02
3.424144e+02
-2.701219e+02
-1.594339e+02
2.871499e+02
2.317630e+02
-2.896434e+01
3.941822e+02
3.102317e+02
8.698016e+00
3.800585e+02
-1.519518e+02
8.692200e+01
5.926205e+02
-1.352291e+02
-9.208874e+01
1.003864e+02
1.063145e+02
-3.068425e+02
-1.466175e+02
4.381359e+02
-1.397504e+02
2.346406e+02
-1.650547e+02
2.097973e+01
-2.792813e+01
1.800708e-01
1.927136e+02
1.774108e+01
7.214461e+00
5.706239e+01
2.667033e+01
1.162571e+02
9.471247e+01
2.570325e+02
-3.188759e+02
-4.432522e+00
2.517579e+02
-1.249116e+02
7.453337e+01
1.222770e+02
-2.493879e+01
-1.331124e+02
-2.302137e+02
1.605504e+02
-2.714128e+02
-9.845058e+01
1.663501e+01
1.403333e+02
3.663488e+01
3.076703e+01
-1.920010e+01
-1.294615e+02
-1.714690e+01
-6.975602e+01
-1.273405e+02
1.920192e+01
1.157977e+01
-2.913707e+00
-5.169856e+00
2.652119e+01
2.141881e+01
-9.358514e+01
6.675257e+01
7.610489e+01
-9.012699e+01
4.068732e+00
2.331088e+01
1.583802e+01
3.620363e-01
3.407835e+01
1.010208e+02
8.946660e+00
-4.192286e+01
-2.377805e+01
-2.790996e+01
-3.843845e+01
2.728347e+01
-1.030267e+01
3.824901e+01
2.322581e+01
-8.355694e+00
1.142688e+01
9.137428e-01
-1.956911e+00
-6.549746e-01
4.069633e-01
1.003787e-01
4.485726e-01
-6.000763e-01
-2.996608e-01
-5.219445e-02
5.475035e-02
-1.614358e-01
-1.620692e-02
-1.122124e-01
2.151599e-02
1.046432e-01
9.890589e-02
-8.946963e-02
-2.078343e-01
-1.225957e-01
-1.931702e-01
1.632235e-02
-1.120248e-01
-1.130472e-01
-1.627012e-01
-2.360449e-01
8.537019e-02
1.305218e-03
5.601997e-03
1.597354e-01
