-1.874451e-01
-7.049611e-01
8.947395e-03
4.750222e+01
1.923579e+02
-2.478625e+01
3.627646e-04
-7.208270e+04
-1.480381e+05
1.070851e+05
-3.545399e+04
7.031723e+04
-1.242624e+05
-2.290371e+04
-3.891256e+03
-6.020301e+04
4.638148e+04
2.449660e+04
1.038622e+05
-1.460141e+04
9.477530e+03
8.118970e+03
-8.512402e+04
2.601711e+04
1.096252e+04
-9.647774e+03
6.891915e+03
-2.122182e+04
2.571034e+03
-9.973422e+03
-4.752740e+04
-5.352438e+04
9.077575e+03
-3.403449e+04
2.201889e+04
1.498429e+04
-3.280083e+03
-2.193915e+03
1.813049e+04
-2.533562e+04
1.236413e+04
2.327700e+03
-5.497574e+03
2.265295e+03
2.828267e+03
-2.064268e+03
5.722992e+03
4.164957e+03
-1.043616e+04
3.643670e+03
5.281992e+03
-8.250639e+03
-2.955728e+03
-8.925408e+02
-1.930671e+03
-7.077195e+03
4.142358e+03
6.486320e+03
5.125869e+03
-1.126847e+04
-1.059339e+04
-9.800952e+02
1.126096e+03
4.019647e+02
3.717752e+03
6.766254e+03
-1.651172e+03
2.174306e+03
-2.611876e+03
2.993746e+03
3.342451e+03
1.640067e+03
-3.838217e+03
2.227717e+03
7.710436e+02
2.313337e+02
-7.777776e+02
-1.821343e+03
-2.966783e+03
1.667133e+03
-5.235117e+01
-3.153290e+03
-1.769524e+03
2.665135e+03
-7.336788e+02
1.133094e+03
4.301758e+02
1.069128e+03
8.229791e+02
-1.035560e+03
8.061315e+02
-8.906351e+02
1.311404e+03
1.861377e+03
-4.444790e+02
1.359922e+03
9.009860e+02
-1.373092e+03
-7.915251e+02
-1.294052e+03
6.601191e+01
-1.213311e+03
8.620186e+02
-3.069013e+02
-1.014601e+02
-1.732755e+03
1.480040e+03
-1.559596e+02
2.172339e+03
9.115391e+02
-9.729005e+02
8.631299e+02
1.086311e+02
1.072602e+01
-1.204907e+03
6.816173e+02
-7.445231e+02
3.264568e+02
-5.127790e+02
2.187037e+02
2.880885e+02
-1.912193e+02
3.738898e+01
3.701842e+01
4.356703e+02
3.341483e+01
1.828230e+02
1.179585e+02
-2.878087e+02
-5.234498e+02
7.021145e+02
3.674230e+02
1.128089e+02
-7.532229e+01
1.003667e+02
-3.549299e+02
3.069354e+01
2.363906e+02
-1.797865e+02
-1.914273e+02
-1.018048e+02
-1.221372e+02
3.491328e+02
2.571790e+01
1.793071e+01
4.711454e+01
-1.056952e+02
-3.362534e+02
1.971268e+02
3.324992e+02
1.113201e+02
-3.729447e+01
1.208831e+02
8.728194e+01
-1.133264e+02
1.715987e+01
-7.282753e+01
4.418692e+01
-8.907650e+01
1.036028e+02
-2.315473e+01
-1.788289e+01
2.315406e+02
3.742306e+01
-2.343092e+02
-1.623187e+01
-8.873426e+01
8.012639e+01
-4.361512e+01
9.737826e+00
6.699335e+01
1.246104e+02
1.397679e+02
-3.446788e+01
1.810226e+01
-1.937293e+01
7.845020e+01
7.819202e+01
-9.203443e+01
2.144548e+01
5.985643e+01
1.410335e+02
1.064026e+01
-1.275179e+01
1.057055e+01
1.976932e+01
6.387337e+01
9.656420e+01
-2.147558e+01
6.473720e+01
-6.993870e+00
5.020984e+01
-2.058774e+01
4.422586e+01
1.932025e+01
-1.242312e+01
-1.133962e+01
-5.008385e+01
-4.299519e+01
1.055456e+01
3.765575e+01
-7.759747e+01
-5.648269e+01
-2.625961e+01
5.298631e+01
-6.323029e-01
-3.984171e-01
1.197937e-01
-6.283359e-01
8.074043e-02
6.319920e-02
2.637328e-01
-1.272000e-01
7.802667e-02
1.659086e-02
3.722652e-02
2.176429e-01
-1.477198e-01
2.136076e-02
-1.208156e-02
7.782686e-02
-4.305865e-02
-9.282219e-02
1.078905e-02
4.054786e-02
1.109961e-01
2.321847e-01
5.438289e-02
4.263362e-02
-3.938040e-02
8.546378e-02
7.601563e-02
-7.848708e-02
-8.855385e-02
4.086491e-02
