-2.822966e-01
-1.493661e+00
4.331943e-01
5.347556e+01
1.720126e+02
-8.097878e+00
3.289910e-04
-216699
3.335898e+04
2.006397e+05
-5.297550e+04
9.651291e+04
-1.953396e+05
7.704495e+03
3.092605e+04
-1.158635e+05
2.122704e+04
-2.421445e+04
7.050372e+04
5.501321e+04
5.943172e+03
-2.776876e+04
1.666752e+04
3.710814e+04
6.341544e+04
1.785805e+04
2.677068e+04
-1.436080e+03
-3.490043e+04
-2.846503e+04
-2.592974e+04
2.934143e+04
-1.452950e+04
-1.636101e+04
-2.347702e+04
-5.180059e+03
4.335012e+03
-2.819789e+04
2.731115e+03
-1.869036e+04
-1.677553e+04
-5.563190e+03
3.706934e+03
2.146844e+03
1.309739e+04
-2.451962e+04
1.824690e+04
3.662845e+03
-3.707413e+03
4.995242e+03
-2.841473e+03
-5.659150e+03
-1.434666e+03
-7.759360e+03
-8.514410e+03
-1.336460e+03
2.019925e+03
8.134071e+03
9.585452e+03
-1.393608e+04
-5.702405e+03
-2.051279e+03
-2.521478e+03
-3.737369e+03
-2.773973e+03
2.431388e+03
2.034768e+03
5.345379e+03
-1.833828e+03
1.769630e+03
1.558281e+03
2.932272e+03
1.570693e+03
-7.077299e+02
-8.487070e+02
1.113568e+03
-7.744834e+02
-2.033087e+03
-5.224575e+03
4.544479e+02
-8.265615e+02
-7.222154e+02
1.031716e+03
1.662155e+03
2.736200e+03
-1.587463e+03
-3.851208e+03
2.647610e+01
-6.970934e+02
2.284305e+03
-5.958837e+02
2.631343e+02
5.004594e+02
1.969411e+03
-8.272945e+02
-5.857768e+02
1.075640e+03
-3.039328e+02
-5.729734e+02
-1.296523e+02
-1.873088e+02
-5.250825e+02
7.725849e+02
-7.957629e+02
1.076107e+03
-1.432049e+03
2.994417e+02
7.576164e+02
1.449401e+03
1.468572e+03
-6.630596e+01
8.404004e+02
6.448846e+01
2.943314e+02
-2.940209e+01
-2.351019e+02
-7.413268e+01
-8.507595e+02
-5.473046e+02
5.207103e+02
7.620882e+01
4.358447e+02
-4.629515e+02
3.644905e+01
3.854555e+02
-1.317930e+02
2.952153e+02
-3.583870e+02
-2.728962e+02
-4.064582e+01
1.857033e+02
2.177735e+02
1.223568e+02
1.305522e+02
-3.800629e+02
3.683384e+01
5.677910e+02
-1.772477e+02
1.101674e+01
1.380169e+02
-6.990384e+01
-8.700431e+01
9.617162e+01
3.673915e+02
-3.890981e+01
1.274992e+02
-1.303668e+02
-3.269052e+02
2.376648e+01
2.355561e+02
1.157430e+02
3.517565e+02
-3.928081e+00
-2.700869e+02
-1.440664e+02
5.486570e+01
5.184621e+01
1.759000e+02
5.597377e+01
-4.606694e+01
2.765179e+02
1.939416e+02
-8.570074e+01
2.180318e+00
-2.263402e+02
5.066627e+00
9.505976e-01
1.464104e+02
-2.161755e+02
-4.913237e+00
1.349539e+02
1.511626e+02
1.780247e+02
8.270570e+01
-7.738645e+01
-4.187986e+01
1.141989e+02
9.620671e+01
-7.593203e+01
1.461732e+01
8.162703e-01
1.109285e+01
1.105354e+00
-9.785937e+01
5.019289e+01
-5.086769e+00
7.483945e+01
1.713586e+01
-1.127336e+02
-2.943035e+01
4.319645e+01
-3.060498e+01
-6.666991e+01
-1.649794e+01
-4.357805e+00
-6.895902e+00
-5.675035e-01
8.634781e+01
-3.467091e+01
6.540810e+01
1.138488e+00
-3.739032e+01
4.400532e+01
-2.555396e+01
2.598955e+01
3.698387e+01
-1.896119e+00
-8.238421e-01
1.572590e-01
6.993396e-01
4.212228e-02
-8.032980e-02
-3.800944e-01
-3.905378e-01
1.775224e-01
3.854817e-01
6.139265e-01
-2.355743e-01
1.806594e-01
1.992868e-02
1.151112e-02
2.163702e-01
-1.717464e-02
-2.617987e-01
-2.398521e-01
-1.410817e-01
-4.608956e-01
3.216420e-01
-1.023120e-01
-6.239906e-02
6.686199e-02
-7.764694e-03
-4.999591e-02
-2.482273e-02
-9.992540e-02
