-1.859343e-01
1.374277e+00
-1.456853e-01
5.063111e+01
1.758718e+02
-1.247614e+01
3.268701e-04
-1.424515e+05
1.954442e+05
1.814840e+05
-2.940972e+05
5.810882e+03
-8.948234e+04
1.164829e+05
-1.245559e+04
-1.912866e+05
6.144490e+04
-2.419274e+04
8.912960e+04
3.072877e+04
3.717532e+04
-1.533459e+04
-4.293009e+04
8.643630e+04
2.015775e+03
-2.672369e+04
1.890971e+04
-1.626395e+04
-3.857351e+03
-3.864637e+04
3.906210e+02
-1.818594e+04
-3.578766e+04
-2.542108e+04
-2.896684e+04
-2.532120e+04
-8.863185e+03
-1.083645e+04
4.038125e+03
-1.470213e+03
2.994432e+03
-9.590601e+03
-3.779512e+03
-2.579505e+04
4.373416e+03
3.209039e+01
1.765936e+04
8.097725e+03
-1.361990e+04
3.079228e+03
6.346525e+03
-7.013431e+02
-1.284834e+03
3.500810e+03
5.575089e+03
1.557412e+03
2.025286e+03
3.504767e+03
7.813646e+03
-7.396426e+02
-7.972565e+03
4.275458e+03
-8.129746e+02
9.614601e+02
-5.252570e+02
5.138438e+03
-8.116721e+02
3.752383e+03
-5.092180e+03
1.371474e+03
-2.184059e+03
3.646397e+03
3.549821e+03
1.660938e+03
-4.556903e+02
-3.073856e+02
5.297488e+02
-8.910942e+02
-3.151413e+03
-1.355267e+03
-1.310836e+03
-1.293884e+03
-6.814044e+02
1.373416e+03
3.506143e+02
1.314737e+03
-1.512331e+03
-6.860059e+02
2.326751e+02
4.893923e+02
1.328565e+03
-1.417884e+02
9.910919e+02
6.615414e+02
1.924449e+02
-8.932618e+02
2.099835e+03
-1.464067e+03
-7.837408e+02
-2.488238e+02
-4.821469e+02
-7.346182e+02
1.502355e+03
-7.589190e+02
-1.729900e+02
-1.865449e+03
2.059913e+02
8.952559e+02
1.386421e+03
1.149094e+03
8.888452e+02
-1.361985e+02
7.130312e+00
-2.106888e+02
7.529837e+01
5.352510e+02
-1.829603e+02
-6.974603e+02
-6.125032e+02
4.560371e+02
6.904381e+02
6.508247e+02
-9.294810e+01
-2.148856e+01
2.052282e+02
-3.131409e+02
2.658722e+02
7.271169e+01
-1.755841e+02
-8.758710e+01
1.623145e+01
3.926715e+02
-2.408899e+02
1.413110e+01
1.573701e+02
-2.301877e+02
-2.244429e+02
-4.558888e+01
-3.673473e+01
-3.789883e+02
-1.703700e+01
2.188279e+02
2.169209e+01
3.978304e+02
-6.948536e+01
-1.231542e+02
-1.092447e+02
-1.352071e+02
-1.694160e+02
1.837133e+02
3.653369e+02
2.630664e+01
-3.302410e+02
-1.269024e+02
1.324808e+02
1.337999e+02
2.277641e+01
1.230292e+02
7.758799e+01
-5.645483e+01
2.038645e+02
-4.597827e+01
-9.027380e+01
-1.752608e+01
-3.412068e+02
-1.968876e+01
-3.613013e+01
1.652812e+02
-3.565346e+02
-1.653893e+02
-1.363414e+01
1.238664e+02
1.171772e+02
3.388185e+01
-3.698015e+01
-1.677716e+02
1.156521e+02
-1.648228e+01
-1.090417e+02
-2.726394e+01
-3.670889e+01
1.186190e+01
-1.231273e+01
-4.795665e+01
5.036018e+01
-3.224220e+01
7.815826e+01
8.886852e+01
-1.077961e+02
-4.198521e+01
4.576983e+01
1.853774e+01
-4.632906e+01
1.689964e+01
1.635538e+01
-1.139709e+01
-8.365483e+00
9.095989e+00
-9.213011e+00
-5.483160e+00
1.828594e+01
-5.149906e+01
-1.403706e+01
-9.608645e-01
-4.334593e+00
7.675507e+00
-8.360739e-01
-1.948090e+00
6.886277e-02
-9.181307e-01
2.623011e-01
-3.547622e-01
-3.275979e-01
2.461742e-01
1.025436e-01
2.967314e-01
9.034528e-01
8.809364e-02
-4.208135e-01
-2.406955e-02
2.049924e-01
1.636521e-01
-7.358219e-02
-5.288802e-03
-3.181191e-02
7.038344e-02
-8.707123e-02
3.126962e-02
-9.615368e-02
-9.873074e-02
1.770946e-01
1.694892e-02
-8.060604e-02
6.476640e-02
1.197005e-01
