-1.282405e-01
-2.010949e-01
1.678007e-01
4.750222e+01
1.927004e+02
-2.817691e+01
3.537687e-04
4.996228e+04
-4.918941e+04
-2.418199e+05
1.152078e+05
-2.778215e+03
-1.824329e+05
1.792751e+05
2.181527e+03
-1.108409e+04
-8.772752e+04
-1.080749e+05
-7.054820e+04
4.526546e+04
4.999903e+04
6.948504e+03
1.606608e+04
-4.014904e+04
1.306350e+04
7.605733e+04
4.957966e+04
9.961221e+03
-4.702046e+04
1.794386e+04
-1.187115e+04
5.773726e+04
-1.649419e+04
-3.156514e+04
6.344109e+02
-1.060106e+03
3.233809e+04
-6.047807e+03
8.925554e+03
-2.393138e+04
2.153351e+03
1.040485e+04
-3.954134e+04
-8.639106e+03
2.061722e+04
-1.701525e+04
-9.484941e+02
1.140866e+04
-4.519324e+03
-1.088572e+04
-4.669231e+03
1.199341e+04
4.934401e+03
1.685640e+03
-1.669410e+03
9.919958e+03
2.198281e+03
8.045658e+03
5.374230e+02
-9.386598e+03
2.985430e+02
5.553439e+02
-1.746014e+03
2.418501e+02
2.078589e+03
8.909510e+02
2.519068e+03
-8.502179e+03
4.364269e+03
7.607641e+03
3.100007e+03
-1.287104e+03
-5.001434e+03
8.320789e+02
-3.264312e+03
6.499290e+01
-2.132213e+03
2.781716e+03
-3.996036e+03
-2.036534e+02
2.976733e+03
9.169504e+02
1.515142e+03
7.332993e+02
6.207971e+03
3.596274e+02
-2.581442e+03
-7.882413e+02
5.416932e+02
-1.309555e+03
5.969217e+02
1.175066e+02
2.850515e+02
8.609623e+02
-2.838432e+03
7.453192e+02
-1.912735e+03
7.615072e+02
-8.969374e+02
-4.752552e+02
2.060894e+02
4.767555e+02
5.386150e+02
-1.562361e+03
-9.184433e+02
-2.459302e+02
5.716240e+01
3.303876e+02
-8.669174e+02
1.154283e+03
-1.379909e+03
1.161951e+03
-1.282548e+03
1.063535e+03
4.598470e+01
-9.734721e+02
-5.006738e+02
-7.589409e+02
1.510015e+02
5.433156e+02
-9.702107e+01
4.067051e+01
-4.169345e+01
3.089162e+02
4.957365e+02
1.850903e+02
9.645984e+01
-1.900433e+02
-2.405602e+01
4.924585e+02
9.420171e+02
4.802163e+02
-1.680772e+02
2.631140e+02
-3.290118e+02
2.989982e+02
3.636055e+02
-9.768846e+01
-1.578271e+01
-1.311913e+02
-4.754886e+02
-3.570357e+02
5.316581e+01
-2.668824e+00
1.044433e+02
3.007737e+02
-2.058567e+02
-2.163633e+02
-1.083119e+02
-7.683521e+01
-1.287406e+02
3.216559e+02
3.334420e+02
9.563219e+00
-3.316469e+02
-1.570127e+02
1.051600e+02
-1.594618e+01
1.780858e+02
3.567741e+00
-7.357576e+01
1.251888e+02
2.562749e+02
-1.590699e+02
1.151158e+02
-8.676546e+01
-9.741856e+01
3.559335e+01
2.063379e+02
1.598474e+01
1.024721e+02
-1.536659e+02
-1.441588e+02
7.540823e+01
1.347794e+01
8.340404e+01
7.638692e+01
1.042237e+02
2.048190e+01
5.749058e+01
-1.903120e+02
1.888717e+02
9.567751e+01
-2.111656e+01
5.351648e+01
-1.052267e+02
-5.430569e+01
-4.640227e+01
-3.387484e+01
4.122350e+01
7.147543e+01
1.312116e+01
3.933449e+01
-2.045257e+01
-3.765180e+01
-4.171819e+01
5.325376e+01
2.377905e+01
4.485143e+01
-1.705496e+01
2.346688e+01
-7.838087e+00
1.881687e+01
6.404364e+01
3.887742e+01
2.720205e+01
-7.805692e-01
3.453759e+00
2.465827e-01
5.393391e-01
-2.016152e-01
3.478495e-01
3.657385e-01
-1.159970e+00
-1.655339e-01
-2.929100e-01
-2.536117e-01
3.283242e-02
1.070846e-01
-8.754216e-02
-4.105204e-01
-1.440639e-01
8.323237e-02
1.634854e-01
1.042980e-01
1.614960e-01
8.732863e-04
2.240852e-01
1.898070e-01
-4.685568e-02
-1.205950e-01
-3.157501e-02
6.066576e-02
-3.612645e-02
-7.081188e-02
