-1.721462e-01
6.444929e-01
-3.117140e-02
5.034667e+01
1.970429e+02
-2.296661e+01
3.648464e-04
-5.946364e+04
-2.634406e+05
6.317548e+04
-2.154047e+05
-4.039047e+05
1.195566e+05
1.127511e+04
-8.051920e+03
-2.540576e+05
-6.710599e+04
-5.405101e+04
1.666697e+05
2.619970e+04
4.313720e+04
-1.085973e+04
5.420325e+04
8.783453e+04
4.802239e+04
-1.458696e+04
-1.311212e+05
3.693071e+04
-2.157700e+04
9.571774e+04
-7.601348e+04
6.584061e+04
-1.930322e+04
-6.630438e+04
2.007911e+04
-1.578617e+04
5.624595e+04
5.377573e+03
2.323550e+04
-1.327890e+04
5.233032e+03
-2.147628e+04
-2.511509e+04
-3.697042e+02
2.924049e+04
-1.267262e+04
4.262074e+03
5.056263e+03
-2.755017e+04
1.043361e+03
4.069711e+02
9.863363e+03
1.398351e+04
-1.590869e+04
-1.398753e+04
6.157677e+03
2.173460e+03
7.589853e+03
-3.257383e+02
-8.582018e+03
5.303636e+03
5.531749e+03
-5.492374e+03
-1.338680e+04
2.182731e+03
-1.919411e+03
6.970865e+03
1.075828e+03
-1.683294e+03
6.252412e+03
-5.573639e+02
-4.875810e+03
1.121990e+03
3.535349e+03
4.793824e+03
1.883603e+03
4.307611e+03
2.700989e+03
-7.214176e+03
1.184193e+02
-1.363901e+03
2.294655e+03
5.831631e+02
4.459195e+03
2.384849e+03
4.348470e+03
-4.759891e+03
1.524850e+03
-1.251360e+03
4.094374e+02
-3.182414e+03
2.593856e+03
3.596846e+03
3.558260e+03
-1.954302e+03
-7.687877e+02
3.799270e+03
2.493821e+03
2.353451e+03
2.102054e+03
-2.204706e+03
1.220701e+03
-8.849797e+02
-1.403442e+03
1.820740e+03
1.285499e+03
1.594174e+03
-2.111783e+02
-2.061948e+00
2.428722e+03
7.311141e+02
3.247393e+03
-6.142928e+02
2.310608e+03
1.318699e+03
-2.576233e+02
1.318947e+03
-6.131998e+02
2.457649e+01
6.781094e+02
-6.848305e+02
4.122881e+02
-1.227968e+02
4.421456e+02
1.327926e+02
-1.102122e+03
-4.487974e+02
5.090821e+02
5.073856e+02
2.680388e+02
-1.778958e+02
3.089787e+02
6.203409e+02
1.281898e+02
-6.134802e+02
3.372661e+02
7.488923e+02
-6.304874e+02
3.571554e+02
5.799816e+02
-2.574096e+02
5.002648e+02
-6.036584e+02
7.024872e+02
-6.761992e+01
-1.744269e+00
3.712238e+02
1.281803e+02
3.779588e+01
2.968226e+01
-2.716691e+02
1.891994e+02
-2.507283e+01
-9.875596e+00
-6.126699e+02
-2.138563e+02
2.760144e+02
3.580785e+02
-2.268922e+02
-5.085742e+02
3.874587e+02
2.542838e+02
-5.993611e+01
-6.785947e+01
2.595461e+02
-1.699674e+02
9.420876e+01
2.003512e+02
2.457984e+02
1.372307e+02
7.630680e+01
-9.220416e+01
-7.786008e+01
4.173508e+02
9.212592e+01
-2.232338e+02
-1.673776e+02
-1.550355e+02
7.384765e+01
1.040490e+02
-1.985066e+02
-1.354328e+02
-3.383780e+01
7.189157e+00
6.376833e+01
-8.488020e+01
9.255108e+01
-1.228416e+02
-1.667746e+02
6.361677e+01
9.615525e+01
9.730765e-01
-1.107427e+02
-4.997567e+01
1.057206e+02
9.926463e+01
5.920108e+01
-2.350974e+00
1.374800e+01
-2.206113e+01
-4.175364e+01
-6.400915e+01
1.240646e+02
6.011865e+01
-2.269868e+01
8.245789e+01
-2.925038e+00
3.776882e+00
-6.277648e-01
7.581000e-01
9.654690e-02
-7.722804e-01
3.459689e-01
-9.941717e-01
-3.179273e-01
-6.664394e-01
-3.177634e-01
-2.712649e-01
8.472369e-02
9.065276e-02
1.139181e-02
-5.226444e-02
8.551745e-02
-1.656137e-02
-9.664867e-03
3.748906e-03
2.350560e-02
1.728319e-01
2.029480e-01
-1.945971e-01
7.149653e-02
6.420035e-03
1.972311e-01
-6.779900e-02
-1.142440e-01
