-1.343831e-01
-4.372648e-01
6.602699e-02
4.408889e+01
1.824040e+02
-2.454858e+01
3.512187e-04
-1.832102e+05
9.345873e+04
3.664622e+05
-9.529524e+03
3.963875e+04
1.257525e+04
-1.756145e+05
1.366291e+05
-1.444281e+05
7.650157e+04
-1.818363e+04
2.973845e+04
-7.929846e+04
-3.436725e+04
-3.826653e+04
2.210270e+04
3.725707e+01
-3.089091e+03
-6.470982e+04
-1.208624e+04
-1.871113e+04
-2.744989e+04
-5.083357e+04
-5.423819e+03
8.125153e+02
-3.980125e+03
2.533296e+03
1.063072e+04
6.006000e+03
-8.539494e+03
7.075547e+03
-25432
-1.524439e+04
-9.991776e+03
-1.213962e+04
6.398031e+03
-4.497824e+03
7.908634e+03
-3.675923e+03
6.564021e+03
4.038128e+03
-8.624598e+02
1.466717e+03
1.115952e+04
5.357685e+03
1.557830e+03
4.420157e+03
-4.925830e+03
-8.769776e+02
-1.718728e+02
8.999774e+03
-2.311693e+03
-9.912464e+03
-3.534453e+03
-3.686333e+03
4.851317e+02
-3.154379e+03
5.950959e+02
2.880607e+03
6.980018e+03
4.116049e+03
-3.354849e+03
1.420455e+03
5.411102e+03
5.163773e+03
1.390632e+03
-7.069515e+02
-9.400635e+02
1.753384e+03
2.055996e+03
9.237529e+02
-5.480840e+03
-2.958804e+03
1.048490e+03
4.184472e+02
-1.524879e+03
1.016452e+03
2.621101e+03
6.664244e+02
-2.139191e+03
2.991245e+02
-1.673826e+03
1.988848e+03
1.958265e+02
-1.428846e+03
1.656588e+03
2.196398e+03
-1.499036e+03
4.964168e+02
2.230466e+03
8.314117e+01
2.098738e+02
-1.105199e+02
-1.286517e+03
-9.222039e+02
1.535314e+02
-1.094187e+02
1.215753e+03
-1.148924e+03
-1.209805e+02
3.608236e+02
8.685881e+02
1.088906e+03
3.970090e+02
9.794087e+02
-3.218601e+02
6.972852e+02
-5.665181e+02
-5.024571e+02
-7.223434e+02
6.480113e+01
-5.821869e+02
8.131792e+02
-7.375382e+02
2.125682e+02
-6.304107e+02
4.918604e+02
7.196413e+01
1.440409e+02
-6.998000e+01
3.742099e+02
-1.637372e+02
-2.381644e+02
7.695766e+01
1.186476e+02
1.840915e+02
1.459164e+02
-1.299899e+02
-1.089726e+02
3.971142e+02
-2.868620e+01
1.217795e+02
1.382354e+02
5.314986e+01
-1.855881e+02
-8.154841e+01
1.268913e+02
2.177968e+00
2.282975e+02
-2.182640e+02
-1.639792e+02
-4.291072e+01
1.101500e+02
1.796168e+02
7.553091e+01
-1.149317e+02
3.140046e+01
-2.039442e+01
-1.013547e+01
-4.048357e+01
1.356161e+02
-8.396209e+01
3.838149e+01
2.935158e+02
2.031000e+01
-1.253415e+02
6.289705e+01
-1.156653e+02
-4.690210e+01
1.106693e+01
1.324876e+02
-1.575704e+02
-1.820767e+01
3.588395e+00
1.288534e+02
5.981298e+01
7.829369e+01
-1.525497e+02
-4.645792e+01
-2.467693e-01
6.974382e+01
-8.965008e+01
-7.161497e+01
9.678915e+01
-4.258461e+01
-3.801480e+01
4.443676e+01
3.153316e+01
2.813285e+01
4.288958e+01
4.752052e+01
-8.592113e+01
-9.197996e+00
-6.031163e+00
2.752149e+01
1.710491e+01
1.447902e+01
3.298518e+01
-2.203281e+01
-5.818560e+01
4.098348e+00
-2.144502e+01
4.462120e+01
5.085532e+01
-5.015521e+01
1.147252e+01
-5.125307e+01
5.098752e-01
1.292779e+01
-3.553857e-01
-1.027684e+00
2.890049e-01
-7.778130e-01
2.547847e-02
-2.441754e-01
-4.284114e-01
-1.603305e-02
-1.928047e-02
1.201340e-01
2.386760e-01
-4.206363e-01
1.306262e-01
1.301633e-01
2.169522e-01
1.969980e-01
-1.449768e-03
2.967121e-02
4.744663e-03
-2.595098e-01
-4.681803e-02
5.117717e-02
2.854353e-02
1.062564e-02
-5.653306e-02
-3.460924e-03
2.810540e-02
2.855659e-02
-6.813347e-02
