-5.431913e-01
-1.495420e+00
1.328497e-01
5.603556e+01
1.899758e+02
-8.911683e+00
3.619922e-04
-5.692683e+04
85748
-7.317184e+04
-5.834485e+04
1.605056e+05
-1.655438e+05
5.507471e+04
2.235884e+04
-3.221935e+02
-3.382039e+04
-1.357033e+05
-1.284008e+04
1.845218e+03
1.233009e+04
-4.296179e+04
1.536832e+03
-3.712062e+03
3.133139e+04
5.686669e+02
-5.044789e+04
-2.416425e+03
-3.443475e+04
-4.271858e+04
2.346747e+04
-1.750018e+04
6.282762e+02
1.931628e+04
-8.348458e+03
-1.216699e+04
-2.788721e+04
-1.686803e+04
-7.580583e+02
-1.087383e+04
-2.004281e+04
-9.728633e+03
1.327592e+04
7.150297e+03
5.539242e+03
1.671819e+02
1.250349e+04
1.151358e+04
7.378938e+03
9.609005e+02
4.022374e+03
-6.175499e+03
-3.940406e+03
1.284250e+04
1.883244e+03
-8.648011e+03
3.446421e+03
3.446519e+03
-5.987940e+02
-7.504906e+03
-1.896019e+03
4.867957e+03
-3.151763e+03
7.655994e+02
-2.284540e+03
3.336581e+03
-3.470517e+02
8.963312e+02
-3.443549e+03
6.459990e+02
1.524011e+03
2.885514e+03
-1.677526e+03
9.039852e+02
-1.966510e+03
1.006515e+03
-5.361594e+02
1.385744e+03
-2.424929e+03
-2.386626e+03
2.001260e+03
5.158813e+02
1.765990e+03
-2.109354e+02
2.190088e+03
3.585765e+02
-1.652682e+03
-1.028122e+03
-1.837450e+03
1.478625e+03
-6.294913e+02
3.149766e+01
-1.082834e+03
-2.032429e+01
-9.113790e+02
6.141793e+02
9.109141e+02
-3.543825e+02
3.289172e+02
-5.268423e+02
-5.430992e+02
7.381801e+01
5.741014e+02
4.126734e+02
-1.665737e+02
-4.243055e+02
-2.050108e+01
8.739714e+02
7.397768e+02
1.056636e+03
8.158446e+02
-8.949143e+02
-4.154490e+02
1.358327e+02
-5.959717e+02
2.698145e+02
-9.821834e+02
-2.250635e+02
-4.142287e+02
5.682061e+02
-1.618445e+02
6.252904e+02
-4.164278e+02
3.300576e+01
-1.437746e+02
3.849543e+02
-9.900027e+01
-1.406903e+02
-6.165375e+02
4.221160e+02
3.638242e+01
6.361516e+02
3.414003e+01
-6.842726e-01
1.452195e+02
-1.778826e+02
-1.406272e+02
-9.224460e+01
9.242351e+01
-6.387646e+00
2.490117e+01
-5.741394e+01
3.609718e+01
-6.459223e+00
6.757907e+01
1.307759e+02
-1.094931e+02
1.864435e+01
-1.931418e+02
1.639789e+02
1.154789e+02
2.210221e+02
-2.438992e+02
-1.164129e+02
-9.832935e+01
6.669086e+00
-3.984748e+00
1.716044e+02
2.086898e+02
-3.611415e+01
6.505244e+01
8.760826e+01
-5.228870e+01
-1.299866e+02
-1.265434e+02
-6.572466e+01
3.014727e+01
7.843833e+01
-6.635046e+01
-5.492972e+01
1.172477e+02
6.195619e+01
3.922702e+01
6.592158e+01
-9.730283e+01
-3.063282e+01
1.221826e+02
1.640437e+02
-6.345232e+01
2.303108e+01
7.221269e+01
6.739359e+01
-4.813716e+01
1.915813e+00
4.243312e+01
2.388242e+01
-4.353377e+01
3.879060e+01
-6.035403e+01
-5.032301e+01
2.348115e+01
3.685054e+01
6.668517e+01
1.950863e+01
4.632549e+01
-5.779651e+01
-3.505378e+00
1.307309e+01
-2.092888e+01
1.195341e+01
5.176195e+01
-2.604637e+01
3.165561e+00
-2.244557e+01
2.388890e+01
2.319361e+01
-5.217977e-01
-1.026854e+00
1.169833e-01
-9.049084e-01
-3.557107e-01
-1.479466e-01
-2.376041e-01
1.117786e-01
-2.002052e-02
2.477172e-01
4.292164e-01
-3.475115e-02
1.031032e-01
9.900306e-03
1.297113e-01
4.547534e-02
2.412856e-02
6.048912e-03
2.645653e-02
4.982721e-02
1.512325e-02
3.895676e-02
4.625951e-02
4.401371e-02
8.930477e-02
1.502178e-02
1.052393e-02
9.002604e-02
4.222120e-03
