-1.977485e-01
1.021962e+00
-7.471689e-02
5.205333e+01
1.970096e+02
-1.813357e+01
3.419906e-04
-1.158239e+05
-4.266552e+05
-2.990915e+05
-6.173890e+04
2.273852e+04
4.851839e+04
-2.825784e+04
-4.220576e+04
-2.216782e+05
-5.681029e+04
-1.259008e+04
1.280503e+05
7.634739e+03
-7.718026e+04
-4.657741e+04
-3.370632e+04
-1.826296e+04
-1.404586e+04
5.096509e+04
-7.858404e+03
-6.835127e+02
-1.914854e+04
-2.683328e+03
-23211
2.099897e+04
-2.546132e+04
-2.154881e+04
1.362240e+04
1.187029e+03
-1.148139e+04
-2.622448e+03
6.470595e+03
-5.379704e+03
-5.233200e+03
-3.443823e+04
2.692738e+03
6.387554e+03
3.015398e+04
8.967995e+02
2.753109e+03
8.284379e+03
-6.884127e+03
3.463945e+03
1.010101e+03
-8.483133e+03
2.989206e+03
-7.776461e+03
-1.090546e+03
9.555823e+03
2.754067e+03
1.323042e+04
5.599416e+03
-4.259494e+03
-3.417642e+03
2.614691e+03
-4.329389e+03
-1.224515e+03
-4.495535e+01
7.722812e+03
4.638803e+03
6.269329e+03
-7.353855e+03
4.631505e+02
1.493634e+03
5.241503e+02
-1.024962e+03
1.737414e+03
8.866902e+02
1.754711e+03
9.798101e+01
5.426845e+02
-3.579472e+03
1.373521e+03
-4.671443e+02
1.074054e+03
-8.784232e+02
1.163612e+03
4.701030e+03
1.476119e+03
2.479060e+02
-2.165827e+03
-8.866317e+02
-2.693593e+02
-4.756731e+02
1.219564e+03
1.236198e+03
1.236179e+03
-2.310411e+03
6.361913e+02
1.038460e+03
5.086883e+02
7.469942e+02
4.818121e+02
-4.334489e+02
3.198049e+02
4.468799e+02
-1.695735e+03
5.797177e+02
-3.863450e+02
7.862753e+02
1.068255e+03
1.840722e+02
1.042435e+03
-8.706498e+02
1.184764e+03
-1.984490e+01
9.806558e+02
2.060325e+02
1.807454e+02
1.187076e+02
-1.978725e+02
-2.269842e+02
-3.857227e+01
1.002885e+02
1.087530e+02
-3.641561e+02
-3.041338e+01
8.015052e+02
-4.573067e+02
4.354346e+01
3.825704e+01
-4.049975e+02
-2.736315e+02
2.198920e+02
2.722314e+02
-1.203624e+02
3.639843e+01
-4.700197e+02
1.958956e+01
5.412997e+02
-4.066982e+02
2.491138e+02
2.543118e+01
-2.220322e+02
3.482878e+02
1.369484e+02
-2.163416e+01
-1.256607e+02
8.537023e+01
3.518904e+02
-2.720635e+02
-5.020128e+01
1.969596e+02
1.298979e+02
2.165682e+02
4.115022e+02
4.993740e+01
-2.131238e+02
-3.574641e+01
-7.211821e+01
-4.337168e+00
4.363588e+01
-3.950392e+02
-3.495110e+01
1.208582e+01
1.011856e+02
-1.072667e+02
-3.269873e+01
-1.886385e+01
6.528992e+01
1.218074e+02
-3.468044e+01
2.370148e+02
1.357278e+02
2.370542e+01
9.277993e+01
7.008020e+01
2.053276e+01
5.541296e+00
-1.522153e+01
-4.399603e+00
-1.775999e+01
3.097314e+01
2.228430e+01
8.830251e+01
3.812221e+01
5.400226e+00
1.197468e+02
-1.301560e+01
1.229093e+02
6.672729e+01
-8.208546e+01
5.793099e+01
4.944041e+01
7.493628e+01
-4.624918e+01
4.055669e+01
-2.155429e+00
3.188419e+01
-2.063139e+01
-4.034341e+01
-3.534155e+01
1.418694e+01
-1.800052e+01
-6.872356e+01
3.161939e+01
-2.231982e+01
4.839375e+01
2.698038e+01
-3.901261e+00
4.121430e+00
-1.000681e+00
1.215779e+00
1.734430e-01
-2.405712e-01
-9.601171e-02
-1.130428e+00
-1.285784e-01
-7.401004e-01
1.311829e-01
-2.207958e-01
-1.239799e-01
6.946459e-02
1.554853e-01
-3.017921e-01
-3.787393e-02
-2.379905e-02
-1.289611e-03
1.169389e-01
9.368752e-02
1.266433e-01
2.490197e-02
-1.752990e-01
2.401684e-01
4.724326e-02
-1.208514e-01
-1.393898e-01
-7.070273e-02
