-6.397395e-02
-1.305349e+00
1.585054e-01
5.575111e+01
1.785378e+02
-1.397228e+01
3.382254e-04
-8.146462e+04
-3.754043e+04
-2.286712e+05
-6.895436e+05
-3.458360e+04
-7.271351e+03
2.477896e+04
-2.384513e+04
-1.111722e+04
-1.012527e+05
-1.251356e+05
1.288566e+05
-2.790573e+04
5.720659e+04
3.611429e+04
-3.872175e+04
5.460176e+04
3.704757e+03
-9.028303e+02
-2.477986e+04
-1.552558e+04
5.210081e+03
-5.211441e+04
-4.830703e+04
-8.406166e+04
-2.083319e+04
2.152603e+03
4.050607e+03
-2.520322e+03
-3.082350e+04
-2.121001e+04
1.662118e+04
2.756418e+04
1.926653e+04
-1.717683e+04
1.191124e+04
-1.151706e+04
-1.951544e+04
9.445747e+03
2.646543e+04
5.212409e+03
-1.227023e+04
3.451123e+03
-4.601371e+03
-4.711343e+03
-5.265033e+03
4.658352e+02
7.934701e+03
-2.988750e+03
-2.820830e+03
-2.676012e+03
3.288909e+03
-4.082870e+03
-9.977007e+03
5.111324e+03
1.142310e+03
1.351828e+03
2.957130e+02
4.592624e+03
2.558815e+02
9.135039e+03
7.280068e+02
-2.251003e+03
-8.537986e+02
1.511082e+03
5.253597e+03
-2.445552e+02
1.513837e+03
-1.418368e+03
2.593420e+02
-2.294015e+03
-2.613154e+03
-6.491655e+02
-1.962817e+02
-2.723875e+03
-1.094029e+03
-4.035117e+02
-1.481466e+03
7.358710e+02
1.642240e+03
1.709985e+01
6.082163e+01
1.571248e+03
1.423463e+03
1.842081e+03
6.556616e+02
5.655989e+02
4.641434e+02
4.637763e+02
1.953533e+03
-2.139732e+03
-4.058401e+02
-8.413657e+02
1.001456e+02
-1.244460e+03
8.173096e+02
-5.074625e+02
-7.104072e+02
-9.201472e+02
1.069575e+03
1.108843e+03
1.686503e+03
9.217231e+02
1.935925e+03
-8.993136e+02
-2.824142e+02
-9.772874e+02
-3.932616e+02
6.634187e+02
-4.128747e+02
-6.161285e+02
-9.459562e+02
3.849641e+02
8.335222e+02
9.326236e+02
3.215896e+02
-1.113111e+02
-1.080522e+02
-1.812938e+02
1.497945e+02
-3.093782e+01
-3.267344e+02
-4.113088e+02
3.993999e+01
4.292883e+02
-5.159922e+02
-1.506825e+02
1.809693e+02
-6.067971e+02
-3.928049e+02
-4.201118e+02
-1.765691e+02
-3.893110e+02
-3.403047e+02
1.430381e+02
1.117012e+02
1.207068e+02
-1.777700e+01
1.734116e+01
1.243881e+02
-2.762267e+02
-2.640444e+02
4.262167e+02
1.182146e+02
2.025920e+02
-3.503639e+02
-1.092284e+02
1.509914e+02
-3.794728e+01
-1.871702e+02
-1.143556e+02
1.631145e+02
1.778736e+02
-1.169773e+02
-1.261175e+02
1.381448e+01
-1.385417e+02
-2.517891e+02
8.184977e+01
2.823277e+01
1.788722e+02
-2.119443e+02
-1.910158e+02
-5.306139e+01
1.491954e+02
1.829279e+02
6.675389e+00
1.939713e+01
-3.105387e+01
1.216943e+02
1.539735e+02
-1.089038e+02
3.885917e+01
1.538611e+02
5.727338e+01
-7.985644e+01
-4.644264e+01
8.168548e+01
-2.160492e+01
4.616112e+01
1.871524e+02
-4.097887e+01
1.837680e+01
2.554759e+01
8.665691e+01
1.278779e+00
-4.078811e+01
1.450202e+01
1.129154e+01
-3.065147e+01
2.316632e+01
-7.012577e+01
-1.883020e+01
3.485533e+00
-6.643516e+01
9.946879e+00
-1.978157e+01
5.199076e+00
-8.891016e+00
-1.767948e+00
-1.411240e+00
-2.589984e-01
2.848429e-01
2.971536e-02
2.495713e-02
-4.696109e-01
7.366357e-01
3.607646e-01
4.328754e-01
9.536456e-01
6.433627e-01
-9.437589e-02
3.003785e-02
6.316317e-01
-2.332083e-01
-8.262418e-02
2.268604e-02
-7.667919e-02
4.129391e-01
8.536789e-02
1.014833e-01
-3.128437e-02
-3.941035e-02
5.431747e-01
9.805299e-02
-1.631703e-01
8.883660e-02
6.030474e-02
