-2.251692e-01
3.066692e-01
-1.231877e-01
4.920889e+01
1.957574e+02
-2.461138e+01
3.531808e-04
-1.339086e+05
-1.063638e+05
2.681813e+05
-2.493929e+04
1.028507e+04
200011
-1.550262e+05
9.095475e+04
-1.539902e+05
4.317751e+04
2.164812e+04
9.824220e+04
-1.765734e+04
-2.524270e+04
-2.027343e+04
1.186655e+04
3.160908e+04
-1.134488e+04
-8.722640e+04
-6.863875e+03
-3.667924e+03
-9.307894e+03
1.819808e+04
-3.369753e+04
4.861367e+03
-1.166077e+04
-8.835469e+03
2.020862e+04
6.113353e+03
1.169058e+04
2.250722e+04
-5.952170e+03
-4.590656e+01
1.123265e+04
-5.871518e+03
-7.756252e+03
-1.644336e+04
1.264380e+04
4.444486e+01
1.068457e+03
2.723923e+03
-1.138225e+04
-1.185992e+03
8.033065e+03
8.187833e+03
9.715405e+03
6.791955e+02
-5.699163e+02
4.758883e+03
9.288790e+02
9.116793e+03
-4.030881e+03
-1.896993e+03
-6.445249e+03
1.528268e+03
1.645854e+03
-3.071826e+03
3.803321e+03
1.259846e+03
3.924491e+03
4.244265e+03
-3.833266e+03
1.266671e+03
3.750623e+03
3.932056e+03
1.944227e+03
7.870887e+02
-4.189535e+02
-1.524818e+03
3.255746e+03
4.704275e+02
-3.303260e+03
-1.175863e+03
-1.939687e+03
1.959899e+02
-2.808813e+03
1.730359e+03
7.701033e+02
2.753706e+03
-1.576293e+02
1.270739e+03
6.425823e+02
-3.665071e+02
2.823282e+02
-9.092366e+02
2.980092e+03
1.270879e+03
-2.988410e+02
1.390414e+03
2.391742e+03
2.038320e+02
1.683343e+02
5.030240e+02
-1.383335e+03
-1.673659e+02
5.538937e+01
-9.155046e+02
4.017814e+02
-2.138028e+02
8.988906e+02
4.570004e+02
9.967569e+02
7.550206e+02
6.148217e+02
1.376236e+03
-4.374376e+02
8.787383e+02
-1.066869e+02
-2.074244e+02
1.195169e+02
-1.025126e+02
-4.286413e+02
6.497453e+02
-2.027944e+02
9.782474e+01
-1.538296e+02
5.547707e+02
1.996493e+02
-4.553277e+02
-1.060333e+02
4.630215e+02
4.137139e+02
-2.182415e+02
-9.042735e+01
3.023536e+02
2.530388e+01
1.273924e+02
-6.133721e+01
-1.460865e+02
2.887515e+02
1.409345e+02
-7.697133e+01
-2.075935e+02
-6.218941e+01
6.933050e+01
-2.124072e+02
1.888297e+02
-1.268938e+02
1.367816e+02
9.049707e+01
1.424431e+01
5.626996e+01
9.414786e+00
1.502074e+02
-1.164600e+02
-2.305585e+01
1.652284e+02
3.173479e+01
1.251894e+00
-2.731781e+01
1.301528e+02
-1.808730e+02
-1.808091e+00
2.024517e+02
-1.138682e+02
-7.614885e+00
9.572137e+01
-3.776575e+01
-1.561188e+01
-1.154227e+02
1.770998e+02
-6.739510e+01
-7.930277e+00
2.435408e+01
6.986958e+01
3.821078e+01
3.222393e+01
-2.266533e+01
-1.029122e+02
-9.213151e+01
-7.471017e+01
-9.230551e+01
-4.627450e+00
3.645401e+01
3.249931e+01
-4.598140e+01
6.199121e+01
3.270879e+00
-4.224068e+01
8.117876e+01
4.345885e+01
-8.584554e+01
-1.645018e+01
5.042551e+01
5.864278e+01
1.702929e+00
1.697454e+01
4.262262e+01
1.671049e+01
-2.105219e+01
-3.417735e+01
-2.794364e+00
-5.139232e+00
2.905624e+01
-5.355343e+01
-1.491599e+00
-1.319047e+01
1.133306e+01
7.831313e+00
-4.686290e-01
4.391741e-01
-5.835136e-01
8.139963e-02
4.571766e-02
-4.896594e-01
-5.335678e-01
8.214098e-02
-1.738985e-01
-2.509671e-01
-1.860198e-02
-1.425571e-01
1.259776e-01
-5.192222e-02
2.216067e-01
1.625624e-01
-7.242351e-02
8.698778e-03
3.392487e-02
-1.361998e-01
8.883239e-02
-4.594337e-02
-6.493320e-03
-1.557233e-01
-3.337833e-02
5.380689e-02
-5.054262e-03
-1.209556e-02
4.701510e-02
