-5.862691e-01
-1.530886e+00
5.013018e-01
5.432889e+01
1.730809e+02
-9.362807e+00
3.457488e-04
-1.226630e+05
2.259678e+04
-1.319188e+05
-6.548164e+04
4.476429e+04
8.360345e+04
-7.912737e+04
-6.945707e+03
-1.424982e+05
6.430698e+04
2.049309e+04
4.831632e+04
-2.905181e+04
-5.347160e+04
-6.296765e+03
4.337385e+04
3.265896e+04
2.063843e+04
-1.032851e+04
3.504841e+04
1.902587e+04
-3.673159e+04
-2.627797e+04
-1.280367e+04
-4.681398e+04
1.415499e+04
-1.315018e+04
9.199282e+03
2.782993e+03
-2.040326e+04
8.332294e+03
-3.655377e+03
-8.640831e+02
-3.501881e+03
-1.288451e+04
1.288474e+04
-2.988955e+03
-9.330086e+03
-1.772499e+04
1.918613e+04
-2.208905e+03
-4.255846e+03
-7.559479e+03
-4.130880e+03
1.847293e+03
4.091599e+03
-5.342487e+03
-2.964464e+03
1.109040e+04
-1.365897e+03
1.037832e+04
-1.513864e+03
-6.394723e+03
-6.996675e+03
2.190912e+03
5.826956e+02
-6.004607e+03
4.042541e+03
3.588682e+03
5.695651e+03
6.475077e+03
-2.888665e+03
-2.278571e+03
1.508580e+03
2.197743e+03
2.096215e+03
-2.091922e+03
-7.870520e+02
-4.466157e+02
1.019610e+03
-1.711227e+03
-6.186118e+03
6.453402e+02
-1.149696e+03
1.143876e+03
-1.581138e+03
1.532103e+03
2.097207e+03
-8.848800e+02
-9.147551e+02
5.275994e+02
-7.339216e+02
1.958896e+03
5.238038e+02
2.501533e+02
1.147640e+03
1.150021e+03
-1.259439e+03
1.671792e+03
9.402986e+02
-8.246323e+01
-3.715595e+02
-3.485885e+02
-6.425350e+02
-7.229579e+01
7.403402e+02
-3.945106e+02
1.143939e+03
-1.016475e+03
7.790403e+02
3.673187e+02
9.738539e+02
1.097125e+03
1.113160e+02
6.789294e+02
-1.238491e+02
-3.547404e+02
-1.875595e+02
-3.071285e+01
9.197063e+01
-4.862928e+02
-4.522437e+02
5.569500e+02
8.314066e+01
5.876438e+02
-4.146514e+02
1.476927e+02
2.276151e+02
-2.862885e+02
5.013862e+02
-5.885877e+01
-6.390323e+01
-1.259987e+02
9.855854e+01
1.686030e+02
-7.102196e+01
6.083959e+01
-2.273786e+02
-4.101491e+02
4.263494e+02
-2.378303e+02
4.803389e+01
-1.230531e+02
-1.670115e+02
-5.858938e+01
2.536341e+02
2.192888e+02
-8.724672e+01
1.189220e+01
9.439095e+00
-4.335403e+02
8.525132e+01
2.814452e+02
7.703372e+01
3.652012e+02
5.925014e+01
-7.796898e+01
-8.565346e+01
4.205001e+01
-6.735036e+01
6.587327e+01
-1.003042e+02
1.285900e+02
8.367172e+01
2.064797e+01
-5.211340e+01
2.914435e+01
-1.591719e+02
1.018915e+02
-3.351750e+01
1.986860e+02
-1.117456e+02
-3.119505e+01
1.249682e+02
1.424273e+02
1.361160e+02
-1.353245e+01
-9.480611e+01
-5.750600e+01
8.941814e+00
2.911535e+00
-5.108839e+01
4.280969e+01
1.263687e+02
4.743028e+01
-2.611187e+01
7.285623e+00
4.637601e+01
1.473564e+01
8.974811e+00
1.416698e+01
-1.056389e+02
-2.463943e+01
9.563253e+00
8.691281e+00
-3.336344e+01
3.470631e+01
-1.213081e+01
-5.696357e+01
-4.840332e+01
3.751977e+01
-5.515628e+01
5.219271e+01
2.039158e+01
-5.566492e+01
5.447810e+01
-4.700978e+01
2.453470e+01
1.691543e+01
-1.927428e+00
-1.127666e+00
4.591478e-01
7.036252e-01
9.178428e-02
1.852395e-01
1.073187e-01
-2.149528e-01
-2.935530e-02
2.605405e-01
3.701006e-01
-2.290198e-01
1.615862e-01
-4.074942e-02
8.051481e-02
1.064782e-01
-3.342872e-02
-8.241321e-03
-2.022302e-02
-5.723784e-02
-7.806218e-02
1.730209e-01
-1.466201e-01
1.773133e-02
5.701271e-02
2.755287e-02
-2.931932e-02
-4.994122e-03
-1.536764e-02
