-3.306672e-01
-4.654168e-01
9.413230e-02
5.176889e+01
2.055977e+02
-2.504380e+01
3.693020e-04
-4.976016e+04
7.103304e+03
1.052884e+05
-4.584936e+04
-9.303298e+04
4.695222e+04
-2.047727e+04
-1.989641e+04
-1.581764e+05
-2.509248e+04
-4.121470e+04
1.516633e+05
-5.948496e+04
-6.297642e+03
5.015332e+04
-2.654339e+02
8.187495e+04
4.292012e+04
-3.537228e+04
-2.418002e+04
5.268186e+03
-1.870999e+04
5.313091e+03
-3.440256e+03
1.331383e+04
-1.726167e+04
-3.971380e+04
-9.666343e+03
-3.956942e+03
2.008839e+04
-2.575802e+04
2.012568e+04
-6.941485e+03
-4.564050e+03
-5.775927e+03
-1.683974e+04
-7.867649e+03
1.701750e+04
3.066466e+03
-6.011715e+03
-2.176783e+02
-4.023563e+03
5.751218e+03
-6.436802e+03
1.042808e+03
5.093711e+03
6.436407e+01
5.998550e+02
-9.569097e+02
1.022008e+03
4.143507e+03
9.130916e+02
-5.815037e+02
-7.578674e+02
-1.510188e+03
-1.522594e+03
-4.073478e+03
4.737077e+01
4.004057e+03
1.072776e+03
-1.420477e+03
-6.078636e+03
9.467544e+02
1.125868e+03
4.481441e+03
7.647336e+02
3.204411e+03
1.304306e+03
9.155693e+02
2.664529e+03
4.343359e+02
-3.589999e+03
-2.682430e+03
-1.075165e+03
2.765731e+02
-1.495524e+03
2.136662e+03
3.935415e+02
2.514089e+03
-3.585779e+03
2.311644e+02
-7.826124e+02
2.453952e+02
-6.615002e+02
1.304561e+02
2.530131e+03
2.192123e+03
-1.764423e+03
4.971658e+02
1.739225e+03
9.463548e+01
4.835738e+02
3.638080e+02
-2.319331e+03
-4.897780e+02
8.124957e+02
1.105361e+02
5.025858e+02
-4.299997e+02
7.914937e+02
4.039849e+02
7.647923e+02
1.495407e+03
3.342659e+02
1.193387e+03
-1.446798e+02
6.861376e+02
-1.496273e+02
1.154202e+02
-6.380030e+01
-1.927122e+02
1.020930e+02
8.073635e+02
-1.718489e+02
-2.739597e+01
-3.333878e+02
1.288137e+02
-2.952874e+02
-2.880720e+01
-9.916794e+01
5.381694e+02
1.856343e+02
-1.368527e+02
-2.069612e+01
3.560175e+02
3.912152e+02
3.798928e+02
-1.106276e+02
-2.073383e+02
2.733092e+02
2.941267e+00
-3.072890e+00
2.994656e+00
-2.821418e+02
1.516362e+02
-1.471907e+02
2.333809e+02
-1.431185e+02
-6.337874e+00
-3.725787e+00
-1.516325e+02
2.848643e+02
2.405513e+02
2.831351e+01
-1.253654e+02
-1.057897e+01
1.836467e+02
-1.415755e+02
-4.783970e+01
1.367833e+02
1.600773e+02
-7.933060e+00
-3.927707e+01
7.309525e+01
7.801514e+01
1.640746e+01
1.247354e+02
-1.354365e+01
-7.238328e+01
-6.333335e+01
7.225014e+01
4.635331e+01
-4.698005e+01
7.772875e+01
7.870549e+01
-1.118212e+02
-2.226937e+00
-5.257500e+01
-9.237025e+01
-5.785535e+01
-4.183418e+01
-5.494131e+01
1.193011e+02
4.751802e+01
1.623148e+01
3.922539e+00
5.355300e+01
2.247389e+01
2.708452e+00
3.855224e+01
1.565834e+01
1.891752e+01
-1.796262e+00
1.249652e+01
-1.403397e+01
-1.959813e+01
1.534650e+01
1.899626e+01
3.175546e+01
6.045899e+00
-5.053250e+01
8.277902e+00
-1.623869e+01
1.113546e+01
-4.379763e+01
1.502075e+01
5.201202e+00
1.529189e+01
7.610874e+00
-4.673738e-01
1.671621e-01
-1.224513e+00
-9.423971e-01
-2.322474e-01
-4.943142e-01
8.334107e-02
-6.470674e-02
-1.440706e-01
-4.857373e-01
1.444910e-01
-3.932434e-01
1.129957e-01
1.211603e-02
-1.484740e-01
2.186895e-01
-3.090459e-02
9.293260e-02
1.356905e-01
-2.569324e-01
2.666306e-02
4.127003e-02
2.444349e-02
-1.500458e-02
-1.378269e-01
-1.508472e-02
1.165727e-01
-3.496170e-02
1.095774e-02
