3.390038e-01
-1.022356e+00
-1.732793e-01
5.148444e+01
1.540794e+02
-2.126789e+01
3.540024e-04
-4.791133e+04
-5.422934e+04
-3.618586e+05
-4.180631e+05
-6.904315e+03
-1.226255e+05
5.548441e+04
-5.391390e+04
-3.138991e+04
-4.517263e+04
-1.474412e+05
1.007741e+05
1.002986e+05
-3.125937e+04
3.734225e+04
6.789597e+03
5.344667e+04
5.943175e+04
5.663950e+04
-2.757751e+04
4.819495e+04
1.243854e+04
-4.588593e+04
3.386834e+04
-1.796671e+04
-2.500398e+04
-8.501786e+03
-2.478399e+04
-1.117759e+04
-1.322435e+04
-3.948846e+04
2.613619e+04
2.959041e+04
-9.468307e+03
-1.932929e+04
5.633269e+03
-2.715085e+03
8.560496e+03
5.783786e+03
5.919398e+03
7.576627e+03
-1.125881e+04
-1.963348e+02
-4.282062e+03
-1.302518e+03
-6.585852e+02
-4.647151e+03
8.645980e+03
2.238488e+02
-1.303812e+03
3.081267e+03
6.235569e+03
-4.718427e+03
-7.317585e+03
3.342989e+03
-1.813297e+02
1.203492e+03
-3.066572e+03
3.014464e+03
-1.038095e+03
3.783809e+03
-1.918826e+03
-1.936975e+03
-2.481171e+03
-2.319823e+03
2.039221e+03
1.182039e+03
1.400220e+03
-1.636879e+03
-2.207275e+03
-3.380151e+03
-1.604657e+03
6.986234e+02
-5.357943e+02
-1.808812e+03
1.284294e+03
4.238133e+02
1.012384e+03
-1.239153e+03
-2.700586e+03
-3.813271e+02
-2.698998e+02
7.895381e+02
-8.136155e+02
3.612590e+03
9.567806e+02
9.778591e+02
-1.221929e+02
-6.852423e+02
1.346306e+03
-2.124297e+03
5.028047e+02
-4.520325e+02
-3.446222e+02
2.607184e+02
5.100382e+02
-1.270079e+03
-5.563906e+02
-3.865599e+02
1.600071e+02
1.448633e+03
1.468452e+03
1.218662e+03
7.031044e+02
-4.700160e+02
-5.163931e+02
2.799795e+01
3.726266e+02
2.771236e+02
-2.998518e+02
-8.043286e+02
-2.449987e+02
7.066102e+02
7.298405e+02
1.155878e+03
-2.993559e+02
-4.585587e+02
2.146303e+02
-1.936178e+02
3.065109e+02
-1.692636e+02
-4.070791e+02
5.746357e+01
-3.283382e+02
5.010103e+02
-4.003084e+02
2.354271e+01
-1.901790e+02
-4.081288e+02
4.334347e+01
-3.513229e+02
-1.416972e+02
-4.104485e+01
-3.501958e+02
7.759859e+01
4.923232e+01
1.500088e+02
-1.247828e+02
-3.350747e+01
2.600639e+01
-1.839730e+02
-2.031975e+01
2.550179e+02
2.347171e+01
2.616749e+02
-1.277309e+02
-1.830099e+02
-2.997717e+01
-7.922515e+01
1.160687e+02
-5.005589e+01
2.515277e+02
-1.097340e+02
3.981872e+00
3.780050e+01
-3.120452e+01
-1.326551e+02
-2.028184e+02
5.711668e+01
6.334924e+01
1.863980e+02
-1.422347e+02
1.957749e+00
1.135624e+02
1.689842e+00
1.374036e+02
1.076294e+02
-4.350344e+01
-8.900223e+01
1.155137e+02
1.085161e+02
-7.077090e+01
1.250615e+02
9.263336e+01
9.311267e+01
-2.355662e+01
-5.498974e+01
6.895363e+01
-9.290188e+00
3.885030e+01
1.430346e+02
-5.361433e+01
9.302319e+00
3.327787e+01
3.022773e+01
-2.490809e+01
-3.119288e+01
-7.673153e-01
1.682814e+01
1.919510e+01
2.798306e+01
-6.596521e+01
-1.044227e+01
-1.797846e+01
-5.030984e+01
4.701388e+01
-7.196100e-01
2.582800e+01
1.703083e+01
-2.395225e+00
-3.779920e-01
-5.117635e-01
5.003794e-01
1.081030e-01
2.637622e-01
1.052590e-01
9.979723e-02
2.310859e-01
2.098658e-01
7.435439e-01
2.518927e-01
7.601887e-02
-5.372385e-02
1.709494e-01
-3.053611e-01
-2.154587e-02
-1.142216e-02
-1.404983e-01
2.684176e-01
5.743006e-03
1.885549e-01
-3.435900e-03
-4.890124e-03
3.147472e-01
-1.335082e-02
-6.174479e-03
-9.865397e-03
-8.772665e-02
