-3.132015e-01
-1.438722e+00
1.373881e-01
5.632000e+01
1.861594e+02
-1.238506e+01
3.652007e-04
-1.766929e+05
-1.852003e+05
1.883972e+05
-1.725810e+05
1.559896e+05
-4.412209e+04
1.763066e+04
2.438654e+04
-1.352062e+05
-3.561051e+04
-3.399673e+03
1.255812e+05
-1.976744e+04
3.261360e+04
-3.969601e+04
-1.769665e+04
5.276569e+04
1.919937e+03
-3.904391e+04
-3.021214e+04
-3.808697e+03
1.552621e+04
2.578313e+02
-4.765332e+04
-4.460188e+04
-1.734879e+04
-1.311861e+04
-3.221856e+04
-4.499849e+03
-1.852846e+04
-1.498991e+04
8.655268e+03
1.813135e+04
3.805979e+03
-6.159457e+03
-9.745894e+03
-5.264165e+03
-1.290886e+03
-4.174769e+03
1.017206e+04
7.459266e+03
-5.646679e+03
5.677164e+03
1.026554e+04
-2.092527e+03
1.776085e+03
-6.668636e+03
-5.191789e+03
-6.556554e+02
3.697234e+03
8.666053e+03
1.976849e+03
-1.181249e+04
-4.011886e+03
5.973877e+03
-1.076032e+03
-6.437197e+02
-2.746216e+03
4.682934e+03
-1.878731e+02
7.584771e+03
-5.081706e+03
4.678268e+03
-4.109664e+02
2.836671e+03
-2.331522e+02
8.716873e+02
3.396971e+02
-2.121223e+03
3.336070e+03
4.297049e+02
-3.497890e+03
2.724681e+02
-1.452111e+03
-4.015636e+02
-9.939153e+02
3.292283e+03
-7.456265e+02
1.458987e+03
-1.057681e+03
3.076740e+02
-7.184373e+02
6.660376e+02
1.635298e+03
6.800426e+02
2.007919e+03
1.790227e+03
1.857151e+02
4.818094e+02
1.711665e+03
-2.181866e+03
1.733998e+01
2.740882e+02
-5.575332e+02
-5.337300e+02
1.028318e+03
-6.984425e+02
5.503209e+01
-1.050021e+03
1.335615e+03
1.351245e+03
1.669114e+03
1.497398e+03
8.467800e+02
9.927596e+02
-5.444620e+02
4.060326e+02
-1.137338e+02
2.939804e+02
-9.739988e+02
-4.569689e+02
-5.616431e+02
2.208170e+02
4.570628e+02
4.132798e+02
-1.891966e+02
-7.785205e+00
6.327389e+02
-3.506728e+02
6.022161e+01
-1.720624e+02
-2.095572e+02
-4.477804e+02
1.843116e+02
4.544264e+02
-5.399280e+02
-1.178379e+02
1.336238e+01
-2.721780e+02
1.604930e+02
1.590275e+02
2.315379e+02
-2.248734e+02
-1.265769e+02
5.831446e+01
1.057225e+02
3.240965e+02
-1.022247e+02
1.608702e+02
1.549404e+02
-1.233335e+02
-3.757767e+01
4.415090e+02
1.598265e+02
1.868752e+02
-3.271348e+02
-7.909283e+01
-3.279887e+01
1.506958e+02
-9.697025e+01
1.334518e+02
-5.889899e+01
-9.009755e+01
8.861163e+01
-1.739759e+01
-6.564194e+01
-1.006387e+02
-2.268751e+02
4.810334e+01
-4.540047e+01
1.762049e+02
-2.240801e+02
-4.220668e+00
1.028179e+02
9.470284e+01
1.941223e+02
3.597273e+01
-1.228763e+01
-9.079702e+01
7.213609e+01
3.668944e+01
-1.059794e+02
-5.313525e+01
3.467429e+01
1.493919e+02
-6.644878e+01
-8.863240e+01
2.521798e+01
4.099204e+01
1.066408e+02
9.978953e+01
-1.308519e+02
-5.986763e+01
2.117730e+01
4.628679e+01
-2.162448e+01
4.199032e+00
-7.242712e-01
-2.413927e+01
-4.338708e+01
2.816041e+00
-2.746468e+01
4.703912e+00
2.546886e+00
-7.916628e+01
-1.376853e+01
-3.529608e+01
5.062855e+01
3.058129e+01
-1.686747e+00
-1.312797e-01
-8.499881e-03
8.139821e-02
1.074215e-01
1.868677e-02
-4.485613e-01
-1.061914e-01
6.436208e-02
1.155295e-01
3.919693e-01
-3.843618e-01
3.958877e-02
1.082810e-01
3.611442e-01
2.102194e-01
-1.885214e-02
-1.070998e-01
-1.451076e-01
-3.568950e-02
7.992084e-02
4.668789e-02
-4.566179e-02
-3.217474e-02
1.679671e-01
6.855177e-02
-9.245736e-02
-3.539413e-02
1.572073e-03
