-9.791776e-03
7.996204e-01
1.039857e-01
4.977778e+01
1.766737e+02
-2.418635e+01
3.517706e-04
-8.570725e+04
2.459353e+05
-1.418124e+05
-3.047136e+05
-1.165630e+05
-2.735429e+05
6.260740e+04
3.873082e+04
-2.095378e+05
4.313105e+03
-2.114035e+05
8.517899e+04
-5.818200e+04
-1.881579e+04
-6.705296e+04
-8.363708e+03
8.369616e+04
-1.903473e+04
2.797240e+04
-1.158404e+04
1.103119e+04
-4.451380e+04
-8.816538e+04
2.917003e+04
-4.108260e+03
-2.145142e+04
-8.155249e+03
-3.825111e+04
-2.953024e+04
-2.741093e+04
-1.099213e+04
9.079444e+03
-1.003149e+04
-6.417037e+03
-9.862171e+02
1.018171e+04
-3.913045e+03
1.258418e+04
-1.372555e+04
2.221514e+04
-1.351043e+03
5.779987e+03
-7.706286e+02
3.806605e+03
-2.057597e+03
-2.812488e+03
1.434531e+03
2.964936e+03
-7.505857e+03
3.167717e+03
7.406362e+03
8.555065e+03
-4.035687e+03
-1.232354e+03
2.597788e+02
8.324659e+02
-5.003883e+01
-1.967279e+03
3.670915e+03
2.348986e+03
-8.012958e+02
-4.194180e+03
2.122512e+03
5.210624e+02
4.139577e+03
1.501944e+03
-1.232714e+03
-1.325795e+03
-8.677166e+02
-1.630696e+03
-7.812914e+02
-4.123321e+03
-1.058423e+03
-2.336143e+02
-1.198876e+03
2.655161e+02
2.508681e+03
2.543723e+03
-3.359247e+02
-2.604032e+03
-1.049974e+03
-1.803446e+03
2.892659e+03
-2.050409e+02
-3.577773e+02
4.867806e+02
1.499584e+03
-2.079227e+03
-3.295352e+02
1.094625e+03
-3.264981e+02
-4.768981e+02
-7.129971e+02
-1.020818e+02
-3.555898e+02
1.209781e+03
7.419139e+02
-3.118553e+02
-1.847934e+03
-1.225931e+02
1.199790e+03
8.488121e+02
1.035224e+03
1.768980e+02
-4.714273e+01
-3.942730e+02
-7.932566e+01
-3.404967e+02
4.858368e+02
-3.240294e+02
3.573315e+01
-3.511806e+00
3.325891e+02
1.212762e+02
8.086906e+02
-2.935286e+02
-3.885863e+01
3.679162e+01
1.795125e+02
2.940824e+02
7.935447e+00
-3.810713e+02
2.497262e+02
5.126017e+01
5.533188e+02
5.544613e+01
2.746715e+02
1.069901e+02
-2.804243e+02
1.126657e+02
-7.106389e+01
2.971273e+02
-1.963131e+02
-2.807932e+02
1.921120e+02
6.743652e+01
1.218723e+02
1.135252e+02
1.823366e+02
-1.610669e+02
-3.892662e+02
-4.443155e+01
3.014259e+02
1.982324e+02
2.877812e+02
-7.896984e+01
-2.907213e+01
2.179897e+00
-2.451763e+01
-1.050327e+01
1.547968e+02
2.759214e+02
-1.527895e+02
2.122560e+01
1.751273e+02
-5.658523e+01
-8.407909e+01
-1.712965e+02
-6.487473e+01
-7.362966e+01
1.339821e+02
-1.326612e+02
-1.100484e+02
1.629553e+01
6.372409e+01
-2.842733e+01
9.076036e+01
-1.111486e+02
-1.024802e+02
9.209618e+01
-4.339817e+00
-2.860424e+01
4.373806e+01
1.923856e+01
-4.239203e+00
3.296825e+01
4.252896e+01
6.121696e+01
-1.436119e+01
-4.508166e+01
3.517413e+01
-7.702740e+01
-7.569266e+01
1.655403e+01
-1.244327e+01
-4.077658e+01
5.209748e+01
-1.717650e+01
-2.138053e+01
-5.673192e+00
1.590565e+01
-2.315183e+00
-1.248383e+01
2.372018e+01
-2.029877e+01
2.298057e+01
-2.041504e+01
1.853402e+01
8.924865e+00
-9.191564e-01
-5.756920e-01
2.098188e-01
-8.631048e-01
3.412923e-01
4.474657e-01
8.822445e-02
-3.878869e-01
1.940179e-01
-1.316783e-01
6.461116e-01
-7.929036e-02
-1.306515e-01
5.024507e-02
-7.061642e-02
1.241423e-01
8.084760e-02
-1.676614e-02
-3.569938e-02
8.554848e-02
-1.148730e-01
1.114056e-01
2.514710e-02
1.126916e-02
4.199990e-02
-4.340570e-02
-2.901338e-02
7.893796e-02
2.076766e-02
