-1.820486e-01
-2.690372e-01
3.579075e-02
4.664889e+01
1.917116e+02
-2.376079e+01
3.478038e-04
-1.550588e+05
3.320107e+04
3.883144e+05
-6.707676e+04
7.634791e+04
2.345881e+05
-1.735536e+05
8.552588e+04
-9.272919e+04
5.524973e+04
-1.112697e+05
3.166700e+04
-3.700301e+04
1.063230e+04
2.387111e+04
-6.005364e+03
1.543680e+04
-4.451321e+03
-1.072287e+05
-8.719401e+04
-4.628852e+04
3.149211e+03
6.746112e+03
-5.224437e+04
-2.990942e+04
2.758329e+04
-1.176381e+04
8.714957e+03
-6.401296e+03
1.584347e+03
1.569376e+04
9.425721e+02
1.397468e+04
1.846077e+04
2.049586e+03
-6.243754e+03
-2.025129e+04
2.158606e+03
7.634571e+03
9.712618e+03
5.521233e+03
-7.812240e+03
-2.529409e+03
1.807291e+04
3.451499e+03
6.224886e+03
9.039071e+03
-5.331984e+03
-5.066817e+03
1.547999e+03
2.191752e+03
-8.295071e+03
-7.331250e+03
-8.284931e+02
1.162441e+03
4.570844e+02
-2.602250e+03
1.130841e+03
1.584532e+03
3.267105e+03
4.102606e+03
1.333870e+02
3.898605e+03
2.196431e+03
2.038625e+03
2.482841e+03
-7.892523e+02
1.425791e+03
-9.695555e+02
4.457839e+03
3.209975e+03
-3.494016e+03
-1.455149e+03
-9.011625e+02
-1.081679e+02
-1.727148e+03
-4.871116e+02
-8.530969e+02
2.671302e+03
-1.278275e+03
1.940333e+03
2.965771e+02
2.595277e+02
7.694908e+02
-4.143795e+02
2.425262e+03
1.114087e+03
-1.118812e+01
1.142560e+03
3.345428e+03
-6.612299e+01
-3.341953e+02
1.568860e+02
-7.214693e+02
-2.559967e+02
-1.177012e+03
-1.491790e+02
4.405909e+00
4.469200e+02
7.735610e+02
8.757853e+02
5.613070e+02
8.469431e+02
1.413756e+03
7.628430e+02
-2.750392e+02
3.081043e+02
-7.398086e+01
-5.957625e+02
-1.752231e+02
-1.092117e+02
-9.102725e+02
4.053211e+02
-6.749191e+02
-9.735347e+01
-2.600642e+02
6.015559e+02
-1.767516e+02
-2.270976e+02
-2.655081e+02
4.575537e+02
2.854136e+02
-4.208192e+02
-1.045469e+02
3.259893e+02
-4.930397e+01
1.755288e+02
4.604708e+00
-2.294606e+01
2.727727e+02
9.916241e+01
1.033430e+02
-2.002315e+01
1.913537e+02
-1.000922e+02
-1.511195e+02
2.639803e+02
-1.574236e+02
8.551781e+01
-1.280259e+01
2.434640e+02
1.768108e+01
1.728085e+02
-6.944793e+00
-8.945292e+00
-2.725852e+02
5.842225e+01
-7.646672e+01
-7.838644e+01
8.179447e+01
1.518041e+02
-3.330956e+02
6.560635e+01
2.640353e+02
-2.132185e+02
-5.087911e+01
3.819208e+00
2.112304e+01
-9.544421e+01
-1.043792e+02
7.386887e+01
-1.611642e+02
-8.569260e+01
5.269859e+00
1.274721e+02
8.750267e+01
8.707909e+01
9.123649e+01
-4.833166e+01
1.622469e+00
-4.735350e+01
-1.380554e+02
2.106372e+01
8.462672e+01
-1.576037e+01
-4.303952e+01
1.360462e+01
-5.418391e+01
-9.357827e+00
2.368668e+01
4.296141e+01
-5.472500e+01
-4.801099e+01
2.766454e+01
5.015430e+01
2.813512e+01
-1.550082e+01
8.303316e+01
-4.289846e+01
-6.457537e+01
-2.394119e+01
-3.896385e+00
-1.829653e+01
2.407335e+01
-4.798756e+01
1.853333e+01
-2.231886e+01
-2.864948e+00
-1.344341e+00
-1.728495e-01
-1.090644e+00
-4.098219e-01
-3.660867e-01
8.459312e-02
-4.562829e-01
-2.736413e-01
2.833345e-01
-2.432113e-01
-1.091674e-01
-1.013379e-01
-2.215480e-01
8.059773e-02
-2.373749e-02
1.897460e-01
3.705496e-01
-4.550789e-03
-3.394139e-02
-1.118245e-01
-2.058814e-01
4.201973e-02
-1.585839e-01
-6.554905e-02
-8.238956e-02
2.529545e-03
3.453819e-02
6.342496e-02
6.790812e-02
8.160171e-02
