-3.291305e-01
-2.975026e-01
-3.149195e-02
5.290667e+01
2.071292e+02
-2.273226e+01
3.551795e-04
-1.060822e+05
-2.362280e+05
3.188909e+05
4.175511e+04
-6.184842e+04
4.750434e+04
-2.336623e+04
7.143011e+04
-1.168761e+05
-4.192676e+03
-1.192747e+04
7.163382e+04
2.015577e+04
-3.718852e+04
-5.758708e+03
2.535797e+04
1.524522e+04
7.626135e+03
-9.410373e+03
1.835465e+04
-3.509509e+03
-6.150845e+03
2.594440e+04
-8.545163e+04
1.625348e+04
-4.078802e+04
-3.590112e+04
1.475254e+04
3.059883e+04
7.871525e+02
3.093836e+03
7.704396e+03
-8.950193e+03
1.497723e+04
-1.399838e+03
-2.272957e+04
9.926349e+02
1.220213e+04
-1.657420e+04
1.102076e+03
8.402513e+03
-9.751239e+03
-2.630053e+03
1.516552e+04
4.304898e+03
3.606003e+03
-7.399672e+03
-1.018405e+04
7.498664e+03
2.544052e+03
8.978024e+03
3.248262e+03
-1.294113e+04
-5.924652e+03
-3.150550e+03
-2.125960e+03
-4.846938e+03
1.667568e+03
6.011703e+03
3.691183e+02
3.241674e+03
-5.344857e+03
5.379432e+03
-4.903922e+02
-3.321444e+02
-1.525847e+03
-1.398012e+01
7.558715e+02
1.821756e+03
2.400453e+03
-2.904202e+01
-5.215459e+03
5.724984e+02
-9.629469e+02
-2.134767e+02
-2.148396e+03
1.584094e+03
2.122672e+03
2.433125e+03
-1.189691e+03
9.715551e+02
-9.601810e+02
-8.901211e+02
2.894120e+02
-1.208379e+03
2.382245e+03
2.068649e+03
-6.519172e+02
1.603195e+02
1.959323e+03
-3.713733e+01
-2.850158e+02
8.497596e+02
-1.303931e+03
-2.058833e+02
2.426927e+02
-9.169894e+02
4.579462e+02
-9.326088e+02
1.961698e+03
2.328691e+02
9.480679e+02
2.021495e+03
2.963098e+02
1.643326e+03
7.011563e+01
9.153171e+02
-2.778038e+02
-1.215272e+01
2.933630e+02
-4.837488e+02
-3.069746e+02
6.064407e+02
4.378118e+02
-2.283478e+02
-1.053700e+02
4.628181e+02
5.287628e+02
-6.108427e+02
3.656821e+01
1.060381e+02
2.404469e+01
-5.744071e+02
3.092121e+02
3.970448e+02
-1.643285e+02
1.825167e+02
-8.962253e+01
5.981892e+01
4.928723e+02
-2.028219e+02
1.671470e+01
-1.647410e+01
-9.142216e+01
1.737741e+02
-1.720943e+02
2.935306e+02
-4.640810e+01
4.560242e+01
1.001137e+02
-3.088142e+02
1.152240e+02
1.381370e+02
2.372427e+02
1.319955e+00
1.840062e+02
-6.006175e+01
-5.218641e+01
9.748521e+01
1.114520e+02
1.504763e+02
-2.399506e+02
-2.408499e+02
2.965491e+02
-6.927457e+01
1.249702e+02
9.893296e+00
-5.268362e+01
-1.245625e+02
-4.512955e+01
7.868503e+01
-1.154945e+02
8.264562e+01
1.100153e+02
9.823202e+01
5.895611e+01
2.538188e+01
2.018464e+01
-1.441767e+02
1.187479e+01
-1.729305e+01
-9.411578e+01
3.728466e+01
-3.627328e+00
7.730724e+01
-1.150828e+01
-1.696126e+01
1.059074e+02
-1.749450e+01
1.033153e+02
3.953724e+01
-7.705173e+01
7.360691e+01
2.601698e+01
2.471652e+01
-6.433455e+01
5.310319e+01
2.780441e+01
1.944755e+01
-2.028650e+01
-4.372684e+01
-1.616749e+00
-2.517754e+01
-3.468835e+01
-4.798870e+01
-2.422496e+01
-4.396210e+00
3.169617e+01
3.240607e+01
-9.362564e-01
1.523057e+00
-4.653183e-01
1.028808e+00
2.364698e-01
-9.273021e-02
-2.662221e-01
-4.384599e-01
5.214705e-02
-2.756325e-01
-8.241028e-02
-4.148583e-01
-3.720151e-01
1.056416e-01
6.271397e-02
-1.064651e-01
-4.046817e-02
5.178355e-02
5.723444e-02
-1.061489e-01
1.658939e-01
1.333979e-01
-3.801222e-02
-2.132952e-02
2.251425e-02
5.152109e-02
-5.831220e-02
-1.280400e-01
6.603323e-04
