-3.833625e-01
1.547999e+00
-3.975159e-01
5.091555e+01
1.741735e+02
-9.548453e+00
3.268666e-04
-1.424136e+05
1.951077e+05
1.815965e+05
-2.940407e+05
5.780151e+03
-8.943841e+04
1.164452e+05
-1.250131e+04
-1.912023e+05
6.141327e+04
-2.423584e+04
8.913241e+04
3.074218e+04
3.715963e+04
-1.535214e+04
-4.290136e+04
8.646427e+04
1.978404e+03
-2.675127e+04
1.891733e+04
-1.628018e+04
-3.871999e+03
-3.866084e+04
3.926785e+02
-1.816405e+04
-3.580225e+04
-2.540577e+04
-2.896252e+04
-2.531382e+04
-8.867379e+03
-1.083907e+04
4.036973e+03
-1.476718e+03
2.989901e+03
-9.587489e+03
-3.772628e+03
-2.580734e+04
4.387888e+03
3.800447e+01
1.765608e+04
8.097984e+03
-1.361580e+04
3.078151e+03
6.338961e+03
-6.963603e+02
-1.283285e+03
3.502768e+03
5.574677e+03
1.562373e+03
2.025493e+03
3.499996e+03
7.811931e+03
-7.315551e+02
-7.972222e+03
4.271109e+03
-8.080295e+02
9.602341e+02
-5.216699e+02
5.138986e+03
-8.154211e+02
3.746123e+03
-5.091608e+03
1.372858e+03
-2.184336e+03
3.648872e+03
3.550917e+03
1.661038e+03
-4.557321e+02
-3.083807e+02
5.278513e+02
-8.897733e+02
-3.151641e+03
-1.358353e+03
-1.309506e+03
-1.294829e+03
-6.803430e+02
1.372752e+03
3.508641e+02
1.314373e+03
-1.511177e+03
-6.862709e+02
2.334165e+02
4.898952e+02
1.328782e+03
-1.421373e+02
9.920007e+02
6.619903e+02
1.916649e+02
-8.926479e+02
2.101368e+03
-1.463102e+03
-7.840897e+02
-2.498970e+02
-4.816417e+02
-7.343748e+02
1.502324e+03
-7.584688e+02
-1.731759e+02
-1.865219e+03
2.063729e+02
8.953180e+02
1.385972e+03
1.148718e+03
8.886554e+02
-1.367292e+02
7.290489e+00
-2.109116e+02
7.555128e+01
5.356155e+02
-1.827054e+02
-6.974362e+02
-6.122785e+02
4.556998e+02
6.898648e+02
6.505525e+02
-9.251923e+01
-2.154078e+01
2.046848e+02
-3.129032e+02
2.655715e+02
7.292973e+01
-1.753833e+02
-8.716573e+01
1.619697e+01
3.925938e+02
-2.404854e+02
1.429370e+01
1.574958e+02
-2.301105e+02
-2.243922e+02
-4.553968e+01
-3.690581e+01
-3.790034e+02
-1.690702e+01
2.193179e+02
2.150176e+01
3.976096e+02
-6.942703e+01
-1.231045e+02
-1.094099e+02
-1.352972e+02
-1.693353e+02
1.835380e+02
3.652655e+02
2.613151e+01
-3.301299e+02
-1.269296e+02
1.324897e+02
1.337542e+02
2.269104e+01
1.230215e+02
7.774390e+01
-5.656708e+01
2.037763e+02
-4.590887e+01
-9.022987e+01
-1.735648e+01
-3.411478e+02
-1.970068e+01
-3.632204e+01
1.652478e+02
-3.564315e+02
-1.654614e+02
-1.372752e+01
1.238982e+02
1.171360e+02
3.392046e+01
-3.688483e+01
-1.678518e+02
1.156115e+02
-1.657811e+01
-1.090505e+02
-2.726281e+01
-3.671725e+01
1.178973e+01
-1.225140e+01
-4.787410e+01
5.034235e+01
-3.225365e+01
7.804710e+01
8.889228e+01
-1.076988e+02
-4.201302e+01
4.578911e+01
1.850545e+01
-4.634201e+01
1.692011e+01
1.631861e+01
-1.138731e+01
-8.294430e+00
9.099876e+00
-9.147588e+00
-5.528027e+00
1.830134e+01
-5.142467e+01
-1.402107e+01
-8.790457e-01
-4.383118e+00
7.653442e+00
-8.364713e-01
-1.949081e+00
6.924173e-02
-9.188284e-01
2.622272e-01
-3.544321e-01
-3.272575e-01
2.459119e-01
1.024524e-01
2.962245e-01
9.033874e-01
8.858284e-02
-4.208959e-01
-2.405198e-02
2.047295e-01
1.636776e-01
-7.357936e-02
-5.196178e-03
-3.172259e-02
7.028552e-02
-8.730575e-02
3.132112e-02
-9.601286e-02
-9.890046e-02
1.768134e-01
1.694257e-02
-8.046940e-02
6.478855e-02
1.197385e-01
