-1.019015e-01
4.354120e-01
-1.993023e-01
4.494222e+01
1.822283e+02
-2.675988e+01
3.487821e-04
6.253090e+04
4.193900e+04
-1.605461e+05
1.513422e+04
-7.118641e+04
2.355951e+04
6.169603e+04
-6.492984e+04
-1.923941e+04
5.210862e+04
2.164471e+04
1.672726e+05
-4.807561e+04
-1.449029e+04
5.860202e+03
8.864062e+03
3.774716e+04
1.491841e+04
3.924297e+04
4.041758e+04
2.186546e+04
-2.232618e+04
-1.326276e+04
1.545271e+04
-2.478580e+04
-3.254478e+04
-2.315221e+04
-3.509305e+04
-4.777722e+03
-1.348682e+04
-1.021070e+04
1.686162e+04
-9.633555e+03
-5.346538e+03
5.123818e+03
-2.677170e+03
-1.133680e+04
1.156857e+04
-1.803638e+04
3.525894e+03
8.162187e+03
-2.117198e+03
-4.714920e+03
-7.627168e+03
1.814096e+03
-2.516856e+02
1.323730e+03
4.708595e+03
6.243948e+03
-9.143632e+02
8.068830e+03
1.723770e+03
2.498887e+01
-4.174803e+03
2.433228e+03
-5.550661e+02
-3.091542e+03
-1.213509e+03
3.461192e+03
6.933218e+02
-2.222883e+03
-2.442302e+03
1.009976e+03
4.669229e+02
1.582536e+03
3.508966e+02
9.522925e+02
-2.348273e+03
-9.703536e+02
-4.461436e+02
1.348741e+03
-3.702827e+03
-1.475762e+03
-4.571677e+02
-1.026799e+03
-2.906364e+02
6.499363e+02
-1.601858e+02
1.944908e+02
-9.173691e+02
-4.924771e+02
6.415442e+02
9.534059e+02
1.344380e+02
4.778154e+02
1.714012e+03
8.222803e+02
-1.041876e+03
1.017219e+03
7.294037e+02
-7.869615e+02
-7.177086e+02
1.322083e+02
-7.534945e+02
-3.514753e+02
1.358861e+03
-1.035551e+01
-4.660376e+02
-1.134187e+03
1.076928e+03
2.145642e+02
4.734112e+02
4.858434e+02
-2.229346e+02
-7.762425e+01
-4.972854e+02
-1.927977e+02
-1.278207e+02
5.173984e+02
-2.505058e+01
-1.021357e+02
-1.092568e+02
4.588326e+02
1.407423e+02
1.603140e+02
3.733157e+01
-8.959025e+01
4.685499e+01
-6.931551e+00
5.706241e+02
2.616152e+02
-5.809168e+01
1.535052e+02
2.146318e+02
1.961259e+02
8.225672e+01
3.102365e+02
2.992605e+02
-2.305857e+02
1.947419e+02
4.674486e+01
-8.958701e+01
-3.318062e+02
-2.258421e+02
2.370463e+02
1.055310e+02
1.818364e+02
2.021953e+01
-1.674333e+01
-1.575119e+02
-2.693262e+02
1.083434e+02
1.876719e+02
3.194792e+01
-2.364105e+01
4.732129e+01
-1.018870e+02
-1.605069e+01
-3.583352e+01
2.754033e+01
-9.667673e+01
1.068931e+02
-5.266750e+00
-6.101423e+01
3.096601e+01
-1.508927e+01
4.630069e+00
-1.367895e+02
1.792806e+01
-9.543369e+01
1.511681e+02
-1.270463e+02
-9.151726e+01
-1.016610e+01
9.335135e+01
2.470518e+01
-3.724312e+01
-3.223909e+00
-9.578705e+01
4.091356e+01
-5.519437e+01
-1.458960e+02
5.963154e+01
1.059661e+01
7.626022e+01
5.140625e+01
-1.916935e+01
3.299011e+01
-7.231063e+01
-1.539936e+01
2.558868e+01
-1.713425e+01
-4.112206e+01
4.701941e+01
-1.056206e+01
-4.628299e+01
9.789662e+00
1.631442e+01
-4.900014e+00
4.329724e+00
-2.084006e+00
-1.609492e+00
-1.970171e+01
2.121647e+01
-7.650540e+00
9.761621e+00
1.065994e+01
1.646754e+01
6.123911e+00
1.107887e-01
-4.196649e-02
-7.097133e-01
1.010699e-01
2.708343e-01
3.653799e-01
3.015572e-01
-9.569488e-02
-2.037660e-02
3.244338e-02
-1.918767e-03
-2.522943e-02
-3.098938e-02
-1.335990e-01
-1.930220e-01
-5.164997e-02
-4.390032e-02
5.259133e-02
1.952578e-02
-4.310069e-02
3.407618e-02
9.974006e-02
-8.173329e-02
-4.939419e-02
-6.973276e-02
2.784073e-02
-6.993835e-02
-9.712492e-04
7.149012e-02
