-8.199648e-02
8.066390e-01
1.163570e-02
4.864000e+01
1.828718e+02
-2.152816e+01
3.443015e-04
-1.866026e+05
-1.640209e+05
1.352721e+05
-2.441909e+05
-9.244679e+04
-7.175855e+04
-4.314328e+04
9.612959e+04
-2.981229e+05
5.593062e+04
-2.455803e+04
6.191782e+04
-9.570655e+04
1.325009e+04
-7.187070e+04
-7.536443e+03
7.032222e+04
-1.245027e+04
-5.185112e+04
-2.531105e+04
2.179607e+04
-5.151004e+03
1.634028e+03
-3.183540e+04
2.612811e+04
-1.636298e+03
-3.766225e+04
-8.487051e+03
1.326685e+03
1.694439e+04
2.569082e+03
3.070674e+03
6.067943e+03
2.012679e+04
-1.443456e+04
-1.016439e+04
-1.608719e+04
1.423657e+04
4.267746e+03
4.901109e+03
7.026917e+03
-1.220172e+04
-2.516103e+03
1.001592e+04
1.192181e+03
8.221938e+03
-4.506500e+03
-6.076605e+03
9.891820e+03
4.515407e+03
1.142924e+04
4.238718e+02
-9.166859e+03
-8.341608e+03
3.487669e+03
-1.254779e+03
-1.325172e+03
6.948019e+02
1.975563e+03
4.922191e+03
5.595787e+03
-2.552836e+03
2.310297e+03
2.895774e+03
1.904918e+03
1.401615e+03
-9.193050e+01
1.097162e+03
-1.780491e+02
3.066100e+03
2.758942e+01
-4.794342e+03
-3.314861e+02
-2.085149e+03
2.453496e+03
-7.803799e+02
2.852469e+03
3.286009e+03
1.688600e+03
-1.851166e+03
-9.874480e+01
-2.800162e+02
-7.433834e+02
1.119844e+03
4.256115e+01
2.413605e+03
2.166773e+03
-4.148923e+02
6.799484e-01
2.341981e+03
6.664963e+02
-2.160456e+02
2.126477e+02
-5.950862e+02
9.089035e-01
1.522042e+02
-9.079695e+02
1.277946e+03
-1.003458e+03
6.707404e+02
4.167523e+02
7.306212e+02
1.803078e+03
1.685443e+02
2.089815e+03
-2.219017e+02
9.051701e+02
1.588547e+01
-2.610508e+02
-1.702275e+02
-6.487284e+02
-4.490892e+02
2.359059e+02
1.695821e+02
3.442529e+02
-4.043427e+02
7.839816e+02
4.451494e+02
-4.638947e+02
-2.286103e+02
-9.285400e+01
2.556331e+02
-9.926250e+01
1.250324e+02
4.790110e+02
-9.312910e+01
1.234245e+02
-3.311907e+02
-2.127202e+00
3.160131e+02
-8.202377e+01
7.386266e+01
6.277074e+01
-1.099802e+02
1.981132e+02
-1.195086e+02
7.502279e+01
-2.137302e+02
2.164337e+02
1.986965e+02
-7.108301e+01
-2.353225e+01
2.105219e+02
3.002715e+01
1.154166e+02
4.657034e+01
1.662399e+02
-1.254025e+02
2.024737e+00
-2.997132e+01
2.913807e+02
-4.380334e+01
-2.058606e+02
2.399596e+02
-1.066568e+00
1.028466e+02
2.427392e+01
-3.634459e+01
-3.452120e+00
-6.162958e-01
1.265923e+02
-9.117031e+01
5.131954e+01
8.469547e+01
1.713225e+01
1.160569e-01
8.582386e+01
-5.424121e+01
-4.912815e+01
-1.981437e+01
-8.745008e+00
-5.731085e+01
-5.222141e+01
-7.521213e+01
3.223597e+01
1.333507e+01
4.049666e+01
6.601022e+01
-1.561167e+01
1.097853e+02
3.110586e+01
-1.089629e+02
-3.099485e+00
5.502824e+01
3.911698e+01
-2.922301e+01
3.771222e+01
1.340820e+01
1.550626e+01
-4.659640e+01
-1.934080e+01
-2.459780e+00
1.300888e+01
2.785639e+00
-8.993861e+01
1.330574e+01
-1.646550e+01
1.188390e+01
2.636293e+01
-2.587909e+00
1.332905e+00
-5.052031e-02
7.067002e-02
2.835696e-02
-4.837769e-01
-3.049434e-01
-6.289860e-01
-1.631525e-01
-5.379107e-01
5.652513e-02
-3.660978e-01
-2.756636e-01
-2.070678e-03
2.979590e-01
2.751965e-01
-1.854721e-02
-1.319008e-03
2.095048e-02
-6.846986e-02
1.488387e-02
-3.996948e-03
1.007199e-01
-1.901736e-01
-2.121181e-02
-5.872193e-03
7.542276e-02
-1.168952e-01
2.590043e-02
