-7.836949e-02
-1.360550e+00
7.426880e-02
5.745778e+01
1.795315e+02
-1.299317e+01
3.592219e-04
-1.572436e+04
-1.610071e+05
-7.356601e+04
8.104723e+04
5.537848e+04
-3.049101e+05
9.371549e+04
1.873314e+04
2.122759e+04
1.105838e+05
-1.072389e+05
5.065654e+04
9.287911e+04
-5.168336e+04
1.278136e+04
-2.069825e+04
-3.782679e+04
-2.340477e+04
-2.419910e+03
-6.980785e+03
-1.983396e+04
-4.033112e+03
6.606034e+03
6.802944e+03
-3.087226e+04
-2.588768e+04
-1.856299e+04
-1.383815e+03
3.908104e+03
1.702756e+04
-1.687885e+04
2.170967e+04
3.589210e+02
-4.044772e+03
-4.520370e+03
-1.849793e+04
1.572684e+03
3.864542e+03
7.868350e+02
-1.951913e+03
4.774570e+03
5.416532e+03
1.384914e+03
4.914738e+03
-1.002363e+04
-1.052308e+04
3.191059e+03
1.519590e+03
-3.860219e+03
3.691872e+03
5.911685e+03
4.633598e+03
-7.512725e+03
2.973370e+02
-2.955735e+03
-3.487739e+03
4.517257e+03
-2.128603e+03
6.421316e+03
-7.868198e+02
-2.598941e+03
-7.237014e+03
3.210316e+03
-4.214630e+02
-5.479931e+02
-4.987571e+03
7.839729e+02
-2.502674e+02
2.024707e+03
-7.996221e+02
3.163540e+03
-5.021295e+02
-3.859600e+01
1.254161e+03
-2.297001e+03
1.967889e+03
-1.727804e+03
3.899068e+03
3.283608e+02
-1.740869e+03
-2.210354e+03
7.988339e+02
-6.758170e+02
-1.392256e+02
-2.096347e+02
1.224045e+02
1.826508e+03
-1.725659e+03
-3.013557e+01
-9.145788e+02
-9.413195e+02
-2.769784e+01
-5.364355e+02
7.196594e+02
7.292817e+02
2.758878e+02
-1.023792e+03
-9.991666e+02
1.469745e+02
4.856130e+02
3.132947e+02
-5.225549e+01
8.092576e+02
-9.107979e+02
1.627474e+02
2.536855e+02
9.642817e+02
-1.625348e+02
4.994561e+02
-4.401278e+02
-3.602516e+02
-5.105248e+02
-2.536656e+02
-9.121706e+01
-6.370048e+02
-4.952112e+02
-3.470359e+02
4.181261e+02
-5.431839e+01
-6.661167e+01
-4.502600e+01
-8.208273e+02
3.723170e+01
6.108007e+02
7.483746e+02
3.073178e+02
2.305718e+02
-2.389135e+02
2.421196e+02
3.412531e+00
-2.119124e+02
-2.694660e+01
-1.020667e+02
-2.281518e+02
5.805761e+01
4.308359e+02
-1.736095e+02
3.804715e+01
-6.780300e+00
2.039863e+02
-1.195684e+02
2.729839e+01
3.292146e+02
1.153886e+02
2.505182e+01
2.395716e+02
9.933286e+01
-1.219773e+02
-4.160534e+01
1.640473e+02
2.173489e+02
1.178736e+02
-2.481193e+02
-6.945840e+01
3.287627e+01
2.044914e+02
-8.125056e+01
-6.042630e+01
-1.057377e+02
-3.927863e+01
-7.588753e+01
-1.436133e+01
2.014853e+02
1.278448e+02
2.498610e+01
5.241474e+00
-2.127534e+01
1.261563e+02
-4.991315e+01
9.056824e+01
7.246955e+00
-6.594482e+01
8.181110e+01
-4.848505e+01
1.331890e+02
4.398055e+01
-6.008061e+01
9.518329e+01
-6.492499e+01
4.648429e+01
7.492671e+01
3.010645e+01
9.766152e+00
5.002850e+01
2.400029e+01
-1.074817e+01
5.450262e+01
-7.346560e+00
-1.530643e+01
-8.732700e+00
-5.087955e+01
-8.175613e+00
1.624835e+01
2.222707e+01
-3.414644e+01
-9.195093e+00
-2.273601e+01
4.210889e+01
5.037599e+00
-4.867606e-01
1.606895e+00
-1.016503e+00
-3.497574e-02
-9.423985e-02
8.295535e-02
2.309421e-01
-2.869443e-01
1.286878e-01
-3.912080e-01
6.388058e-02
-1.129369e-01
4.407130e-02
-6.934219e-02
-1.791735e-01
7.667243e-02
-3.655377e-02
-4.153037e-02
3.654645e-02
1.082852e-01
-3.144114e-02
-8.810551e-02
4.179846e-02
-8.631307e-02
4.344689e-02
5.102581e-02
-2.345542e-02
-1.051717e-01
3.938154e-02
