-2.145884e-01
-4.691113e-01
2.744003e-01
5.006222e+01
1.964825e+02
-2.569701e+01
3.623325e-04
-1.053548e+05
-1.483567e+04
1.931821e+05
-1.782200e+05
-1.846354e+04
-1.014549e+05
2.833334e+04
6.113989e+04
-9.918770e+04
-7.147045e+04
-9.973894e+04
7.507495e+04
-1.085707e+04
2.167508e+04
3.998932e+04
-1.800127e+04
1.035011e+04
2.826244e+03
-8.251182e+03
-4.813798e+04
-4.306134e+04
-1.043055e+04
6.274295e+01
-2.725157e+04
-2.135991e+04
-6.832378e+03
-1.840628e+04
7.887120e+03
3.448966e+03
-1.253209e+03
-8.410963e+03
1.045786e+04
-5.643901e+03
9.378575e+03
9.025688e+02
-1.523984e+04
-5.050312e+03
-4.770077e+03
-6.069294e+03
9.508646e+03
2.919770e+03
-8.655933e+03
-5.132768e+02
8.584903e+03
-1.383511e+03
8.519979e+02
2.202393e+03
-6.852087e+03
-2.858360e+03
4.287931e+03
3.222639e+03
1.164161e+03
-1.166820e+04
-3.528263e+03
1.601103e+03
-9.143467e+02
-1.909132e+03
3.278004e+02
3.902949e+03
1.301165e+03
-1.416546e+02
-1.154236e+03
5.238239e+03
-7.750245e+02
8.868575e+02
-1.542307e+03
1.402929e+03
9.541924e+02
-5.800083e+01
1.700823e+03
5.339824e+02
-3.483710e+03
-9.205009e+02
1.289210e+03
-5.282321e+02
-7.139897e+02
2.385910e+03
1.124102e+03
2.863198e+03
-1.645096e+03
8.302074e+02
-8.247859e+02
4.406222e+01
-7.481669e+01
1.890169e+02
1.245621e+03
1.736793e+03
-1.181774e+03
5.338929e+02
1.406225e+03
-9.936094e+02
-2.988694e+02
-3.716067e+02
-1.118493e+03
-2.757705e+02
2.424632e+02
-7.213638e+02
-5.534998e+02
-4.008750e+02
1.295271e+03
8.863828e+02
6.855656e+02
1.191223e+03
4.770755e+02
4.833964e+02
-1.482222e+02
1.007506e+03
-4.609772e+01
-1.578051e+02
-3.556162e+02
-2.621789e+02
-2.495584e+02
5.343546e+02
1.370039e+02
1.487791e+02
6.425901e+00
2.175887e+02
3.088503e+02
4.066908e+01
-8.818617e+01
1.378724e+02
-3.495879e+02
-2.464872e+02
3.970593e+02
5.284943e+02
-3.632195e+01
1.085685e+02
1.299364e+01
-7.616237e+01
1.619250e+02
9.139345e+00
5.260297e+00
-1.132551e+02
-3.158998e+02
-5.358618e+01
-3.334452e+01
1.377487e+02
1.821168e+01
2.270445e+01
-7.143246e+01
-1.466844e+02
-8.630976e+00
2.634093e+02
1.257025e+02
1.312269e+02
-7.972695e+01
3.418968e+01
-2.406487e+01
-6.288052e+01
2.843472e+01
1.583843e+02
-4.357034e+01
-3.123802e+01
1.088886e+02
1.362138e+01
9.675626e+01
-7.831497e+01
-6.126043e+01
-8.262431e+01
-5.289412e+01
5.557381e+01
-2.396130e+01
-1.620067e+00
8.376422e+01
2.945394e+01
-8.835694e+00
1.072004e+02
4.179055e+01
-5.251564e+01
5.807977e+01
5.582198e+01
-3.218505e+01
4.003254e+01
-6.858911e-01
8.376988e+01
-1.243360e+01
-5.910775e+00
5.806633e+01
-2.002362e+01
-1.028503e+01
5.019323e+01
-5.010535e+01
2.793334e+01
2.818209e+01
4.351269e+01
1.898765e+00
-1.582361e+01
2.193777e+01
-1.754277e+01
1.944240e+01
-7.979471e+00
5.936293e+00
-4.819749e+00
2.224640e+01
-5.739643e+01
-7.067194e+00
5.498295e+00
1.669270e+01
1.255145e+01
-7.801597e-01
7.518319e-01
-1.767814e-01
-3.060831e-01
4.505930e-02
-1.434827e-01
4.422959e-02
-1.860713e-01
-4.155102e-02
-2.756085e-01
3.804950e-01
-1.259076e-01
7.609142e-02
-1.372684e-02
2.256028e-02
4.227518e-03
-1.254237e-02
8.483189e-02
1.017821e-01
1.035780e-01
7.786553e-02
1.323409e-01
9.633169e-02
1.224325e-02
1.038566e-01
4.314367e-02
3.917756e-02
-2.827233e-02
-1.383214e-02
