-2.593279e-01
-1.228903e+00
5.777311e-02
5.660444e+01
1.858207e+02
-1.187460e+01
3.478022e-04
-1.548674e+05
3.367723e+04
3.881477e+05
-6.710998e+04
7.638649e+04
2.345312e+05
-1.736114e+05
8.555646e+04
-9.276263e+04
5.526610e+04
-1.112445e+05
3.167100e+04
-3.701301e+04
1.066474e+04
2.392350e+04
-6.043194e+03
1.542679e+04
-4.433784e+03
-1.072101e+05
-8.719752e+04
-4.626554e+04
3.174669e+03
6.776024e+03
-5.225119e+04
-2.994836e+04
2.758869e+04
-1.179608e+04
8.717852e+03
-6.404444e+03
1.580280e+03
1.569427e+04
9.440458e+02
1.399402e+04
1.847568e+04
2.036737e+03
-6.250087e+03
-2.025029e+04
2.157568e+03
7.630882e+03
9.720503e+03
5.528580e+03
-7.814792e+03
-2.527450e+03
1.808302e+04
3.444737e+03
6.226544e+03
9.031499e+03
-5.338791e+03
-5.073292e+03
1.547619e+03
2.198444e+03
-8.291936e+03
-7.344579e+03
-8.314922e+02
1.168531e+03
4.476087e+02
-2.596982e+03
1.122148e+03
1.584917e+03
3.272229e+03
4.116676e+03
1.270355e+02
3.895973e+03
2.196209e+03
2.037451e+03
2.483109e+03
-7.881520e+02
1.424640e+03
-9.679736e+02
4.459989e+03
3.205489e+03
-3.493649e+03
-1.451241e+03
-9.050830e+02
-1.071753e+02
-1.727847e+03
-4.850390e+02
-8.527986e+02
2.670928e+03
-1.280585e+03
1.939839e+03
2.961973e+02
2.585144e+02
7.702897e+02
-4.129669e+02
2.425188e+03
1.114868e+03
-9.973291e+00
1.141589e+03
3.344820e+03
-6.789057e+01
-3.335285e+02
1.577998e+02
-7.213421e+02
-2.570013e+02
-1.177195e+03
-1.508020e+02
4.999905e+00
4.465883e+02
7.730985e+02
8.758223e+02
5.628191e+02
8.484773e+02
1.413610e+03
7.640967e+02
-2.746703e+02
3.085698e+02
-7.437089e+01
-5.958942e+02
-1.763959e+02
-1.095530e+02
-9.104564e+02
4.056987e+02
-6.740826e+02
-9.665484e+01
-2.609868e+02
6.015587e+02
-1.756075e+02
-2.272131e+02
-2.651912e+02
4.571766e+02
2.847902e+02
-4.214372e+02
-1.044520e+02
3.260002e+02
-4.973370e+01
1.749516e+02
4.033397e+00
-2.310876e+01
2.728191e+02
9.926463e+01
1.034050e+02
-1.976245e+01
1.912130e+02
-1.004762e+02
-1.508350e+02
2.642227e+02
-1.577156e+02
8.546851e+01
-1.249481e+01
2.435119e+02
1.747062e+01
1.731733e+02
-6.817706e+00
-8.642821e+00
-2.726521e+02
5.844826e+01
-7.642804e+01
-7.827176e+01
8.168854e+01
1.519330e+02
-3.333320e+02
6.557074e+01
2.642190e+02
-2.132917e+02
-5.088994e+01
3.525028e+00
2.087610e+01
-9.536349e+01
-1.041260e+02
7.388315e+01
-1.614197e+02
-8.545114e+01
5.477533e+00
1.274245e+02
8.772716e+01
8.703042e+01
9.107072e+01
-4.828535e+01
1.643362e+00
-4.715784e+01
-1.380748e+02
2.099265e+01
8.468681e+01
-1.562126e+01
-4.317682e+01
1.347116e+01
-5.412742e+01
-9.269732e+00
2.393817e+01
4.303073e+01
-5.489237e+01
-4.798729e+01
2.764187e+01
5.021626e+01
2.807656e+01
-1.554864e+01
8.305313e+01
-4.288476e+01
-6.469849e+01
-2.394918e+01
-3.972174e+00
-1.823497e+01
2.410109e+01
-4.811084e+01
1.849070e+01
-2.244442e+01
-2.778313e+00
-1.298103e+00
-1.720711e-01
-1.089560e+00
-4.099673e-01
-3.651319e-01
8.458763e-02
-4.566750e-01
-2.742324e-01
2.834197e-01
-2.432032e-01
-1.087353e-01
-1.008839e-01
-2.223920e-01
8.067136e-02
-2.376305e-02
1.902668e-01
3.705714e-01
-4.617386e-03
-3.404174e-02
-1.119192e-01
-2.056930e-01
4.227168e-02
-1.585567e-01
-6.565000e-02
-8.239757e-02
2.898050e-03
3.459021e-02
6.329936e-02
6.782484e-02
8.157153e-02
