-1.856869e-02
9.744321e-01
1.152974e-01
5.262222e+01
1.768784e+02
-2.142846e+01
3.517693e-04
-8.543354e+04
2.466193e+05
-141897
-3.047188e+05
-1.166031e+05
-2.736451e+05
6.253175e+04
3.870530e+04
-2.095536e+05
4.314409e+03
-2.114181e+05
8.520663e+04
-5.818957e+04
-1.880551e+04
-6.697227e+04
-8.406996e+03
8.366770e+04
-1.903281e+04
2.799015e+04
-1.158935e+04
1.105502e+04
-4.447836e+04
-8.810197e+04
2.916145e+04
-4.154595e+03
-2.141825e+04
-8.196217e+03
-3.826038e+04
-2.952942e+04
-2.742361e+04
-1.098816e+04
9.085668e+03
-9.997431e+03
-6.417069e+03
-9.950228e+02
1.017413e+04
-3.910799e+03
1.257951e+04
-1.374200e+04
2.221538e+04
-1.344393e+03
5.789398e+03
-7.609970e+02
3.808398e+03
-2.070041e+03
-2.813186e+03
1.437446e+03
2.969964e+03
-7.512575e+03
3.164619e+03
7.411896e+03
8.557625e+03
-4.045134e+03
-1.236405e+03
2.652125e+02
8.245388e+02
-3.864882e+01
-1.982385e+03
3.671658e+03
2.353023e+03
-7.856921e+02
-4.204182e+03
2.117628e+03
5.217298e+02
4.138956e+03
1.499350e+03
-1.229782e+03
-1.328686e+03
-8.660991e+02
-1.631052e+03
-7.880640e+02
-4.123470e+03
-1.055259e+03
-2.371548e+02
-1.197812e+03
2.635097e+02
2.510102e+03
2.542899e+03
-3.377929e+02
-2.606973e+03
-1.050516e+03
-1.802634e+03
2.890583e+03
-2.036457e+02
-3.564315e+02
4.862893e+02
1.500157e+03
-2.077595e+03
-3.305075e+02
1.093284e+03
-3.293581e+02
-4.767970e+02
-7.109686e+02
-1.029127e+02
-3.574883e+02
1.210011e+03
7.404768e+02
-3.118703e+02
-1.848386e+03
-1.232586e+02
1.199677e+03
8.513268e+02
1.036179e+03
1.769489e+02
-4.648904e+01
-3.938924e+02
-7.911012e+01
-3.403364e+02
4.860681e+02
-3.250122e+02
3.514743e+01
-3.535027e+00
3.328811e+02
1.223806e+02
8.087352e+02
-2.942396e+02
-3.934566e+01
3.792985e+01
1.792261e+02
2.950883e+02
7.731122e+00
-3.816157e+02
2.492822e+02
5.161370e+01
5.534045e+02
5.485675e+01
2.741310e+02
1.063958e+02
-2.805741e+02
1.122936e+02
-7.063242e+01
2.970258e+02
-1.963708e+02
-2.810063e+02
1.915843e+02
6.791476e+01
1.225261e+02
1.131478e+02
1.822276e+02
-1.606714e+02
-3.891670e+02
-4.463817e+01
3.018945e+02
1.986237e+02
2.877519e+02
-7.894239e+01
-2.883588e+01
2.196196e+00
-2.435990e+01
-1.043181e+01
1.550745e+02
2.757447e+02
-1.527224e+02
2.141230e+01
1.748906e+02
-5.660971e+01
-8.447037e+01
-1.716835e+02
-6.490276e+01
-7.347560e+01
1.340292e+02
-1.330874e+02
-1.098192e+02
1.647689e+01
6.369025e+01
-2.814332e+01
9.050630e+01
-1.114024e+02
-1.025217e+02
9.207885e+01
-4.158732e+00
-2.869207e+01
4.360743e+01
1.928702e+01
-3.990032e+00
3.279786e+01
4.245171e+01
6.120726e+01
-1.434550e+01
-4.469149e+01
3.523856e+01
-7.728784e+01
-7.563889e+01
1.645859e+01
-1.241933e+01
-4.083087e+01
5.210261e+01
-1.714846e+01
-2.134854e+01
-5.814827e+00
1.587475e+01
-2.433968e+00
-1.239794e+01
2.375708e+01
-2.043797e+01
2.292004e+01
-2.056349e+01
1.864392e+01
8.992442e+00
-9.188446e-01
-5.738598e-01
2.100612e-01
-8.620747e-01
3.410617e-01
4.469964e-01
8.735479e-02
-3.875539e-01
1.940868e-01
-1.310169e-01
6.464071e-01
-8.028960e-02
-1.306551e-01
5.019406e-02
-7.001656e-02
1.241972e-01
8.075008e-02
-1.698413e-02
-3.590303e-02
8.575904e-02
-1.144889e-01
1.113141e-01
2.497679e-02
1.104130e-02
4.236990e-02
-4.320021e-02
-2.932575e-02
7.876989e-02
2.093965e-02
