-1.472343e-01
7.706015e-01
-7.786000e-02
4.864000e+01
1.871907e+02
-1.897844e+01
3.347752e-04
-2.879177e+05
3.842952e+05
-1.138354e+05
-9.269305e+04
1.601857e+05
-2.445738e+05
-1.629028e+05
1.576246e+05
-1.257033e+04
2.857612e+05
-3.078538e+05
-4.804244e+04
-3.095538e+05
3.787836e+04
-1.369141e+05
5.017479e+04
-8.345442e+04
-1.173510e+05
-1.024425e+05
-7.072389e+04
-5.969377e+04
2.445024e+04
6.852922e+03
-1.181467e+05
-9.923487e+04
1.577538e+05
-1.202143e+03
4.752607e+04
-9.151426e+03
3.418205e+04
8.930620e+04
-6.028737e+04
-5.135269e+04
-1.207867e+04
2.346097e+04
1.759703e+04
1.774487e+04
-1.179729e+04
6.359916e+03
4.854115e+04
-1.570274e+04
-2.715085e+03
-2.197560e+04
1.838960e+04
-1.261180e+04
-7.596280e+03
2.754523e+04
-2.327099e+04
-3.451145e+03
7.880444e+03
1.685264e+04
-1.751328e+04
-9.669544e+03
-2.122667e+04
9.284210e+03
4.102030e+03
1.250327e+03
8.959486e+03
-7.629026e+03
7.447089e+02
5.138436e+03
1.120083e+02
5.462780e+03
1.047320e+04
4.214112e+03
-4.585904e+02
-5.331785e+03
-2.709783e+03
-3.861248e+03
-1.373203e+03
7.019156e+03
-1.027195e+04
-6.208802e+02
4.276795e+03
-6.149919e+02
-6.986483e+02
-2.130827e+03
1.359323e+03
3.411573e+03
2.054075e+03
4.010773e+03
-2.273165e+02
1.571026e+03
9.673481e+02
-4.108175e+03
-1.253889e+03
2.724525e+03
-1.829828e+03
4.727320e+03
3.047217e+03
1.126150e+03
-3.067081e+03
-1.322505e+03
9.890975e+02
1.528414e+03
-1.742675e+03
-4.248278e+02
7.431329e+02
-7.236382e+02
1.889050e+03
2.410375e+03
3.666155e+02
5.414149e+02
8.104820e+02
3.211357e+02
1.692019e+03
9.991694e+02
-1.247235e+02
-6.839348e+02
-4.302089e+02
2.966864e+02
-2.067333e+03
1.274435e+01
-1.522852e+03
-3.730555e+02
-1.508146e+02
6.010341e+02
1.121938e+03
-6.611566e+02
-1.036010e+02
2.853761e+02
-5.279465e+02
3.728305e+02
1.210230e+03
2.469937e+02
-6.978809e+01
7.989520e+01
-7.779163e+01
6.967088e+00
9.792331e+01
1.451415e+02
8.674994e+01
-2.748037e+02
1.450444e+02
-7.920345e+02
3.228959e+02
1.571069e+02
3.811375e+02
3.446076e+02
-2.297615e+02
-2.793291e+01
-1.825935e+02
2.587307e+02
1.793498e+02
5.865322e+02
-3.862559e+02
5.237359e+02
-5.053267e+01
-2.879466e+02
-2.175444e+01
4.629022e+02
-3.023958e+02
9.694480e+01
-1.155031e+02
5.210331e+01
-4.260065e+01
-3.133828e+01
-9.567973e+00
-1.099567e+02
-7.678967e+01
2.035350e+02
-1.363554e+02
1.275673e+01
-3.860241e+01
1.633211e+01
1.323279e+01
2.939346e+02
-3.366916e+00
-4.987529e+01
5.685526e+01
6.314124e+01
-7.644445e+01
-7.771075e+01
1.209889e+01
1.516195e+01
5.116356e+01
7.077481e+01
-9.112398e+00
2.484513e+00
-7.382117e+00
8.229278e+01
-1.609206e+02
-1.152042e+02
6.538647e+01
1.112520e+01
1.204240e+02
1.148406e+02
3.739832e+01
-8.912756e+01
1.195565e+00
-3.288335e-01
-1.157943e+01
7.604372e+01
1.725812e+02
-3.910046e+01
5.495310e+01
-7.473922e+00
-9.635031e+00
2.960841e+01
-1.140495e+00
-3.040489e+00
5.689904e-01
-1.104458e+00
-5.159546e-01
-3.902468e-01
-5.194058e-01
-2.905441e-01
-2.362035e-01
-3.193128e-02
6.166014e-01
2.172867e-01
6.484459e-02
-6.969235e-02
1.772032e-01
3.227107e-01
-8.527578e-02
-4.360957e-02
-1.296171e-01
1.617167e-01
-1.972402e-01
-3.227428e-01
-5.886760e-02
-4.650769e-01
1.078006e-01
-1.316489e-02
1.744867e-01
1.569257e-01
8.488842e-02
