-1.107633e-01
-1.257119e+00
2.370135e-01
5.461333e+01
1.701253e+02
-1.003719e+01
3.429619e-04
-1.668689e+05
-2.709557e+05
9.812434e+05
1.122558e+05
2.764156e+04
7.688047e+04
-1.757754e+05
2.280972e+05
6.198507e+04
4.919116e+04
1.473776e+05
-4.971464e+04
2.942476e+04
-6.979634e+03
-3.323454e+04
5.911486e+04
-9.985887e+04
9.630158e+03
-9.978212e+04
2.267756e+03
-8.967879e+04
-3.364576e+03
-2.321944e+04
-1.350764e+05
-3.797255e+04
-1.538930e+04
-5.024494e+04
3.638584e+04
5.906996e+04
1.175846e+04
4.656628e+04
9.223050e+03
-2.390671e+04
4.406626e+04
-2.277130e+04
-4.091717e+04
-1.468708e+04
2.107808e+03
-1.452397e+04
-1.920579e+04
2.109212e+04
-1.674362e+04
-7.497833e+03
1.597996e+04
1.564564e+04
-1.065658e+04
1.213921e+04
-4.990753e+03
6.633264e+03
6.611691e+03
8.207948e+03
-1.179949e+04
-2.469984e+04
-5.104080e+03
-3.650654e+03
-4.810522e+03
-1.305910e+04
-4.725235e+03
-7.099857e+02
-8.770667e+02
7.904296e+03
-2.973687e+03
3.963745e+03
1.757321e+03
5.696907e+03
1.365935e+03
-5.198566e+03
4.122003e+03
5.976469e+03
3.300506e+03
-8.641043e+02
-7.461705e+03
-9.738543e+01
-2.723095e+03
-9.799907e+02
-5.425467e+03
-8.649606e+02
4.111058e+02
3.588712e+03
2.266363e+03
1.676501e+03
-1.689091e+03
-2.171200e+03
7.242253e+02
-2.070998e+03
3.115565e+03
3.398762e+03
-2.110585e+02
1.685022e+03
2.413465e+03
-7.399803e+02
-8.674788e+02
3.620568e+02
-1.626235e+03
-1.072598e+03
-1.029346e+02
-8.592549e+02
8.876855e+02
-1.338646e+03
3.064101e+03
-5.502266e+01
8.650688e+02
1.354982e+03
7.538174e+02
1.930261e+03
2.992356e+02
6.614476e+02
-1.438031e+03
-5.261481e+02
-5.815394e+02
3.600692e+02
-1.481355e+03
8.251749e+02
-6.697968e+02
-4.951688e+02
-1.496722e+02
1.128942e+03
5.262030e+02
-1.292966e+02
-3.373181e+02
-1.221530e+02
1.966421e+02
-9.450604e+02
-9.738388e+01
-2.079666e+02
-3.087027e+02
3.110851e+02
3.213800e+02
1.796956e+02
6.244725e+02
-3.564179e+02
-1.632650e+02
2.331139e+02
-9.047852e+01
-1.704498e+02
5.976917e+01
9.944847e+01
-2.494521e+00
6.058201e+01
1.699883e+01
-2.660777e+02
-9.078528e+01
4.279346e+01
1.815346e+02
-2.054040e+01
1.926562e+02
-3.297895e+01
-9.025664e+01
-2.818233e+01
-1.300859e+02
2.237997e+02
-5.814816e+02
1.737588e+02
4.531892e+02
-3.071095e+02
1.802495e+02
1.204220e+02
-6.194606e+01
-1.167460e+02
-7.046416e+01
-1.328629e+02
-2.305965e+02
5.926403e+01
1.411958e+02
3.211830e+02
2.157571e+02
4.025743e+01
3.150355e+01
-1.435093e+01
1.110534e+02
7.981919e+01
-1.675260e+02
5.263260e+01
1.689000e+02
4.141926e+01
-6.972863e+01
-5.458953e+01
2.180377e+01
5.311537e+01
7.032614e+01
9.776659e+01
-5.991788e+01
4.300795e+01
1.015438e+01
9.646068e+01
4.902478e+01
4.308200e+01
5.616502e+01
-6.491205e+01
-8.472301e+01
-2.143259e+01
3.069323e+01
2.458109e+01
-1.380767e+01
-4.384848e+01
-2.801265e+01
-7.191255e+01
4.170080e+01
8.979993e+00
1.059924e+00
4.788696e-01
-1.284830e-02
1.191360e+00
-1.004677e-01
5.038842e-02
-5.508756e-01
5.464184e-01
-2.136291e-01
8.539742e-01
-1.438335e-01
-4.338208e-01
-3.620054e-01
2.285683e-01
4.357777e-01
-3.072243e-02
-7.522760e-02
1.788195e-02
6.087940e-02
-2.109932e-01
2.832940e-01
2.060004e-01
-1.171341e-01
2.731220e-01
9.604897e-02
1.098769e-01
-1.016985e-01
-9.398463e-02
1.810381e-02
