-1.385478e-01
-1.520978e+00
1.680889e-01
5.745778e+01
1.745207e+02
-8.741589e+00
3.477943e-04
-3.256805e+04
-9.370310e+03
-8.796129e+04
6.038036e+02
3.985315e+04
9.027766e+04
6.902071e+03
4.805406e+04
-3.385686e+04
2.116510e+04
-1.045990e+05
6.681830e+04
2.302766e+04
-2.272115e+04
-4.812665e+04
2.485102e+04
3.170198e+04
2.148055e+03
-1.286169e+04
2.315707e+04
5.497241e+01
-8.773133e+03
-9.423714e+03
-5.021782e+04
-1.486548e+04
-1.020072e+04
1.498081e+03
1.279589e+04
-7.176817e+03
-7.699416e+03
4.673381e+03
4.595320e+03
3.483950e+03
-6.895270e+03
4.017274e+03
-3.193554e+03
-1.124508e+04
1.343305e+04
-1.023841e+04
1.070697e+04
1.190570e+04
-5.596879e+03
-1.852988e+03
7.164902e+02
7.873907e+02
3.423117e+02
4.838822e+03
-1.055094e+03
-1.437413e+03
-2.323813e+03
7.437014e+03
2.224484e+03
-4.686821e+03
-2.831012e+03
1.610985e+02
4.093416e+02
-2.968108e+03
-4.541785e+02
4.852329e+03
7.060997e+02
1.196320e+03
-4.200102e+03
1.653355e+03
1.802474e+03
2.363602e+03
-4.193689e+02
4.562335e+02
-4.880072e+02
-1.205920e+03
-2.979517e+02
-8.294542e+02
-3.433759e+03
-7.628382e+02
-1.402153e+03
-8.017836e+02
-1.366213e+02
8.269133e+02
1.728333e+03
2.738683e+02
-9.433013e+02
9.272065e+02
-2.499634e+02
1.571428e+02
1.744583e+02
-7.829490e+02
1.686676e+03
8.817913e+02
-2.884360e+02
9.754537e+02
1.093102e+03
-4.584279e+02
-4.592251e+02
3.980768e+02
-9.245613e+02
-4.812256e+02
7.925069e+02
-6.737941e+02
6.556964e+01
-8.231923e+02
4.507987e+02
6.107342e+02
1.410508e+03
9.603596e+02
5.922826e+02
5.658505e+02
-5.091086e+02
1.546505e+02
-4.786010e+02
3.297918e+01
4.963323e+02
-3.481499e+02
-3.866531e+02
4.688174e+02
1.388907e+02
2.024941e+01
-1.270067e+02
2.550784e+02
9.588127e+01
-2.801227e+02
3.306415e+02
-7.567310e+01
-2.832769e+00
4.359289e+01
1.404535e+02
3.685467e+02
-3.305674e+01
1.129456e+02
1.329560e+02
-2.142920e+02
1.942150e+02
-6.392248e+01
1.750135e+01
-2.158905e+02
1.401135e+01
3.797854e+01
8.893016e+01
2.475280e+02
7.502647e+01
1.293178e+02
4.776371e+01
-2.918121e+02
8.266821e+01
-3.158299e+00
1.668130e+02
2.192333e+01
-3.327418e+01
-6.594378e+00
-8.794087e+01
2.457796e+01
1.502688e+02
6.149664e+01
-1.354552e+02
-5.105169e+01
1.441645e+02
1.752345e+01
-5.187158e+01
-8.139310e+00
-3.630352e+01
-6.667191e+01
-6.350397e+01
1.321887e+02
-1.621971e+02
-3.882234e+01
1.924033e+01
9.158550e+01
7.113223e+01
1.816093e+01
-4.887951e+01
-8.078646e+01
3.051357e+01
-3.729305e+01
-1.240772e+02
7.952828e+00
2.847894e+01
4.758944e+01
-1.041882e+01
1.294266e+01
1.780807e+01
-5.924708e+01
5.970032e+01
4.831143e+01
-7.611490e+01
-1.982606e+01
5.212005e+01
-1.519114e+01
-2.716877e+01
5.075693e+01
3.362611e+01
-1.649079e+01
-3.375125e+01
-1.683988e+01
-2.172267e+01
-1.973518e+01
1.248279e+01
-2.351090e+01
1.434041e+01
1.047712e+01
1.947140e+01
1.326959e+01
-7.200971e-01
-1.224260e+00
-5.516136e-01
1.366667e-01
-1.017963e-01
-1.359827e-01
-1.944813e-01
1.085536e-01
-6.767724e-02
3.362029e-01
1.485559e-01
-2.497730e-01
1.930583e-02
6.752830e-02
-2.594806e-02
1.075379e-01
-5.066585e-02
-3.462931e-02
-1.119238e-02
-2.014712e-01
6.050475e-02
8.957804e-02
-1.283801e-01
-7.632817e-02
-2.911613e-02
4.929993e-02
-3.971863e-02
-1.657866e-02
6.003270e-02
