-3.044775e-01
-9.763663e-01
-6.583977e-03
5.404445e+01
1.982183e+02
-1.756740e+01
3.601921e-04
-2.776919e+04
6.260330e+04
-1.047444e+04
-1.121039e+04
2.631334e+04
-9.511683e+03
6.728035e+04
-4.842146e+04
-4.489260e+04
1.034094e+04
4.496270e+04
6.613619e+04
3.139502e+04
2.626690e+04
6.330346e+04
-1.303137e+04
-1.791414e+04
1.864683e+04
3.024935e+04
1.770652e+04
2.286889e+03
-2.868102e+03
1.447207e+03
5.941616e+03
-1.062435e+04
-2.514108e+04
-1.163560e+04
2.248050e+02
-6.409363e+03
4.893355e+03
-1.997021e+04
1.616844e+04
-1.498642e+04
2.455135e+03
-3.477760e+03
1.460451e+02
-5.829703e+03
9.313703e+03
-4.056150e+03
9.035533e+02
6.473341e+03
-2.947228e+03
3.113189e+03
-1.284625e+04
-5.654743e+03
6.734727e+02
1.365472e+03
6.193860e+03
5.492969e+03
1.605744e+03
4.026291e+03
2.214001e+03
-2.324169e+03
-8.452264e+02
2.617177e+03
-1.864143e+03
1.487949e+02
-1.447314e+03
2.509760e+03
-6.666476e+02
-1.588334e+02
-2.722922e+03
-1.178036e+03
3.449786e+02
2.064285e+03
3.029330e+02
2.706505e+03
-6.809281e+02
1.015323e+03
-1.017221e+03
-1.196607e+03
-3.178803e+03
-8.652491e+02
-1.013138e+03
-6.235054e+02
1.241874e+03
5.226353e+02
9.008646e+02
8.732433e+02
-1.683467e+03
-2.770767e+02
3.414167e+02
-9.713687e+02
-2.210488e+02
1.598438e+03
1.293512e+03
3.736863e+02
-9.602669e+02
-1.745254e+02
6.715435e+02
-3.274041e+02
-5.527773e+02
9.849891e+02
-7.197841e+02
-5.882119e+02
6.673889e+02
-1.036037e+03
-5.682732e+02
-6.936593e+02
7.664010e+01
1.185910e+03
3.758861e+02
9.306926e+02
7.914750e+01
4.001150e+01
-1.449659e+02
1.718082e+02
2.962220e+01
-1.415639e+02
-1.412950e+02
-3.560960e+02
-2.514075e+02
3.308324e+02
3.989266e+02
2.230541e+02
-3.170508e+02
5.644373e+01
2.123851e+01
-9.994635e+01
2.832585e+02
2.801742e+02
-7.446606e+01
2.200058e+02
3.320389e+02
4.105859e+02
-2.728893e+01
3.029846e+01
7.691380e+01
-3.671208e+01
7.057040e+01
-1.480685e+02
-1.120894e+02
-1.077784e+02
-2.587806e+02
6.038578e+01
1.108831e+02
1.323228e+02
-1.175577e+01
-3.847128e+01
-8.389095e+01
-1.517259e+02
1.777338e+01
3.722751e+01
4.869855e+01
4.836947e+01
1.154497e+01
-1.811612e+01
-1.347276e+02
-4.829712e+01
8.594800e+01
-6.253885e+01
1.137404e+02
-1.303459e+01
-3.751486e+01
3.740177e+01
3.573418e+01
-6.761951e+00
-1.244170e+02
2.549580e+01
-1.372417e+01
1.120191e+02
-1.045448e+02
-5.790194e+01
6.604267e+01
4.405504e+01
2.344817e+01
2.411738e+01
2.354835e+01
-4.650008e+01
9.932757e+01
2.763393e+01
-6.423761e+01
7.615269e+01
1.124275e+01
4.059089e+01
2.932919e+01
-3.798321e+01
5.102635e+01
-8.189310e+01
1.805017e+01
6.365895e+01
9.666282e-01
7.383282e+00
3.831128e+01
1.557721e+01
-2.523492e+00
-6.426082e+00
2.693845e+01
-2.301339e+01
2.867201e+01
9.806983e+00
-2.893402e+01
-6.205850e+00
1.314459e+01
-2.998151e+01
1.412133e+01
1.652214e+01
1.660644e+01
1.590194e+01
-2.471524e-01
-8.437964e-01
-3.365659e-01
-2.544854e-01
5.310095e-02
-9.984056e-02
1.898633e-01
3.586706e-02
-2.217364e-01
-4.039910e-02
2.544219e-01
2.023873e-02
-1.276742e-01
-3.128392e-02
4.320381e-04
8.435640e-02
-3.932095e-02
1.785573e-02
-6.245744e-02
1.412046e-02
-1.486677e-02
6.126818e-02
3.803036e-03
-6.856743e-02
6.079666e-02
7.997541e-03
-4.282661e-02
6.051442e-03
1.456917e-02
