-4.198182e-01
1.490384e+00
1.440164e-01
5.603556e+01
1.791275e+02
-6.487120e+00
3.378096e-04
-1.922376e+05
4.565557e+04
1.084688e+05
-6.347246e+05
-3.188377e+05
-3.107279e+05
-1.544473e+05
1.091912e+05
-1.573965e+05
3.787312e+05
3.697233e+04
1.342811e+05
6.579641e+04
3.053104e+04
2.197810e+04
4.371215e+04
5.994417e+04
-1.104442e+04
-1.295968e+05
4.307330e+04
2.352732e+04
1.652613e+04
1.122674e+04
2.126328e+04
-1.078507e+05
-1.077679e+04
-4.892813e+04
4.551977e+04
2.782644e+04
9.621729e+03
2.979591e+04
1.143416e+03
-2.672388e+03
4.746488e+04
-1.669744e+04
1.826462e+04
-3.088672e+03
-2.589676e+04
4.344259e+03
1.707492e+04
-2.021521e+04
3.314553e+03
-1.531496e+04
1.034629e+04
8.854159e+03
-4.899270e+03
-4.997489e+02
5.192141e+03
5.924476e+03
1.035147e+04
4.206252e+03
-1.984208e+03
5.784357e+03
-8.222782e+03
7.093777e+03
1.450357e+03
1.940654e+03
7.728775e+03
4.202743e+02
-1.443322e+03
1.106153e+04
-7.450467e+03
-3.170555e+03
-5.539318e+02
1.811140e+03
3.655943e+03
-1.516235e+03
-3.974710e+02
-2.484926e+03
1.148028e+03
1.536894e+03
-5.571879e+03
-2.485478e+02
-2.892447e+03
-4.357703e+03
-2.928630e+03
-1.207121e+03
-4.360865e+02
2.757070e+03
8.291055e+02
1.250186e+03
1.872157e+03
2.248023e+03
4.039969e+03
1.056696e+03
2.912748e+03
3.706410e+03
-2.895328e+02
1.052786e+03
2.213360e+03
3.146927e+02
-1.114107e+03
-2.490650e+03
9.748892e+02
-1.480357e+03
1.095054e+03
-8.398816e+01
7.219201e+01
-9.405032e+02
2.861044e+03
1.311476e+03
3.915102e+02
8.899949e+02
5.143387e+02
5.286219e+02
3.703293e+02
4.269117e+01
2.854196e+02
1.254987e+03
-3.523076e+02
4.510353e+01
-1.545568e+03
6.277612e+02
-1.440469e+02
3.468392e+02
-3.636251e+02
9.757561e+01
4.734600e+02
-4.926774e+02
-2.347132e+02
3.697023e+01
5.467280e+01
-1.925442e+02
-2.742133e+02
3.793142e+02
-2.541575e+02
-9.888351e+01
-1.612452e+02
-3.195712e+02
2.964352e+01
-2.030277e+02
-2.316026e+02
-3.944586e+02
-2.735577e+02
4.525657e+01
4.552057e+02
2.448371e+02
-1.112082e+02
-2.575248e+01
2.363338e+02
1.346599e+02
6.086740e+00
4.533160e+02
2.202581e+02
8.073108e+01
-3.746196e+02
2.133328e+02
1.345589e+02
3.411401e+02
-2.016457e+02
1.338505e+02
-3.256282e+01
7.690429e+01
-2.414095e+02
8.612832e+00
-8.905957e-01
1.533934e+02
-2.895861e+02
9.223165e+01
-1.028708e+02
1.599399e+02
-2.465882e+02
-1.734708e+02
-9.075163e+01
2.424402e+02
2.379200e+02
2.632692e+01
1.446719e+02
-1.769252e+02
-5.754604e+01
-5.619977e+01
-1.157646e+02
3.303747e+01
9.598357e+01
8.549162e+00
-6.432463e+01
6.073403e+01
1.752373e+01
-7.287975e+00
1.533275e+02
2.412110e+02
-8.542672e+01
-6.088779e+01
-3.385058e+00
6.288139e+01
3.494296e+01
7.971522e+01
-4.112738e+00
-1.938889e+01
-1.205765e+01
-1.154714e+01
-5.537226e+01
3.142803e+01
3.122901e+01
-5.440943e+01
-2.996684e+00
-6.400585e+01
-8.018278e+00
-1.014986e+00
-2.103247e+00
-1.641190e+00
2.450939e-01
-9.992507e-01
9.951723e-02
-8.329571e-01
-5.122663e-01
2.714259e-02
3.650706e-01
-2.022619e-01
5.781186e-01
1.903705e-01
4.216598e-02
5.416106e-02
5.090994e-01
7.587241e-02
1.192231e-01
-1.516080e-01
-1.312329e-01
2.327018e-01
-8.064884e-02
-2.994106e-01
-6.323658e-05
-2.395850e-01
1.795925e-01
1.392630e-02
-5.113005e-02
3.393693e-02
7.280449e-02
