1.399258e-01
-3.492949e-01
1.469246e-01
3.868444e+01
1.592106e+02
-2.714898e+01
3.385451e-04
-1.509470e+05
2.828459e+04
1.429558e+05
-2.762942e+05
-1.093360e+03
-1.594057e+05
1.726919e+04
2.511093e+04
-1.396769e+05
-1.110764e+04
-8.380765e+04
1.059411e+05
-2.525631e+04
2.788453e+04
-9.087615e+03
-2.548841e+04
4.661855e+04
5.713220e+03
-8.653854e+03
-4.236808e+04
-3.359771e+04
-1.846664e+04
-2.780729e+04
-1.085994e+04
-2.712180e+04
6.491132e+03
-8.711524e+03
-1.488228e+04
3.498895e+03
-9.434845e+03
-1.369974e+04
6.611750e+02
-5.206922e+03
2.354228e+03
-1.119879e+04
3.852998e+03
-9.570781e+02
-8.221675e+03
-8.496937e+03
2.131308e+04
3.106400e+03
-8.809812e+03
6.070083e+03
5.007873e+03
-5.190875e+03
8.641217e+02
-3.312499e+02
-3.159589e+03
-4.400392e+03
3.229507e+03
4.008985e+03
5.760290e+03
-1.085667e+04
-6.817807e+03
2.110714e+03
-9.211101e+02
-3.304313e+03
-5.115218e+02
3.278904e+03
3.569381e+03
3.769800e+03
-8.220870e+02
3.082594e+03
2.847827e+02
2.826450e+03
1.636924e+02
2.403846e+02
4.339368e+02
-1.554005e+02
1.875561e+03
-5.573870e+02
-3.239135e+03
-3.938505e+02
1.817725e+03
-1.014757e+03
-1.743559e+01
2.265176e+03
1.171690e+03
9.320052e+02
-9.320189e+02
-1.953113e+02
-8.839110e+02
2.021980e+03
2.786919e+02
2.705848e+02
5.072459e+01
2.374023e+03
-1.189216e+03
1.366353e+02
1.447381e+03
-1.226528e+03
-3.621916e+02
-6.584754e+02
-2.251254e+02
-3.801490e+02
4.194332e+02
-8.451608e+00
1.259219e+02
-1.029959e+03
1.132699e+03
7.064964e+02
1.023281e+03
9.153305e+02
4.525757e+02
3.126802e+02
4.708760e+01
5.384670e+02
6.318352e+01
1.565618e+02
-6.303259e+02
-3.619839e+02
-5.445636e+02
5.561801e+02
4.993751e+00
4.786477e+02
1.320468e+02
-7.797972e+01
2.586379e+02
1.065088e+02
9.885946e+01
-1.306671e+01
-3.778246e+02
-3.100371e+02
2.716140e+02
3.298724e+02
-1.070595e+02
-9.015219e+01
-1.197228e+02
-2.130116e+02
1.420370e+02
6.045242e+00
3.701059e+01
-1.167991e+02
-1.846901e+02
-3.836298e+01
4.431823e+01
1.767155e+02
-6.924344e+00
5.612291e+01
1.193422e+00
-1.439121e+02
-4.984274e+01
3.157284e+02
3.116941e+01
2.302124e+02
-1.724292e+02
-1.208083e+02
2.856363e+01
7.520577e+00
-8.762685e+01
8.881874e+01
5.726764e+01
6.156374e+01
9.205606e+01
6.670435e+01
-3.202895e+01
-1.447102e+01
-2.161720e+02
5.206283e+00
-5.801704e+01
8.822038e+01
-7.650753e+01
-4.669336e+01
9.923997e+01
1.033907e+02
9.651611e+01
1.192831e+02
1.151143e+00
-8.513628e+00
6.802586e+01
1.199794e+02
-7.208315e+01
-3.639312e+00
4.526241e+01
5.918630e+01
-2.148664e+00
-6.812784e+00
2.395337e+01
3.801803e+01
3.295247e+01
8.853983e+01
-8.638712e+01
-1.349383e+01
4.119965e+01
3.791743e+01
-9.854442e+00
-3.638689e+01
-1.228698e+00
-8.930159e+00
6.929602e+00
1.844956e+01
-1.545905e+01
2.862025e+01
4.430503e+01
-6.082516e+01
1.977691e+01
-1.846070e+01
1.860666e+01
9.407082e+00
-1.376938e+00
-4.294390e-01
-2.410893e-01
1.791130e-01
-8.724616e-02
5.564914e-02
-1.388085e-01
-3.955532e-02
-5.688091e-02
2.404530e-01
6.125549e-01
8.910622e-02
1.241434e-01
-7.147560e-02
2.014686e-01
4.122437e-02
-3.058479e-02
-1.031239e-01
-1.039442e-01
1.577116e-01
-1.291180e-01
1.163732e-01
7.501125e-02
-1.728273e-02
1.771135e-01
5.314277e-02
-8.978431e-03
-2.040275e-02
-4.181681e-02
