-2.632382e-01
1.374199e+00
-9.732065e-02
5.745778e+01
1.862707e+02
-1.144166e+01
3.465798e-04
1.179470e+04
-1.982544e+05
-4.967880e+04
1.522038e+05
1.057157e+05
-1.764068e+05
1.009252e+05
-5.339816e+04
7.541552e+04
-6.434601e+03
-1.445820e+05
8.330294e+04
-2.663861e+04
1.872932e+04
-3.570159e+04
8.116156e+03
2.446306e+04
2.035326e+04
-2.121798e+04
1.282647e+04
1.518705e+04
-6.734082e+03
1.859220e+04
-1.330392e+04
6.662178e+03
-2.545429e+04
-2.248466e+04
-3.326667e+03
7.226397e+03
-2.443773e+03
-1.697257e+04
-3.429668e+03
-6.832354e+03
-8.662970e+03
1.313154e+04
-1.037672e+04
-8.964250e+02
7.885984e+03
-1.498657e+04
-4.143127e+03
-2.617983e+03
3.898121e+03
2.431225e+03
1.964775e+03
3.660768e+03
-2.995809e+03
1.910346e+03
1.733009e+03
1.382144e+03
-8.440449e+02
5.166750e+03
3.202722e+03
-6.285170e+03
-4.882278e+03
1.005674e+03
1.452537e+03
-1.289451e+03
1.545032e+03
2.548846e+03
3.143684e+03
-1.845606e+03
-2.359615e+03
1.952152e+03
1.011001e+03
-1.224547e+03
-2.942433e+03
-1.549972e+03
-2.074706e+03
8.553278e+02
-1.768180e+02
1.591908e+03
-1.029706e+03
-4.033825e+02
-8.359453e+02
-1.515506e+03
8.716378e+02
3.173141e+02
1.689960e+03
-7.264900e+02
-6.327381e+02
-2.474969e+02
9.441600e+02
1.041238e+03
-4.865786e+02
-1.894451e+01
9.888284e+02
1.733838e+03
-1.464431e+03
8.144523e+02
4.262376e+02
-1.651763e+02
-9.571304e+02
-9.570840e+02
1.967025e+02
-2.983191e+02
6.405615e+02
7.922124e+01
-5.976196e+02
-1.742913e+02
1.087291e+03
-2.051795e+02
3.500092e+02
9.708253e+02
-2.101419e+02
2.438507e+02
-4.287853e+02
7.097655e+02
-7.199990e+02
-1.120076e+02
-2.081921e+02
-2.052800e+02
-4.552082e+01
2.085207e+02
-6.642070e+01
3.357915e+01
-3.489993e+02
7.091842e+01
6.048538e+02
-3.948189e+01
7.084158e+01
-3.126073e+01
9.749824e+00
7.470685e+01
4.895658e+02
5.722966e+02
4.584034e+02
2.651510e+02
-1.274046e+02
2.048155e+01
2.336374e+02
-1.811380e+01
-1.003203e+02
-7.318267e+01
-1.242843e+02
4.165233e+01
3.763775e+01
-4.947282e+01
6.209279e+01
8.556300e+01
-2.776703e+01
-1.559055e+02
1.369688e+02
3.442840e+02
-6.763762e+01
5.677247e+01
2.303826e+02
-6.469485e+01
-7.968698e+01
3.482305e+01
1.243473e+02
5.777299e+01
7.452866e+01
-5.887937e+01
-4.186204e+01
-1.250943e+01
1.440945e+02
-5.091346e+01
1.829583e+00
-6.833042e+00
-1.030068e+01
6.606963e+01
-7.446350e-01
7.205583e+01
4.926109e+01
5.103689e+00
1.950400e+01
1.727699e+01
2.734020e+01
-1.929733e+01
3.493468e+01
3.672797e+01
-1.104293e+02
2.316413e+01
-3.326944e+01
7.771439e+01
2.344676e+01
-2.226994e+01
5.878802e+01
-4.079968e+01
2.620007e+01
5.576354e+00
-9.828392e+00
-3.243593e+00
2.610655e+01
-1.399491e+00
-2.771017e+01
6.222109e+00
1.399377e+01
2.069696e+01
-2.859061e+00
-1.823576e+01
-1.780947e+00
1.871514e+01
1.001433e+00
-2.311623e+01
-1.596804e+01
4.669861e+00
4.446495e+01
1.466716e+01
-6.597108e-01
1.721250e+00
-1.005957e+00
4.432132e-01
1.047354e-01
-2.445480e-01
-1.467860e-01
-3.897549e-01
8.696610e-02
-2.046629e-01
-2.218279e-01
-1.156643e-01
1.386667e-01
4.616071e-02
-7.397459e-02
-1.552135e-02
5.373928e-02
1.886352e-02
-5.037798e-03
-5.964653e-02
1.282077e-02
9.933818e-02
1.797628e-02
-2.815824e-02
-2.603630e-02
-5.492572e-03
-6.112101e-03
-9.212532e-02
-5.276073e-03
