-1.581213e-01
7.597625e-01
1.057809e-01
4.920889e+01
1.868103e+02
-2.135025e+01
3.526749e-04
-7.990574e+04
8.992592e+04
5.083421e+04
-1.684850e+05
-7.497540e+04
-7.832659e+04
-3.921383e+03
5.763068e+04
-2.346196e+04
3.632374e+04
2.317184e+04
1.155794e+05
-2.851702e+04
-1.093491e+04
-3.650852e+04
1.922967e+04
-2.705751e+04
1.073329e+04
1.614966e+04
3.048154e+04
1.890932e+04
-2.476882e+04
-3.786466e+04
-3.311308e+03
-1.083006e+04
-2.732009e+04
4.625521e+03
-2.617896e+04
-7.792647e+03
-2.240891e+03
-6.530277e+03
7.885095e+03
-2.033275e+04
-1.457523e+04
-8.238406e+03
1.442149e+04
-1.381556e+04
1.474613e+04
-1.298504e+04
6.172699e+03
1.352961e+03
-1.727901e+04
-3.311101e+03
-1.283987e+04
-3.244119e+03
8.312260e+02
-3.970345e+03
3.253584e+02
4.559218e+03
-3.509919e+03
1.136203e+04
4.322938e+03
-2.517773e+03
-6.013197e+03
2.621462e+03
1.071918e+03
-6.505084e+02
-1.837009e+03
1.288704e+03
1.764514e+03
2.730547e+03
-2.947774e+03
-1.965064e+03
2.670918e+03
3.307405e+03
2.052363e+03
-1.658384e+02
-2.264114e+03
-1.082572e+02
-1.441060e+03
-1.222024e+03
-4.697389e+03
-6.685823e+02
-8.187501e+02
-8.324092e+02
1.195991e+03
1.163546e+03
8.718501e+02
-5.225315e+02
-5.809251e+02
2.710626e+02
1.435646e+02
2.573342e+03
-5.174114e+02
5.167648e+02
1.468592e+03
2.783906e+02
-3.823208e+02
6.758213e+02
9.175541e+02
-1.075197e+03
8.477467e+01
7.021778e+02
-4.594671e+02
-1.282241e+02
7.889756e+02
-7.910107e+02
5.896013e+02
-1.300306e+03
6.610751e+02
5.404181e+02
1.243686e+03
2.270625e+02
2.585825e+02
1.242258e+02
-2.094397e+02
-2.291325e+02
-2.395914e+02
3.376884e+02
-1.663533e+02
-2.997230e+02
-4.303294e+02
7.783246e+02
-3.985459e+01
6.933348e+02
-1.755028e+02
-4.588235e+00
1.714455e+02
5.963258e+01
4.053787e+02
8.611544e+01
-2.857015e+02
1.652744e+02
1.941404e+02
9.164143e+01
8.239566e+01
-1.431998e+02
1.133713e+01
-3.957751e+02
4.278019e+02
-1.830964e+02
8.836265e+01
3.452217e+01
-1.158640e+02
1.044948e+02
1.370974e+01
2.767824e+02
-1.181784e+02
7.624632e+01
-6.475217e+01
-3.911556e+02
-4.497537e+01
1.860572e+02
-8.274285e+00
1.668732e+02
-4.143217e+01
-9.356494e+01
-9.077754e+01
-2.184487e+01
6.230076e+00
-3.430645e+01
1.986306e+02
1.732581e+01
1.933542e+01
1.789817e+02
-1.369110e+02
1.874261e+01
-1.444233e+02
9.537516e+01
-5.250322e+01
2.349730e+02
-1.813294e+02
-3.820593e+01
8.832668e+01
1.032704e+02
6.288434e+01
4.720787e+01
-8.461730e+01
-9.339207e+01
3.504292e+01
2.292719e+01
-6.972681e+01
-6.006677e+00
5.951469e+01
6.048924e+01
-3.522398e+00
-4.569910e+01
4.202563e+01
-3.887427e+01
5.779654e+01
3.721096e+01
-8.985330e+01
-5.630735e+01
4.609392e+01
6.217319e+00
-2.932204e+01
-6.295565e+00
7.878417e+00
9.176953e+00
-2.475468e+00
1.164364e+01
-4.500389e+01
6.753256e+00
5.512255e+01
-2.459409e+01
5.418208e+01
-9.217095e+00
1.519785e+01
2.240651e+01
-1.077866e+00
-9.413335e-01
-4.524658e-01
9.303737e-03
-5.688361e-02
2.347306e-02
7.384643e-02
-1.076389e-01
-1.519244e-01
2.434332e-01
5.374750e-01
-2.041327e-01
1.315828e-01
-2.309879e-02
2.311065e-03
1.693853e-02
-1.119564e-02
-8.315352e-02
-4.117368e-02
-4.361852e-02
-8.905876e-02
2.207821e-01
-1.604372e-01
-1.093911e-01
8.622998e-02
8.637807e-03
-5.382098e-02
2.908658e-02
1.036555e-02
