-3.124351e-01
1.433532e+00
-1.084391e-02
5.717333e+01
1.913494e+02
-8.462619e+00
3.442914e-04
-6.306182e+04
-3.548361e+05
6.222485e+04
1.087896e+05
1.393260e+04
1.710962e+04
-1.665064e+04
5.492967e+03
-1.027683e+05
1.369395e+04
1.359909e+04
5.141914e+04
-2.067427e+04
-2.808229e+04
-2.447368e+03
7.142872e+03
-7.394178e+02
5.362355e+03
-3.758643e+03
-1.004732e+04
1.916106e+04
-2.026513e+04
2.451375e+04
-4.251013e+04
1.236550e+03
-6.883842e+03
-2.912625e+04
1.375567e+04
9.524485e+03
4.847009e+03
2.858450e+03
6.032167e+03
-3.219706e+03
4.211542e+03
-7.066205e+03
-1.553533e+04
4.267994e+02
1.363439e+04
-5.855811e+03
-4.241296e+03
7.231998e+03
-4.388489e+02
-3.204684e+03
3.472964e+03
2.817797e+02
4.805186e+03
-8.291014e+03
-7.933833e+03
7.220360e+03
9.204379e+02
1.076532e+04
-1.328631e+03
-1.019762e+04
-2.639440e+03
7.779103e+02
-2.669195e+03
-2.928997e+03
1.932038e+03
4.016241e+03
5.578854e+03
2.821344e+03
-5.227853e+03
3.197828e+03
5.357337e+01
-8.092858e+02
-1.107416e+03
9.237591e+02
1.417539e+03
1.266801e+03
2.860128e+03
2.104635e+03
-4.019084e+03
-4.168436e+01
-1.201613e+02
4.004345e+02
-1.089004e+03
1.233874e+03
3.217112e+03
1.753700e+03
-1.008099e+03
-7.461321e+02
-4.967234e+02
-1.088846e+02
4.286487e+02
5.516159e+02
1.715551e+03
2.037020e+03
-1.555395e+03
6.425352e+02
8.612685e+02
7.866447e+02
3.705441e+02
1.175160e+02
7.901562e+01
2.289144e+01
-3.021851e+02
-1.002129e+03
5.098704e+02
-2.644488e+02
1.492017e+03
3.385338e+02
7.034194e+01
1.100885e+03
-4.916688e+02
1.517246e+03
-1.997201e+02
9.452206e+02
1.326002e+02
-2.151568e+02
-6.201749e+01
-3.239264e+02
-2.494127e+02
8.770268e+01
7.298375e+01
-4.823672e+00
-3.672784e+02
4.132811e+02
3.516904e+02
-3.555519e+02
5.348710e+01
1.011478e+02
-1.086850e+00
-3.488184e+02
4.844561e+02
2.882679e+02
4.349702e+01
1.957517e+02
-2.207194e+02
1.542249e+02
5.747123e+02
-2.572100e+02
6.220656e+01
9.687532e+01
-1.114424e+02
1.461203e+02
-6.555222e+00
-4.515236e+01
-8.974896e+01
1.066512e+02
1.806067e+02
-1.627289e+02
8.857202e+01
2.531643e+02
-7.187640e+01
1.884705e+02
2.429171e+02
-4.265361e+01
-1.801490e+02
-6.966373e+01
4.821384e+01
2.319522e+01
-9.164517e+01
-1.763503e+02
1.103469e+02
-2.014717e+01
1.507607e+02
-3.624466e+01
4.717587e+01
-1.302584e+01
2.196991e+01
4.369833e+01
5.245829e+01
1.146491e+02
1.322661e+02
7.602486e+01
8.784302e+00
5.365523e+01
7.879887e+01
-2.528248e+01
-9.494719e+00
-1.292825e+01
-1.482685e+01
1.124585e+01
6.411621e+00
5.822016e+01
1.179391e+01
2.840627e+00
6.471740e+01
-3.213630e+01
7.126256e+01
5.286646e+00
-2.450979e+01
5.021761e+01
1.497991e+01
3.095555e+01
-4.347638e+01
1.490227e+01
-3.574115e+00
-6.081857e+00
-3.144355e+01
-2.516745e+01
-2.049569e+00
2.442279e+01
-9.374205e+00
-5.027673e+01
9.486547e+00
-1.093779e+01
4.037267e+01
2.848720e+01
-1.757314e+00
3.135160e+00
-3.232169e-01
1.253892e+00
2.245518e-02
-1.559970e-01
5.854765e-02
-6.584935e-01
-2.903173e-02
-4.661108e-01
-3.027805e-01
-2.927223e-01
3.425367e-02
4.323091e-02
3.142519e-02
-1.336016e-02
3.534907e-02
1.087454e-01
5.318530e-02
-2.664424e-02
1.151409e-01
8.918007e-02
5.749097e-02
-5.257444e-02
2.313071e-02
3.828574e-02
-2.546029e-02
-1.266549e-01
-5.062260e-02
