-3.103629e-01
-1.382161e+00
7.390584e-02
5.546667e+01
1.877952e+02
-1.147833e+01
3.551737e-04
-1.386336e+05
-2.353523e+05
1.344798e+05
5.110706e+04
2.067955e+05
-1.406734e+05
-7.070977e+04
3.683550e+04
2.048323e+04
8.261965e+04
-6.589470e+04
-9.982236e+03
-8.234481e+04
3.310468e+03
8.178278e+03
-2.153153e+04
-3.683175e+04
2.137680e+04
-4.257406e+04
-7.690772e+04
-2.759586e+04
-2.989163e+04
-4.361636e+04
5.023240e+03
-3.174443e+04
2.460148e+04
-2.042215e+03
8.032479e+03
7.473619e+03
-4.936022e+03
-1.293789e+04
1.243781e+03
8.301849e+02
-2.087956e+04
-2.580025e+04
5.934517e+02
-1.398155e+03
-5.157215e+03
1.415043e+04
4.798669e+03
1.674698e+03
-3.073474e+03
8.321656e+01
1.277140e+04
-9.101799e+03
-2.848923e+03
3.548771e+03
-9.982530e+03
-3.640419e+03
-1.489546e+03
4.742602e+03
-3.904919e+03
-1.317724e+04
-4.091871e+03
2.460520e+03
-4.481796e+02
3.447816e+03
4.220213e+03
6.468830e+03
6.640418e+03
4.772081e+03
-4.230642e+03
2.349999e+03
2.710707e+03
-2.047887e+03
-4.254509e+03
2.492248e+02
1.453841e+03
7.371100e+02
3.455354e+03
4.021266e+03
-4.604083e+03
3.537200e+02
2.994532e+03
-1.418712e+02
-1.839635e+02
8.848608e+02
2.431323e+03
2.084848e+02
1.043599e+02
-1.034422e+03
-8.318572e+02
2.221252e+03
-1.067711e+02
7.298605e+02
-4.499037e+02
2.120438e+03
-1.465510e+03
1.297955e+03
1.181535e+03
-6.269656e+02
3.014711e+02
-1.041757e+03
-1.745246e+02
3.525977e+02
-2.866544e+02
-2.711313e+02
9.575288e+02
1.862264e+02
7.452125e+02
-6.929872e+01
1.490540e+02
1.148208e+03
-4.106230e+02
6.056981e+02
1.413224e+02
3.557103e+02
-4.292031e+02
-4.745022e+02
-1.022310e+03
-3.157816e+02
-8.583729e+02
2.320746e+02
-8.313389e+02
2.165574e+02
-8.323123e+02
3.336037e+02
8.807035e+01
3.550374e+02
-2.081112e+02
-1.290695e+02
-7.730762e+02
-3.905287e+02
4.518387e+02
2.768414e+02
3.943502e+02
1.315328e+02
-3.908341e+02
1.755077e+01
5.309624e+02
-1.574239e+02
1.061123e+02
2.146627e+02
1.265062e+02
-1.713748e+02
1.215891e+02
-1.315164e+02
-1.241046e+02
5.922384e+01
2.545199e+01
-1.998814e+01
-3.943052e+00
4.989422e+02
-1.066199e+02
2.587594e+02
3.758798e+01
-1.637473e+02
-2.414390e+02
-3.943732e+01
2.716336e+01
5.498099e+01
-5.873391e+00
6.479582e+01
1.088469e+02
3.264180e+01
5.381157e+01
-3.619933e+01
7.618418e+00
3.208918e+01
8.692152e+01
4.668168e+01
-1.581104e+01
9.760077e+01
1.209995e+02
1.460131e+02
8.997410e+01
1.011748e+02
-5.358751e+01
4.579727e+01
5.941579e+01
1.538259e+02
-4.323731e+01
-1.970753e+01
9.617770e+01
6.431253e+01
-9.915219e+00
4.998967e+00
5.101105e+01
7.139668e+01
1.497043e+01
4.619854e+01
-4.395012e+01
4.664092e+00
4.746307e+00
5.676979e+01
5.813485e+01
-3.634906e+01
2.698281e+01
-7.887700e+01
-6.312903e+01
8.726379e+00
-1.842896e+01
7.617981e+01
6.778580e+01
-6.858279e+01
4.589240e+01
-5.028308e+01
3.387477e+01
2.379928e+01
-2.055758e+00
2.277511e+00
-1.517840e-01
4.831291e-01
-1.483727e-01
-2.128632e-01
-3.486373e-02
-5.331909e-01
-4.758161e-02
-5.489982e-02
6.825741e-02
-3.028795e-01
3.455693e-01
1.514777e-01
1.004610e-01
1.223507e-02
7.848834e-02
1.180440e-01
3.251882e-02
-4.134085e-02
-5.795251e-02
1.004475e-01
5.913959e-02
6.095721e-03
1.727496e-01
4.950533e-02
5.886117e-02
-3.869364e-02
-9.756240e-02
