-4.874532e-02
-1.424543e+00
3.761359e-01
5.461333e+01
1.666359e+02
-1.326891e+01
3.464155e-04
-1.504195e+05
1.652350e+05
1.257371e+05
-1.189979e+05
8.961237e+03
-1.006726e+05
-2.699307e+04
7.072327e+04
-1.253676e+05
4.477492e+03
-7.370731e+04
8.341921e+04
-9.212182e+04
1.007066e+04
1.629858e+04
2.021484e+04
4.236273e+04
2.307645e+04
-3.201680e+04
1.436301e+03
-2.394331e+04
-1.639071e+04
-4.804350e+03
8.246537e+02
1.081733e+04
-3.407512e+03
-2.558337e+04
-1.941959e+03
-1.139579e+04
1.707884e+04
-3.828842e+03
-6.814546e+03
3.787854e+03
-4.059169e+03
5.440280e+02
-6.059881e+03
-1.285303e+04
-1.700817e+03
-2.832681e+03
1.118674e+04
5.930665e+02
-4.728730e+03
-1.923130e+03
-1.462910e+03
3.129256e+02
4.199047e+03
2.959147e+01
-5.106589e+03
1.501339e+03
1.213971e+03
6.057377e+03
-1.339454e+03
-9.353804e+03
-5.805760e+03
1.088650e+03
2.689602e+03
-1.038197e+03
3.271173e+02
2.709218e+03
2.004427e+03
1.776507e+03
-2.686389e+03
2.449844e+03
2.169203e+03
3.318059e+03
1.224220e+03
5.232872e+02
-9.977117e+02
-8.750873e+02
1.048422e+02
9.500273e+02
-4.581133e+03
-1.931089e+03
-1.447608e+03
-4.549433e+02
-6.437375e+02
1.605924e+03
2.193990e+03
1.188407e+03
-2.833501e+03
1.158149e+02
3.333112e+02
1.341762e+03
5.711282e+02
-2.448930e+02
1.251648e+03
1.745265e+03
-9.914789e+02
4.760537e+02
1.402638e+03
-2.257421e+02
-5.586983e+02
-3.804545e+02
-1.271390e+03
-4.423994e+02
1.028631e+03
-3.102411e+02
6.266830e+01
-8.803415e+02
3.607251e+02
1.068421e+03
6.412252e+02
1.529089e+03
2.692026e+02
7.536483e+02
-7.329592e+02
5.437067e+02
-2.297662e+00
-3.874378e+02
-3.975515e+02
-4.351416e+02
-2.759647e+02
7.548571e+02
-6.551588e+01
1.758076e+02
-3.255063e+02
5.506185e+01
1.368370e+02
-1.149907e+02
3.122006e+01
8.316751e+01
-1.368076e+02
4.056100e+01
1.582184e+02
4.435908e+02
3.425359e+02
3.414152e+02
-6.079096e+01
-1.474541e+02
3.706144e+02
1.941827e+00
5.897212e+01
-5.595518e+01
-1.839683e+02
-1.432416e+02
5.636711e+00
2.813792e+02
-1.868225e+01
1.462317e+02
-1.556227e+02
-8.474178e+01
1.587890e+02
1.317258e+02
8.300506e+01
5.914571e+01
-5.712208e+01
2.054042e+01
-6.549152e+01
1.991849e+00
4.752919e+01
1.881644e+02
8.511228e+00
9.801121e+01
1.329431e+02
8.792070e+01
-5.159525e+01
7.217514e+01
-9.778461e+01
-8.626719e+00
-1.273905e+02
1.389016e+02
-7.722248e+01
-7.717639e+01
4.714811e+00
9.316821e+01
1.933730e+01
7.133256e+01
-7.060731e+01
-9.906029e+01
5.311897e+01
4.617592e+01
-4.681821e+01
7.442687e+00
-1.582539e+01
-1.117277e-01
-5.085397e+01
5.832090e+00
2.803881e+01
-1.326641e+01
4.253477e+01
3.800835e+01
-7.333370e+01
-4.900833e+01
1.073718e+01
-1.322090e+01
-9.053939e+00
6.718190e+00
1.102147e+01
-9.579678e+00
4.968558e+00
3.066261e+01
-6.431180e+00
3.590065e+01
1.483245e+01
-4.360949e+01
1.563772e+01
6.887497e+00
1.260713e+01
1.748030e+01
-8.000909e-01
-1.104057e+00
4.260612e-01
-3.506428e-01
1.786539e-01
-1.457114e-01
-1.745950e-01
-2.384389e-01
2.877372e-01
-1.648010e-01
3.845010e-01
-2.334352e-01
1.501021e-01
-1.856817e-02
-6.056118e-02
3.179893e-01
1.998127e-02
5.189809e-02
-2.014902e-02
-5.294440e-02
-1.921322e-01
9.511882e-02
-5.847051e-02
-1.200278e-01
-9.693938e-02
-6.803640e-02
6.461117e-02
1.530640e-02
4.195562e-03
