-1.641815e-01
1.328011e+00
7.521267e-02
5.688889e+01
1.925189e+02
-1.440772e+01
3.568096e-04
2.386408e+04
-5.386736e+04
-1.249034e+05
-2.944085e+05
-1.401385e+05
-1.012660e+05
6.181479e+04
-7.331909e+04
-1.013450e+05
-4.567033e+04
-8.157795e+04
1.757667e+05
3.223242e+03
2.177683e+03
5.988352e+04
-6.783291e+04
4.976802e+04
-4.033472e+03
4.932097e+04
-5.176138e+04
-2.207491e+04
-1.799199e+04
-3.362680e+04
3.510247e+04
-1.991838e+04
-3.311993e+04
-2.103161e+04
-1.475354e+04
-2.805206e+03
-1.974870e+04
-1.505997e+04
4.017693e+04
6.486515e+03
1.534963e+04
1.359392e+02
-2.940161e+03
-2.637414e+03
-2.810123e+03
4.625759e+03
7.000953e+03
4.698530e+03
-5.577491e+03
7.608613e+03
1.737177e+03
-9.618180e+03
-4.116114e+03
2.212925e+03
9.989264e+03
-7.826710e+03
3.475969e+03
-2.607769e+03
9.525084e+03
-1.411333e+03
-6.732772e+03
2.277712e+03
2.370603e+03
1.966222e+03
-7.318178e+02
5.358371e+03
1.138788e+03
-1.219200e+03
-5.955696e+03
-1.364815e+03
-3.065974e+03
-1.664305e+03
-1.318992e+02
3.305674e+03
2.723639e+03
5.433238e+02
-1.187387e+03
8.445978e+02
-8.736256e+02
-1.165008e+03
6.886614e+02
-1.861773e+03
1.414778e+03
3.023234e+03
-1.066303e+03
2.830052e+03
6.961359e+02
-1.393192e+03
3.057059e+02
7.904204e+02
-8.599373e+02
2.102358e+03
-3.772183e+00
1.712565e+03
-1.670907e+03
4.413947e+02
1.140305e+03
-8.403589e+02
1.060216e+02
-5.617535e+02
-4.145644e+02
-2.870653e+02
1.152691e+03
5.437460e+02
-1.075673e+03
-4.692232e+02
1.328305e+03
7.085883e+02
6.961151e+02
5.522298e+02
3.024956e+02
-4.484101e+02
-1.472101e+02
4.462263e+02
6.659492e+01
9.041158e+02
-2.189850e+02
1.069919e+02
-6.411837e+01
5.644030e+02
3.566023e+02
4.885094e+02
2.819422e+02
-3.467644e+02
-4.349749e+01
1.397397e+02
2.061149e+02
4.150734e+02
-4.194557e+02
-3.664325e+02
1.134077e+02
5.210543e+02
3.066129e+02
1.446683e+02
1.605403e+02
-1.813386e+02
-5.020605e+02
-1.625141e+02
-7.848170e+01
-3.514884e+02
-3.423336e+02
4.655616e+02
9.370256e+01
5.388164e+01
2.639384e+00
-1.572416e+02
1.649724e+02
-1.726036e+02
6.664418e+01
4.687662e+02
-8.913103e+01
-1.987550e+01
-2.771356e+01
-4.904635e+01
5.210283e+01
-6.717963e+01
-1.083516e+01
-1.668865e+02
2.279208e+02
-1.397090e+01
-1.916823e+02
2.183826e+00
1.510176e+02
-5.857366e+01
-9.267866e+01
-2.367599e+01
-1.998886e+01
6.672328e+01
5.716883e+00
-3.859462e+01
3.817157e+01
6.093015e+01
-4.006906e+01
4.046664e+01
1.119969e+02
-5.796003e+01
5.873779e+01
3.843138e+01
-7.669267e+01
1.108236e+02
8.473156e+01
6.546754e+01
-2.917650e+01
5.898147e+00
5.953259e+00
1.653662e+00
5.111475e+01
1.244151e+02
4.899342e+01
5.591656e+01
7.947159e+01
5.428136e+01
-5.809322e+01
-1.825072e+01
5.156687e+01
5.747964e+01
1.891213e+00
-3.934402e+01
-1.975140e+01
-2.174706e+01
1.171468e+01
-4.256575e+01
-1.412974e+01
1.849215e+01
2.997747e+01
-1.339225e+01
-1.209927e+00
3.440953e-01
-1.180100e+00
2.388567e-01
-8.654602e-03
-3.484445e-01
1.423075e-01
7.089084e-02
9.229775e-03
-1.701653e-01
3.036238e-01
4.779055e-01
-2.614755e-02
-1.683330e-02
1.340399e-01
-2.325466e-01
-2.447643e-02
3.690555e-02
-1.693892e-02
3.228877e-01
1.313216e-01
4.837971e-02
1.216592e-01
-7.228310e-02
2.762796e-01
6.219595e-02
-4.851454e-02
-6.764765e-02
2.515515e-02
