2.493866e-01
7.403036e-01
2.511943e-01
4.551111e+01
1.494391e+02
-2.026731e+01
3.456867e-04
7.829939e+03
2.313324e+05
-1.500595e+05
-2.068149e+05
-1.853104e+05
9.295344e+04
-1.842484e+04
9.251959e+04
1.117343e+05
2.160535e+04
8.300399e+04
1.979258e+05
-1.307211e+04
4.263425e+04
7.890604e+04
2.402081e+04
8.816085e+03
-1.121399e+03
-1.489904e+04
1.517210e+04
-1.207445e+04
-2.048548e+04
3.403396e+04
-4.655354e+04
-3.417239e+04
-2.560771e+04
-3.185423e+03
1.070097e+04
1.433215e+04
5.025889e+04
-2.383059e+04
2.181197e+04
-3.710088e+04
-4.256981e+04
-1.281020e+04
-3.813087e+03
-1.475022e+04
-5.394570e+03
-1.377849e+04
1.980483e+04
5.309420e+03
-1.894435e+04
-9.014852e+03
-1.257855e+04
-3.084600e+03
3.346350e+03
1.156590e+04
-1.138452e+03
7.230118e+03
6.740880e+02
9.129777e+03
-2.063083e+03
-2.683419e+03
-4.200657e+03
7.133650e+03
-3.519036e+03
-4.308861e+03
1.304917e+03
3.532105e+03
7.338719e+02
6.107846e+02
3.236497e+02
-7.918806e+02
8.198458e+02
-7.949386e+02
7.933262e+02
1.482424e+03
-2.758661e+03
-1.862368e+03
-1.121019e+03
2.055426e+03
-4.511559e+03
-1.247295e+03
1.696787e+02
-1.898073e+01
-2.041771e+03
-1.756084e+03
9.553102e+01
-1.192119e+03
-8.147528e+02
1.705730e+03
1.853174e+03
1.030420e+03
1.059942e+03
-2.491366e+02
1.574198e+03
1.782108e+02
-7.341005e+02
5.549852e+02
1.580494e+03
-4.647862e+02
-1.217042e+03
1.673979e+03
-1.444293e+03
-3.230432e+02
4.589975e+02
-9.521667e+02
3.941213e+02
-1.004049e+03
8.315804e+02
3.052802e+02
2.358646e+02
8.454132e+02
3.563102e+02
4.627362e+02
-5.784321e+02
-3.873532e+02
-2.273793e+02
5.380478e+00
7.062559e+02
-1.104891e+03
-7.119607e+02
1.958747e+02
-5.422083e+02
-5.574533e+02
1.775657e+02
-2.428896e+02
1.343931e+02
-1.169752e+02
6.127751e+02
2.211358e+02
-2.890903e+02
4.031035e+02
6.455176e+02
9.378032e+01
3.816543e+02
3.586083e+02
8.550764e+01
1.005022e+02
7.720284e+02
-1.123152e+02
6.177409e+01
-1.495149e+02
-4.612115e+01
-1.724461e+02
-4.262909e+01
6.360279e+02
1.762772e+02
-1.538465e+02
-3.508038e+02
-2.125641e+02
-8.336174e+01
-1.903539e+02
-8.509227e+01
7.199527e+01
-4.897731e+01
-1.672582e+02
-2.452917e+02
1.311859e+01
1.757684e+02
9.087036e+01
-1.582431e+02
1.003082e+02
1.842403e+02
1.919610e+02
-2.073931e+02
1.358261e+02
-1.251731e+02
-5.116037e+01
-1.766961e+02
2.236420e+02
-1.741351e+02
-1.793656e+02
-8.040971e+01
1.336171e+02
1.346208e+02
5.762319e+01
2.777586e+01
-1.244687e+02
3.269783e+01
1.148798e+01
-1.019759e+02
-1.486461e+01
-1.300276e+02
-4.464021e+01
6.236229e+01
-2.835923e+01
8.018733e+01
-1.254382e+02
2.503193e+01
1.757774e+01
-9.849081e+01
-2.755272e+01
4.683416e+01
-2.191728e+01
-2.360640e+01
-6.444637e+01
6.169251e+01
-4.200086e+01
7.914555e+01
8.362786e+01
-2.029712e+01
-1.662858e+01
3.396552e+01
1.896182e+00
7.608640e+01
8.669602e+01
-2.871363e+01
2.635759e+01
-4.098322e-01
-1.235867e+00
-5.591427e-01
1.208005e-01
3.356275e-01
1.946213e-01
1.503134e-01
-2.832578e-01
5.279067e-02
8.131289e-01
1.444806e-01
1.788660e-01
-1.303794e-01
3.976350e-02
-1.038299e-01
8.045857e-02
3.732247e-03
4.703792e-02
2.240028e-02
-8.254796e-02
-2.138417e-01
2.246671e-01
-5.959332e-02
-9.104771e-02
-1.722018e-01
9.278684e-02
2.303348e-03
4.323395e-02
1.690448e-01
