-3.125160e-01
1.297709e+00
-6.763147e-02
5.603556e+01
2.010612e+02
-1.342756e+01
3.639964e-04
-1.193397e+05
-2.566412e+05
-6.855506e+04
-2.708932e+05
-1.340285e+05
1.317966e+04
-3.566942e+04
9.489338e+04
-1.720078e+05
-1.773005e+04
2.421464e+04
1.545686e+05
-3.421448e+03
-2.419325e+04
-4.031660e+04
-2.112560e+04
1.450480e+04
-1.346091e+04
2.609254e+04
-1.316908e+04
9.802645e+03
-1.063940e+04
5.799871e+03
-4.830605e+04
1.157930e+04
-2.299514e+04
-3.747142e+04
1.810224e+04
2.032913e+04
3.070688e+03
1.232407e+04
1.378634e+04
-4.857697e+02
8.195624e+03
-2.583494e+04
-1.137814e+04
-1.416645e+04
1.550184e+04
-5.752295e+03
6.924013e+03
8.356110e+03
-2.332320e+04
5.880020e+02
2.565180e+03
1.808773e+03
1.080881e+03
-6.209276e+03
5.736877e+02
1.109450e+04
5.767108e+03
1.471717e+04
2.161102e+03
-1.059398e+04
-6.514295e+03
4.288211e+03
1.411926e+03
-2.526858e+03
-1.547237e+03
5.822753e+03
2.038612e+03
4.943365e+03
-3.826767e+03
1.897536e+03
1.224764e+03
-9.923876e+02
8.725605e+02
2.041875e+03
6.452612e+02
4.660169e+02
-2.914110e+02
7.245413e+02
-5.856363e+03
8.162713e+02
-1.910065e+03
3.610750e+02
-2.267324e+03
2.090194e+03
2.627269e+03
2.273295e+03
-5.260096e+02
-6.465527e+02
2.716349e+02
-4.475993e+02
2.174095e+02
1.138204e+03
2.291797e+03
1.895011e+03
-1.014792e+03
3.379174e+02
2.612624e+03
-5.679789e+02
4.327730e+02
3.641403e+02
-1.095265e+03
5.090290e+01
1.065065e+03
-1.681081e+03
1.020172e+03
-1.257125e+03
1.386263e+03
4.339783e+02
9.902525e+02
1.829571e+03
-1.896399e+02
2.079079e+03
-4.204174e+02
9.586392e+02
3.404422e+01
2.423223e+02
2.210905e+02
-4.595627e+02
-2.530506e+02
2.180066e+02
2.229970e+02
2.835658e+02
-8.056589e+01
3.209580e+01
7.343726e+02
-6.878850e+02
1.413575e+02
1.578107e+00
-1.534483e+02
-4.160297e+02
2.440476e+02
2.661310e+02
-2.515656e+02
1.875859e+02
-3.560078e+02
2.544503e+01
6.008606e+02
-2.003922e+02
1.610329e+02
7.407370e+01
-2.147426e+02
2.494589e+02
3.894739e+01
3.459560e+02
-1.835322e+02
-5.985433e+00
1.956267e+02
-2.895445e+02
-5.789225e+01
1.280235e+02
9.218467e+01
1.590904e+02
1.648048e+02
-1.315824e+02
-1.742995e+02
-3.984789e+01
-8.024199e+01
1.245414e+02
-6.399392e+01
-2.598932e+02
1.370615e+02
6.641599e+01
2.775997e+01
-3.897272e+00
-1.290652e+02
-6.418684e+01
-2.348973e+01
1.682902e+02
-1.216536e+02
1.061251e+02
1.145906e+02
4.223099e+01
1.240670e+02
1.517874e+02
-1.180930e+01
-1.068589e+02
-3.087956e+00
2.008831e+01
-4.413253e+01
-3.306605e+00
-8.830724e+01
2.801055e+01
1.408219e+01
-1.425719e+01
1.193834e+02
-4.300312e+01
1.656117e+02
7.442197e+01
-1.541296e+02
2.870290e+01
6.539909e+01
3.715662e+01
-1.015025e+02
4.065965e+01
-1.124840e+01
3.998702e+01
-1.066438e+01
-6.240751e+00
-1.598395e+01
-7.052171e+00
-1.439585e+01
-7.861441e+01
1.818312e+01
1.895325e+01
3.061226e+01
4.397216e+01
-3.215812e+00
2.571469e+00
-7.027589e-01
1.068413e+00
2.681675e-01
-2.952695e-01
-1.923813e-02
-8.203793e-01
-1.815454e-01
-3.190838e-01
1.165492e-01
-9.754280e-02
-2.438758e-01
4.022321e-02
1.716667e-01
-1.043630e-01
-2.859736e-02
2.042878e-02
6.483029e-02
1.153803e-01
4.351940e-02
1.983729e-01
6.766787e-02
-1.437999e-01
1.787836e-01
4.668934e-02
-7.166546e-02
-5.810219e-02
-2.397987e-02
