-1.802085e-01
-8.047549e-01
-5.448860e-02
5.006222e+01
1.928266e+02
-1.834476e+01
3.545940e-04
-1.174208e+05
-3.164541e+05
2.353076e+05
1.053755e+04
-2.235107e+04
1.644462e+05
-1.010474e+05
7.514918e+04
-1.243660e+05
3.986746e+04
6.079386e+03
6.900491e+04
-4.955269e+04
-1.607230e+04
7.549278e+03
-6.428688e+03
1.595903e+04
5.414544e+03
-3.947788e+04
-1.972461e+04
-3.926337e+03
-1.092068e+04
2.571654e+04
-6.962267e+04
8.351903e+03
-1.293582e+04
-3.161355e+04
3.140353e+04
1.139133e+04
1.685849e+04
1.178195e+04
1.480504e+04
-2.432613e+03
1.186011e+04
-1.300623e+04
-1.733173e+04
-1.587386e+04
9.329509e+03
4.996599e+03
-5.062771e+03
9.183313e+03
-1.573374e+04
-5.876030e+03
5.798315e+03
3.632829e+03
6.908608e+03
-2.821867e+03
-6.407718e+03
6.610958e+03
2.087224e+03
8.780191e+03
-4.479717e+03
-1.015804e+04
-3.223713e+03
-1.292064e+03
-2.333252e+03
-3.425454e+03
-2.643506e+02
3.940511e+03
4.323175e+03
4.508307e+03
-4.898337e+03
2.063493e+03
2.425933e+03
1.253143e+03
-4.576830e+02
2.368167e+03
2.019273e+03
1.638137e+03
4.073541e+03
1.357167e+03
-5.264889e+03
-5.350529e+02
-2.063408e+03
1.312411e+03
-2.023077e+03
1.390758e+03
2.327980e+03
3.263821e+03
-1.125956e+03
4.566020e+02
4.982838e+02
-1.355740e+03
4.811595e+02
-1.527342e+02
2.995682e+03
2.119809e+03
-9.915999e+02
1.408980e+03
1.934882e+03
5.459673e+02
5.026360e+02
6.955966e+02
-1.137530e+03
-1.107635e+02
-4.269431e+02
-1.455347e+03
6.046804e+02
-2.871837e+02
1.501008e+03
4.554413e+02
8.142443e+02
1.412423e+03
-8.793636e+01
2.150696e+03
-2.936528e+02
8.323359e+02
-1.784213e+01
-2.878418e+02
2.115347e+02
-5.253715e+02
-5.016871e+02
4.288546e+02
-1.434636e+02
-7.409108e+01
-3.333914e+02
6.037491e+02
1.231887e+02
-5.328887e+02
-2.574988e+02
3.973462e+02
1.432579e+02
-5.505645e+02
2.267478e+02
2.458954e+02
5.002350e+01
2.440268e+02
-2.396421e+02
-1.828928e+01
5.114856e+02
-2.122336e+02
-9.689458e+01
5.453315e+01
-1.077496e+02
1.767930e+02
-1.266528e+02
1.814442e+02
-1.992482e+02
5.357962e+01
2.524076e+02
-6.315860e+01
1.280457e+02
2.386540e+02
-8.518613e+01
1.957839e+01
1.334096e+02
5.893829e+01
-1.930983e+02
-1.032538e+02
3.128196e+01
1.308470e+02
-2.640126e+02
-1.117036e+02
2.207821e+02
-8.710329e+01
1.212845e+02
2.565285e+01
5.768307e+01
-6.085116e+01
-1.051352e+01
9.808251e+01
-2.404522e+01
7.448043e+01
8.847160e+01
8.645425e+01
2.179436e+01
4.187288e+01
5.694795e+01
-6.157765e+01
-6.678669e+01
-3.734126e+01
-6.376654e+01
2.678614e+01
7.399220e-01
3.995578e+01
-2.722732e+01
1.804818e+01
5.567922e+01
-2.383852e+01
1.284614e+02
1.542751e+01
-5.230365e+01
4.060138e+01
5.124127e+01
5.404672e+01
-4.857396e+01
1.871465e+01
3.672461e+01
1.446878e+01
-5.462268e+01
-4.115612e+01
4.980204e+00
5.494606e+00
-4.454340e+00
-7.673402e+01
1.857349e+01
-1.992973e+01
2.419221e+01
2.291586e+01
-1.906523e+00
2.223965e+00
-5.190907e-01
8.352885e-01
1.913742e-01
-7.328978e-01
-1.167302e-01
-2.785906e-01
-1.574767e-01
-3.973049e-01
-2.006689e-01
-3.394314e-01
1.356555e-02
4.905621e-02
1.050303e-01
2.121148e-01
-1.112497e-02
6.863252e-02
1.061818e-01
-1.798866e-01
1.496261e-01
1.107867e-02
1.686082e-03
-9.912103e-02
7.554271e-03
5.197995e-02
4.419686e-02
-8.733269e-02
-1.195299e-02
