-4.133255e-01
-6.864818e-01
9.743305e-02
5.575111e+01
2.113701e+02
-2.008498e+01
3.586019e-04
-1.894447e+05
-2.103832e+05
5.193389e+04
-9.798159e+04
-1.375751e+04
-8.592914e+04
-4.611349e+04
-1.718648e+04
-1.918484e+05
7.095836e+04
-9.116962e+04
1.032535e+05
-4.824109e+03
7.246366e+02
-8.134504e+04
6.631434e+03
2.065976e+04
-4.636279e+03
-1.231690e+04
2.949416e+04
-1.813482e+04
-1.768910e+04
-2.561502e+04
-4.216929e+04
2.415893e+04
-4.257404e+04
-1.982625e+04
1.983058e+04
2.041681e+03
1.202253e+04
9.633614e+03
-7.209739e+03
-1.055265e+04
3.676476e+03
-2.751678e+04
2.378159e+03
-1.891382e+04
4.824734e+03
-2.962723e+03
7.631477e+03
1.076664e+03
-1.737312e+04
4.880134e+02
7.338249e+03
-7.205585e+02
7.912972e+02
2.180652e+03
-5.222208e+03
7.202569e+03
4.386140e+03
8.205771e+03
4.345292e+03
-9.419816e+03
-6.111954e+03
1.216182e+03
-3.724735e+02
-2.884522e+03
-4.336786e+02
3.714489e+03
4.523201e+03
5.025465e+03
-5.199801e+03
1.524945e+03
7.719557e+02
3.488151e+03
-1.181821e+02
-9.486562e+02
-1.999299e+02
1.462977e+03
-4.140384e+02
3.719505e+02
-5.415734e+03
-6.453380e+02
-2.442354e+03
8.805307e+02
-3.443061e+02
1.857614e+03
4.100577e+03
1.238545e+03
2.068405e+00
-6.636813e+02
7.863843e+02
1.283395e+03
6.741882e+02
-5.717884e+02
1.552916e+03
1.982995e+03
-1.718722e+03
9.864798e+02
1.740950e+03
4.343609e+02
3.034009e+02
7.715849e+01
-3.684747e+02
-2.565895e+02
7.073953e+02
-1.171111e+03
6.728779e+02
-4.092286e+02
1.409656e+03
9.494561e+02
1.073184e+03
1.193373e+03
-7.351576e+01
1.334224e+03
-4.641521e+02
9.205928e+02
4.668570e+01
-2.854845e+02
-3.082580e+01
-5.970448e+02
-6.481471e+02
6.081099e+02
-1.784550e+02
3.829084e+02
-1.508040e+02
7.753891e+01
9.973086e+02
-2.772502e+02
-2.180700e+02
-4.019066e+01
-4.746039e+01
-3.397868e+02
3.735447e+02
2.277575e+02
-5.698995e+01
1.470840e+02
-3.260885e+02
-8.929531e+01
6.386988e+02
-2.221067e+02
1.425073e+02
-5.298579e+00
-3.291877e+02
-2.257718e+01
-1.952681e+01
9.127159e+01
-1.253609e+02
1.491162e+02
2.579616e+02
-1.249078e+02
-6.712334e+01
2.792400e+02
1.308320e+02
1.237974e+02
1.889731e+02
-2.768212e+01
-1.153895e+02
7.886874e+01
-8.503275e+01
1.083723e+02
1.104074e+01
-1.752793e+02
4.170542e+01
-9.219807e+00
8.089109e+01
-2.095861e+01
-3.830359e+01
7.633792e-01
-1.246110e+02
1.377088e+02
-1.171231e+02
1.331762e+02
6.211658e+01
7.850466e+01
7.067116e+01
1.134010e+02
-7.428002e+00
-3.008703e+01
-2.644812e+01
4.405560e+01
-1.619276e+01
-3.818722e+01
8.375407e+00
7.097029e+01
-8.217388e+00
2.345646e+01
7.106983e+01
-9.215585e+00
1.619368e+02
1.001031e+02
-1.613204e+02
-1.754725e+01
4.549630e+01
3.676529e+01
-3.030467e+01
1.728531e+01
-1.875217e+01
3.928773e+01
-4.559238e+01
-8.480726e+00
1.179379e+00
1.487105e+01
1.451758e+01
-6.587503e+01
5.353336e+01
-3.170818e+01
4.307738e+01
3.138138e+01
-2.796287e+00
2.817381e+00
-8.752482e-01
8.958978e-01
-9.081908e-02
-1.899935e-01
-5.094104e-01
-1.036449e+00
9.273244e-03
-3.289506e-01
2.753051e-01
-1.906713e-01
7.178367e-02
-1.510090e-02
1.569113e-01
4.857669e-02
2.255517e-02
-7.574671e-02
-7.626759e-02
-5.510471e-02
-5.033091e-02
1.493015e-01
-6.747168e-02
-1.513718e-01
8.963183e-02
3.576107e-02
1.875487e-02
-5.752925e-02
-1.917857e-02
