2.236837e-01
-2.347015e-01
-1.579195e-01
3.697778e+01
1.464994e+02
-2.695561e+01
3.512471e-04
-1.266506e+05
3.187839e+05
-1.537374e+05
-5.818296e+04
-9.712571e+03
7.159145e+04
-1.235298e+05
8.165662e+04
-1.498630e+05
-5.132983e+04
2.108405e+04
3.086443e+04
-7.772120e+04
-2.656224e+04
-4.904616e+04
1.476423e+05
-1.220758e+04
9.800096e+03
-1.001367e+04
9.839294e+04
-3.498675e+04
-5.539502e+04
-4.816272e+04
-1.874776e+04
9.625045e+03
-1.623377e+04
4.069816e+03
-4.332632e+03
4.145493e+03
1.714157e+04
6.257579e+03
-3.323774e+04
4.647472e+03
-2.912775e+04
-3.845355e+03
-1.141107e+03
-1.750449e+04
5.621041e+03
-1.032745e+04
9.593236e+03
4.325787e+03
-2.748429e+03
-7.091713e+03
-7.315643e+03
1.229692e+03
4.954700e+03
1.314276e+04
-1.918565e+03
1.001058e+04
-2.511644e+03
7.741749e+03
-3.022181e+03
-3.624949e+03
-4.429087e+03
2.738900e+03
1.595794e+03
-7.248144e+03
2.260018e+03
-1.088055e+03
5.642996e+03
5.324959e+03
2.181965e+02
-6.057517e+02
7.076401e+03
5.432821e+03
1.886206e+03
-4.210296e+03
-2.633790e+03
-1.645317e+03
-1.862609e+02
8.406688e+02
-5.534128e+03
-3.465185e+03
9.194778e+02
1.435615e+02
-1.510914e+03
-8.581611e+02
4.918716e+03
-1.496833e+03
-4.070306e+02
-6.550635e+02
-7.029972e+02
1.465584e+03
1.724381e+03
-1.520589e+03
1.325995e+03
6.461424e+02
-1.462814e+03
7.229063e+02
4.500476e+02
-6.658745e+02
-6.947054e+02
-6.276200e+01
-1.408033e+03
-7.383339e+02
1.048485e+03
-5.196191e+02
2.477188e+02
-9.393475e+02
-2.342780e+02
1.177248e+03
-4.382607e+02
1.238336e+02
4.319602e+02
3.322438e+02
-1.255047e+03
-3.673397e+02
-9.581133e+01
-8.168461e+02
-4.746813e+02
-1.702021e+02
-3.831794e+02
8.556635e+02
-2.904321e+02
2.299156e+02
-4.623334e+02
4.484656e+02
4.509376e+02
2.918116e+02
-6.643311e+01
-2.800770e+02
4.696762e+01
3.852722e+02
2.133120e+02
3.184169e+02
-2.381260e+02
4.584794e+02
2.219658e+01
2.797869e+01
5.127253e+02
-7.504525e+01
1.368685e+02
-4.225777e+01
-4.047542e+01
-5.414041e+02
-4.710361e+00
7.497288e+01
2.884258e+01
3.773948e+02
-3.012946e+02
-3.040698e+02
-1.566714e+02
-1.437990e+02
1.961968e+02
1.727749e+02
1.305300e+02
-4.713940e+01
9.311782e+01
3.967458e+01
6.805653e+01
2.488574e+01
-4.286703e+01
2.063177e+02
6.176979e+01
5.072229e+01
-7.497787e+01
1.271420e+02
-5.524787e+01
9.921816e+01
-1.119770e+02
1.154199e+02
-1.334762e+02
-2.053180e+02
-6.105161e+01
1.235630e+02
4.264001e+01
-3.014545e+01
-1.985900e+02
3.973431e+01
5.801765e+01
8.760147e+01
-5.522944e+01
-3.601884e+01
3.854496e+01
-2.702358e+01
-2.085526e+01
8.914507e+01
5.598058e+01
-9.175164e+01
-5.185419e+01
4.727390e+01
-9.911856e+01
-6.963804e+01
-5.418533e+00
1.356660e+01
7.572787e+01
2.228028e+01
-7.467422e+00
-2.983743e+01
-3.083794e+01
5.409453e+01
-3.502126e+01
1.560179e+01
2.594462e+01
1.585724e+01
6.379808e+01
-1.710976e+01
-6.204562e+00
1.330836e+01
-7.638203e-02
-1.420842e+00
8.348456e-01
2.665471e-01
-3.470481e-01
7.574458e-01
-4.020023e-01
-6.021505e-01
1.020622e-01
2.732079e-01
2.374519e-01
3.316519e-02
2.007910e-01
-2.524825e-01
-6.779866e-03
1.393370e-01
1.898988e-02
3.758627e-03
-6.414009e-02
-1.292453e-01
-2.691503e-01
1.818189e-01
-3.887597e-02
8.183165e-03
-2.576971e-01
2.306819e-02
-2.102089e-02
2.511114e-03
5.985038e-02
