-8.228508e-02
-4.563293e-01
5.181954e-02
4.408889e+01
1.816118e+02
-2.537151e+01
3.453102e-04
9.477755e+04
-6.941545e+04
-1.807542e+05
1.458900e+05
-9.948090e+04
4.051209e+04
2.291144e+04
-8.523296e+04
-1.746905e+04
7.798020e+04
2.131032e+04
1.117862e+05
-1.750048e+03
-3.361582e+04
-2.173985e+04
4.037446e+04
1.730327e+04
2.739975e+04
-8.423190e+03
5.723043e+03
1.796922e+04
-2.851898e+04
7.448293e+03
-1.225412e+04
-2.391922e+04
-3.865263e+03
-2.052622e+04
-1.280228e+04
-3.251402e+03
-1.047978e+03
3.139895e+03
8.177798e+03
-3.151604e+03
-5.483009e+03
3.720732e+01
-9.594854e+02
-1.097513e+03
7.510408e+03
-1.096435e+04
1.443357e+02
8.772290e+03
2.306001e+03
-1.066565e+03
-8.663596e+03
-1.256479e+03
-4.694608e+02
3.627400e+02
9.823932e+02
3.450125e+03
-3.425933e+03
7.664405e+03
-7.049924e+01
-3.793543e+03
-1.278015e+03
-1.564069e+03
-1.320697e+03
-2.766266e+03
2.006764e+03
3.117786e+03
1.053626e+03
-3.176512e+03
-2.970999e+03
1.772540e+03
1.876378e+03
1.642825e+03
-1.638513e+03
1.772040e+03
1.621767e+02
3.672777e+02
1.356860e+03
1.894313e+03
-3.045146e+03
-1.534099e+03
8.775668e+02
-4.196914e+02
8.919331e+01
-3.363877e+01
1.588023e+03
8.002905e+02
-1.304528e+03
8.235836e+01
-2.502666e+02
5.744554e+02
-3.310413e+02
-6.387332e+02
1.409820e+03
6.307715e+02
-1.198292e+03
7.388585e+02
4.659287e+02
-1.553371e+02
3.466557e+02
3.214493e+02
-2.974548e+01
1.993532e+02
3.766435e+02
-1.758581e+02
-1.247760e+02
-4.457220e+02
8.529180e+02
7.567432e+01
3.099164e+02
2.935937e+02
-5.894119e+02
4.142065e+02
-1.906138e+02
1.804548e+02
-7.149904e+01
4.601756e+02
1.500452e+02
-7.593084e+01
-7.629604e+01
2.243418e+02
-2.578678e+02
-2.994694e+02
-1.052340e+02
1.073954e+02
-3.179884e+02
-1.079830e+02
1.796190e+02
3.325070e+02
-3.209447e+01
1.683543e+02
3.234341e+02
4.216934e+02
2.565851e+02
2.103140e+02
1.827132e+02
-1.395254e+02
1.931354e+02
-8.348302e+01
-2.293231e+01
-1.594032e+02
-6.893639e+01
2.258932e+02
6.005111e+01
1.618453e+01
5.467544e+01
3.755803e+01
5.740656e+01
-1.805220e+02
1.909841e+02
8.420255e+01
-8.605706e+01
-2.751085e+01
1.045333e+02
5.347003e+01
-1.454226e+02
-1.188980e+02
1.772814e+02
4.724893e+00
-4.635938e+00
-3.140201e+01
1.129426e+01
2.561278e+01
1.880452e+01
4.393275e+01
3.211960e+01
-5.202498e+01
-8.512519e+01
5.689755e+01
7.272160e+01
-2.982029e+01
2.653561e+01
8.617387e+01
-6.584989e+01
-8.922113e+00
5.222537e+01
-7.150803e+01
1.545447e+01
-3.796906e+01
-6.622252e+01
7.058942e+01
-8.934082e-01
3.102022e+01
2.712107e+01
3.359517e+01
3.425757e+01
-7.770417e+01
-3.677227e+01
-1.236987e+01
4.547083e+00
-1.408454e+01
3.632451e+01
-4.079422e+00
-2.778198e+01
3.437759e+01
3.619662e+01
-1.929505e+01
1.144891e+01
-2.877741e+01
-1.749963e+00
-1.817994e+01
2.412958e+01
-7.920477e+00
2.767333e+01
1.227813e+01
1.830003e+01
4.471653e+00
2.718937e-01
6.343049e-01
-5.829490e-01
1.109861e-02
1.569955e-02
-2.170870e-02
3.833779e-01
9.370754e-03
-4.935342e-02
-1.661542e-01
-2.484199e-01
-1.042897e-01
1.586254e-01
3.221143e-02
-1.301664e-01
7.311243e-02
-1.008767e-02
8.135432e-02
1.077861e-01
-6.864582e-02
6.569628e-02
2.086140e-02
-1.864542e-02
-2.009783e-02
-1.086220e-01
5.305092e-02
-4.090506e-02
-6.638557e-02
7.238614e-02
