9.756768e-02
-6.147108e-01
9.200576e-02
4.096000e+01
1.712036e+02
-2.322622e+01
3.123721e-04
-3.477648e+05
9.573452e+04
1.114589e+05
-6.219092e+05
-1.045139e+05
-8.421349e+04
-1.101002e+05
-1.461429e+04
-2.988401e+05
2.631022e+04
-1.180066e+05
1.812596e+05
-5.634118e+04
2.337721e+04
5.864293e+04
-8.350491e+04
8.326190e+04
-2.644491e+04
2.769616e+04
-4.601020e+04
-2.579676e+04
-2.330636e+04
-2.680149e+04
-3.667987e+04
-1.324674e+04
-3.497206e+04
-3.219157e+04
2.502326e+03
-7.876821e+03
1.523414e+04
-1.920132e+04
1.905430e+04
5.117047e+03
8.524053e+03
-3.640312e+04
3.624452e+02
-1.348711e+04
-1.061853e+04
2.651646e+03
2.038662e+04
-1.599491e+03
-1.938865e+04
-2.034806e+03
4.650013e+03
-9.355877e+03
5.134725e+03
-4.270694e+03
-3.710296e+03
-3.130913e+01
5.932869e+03
3.552282e+03
4.552933e+03
-5.188905e+03
-8.998048e+03
1.029145e+03
1.027185e+03
-1.185069e+03
-9.154058e+02
4.529826e+03
5.350583e+03
1.118353e+04
-2.378073e+03
8.083493e+02
-1.204627e+03
7.899836e+02
6.085608e+03
7.982096e+02
3.424854e+02
-3.802908e+02
-2.668861e+02
-4.759571e+02
-4.643829e+03
-5.115205e+02
-1.184960e+03
5.400889e+02
-2.277054e+03
1.521715e+03
6.884377e+02
3.301017e+02
-1.554285e+03
-2.796670e+02
5.732825e+02
2.184700e+03
1.356492e+03
2.073173e+03
1.713171e+03
2.255451e+03
-1.190241e+03
-5.187770e+02
2.745875e+03
9.007886e+01
-7.843841e+01
-6.508749e+02
-8.194548e+02
-3.599863e+02
-1.479391e+02
-6.321207e+02
9.730470e+02
-5.020867e+02
5.624972e+02
5.805504e+02
1.345508e+03
1.752803e+03
1.061334e+03
1.048418e+03
-7.162955e+00
-2.843067e+02
4.106687e+02
-2.487532e+01
-1.150983e+02
-9.690264e+02
-1.002444e+03
5.321938e+02
2.534500e+02
1.017433e+03
-1.964757e+02
3.363475e+01
4.013968e+02
-3.344073e+02
-8.775526e+01
2.696539e+01
-3.861522e+02
-3.163965e+02
2.829474e+02
2.306790e+02
-2.520126e+02
1.295320e+02
-5.779454e+02
-2.712598e+02
2.338903e+02
-3.515060e+02
1.337961e+02
1.686911e+02
-4.660307e+02
-7.615404e+01
1.204246e+02
2.776526e+02
-1.086600e+02
7.751582e+01
-3.591158e+01
-2.103870e+02
-2.265744e+02
4.037963e+02
1.036011e+02
2.628071e+02
-6.092769e+01
-7.633229e+01
7.051309e+00
4.818839e+01
-1.077765e+02
1.484899e+02
8.289706e+01
-1.846032e+01
4.004811e+01
-4.624702e+01
-8.616164e+01
-1.402236e+02
-2.578645e+02
-5.339573e+00
-4.362434e+01
1.856730e+02
-1.646708e+02
-3.748540e+01
8.082787e+01
5.467533e+01
1.793570e+02
1.602843e+02
-2.912426e+01
-3.256018e+01
4.690927e+01
5.362469e+01
-1.316085e+00
6.691971e+01
8.561688e+01
6.964954e+00
-3.720164e+01
-4.695964e+01
8.172962e+01
1.259485e+01
9.424692e+01
1.353639e+02
-1.453926e+02
1.287404e+01
2.157006e+01
2.654086e+01
-2.330989e+01
-4.736956e+01
-6.092073e+00
8.186813e+00
-4.122665e+01
4.252371e+01
-4.659271e+01
2.311785e+01
-4.996659e+00
-7.573336e+01
6.642237e+01
-2.370301e+01
-5.425233e+00
1.936591e+01
-4.226171e+00
-2.831956e-02
-6.000654e-01
3.155862e-01
4.898972e-02
-2.361731e-01
-3.552133e-01
-8.812956e-01
3.302971e-01
-2.187806e-01
1.067364e+00
1.460821e-01
-3.371950e-02
7.467070e-03
4.680942e-01
2.715542e-02
8.124379e-03
5.441524e-02
-5.674689e-02
3.858621e-01
-1.395832e-01
2.306258e-01
1.194151e-02
-1.701764e-01
3.403932e-01
1.114979e-01
1.551960e-02
1.214298e-01
1.809905e-02
