-6.133553e-02
1.438951e+00
1.937174e-01
5.432889e+01
1.691019e+02
-9.896934e+00
3.403811e-04
-1.469166e+05
2.509025e+05
7.853541e+04
-2.095179e+05
3.831196e+04
1.069194e+05
-6.236974e+04
1.406131e+05
-1.253571e+05
-5.229759e+04
-1.812285e+05
1.375737e+05
2.736851e+04
-3.188475e+04
-3.521927e+03
2.489279e+04
8.299634e+04
1.132566e+03
-4.644368e+04
-2.296586e+04
3.186745e+04
-5.548554e+03
1.453086e+04
-3.513477e+04
1.333951e+04
-2.374234e+04
-1.388455e+04
6.695537e+03
3.344121e+03
1.297019e+04
2.216632e+03
1.256098e+04
1.030964e+04
-7.390103e+03
7.823156e+03
-1.086434e+04
-1.786343e+04
1.181657e+04
1.989672e+03
1.405759e+04
9.337314e+03
-9.026442e+03
-2.312773e+03
1.383931e+04
3.367480e+03
3.641853e+03
9.965238e+03
2.317155e+03
-2.808746e+03
5.381374e+03
5.955697e+03
-8.485820e+02
5.689081e+02
-7.747875e+03
1.416422e+03
3.001333e+03
-2.074463e+03
-1.584379e+03
2.035636e+03
-3.037004e+03
3.969456e+03
-4.355349e+03
3.555590e+03
-1.550642e+03
3.308408e+03
2.394624e+03
3.323456e+02
-2.048140e+03
-2.230689e+03
1.215177e+03
-8.033762e+02
-2.811263e+03
-1.477410e+03
-3.321747e+03
-1.028624e+03
-1.948609e+03
2.190628e+02
-1.172913e+03
1.745984e+03
-2.809525e+03
3.335833e+03
4.350772e+02
-1.507909e+03
3.060297e+02
-4.043341e+02
3.232935e+03
5.669916e+02
1.586566e+02
5.518235e+02
3.550621e+03
-5.510234e+02
-5.289653e+02
1.239603e+03
-1.651647e+03
-3.608434e+02
-4.718652e+02
-4.203374e+02
-2.975456e+02
-4.218866e+02
5.051140e+02
1.320436e+03
1.515763e+03
1.483509e+03
1.801281e+03
-2.946526e+01
-6.334909e+02
2.401961e+02
-4.687423e+01
1.591993e+02
3.084423e+02
-7.342890e+02
-3.955724e+02
6.915787e+02
2.267766e+02
2.811244e+02
-3.469482e+02
1.912939e+02
8.706763e+01
-5.860512e+02
-1.130249e+02
4.056292e+02
2.473367e+02
1.795376e+02
-1.596759e+02
6.396605e+02
-1.455619e+02
2.059439e+02
1.376633e+02
-1.207323e+02
3.111758e+00
1.207042e+02
-2.672229e+02
-3.377892e+02
-7.644270e+01
1.313435e+01
-1.666481e+02
5.396542e+02
-8.674339e+01
5.849861e+01
-1.552121e+02
-1.489482e+01
4.549396e+01
-1.078454e+02
3.322368e+02
-5.864519e+01
-2.566697e+02
1.331044e+02
1.628074e+02
1.015418e+01
1.512282e+02
3.393086e+02
-1.146719e+02
-7.846571e+01
3.420133e+02
-1.136025e+01
-9.474083e+01
4.935715e+01
-2.248197e+02
-1.919397e+02
-1.244959e+02
2.518358e+02
-2.737625e+02
-1.088163e+02
-1.437117e+01
-1.175906e+01
7.464758e+01
4.458838e+01
-6.544102e+01
-2.947153e+02
2.639359e+01
-7.980012e+01
-9.491022e+01
2.869285e+01
-2.006348e+01
-1.618258e+00
-6.130998e+01
2.129935e+01
3.353114e+01
-9.735149e+01
3.044230e+00
5.180254e+01
-1.299109e+02
-4.315327e+01
3.346151e+01
-4.323697e+00
-8.820019e+00
6.629640e+01
5.430061e+01
1.411554e+01
2.283148e+01
-4.700000e+00
-2.262523e+01
-5.399779e+01
-3.788295e+00
-1.711948e+01
-1.647341e+01
3.071662e+01
-1.106370e+01
2.105041e+01
-5.371760e-01
-2.628838e+00
-7.788205e-01
-1.844413e+00
4.046515e-01
-6.310680e-01
-5.062866e-01
1.477133e-01
-3.755961e-02
-6.423753e-02
4.258154e-01
-2.856553e-01
-2.210952e-01
1.158005e-01
1.299323e-03
2.160402e-01
-8.188998e-02
-8.439213e-02
-3.424259e-02
-1.916459e-01
-3.160039e-02
1.689657e-02
-1.254212e-02
-7.454224e-02
-1.486675e-01
2.665669e-02
2.898487e-03
1.068169e-01
1.362358e-01
