-3.324012e-01
-1.353921e+00
3.473499e-01
5.660444e+01
1.850321e+02
-1.245922e+01
3.481279e-04
-1.404931e+05
-2.034307e+05
1.826398e+05
5.776896e+04
2.804162e+05
-1.277737e+05
4.855071e+04
7.067261e+04
1.605921e+04
1.045382e+04
-1.065237e+05
-3.856319e+04
1.225151e+05
1.659813e+04
4.149109e+04
-2.649598e+04
1.634941e+04
1.612970e+04
1.633107e+03
1.741679e+04
-3.581452e+04
2.786667e+04
7.218045e+03
-3.258947e+03
1.055824e+04
-1.484431e+04
-1.073177e+04
2.391479e+04
5.172420e+03
2.468598e+03
-2.331145e+04
3.960975e+03
3.511708e+03
2.593041e+04
-4.782234e+03
-1.737997e+04
-3.706996e+02
1.359619e+04
2.655284e+02
7.611088e+02
6.470525e+03
-7.545832e+02
8.116972e+03
1.577190e+04
1.879277e+03
3.048935e+02
2.539840e+02
4.642202e+03
-3.411131e+03
1.755616e+03
-1.796263e+03
7.214286e+03
-8.710604e+03
-4.200177e+03
-9.569884e+02
-1.101370e+02
-1.934418e+02
1.111394e+03
3.619203e+03
-4.436981e+02
1.585358e+03
-2.950128e+03
3.421404e+03
1.510776e+03
1.458053e+03
-4.356725e+02
7.352582e+02
-1.063831e+03
9.120396e+02
4.578861e+02
-7.321298e+02
-1.563231e+03
3.085428e+02
6.073703e+01
-3.151875e+03
1.426816e+03
1.385607e+03
2.612547e+03
1.095246e+03
-2.101162e+03
-4.626948e+02
6.843863e+02
-7.927503e+02
9.296224e+02
8.629774e+01
8.288181e+02
1.465529e+03
-1.405404e+03
-9.345578e+01
1.757958e+02
2.494186e+02
-1.315098e+03
-1.549787e+03
-6.378768e+01
-9.184453e+02
7.555159e+02
-4.872779e+02
-2.679307e+02
-2.639182e+02
-2.493088e+02
6.245840e+02
1.024127e+03
1.523256e+03
-4.250401e+02
5.048808e+02
-3.560033e+02
8.427260e+02
-4.454919e+02
-5.708900e+02
-8.298459e+02
-5.631671e+02
-8.555214e+02
4.213807e+02
1.641382e+02
5.713758e+00
-2.909279e+02
-3.356437e+01
5.176412e+02
-2.813913e+02
1.098235e+02
-1.179652e+02
-1.247719e+02
-3.836483e+02
3.513189e+02
1.014852e+02
-1.240784e+02
1.737812e+01
-3.048885e+02
-9.239110e+00
1.683828e+02
-1.410306e+02
-2.564571e+02
-6.804287e+01
-1.076779e+02
-3.422979e+02
1.851253e+02
-4.533132e+00
-1.994790e+02
9.468974e+01
-2.270942e+01
3.519895e+01
3.474259e+01
2.217598e+02
2.556043e+02
3.696189e+01
1.075694e+02
-9.681952e+01
-1.643419e+02
1.373356e+02
6.701363e+01
3.541621e+01
3.488543e+00
2.721637e+01
6.282114e+01
-3.593383e+01
1.793946e+02
-4.625666e+01
-2.304704e+02
-8.182115e+01
4.314907e+01
-2.403462e+01
-1.319031e+02
7.717158e+01
6.083403e+01
8.547651e+01
1.106460e+02
3.549092e+01
2.683882e+01
4.651708e+01
1.104986e+02
9.870242e+01
-1.123202e+02
-2.300976e+01
-3.746769e+00
6.605503e+01
2.887171e+01
-3.356108e+01
-2.803742e+01
3.614162e+01
1.341820e+02
1.029534e+02
-2.746474e+01
2.604101e+01
2.936199e+01
4.781363e+01
1.803186e+01
5.481944e+00
-2.798437e+01
-3.501404e+01
-3.651633e+01
-2.577121e-01
-2.561623e+01
3.609507e+01
-3.487072e-01
-8.020757e+01
-3.527517e+01
-2.026355e+01
5.254653e+01
7.147171e+00
-1.149197e+00
1.559341e+00
-2.853893e-01
1.928180e-01
9.098857e-02
-1.568932e-01
-5.582219e-01
-3.511187e-01
8.095278e-03
-8.576926e-02
6.235556e-02
-2.476668e-01
2.350280e-01
8.863978e-03
-2.269211e-02
8.667199e-02
1.970861e-02
-6.513239e-02
6.115463e-04
-3.088646e-02
-8.365947e-03
1.278769e-02
-4.434315e-03
-8.165901e-02
1.176924e-01
-1.249867e-03
1.951828e-02
-4.798597e-02
-1.165561e-01
