-2.997802e-01
1.030621e+00
-2.594873e-01
5.319111e+01
1.957452e+02
-1.848477e+01
3.401154e-04
-2.141921e+03
3.628509e+04
-1.533341e+05
-2.698396e+05
-2.764748e+04
-5.546591e+04
1.040233e+05
-1.634850e+04
-5.345409e+04
-6.331202e+04
-1.280231e+05
5.012589e+04
5.500225e+04
1.288276e+04
1.087040e+04
-2.569264e+04
3.672434e+04
1.960160e+04
4.550211e+04
-2.041105e+04
-2.392109e+04
-1.568851e+04
-2.762283e+04
6.757323e+03
-3.098582e+04
-2.641025e+04
-2.154091e+04
-1.341846e+04
-2.169682e+04
-3.110889e+04
-9.279016e+03
2.486221e+04
1.157498e+04
1.255601e+04
1.138101e+04
1.089263e+02
-5.499705e+03
-5.314197e+02
-7.667567e+03
1.531027e+04
7.240555e+03
-6.225263e+03
7.347317e+03
1.695906e+03
-1.892882e+03
-6.222479e+03
2.582360e+02
7.156489e+03
-6.220273e+03
-5.138253e+02
1.794307e+03
7.403548e+03
-6.966563e+03
-4.921311e+03
5.474438e+02
1.717761e+02
-1.935061e+03
-1.921300e+03
4.399824e+03
-1.635290e+03
-1.894867e+03
-2.475782e+03
2.580065e+03
-2.307960e+03
-1.165173e+03
3.717611e+02
2.901532e+03
1.495483e+03
9.988667e+02
-9.297717e+02
1.045936e+03
-2.001337e+03
5.267452e+02
-5.975601e+02
-1.775572e+03
1.951825e+03
1.289804e+03
-8.527587e+01
1.406783e+03
-1.955507e+03
7.989235e+02
2.394341e+02
2.880083e+02
-9.724269e+02
1.902408e+03
3.181730e+02
1.130911e+03
-6.978286e+02
-1.808161e+02
7.934391e+02
-1.590153e+03
3.074131e+01
-4.167682e+01
2.859666e+02
3.443067e+02
9.836043e+02
-1.921131e+02
-1.305519e+03
-8.050979e+02
3.560202e+02
8.594602e+02
1.021277e+03
1.248241e+03
4.937145e+02
-5.122999e+02
-6.807808e+02
1.813679e+02
-1.563426e+01
4.044437e+02
-1.497801e+02
-4.479875e+02
-2.393572e+00
4.236553e+02
3.819819e+02
5.360563e+02
4.049673e+01
-3.144339e+02
1.907314e+01
-2.818224e+02
6.596082e+01
2.110306e+02
-2.251417e+02
-2.054045e+02
2.140911e+01
6.850443e+02
2.358626e+01
-3.232935e-01
1.552086e+02
-1.208623e+02
-3.700092e+02
-1.076505e+02
-7.088988e+01
-4.371299e+02
-1.443603e+02
1.742149e+02
1.486532e+02
2.513597e+02
-5.434799e+01
-9.954885e+01
-4.602916e+01
-1.194887e+02
-1.258747e+01
1.155551e+02
7.846258e+01
1.864261e+02
-2.304809e+02
-1.404611e+02
5.331870e+00
-9.703696e+01
1.093019e+02
5.425972e+01
1.127513e+02
-1.110934e+02
1.161374e+02
1.005648e+02
-4.676800e+01
-1.466074e+02
-1.967788e+02
-6.444846e+01
-4.327244e+01
1.439532e+02
-1.630908e+02
-9.610302e+00
5.291026e+01
2.504701e+01
8.714713e+01
9.043977e+01
7.641366e+01
-1.807478e+02
1.210709e+02
4.284625e+01
-8.758759e+01
7.323896e+01
3.938256e+00
6.509568e+01
-4.404629e+01
-5.891547e+01
5.375448e+01
-5.279005e+01
-2.737080e+01
7.008169e+01
-5.459336e+01
-1.249402e+01
5.683291e+01
5.681406e+00
-5.779025e+01
2.178300e+01
2.717354e+01
-9.088036e+00
1.468575e+01
8.356852e+00
-3.961245e+01
-2.146677e+01
-1.779956e+01
-1.048496e+01
2.890558e+00
3.132688e+00
2.485063e+01
4.119801e+00
-1.588719e+00
-2.604514e-01
6.259292e-01
-6.212630e-01
3.576943e-01
-5.065346e-01
3.322533e-01
1.449794e-01
3.591310e-01
2.015480e-01
5.576210e-01
8.484335e-02
-2.929302e-02
1.313047e-02
-3.982378e-02
-7.911184e-02
-1.308873e-02
-9.741469e-02
-4.685267e-02
1.576432e-01
-1.739955e-04
1.230124e-01
-1.902000e-02
4.231571e-02
2.809369e-01
5.577538e-02
-8.212227e-02
6.434152e-02
-5.744190e-02
