4.883339e-02
-5.215840e-01
7.039274e-02
4.152889e+01
1.633319e+02
-2.624476e+01
3.439101e-04
-2.417281e+05
1.004551e+05
2.263441e+05
-6.389775e+04
3.241581e+05
-6.418420e+04
-3.974986e+04
1.141072e+05
-5.216661e+04
8.403496e+04
-7.056385e+03
1.762474e+04
-1.578678e+05
3.841530e+04
9.916623e+03
-1.043095e+04
3.628891e+04
-1.958932e+04
-2.062987e+04
-2.143079e+04
-3.744902e+04
3.812945e+03
-3.693114e+04
-7.900087e+03
-2.717067e+04
2.004389e+03
-8.113626e+03
-6.935125e+03
-9.736364e+03
-1.425894e+04
1.659697e+04
9.449637e+03
1.081573e+04
1.630313e+04
-1.610226e+04
-1.130763e+04
-1.787994e+04
-1.411214e+04
5.308114e+03
2.060794e+04
4.170253e+03
-3.891042e+03
-5.329107e+03
2.006114e+04
1.149902e+03
1.943109e+03
9.581312e+03
-6.714169e+03
9.726514e+02
4.963293e+03
3.982925e+03
-4.642846e+03
-1.050229e+04
-9.012181e+03
-1.037794e+03
1.403733e+03
1.465216e+03
-1.069605e+03
3.495271e+03
8.311004e+02
5.961139e+03
-3.673748e+03
5.096053e+03
2.267040e+03
2.648409e+03
2.593106e+03
-4.090296e+01
-2.629084e+02
-7.151594e+01
1.390765e+02
8.357562e+02
-5.794452e+03
-1.708145e+03
-9.753812e+02
-1.435251e+02
-1.251111e+03
2.651932e+03
2.232489e+03
1.925306e+03
-8.634971e+02
-6.847823e+01
1.514610e+02
1.630223e+03
2.479926e+03
-1.140291e+03
-5.235354e+02
1.237050e+03
1.320512e+01
1.113267e+03
2.267053e+03
-3.143939e+02
-1.661808e+03
-1.118303e+03
-8.102009e+02
-9.185013e+02
1.045370e+03
7.295502e+02
6.065094e+02
-2.014704e+03
3.732305e+02
8.052767e+02
1.186762e+03
1.391971e+03
3.737343e+02
2.946544e+02
-3.799554e+02
-4.239106e+02
-1.625074e+02
2.913917e+01
-6.242709e+02
-4.066774e+02
-1.545380e+03
7.688062e+02
1.615763e+00
2.171196e+02
-4.016909e+02
9.861749e+01
2.293643e+01
-1.903265e+02
-8.561858e+00
-2.318573e+02
-3.240243e+02
-6.107115e+02
2.249472e+02
-5.861441e+01
-2.536284e+02
2.751041e+02
1.820076e+02
-1.383239e+02
-4.435147e+01
-1.161643e+02
9.198111e+00
-3.136370e+02
1.525768e+02
-3.468796e+02
2.207325e+02
4.130405e+02
2.840804e+01
7.062292e+01
-2.123460e+02
1.269134e+02
-6.247193e+01
3.069423e+02
2.663320e+02
8.911872e+01
-3.651738e+02
-1.856647e+02
1.392097e+02
1.825982e+02
-1.450965e+01
-6.294859e+01
-1.259828e+02
1.977284e+02
1.498583e+02
-1.513764e+02
-5.878112e+01
-3.272275e+00
-1.959578e+02
-5.666240e+01
-9.066081e+01
9.604182e+01
-3.128435e+02
-1.681405e+02
1.123871e+01
1.758942e+02
1.164172e+02
-5.928895e+00
-5.132268e+01
-4.161835e+01
1.474165e+02
9.419528e+01
-1.272736e+02
-3.866891e+01
4.854509e+01
4.801451e+01
-9.730169e+01
-3.590590e+01
-1.266987e+01
6.217923e+01
1.473259e+02
1.113334e+02
-1.135179e+02
-6.231047e+01
4.840295e+01
1.588021e+01
3.836934e+01
2.021395e+01
3.562642e+01
-6.698158e+01
-7.828120e+01
3.208683e+01
-3.920615e+00
4.487437e+01
4.413568e+01
-5.318495e+01
-7.049029e+00
-4.465485e+01
1.231743e+01
-6.070766e-01
-1.197550e+00
-1.096512e+00
8.392394e-01
-7.070922e-01
-9.564405e-02
-1.347729e-01
-6.722589e-01
-3.033664e-02
1.485984e-01
3.929939e-01
6.220793e-01
-1.922541e-01
1.832734e-01
-8.698513e-02
2.320352e-01
3.772837e-01
-6.101030e-03
8.302302e-02
-6.567781e-03
2.268011e-02
-7.673678e-02
-4.053234e-02
-2.084590e-01
-1.163513e-01
1.263932e-01
2.652493e-02
-1.210685e-03
5.609210e-02
2.450607e-02
