-2.973988e-01
8.905085e-01
-3.016685e-03
5.290667e+01
2.045563e+02
-1.946002e+01
3.605510e-04
-7.171479e+04
-2.682322e+05
2.128473e+04
-2.033027e+05
-1.141499e+05
-7.869809e+04
2.923188e+04
-1.010052e+04
-1.520744e+05
2.758098e+03
2.992417e+04
8.744507e+04
6.272740e+03
8.390041e+03
-2.609798e+04
-2.357492e+04
1.980246e+04
-2.166208e+03
1.155450e+04
-2.089501e+04
9.325433e+03
-1.892135e+04
-1.024429e+04
-1.798814e+04
1.656165e+04
-3.375318e+04
-1.575218e+04
-6.093360e+03
4.905366e+03
-2.479488e+03
-9.068183e+03
2.292329e+04
-1.614530e+04
9.677783e+03
-1.619116e+04
1.252778e+02
-5.678479e+03
6.396868e+03
-5.407678e+03
9.556688e+03
3.946321e+03
-1.368652e+04
-2.506201e+03
-9.733479e+02
-1.529697e+03
1.010732e+03
-9.995353e+03
-3.650519e+03
5.501302e+03
4.291679e+03
9.635457e+03
5.339737e+03
-8.217258e+03
-7.125264e+03
1.911012e+03
-8.107729e+02
6.958125e+01
-7.216546e+02
3.819715e+03
3.635850e+03
2.728705e+03
-4.771172e+03
2.470996e+02
-2.800624e+02
-5.801907e+02
-1.079742e+02
1.538812e+03
1.078006e+03
1.010035e+03
7.426318e+02
1.497408e+02
-3.931966e+03
1.142041e+03
-4.508058e+02
3.895032e+02
2.492906e+02
2.706665e+03
2.148140e+03
2.165638e+03
-8.550771e+01
-6.223147e+02
-2.723891e+02
6.095247e+02
-9.153411e+02
9.580962e+02
7.732277e+02
1.859654e+03
-1.288201e+03
6.779890e+02
1.099106e+03
9.418626e+01
7.012323e+02
3.911176e+02
-2.141360e+01
3.696877e+02
3.542004e+02
-7.577329e+02
2.599109e+02
-8.576751e+02
1.476314e+03
6.665598e+02
6.457442e+02
9.648746e+02
4.013942e+01
9.220500e+02
-1.541097e+02
5.831007e+02
1.619575e+02
4.616972e+02
9.731878e+01
-3.344290e+02
-2.973471e+02
2.037993e+02
1.957549e+02
4.700493e+02
7.914259e+01
-1.011342e+02
4.338370e+02
-3.491443e+02
1.132207e+00
1.340894e+02
-1.365004e+02
-3.807423e+02
2.128489e+02
5.508450e+02
1.014120e+02
2.721500e+01
-2.376067e+02
-4.507288e+00
2.142969e+02
-2.682077e+02
8.217683e+01
-1.602686e+02
-2.327056e+02
3.363398e+02
-1.634694e+01
1.032462e+02
-7.900314e+01
-3.924370e+01
2.797641e+02
-1.725123e+02
1.122991e+01
3.221743e+02
-7.865940e+01
1.832818e+02
1.005901e+02
-8.428812e+01
-5.120362e+01
4.841677e+01
-3.866578e+01
1.015339e+02
1.103098e+02
-2.394332e+02
6.358942e+01
3.248427e+01
7.778777e+01
-2.028809e+01
-6.362218e+01
4.774268e+01
-3.233055e+01
1.621036e+02
-4.408586e+00
7.773660e+01
1.816298e+02
4.974485e+01
1.432349e+01
8.953512e+01
6.077713e+01
-6.680119e+01
-1.649140e+01
-1.346101e+01
-6.416913e+01
5.702054e+01
-2.141512e+01
8.521184e+01
-1.957844e+01
-1.529249e+01
9.434436e+01
-2.741795e+01
7.274575e+01
6.048746e+01
-8.057869e+01
2.913337e+01
6.647179e+01
3.863307e+01
-7.774958e+01
3.668097e+00
1.286632e+01
4.197287e+01
2.061975e+00
-8.079275e+00
-1.700353e+00
-5.531465e+00
-1.878252e+00
-5.425184e+01
2.521402e+01
-1.676277e+01
3.499400e+01
2.322790e+01
-2.287323e+00
2.899079e+00
-1.776024e-01
9.587122e-01
4.097946e-01
-4.670891e-01
-2.233359e-02
-4.037041e-01
-1.135350e-01
-3.484791e-01
2.215596e-01
1.444674e-01
-8.509488e-02
-1.572826e-02
1.351696e-01
-4.086760e-02
2.585560e-02
-7.621743e-02
-8.814028e-02
1.334715e-01
-5.084476e-03
1.066721e-01
5.713837e-02
-1.090697e-01
2.348518e-01
5.296240e-02
-4.142861e-02
-6.925666e-02
-2.949066e-02
