-2.243298e-01
1.070230e+00
-2.609965e-02
5.233778e+01
1.852192e+02
-1.590436e+01
3.470089e-04
-7.302344e+04
-1.243248e+05
1.210940e+05
-1.986776e+05
-5.091828e+04
9.542807e+04
-9.918130e+04
6.477329e+04
-3.491374e+04
7.332620e+04
6.049569e+04
1.245051e+05
6.914063e+03
-1.078046e+04
-1.957305e+04
-4.844773e+02
1.391569e+04
2.913914e+03
-3.033824e+04
-8.136617e+02
7.062805e+03
1.222897e+04
-7.254579e+03
-4.724838e+04
-3.848474e+04
-1.364764e+04
-1.096799e+04
-2.345420e+04
6.198419e+03
-3.017479e+03
-5.087679e+03
1.629416e+04
1.694592e+04
6.577560e+03
-1.956956e+02
2.874223e+03
-1.026865e+04
4.401751e+03
-2.328348e+03
2.310773e+03
1.000982e+04
-1.122132e+04
1.300624e+03
3.332840e+03
-4.186065e+03
-3.044685e+03
-5.075485e+02
3.698711e+03
-1.549106e+03
-2.562977e+03
4.448414e+03
5.337030e+02
-3.769117e+03
-6.406782e+03
1.570026e+03
-2.329935e+03
-1.181672e+03
-1.730801e+03
1.750548e+03
-9.841057e+02
5.235951e+03
-2.826024e+03
-1.118086e+02
2.214431e+03
2.695842e+03
1.981630e+03
-7.399700e+01
2.280182e+02
2.855927e+01
1.122445e+03
-1.945595e+02
-2.541003e+03
2.640564e+02
-1.517132e+03
-1.155811e+03
1.200843e+02
1.018257e+02
-7.556728e+02
1.015249e+03
4.291989e+02
1.415230e+02
3.321469e+02
2.494733e+02
1.757879e+02
4.959968e+02
1.865438e+03
1.180037e+03
8.966617e+02
7.234321e+02
1.614965e+03
-1.351956e+03
4.251713e+02
9.596324e+02
-4.317066e+01
-2.975149e+02
5.304296e+02
-5.181549e+02
4.587173e+01
-7.982045e+02
9.261633e+02
9.082693e+01
1.616813e+03
5.144716e+02
9.834655e+02
6.595670e+02
-2.284220e+02
-2.502704e+02
-3.739103e+02
5.268894e+02
-3.113705e+02
-2.429389e+02
-4.543488e+02
3.057194e+02
3.476648e+01
2.429380e+02
-8.638685e+01
8.864718e+01
1.890464e+02
-4.265782e+02
1.375223e+02
7.879441e+01
-5.684351e+01
-3.059186e+02
-9.359518e+01
2.645268e+02
-1.005503e+02
4.917176e+01
7.983572e+01
-2.894829e+02
4.127441e+01
-7.999894e+01
-4.723793e+01
-1.753311e+02
8.362951e+01
1.981790e+02
2.869703e+01
1.474435e+02
-1.701577e+02
-3.487123e+01
1.774084e+02
-1.604372e+02
-7.719648e+00
2.035084e+02
2.261951e+01
1.964954e+01
-1.562843e+02
4.098648e+01
-4.446947e+01
-3.354436e+01
4.079369e+01
1.071407e+02
-7.132887e+01
-9.125820e+01
1.495252e+02
-5.066939e+01
-3.258996e+01
-2.295816e+01
-9.499944e+01
6.279850e+00
-1.599149e+01
1.258461e+02
-2.388618e+02
-2.471406e+01
2.159567e+01
1.556286e+02
1.016195e+02
2.612687e+01
9.310519e+00
-8.786003e+01
5.786946e+01
3.290631e+01
-1.553089e+02
1.403050e+01
6.741817e+01
5.101525e+01
-5.789317e+01
-1.485372e+01
4.711575e+01
-3.149486e+01
9.023814e+01
8.260679e+01
-4.298531e+01
-3.017137e+01
6.080256e+01
3.982570e+01
-5.238822e+01
3.247493e+00
3.748457e+01
5.634102e+00
-5.693647e+01
-1.897195e+01
-3.379151e+01
-1.801157e+01
1.227158e+01
-3.289414e+01
1.062559e+01
-3.319619e+01
2.510791e+01
7.088335e+00
-8.601238e-01
-6.952529e-01
-5.434735e-01
-5.316010e-02
1.882176e-01
-1.804825e-01
-3.591914e-02
5.221446e-01
7.946022e-02
2.773468e-01
2.483443e-01
-1.660611e-01
-8.373334e-02
-1.185662e-01
3.221556e-01
5.728231e-02
-1.403637e-01
-1.442929e-01
-1.257662e-01
-4.097047e-02
3.069942e-02
2.512319e-02
-1.522890e-01
-1.467997e-01
1.022048e-01
5.036672e-02
-9.493001e-02
-8.512748e-02
6.718058e-02
