-2.533652e-01
-1.079559e+00
1.168325e-02
5.489778e+01
1.940195e+02
-1.559110e+01
3.578545e-04
-9.137949e+04
-2.150568e+05
1.477213e+05
-4.062099e+04
5.516695e+04
3.900145e+04
-3.577262e+04
4.423886e+04
-1.169621e+05
-1.735750e+04
-5.921660e+04
4.279285e+04
6.571450e+03
-6.854913e+03
1.435953e+04
-2.588264e+04
8.858352e+03
5.256357e+02
-1.694382e+03
-2.844249e+04
1.657760e+04
-1.697727e+04
-1.013471e+04
-3.173309e+04
1.132677e+04
-1.873554e+04
-1.685157e+04
3.147319e+03
-3.100429e+03
3.078578e+03
1.277549e+03
2.347162e+04
-3.272126e+03
2.133959e+04
-7.067918e+03
-1.884869e+04
-8.835814e+03
1.034327e+04
2.069746e+02
-4.384136e+03
1.559734e+04
-7.482851e+03
2.619918e+02
5.452647e+03
6.517007e+03
6.679330e+03
-1.309047e+03
2.049409e+03
-1.652306e+03
1.675978e+03
4.134908e+03
2.659946e+02
-8.942675e+03
-3.590779e+03
-1.143242e+03
-1.857081e+03
-2.004730e+02
-3.267606e+03
2.351242e+03
3.216833e+03
2.091349e+03
-3.876005e+03
1.909470e+03
1.195133e+02
1.104570e+03
-7.501303e+02
3.457301e+03
1.122315e+03
9.697664e+02
2.300888e+03
1.334292e+02
-2.590816e+03
-1.660664e+02
-1.153767e+03
5.504850e+02
-7.228376e+02
2.465332e+03
2.268424e+03
3.327291e+03
-1.622002e+03
3.346234e+02
-4.025836e+02
-1.113180e+03
-2.564978e+02
4.327966e+02
1.986962e+03
1.459258e+03
-1.014750e+03
2.062245e+02
1.024050e+03
5.123185e+02
4.809798e+02
2.103541e+02
-5.648016e+02
-2.181436e+02
-1.410712e+02
-8.816577e+02
-3.011354e+02
-1.125557e+02
8.840904e+02
6.666118e+02
9.675127e+02
1.291148e+03
-9.583588e+01
1.321001e+03
-2.106201e+02
8.302496e+02
4.598342e+01
-1.560884e+02
-7.194957e+01
-4.148492e+02
-2.336293e+02
6.920221e+02
1.097570e+02
2.982345e+02
-1.618611e+02
3.480277e+02
-4.534260e+01
-2.116224e+02
-1.519713e+02
3.194668e+02
1.260125e+02
-4.113659e+02
2.125074e+02
3.928440e+02
-9.570943e+01
1.131755e+02
-1.992327e+01
-5.508141e+01
8.661485e+01
-9.699541e+01
-2.614758e+01
-7.860877e+01
-2.110417e+02
9.747895e+01
-1.378164e+02
5.848221e+01
-8.887521e+01
1.178419e+02
1.505986e+02
-7.107988e+00
1.225240e+02
1.778600e+02
-4.872774e-01
1.662731e+01
5.557380e+01
1.298764e+01
-2.410741e+01
-6.824519e+01
1.037013e+02
2.490434e+01
-6.906216e+01
-8.783468e+01
1.848168e+02
-6.670367e+01
1.501451e+02
-1.006298e+02
-2.324169e+00
-4.644637e+01
-1.438341e+01
4.557190e+01
3.712806e+01
7.447927e+01
1.229606e+02
2.432058e+01
-2.275584e+01
4.853943e+01
4.845120e+01
-2.078459e+01
-1.416526e+01
2.336362e+01
-7.459378e+01
3.958020e+01
5.088112e+01
9.945193e+01
-4.893032e+01
2.454162e+01
1.553825e+01
9.865701e+00
8.608350e+01
2.659540e+01
-5.415731e+01
3.625109e+01
5.571370e+01
5.538396e+01
-1.915473e+01
-4.901904e+00
2.016429e+01
9.661684e+00
-4.008486e+01
-6.251397e+01
-1.168711e+01
-1.194041e+01
-2.662535e+00
-7.702069e+01
-1.769321e+01
-2.389914e+01
4.147802e+01
7.888248e+00
-1.392866e+00
1.173347e+00
-2.529731e-01
1.286127e-01
-1.514181e-03
-5.614625e-01
-1.856949e-01
-9.985299e-02
-9.397983e-02
-3.692664e-01
4.198600e-02
-2.583673e-01
2.490914e-01
-1.258530e-02
1.627153e-01
8.256954e-02
1.050296e-02
1.441742e-01
1.660871e-01
9.896963e-03
2.539564e-01
2.413416e-02
4.580230e-02
-1.052543e-01
1.177612e-01
7.425868e-02
-2.429349e-02
-9.060609e-02
-2.281575e-02
