-1.940966e-01
-1.364325e+00
8.924011e-02
5.745778e+01
1.820392e+02
-1.222410e+01
3.526570e-04
-1.000700e+05
-1.248019e+05
2.586664e+05
1.121792e+05
8.249981e+04
-6.264275e+04
-1.290599e+05
1.190659e+05
-8.251566e+03
1.520178e+05
2.916751e+04
5.552598e+04
-4.277692e+04
-5.405965e+04
4.768149e+02
-1.022905e+04
-7.870786e+03
-1.591051e+04
-3.434543e+04
-5.067699e+03
-2.587819e+04
-12185
-6.862851e+03
-1.860278e+04
-3.220774e+04
-9.721719e+03
-1.981436e+04
-1.309898e+03
4.714319e+03
-2.496174e+01
3.963718e+03
-1.016123e+03
-9.602557e+03
9.338466e+03
-9.353493e+02
-4.045099e+03
-8.566177e+02
6.679884e+03
-5.163707e+03
2.011233e+03
5.010026e+03
2.933875e+03
-1.491945e+01
6.539865e+03
-5.065177e+03
-1.974214e+03
4.839746e+03
-4.324253e+03
-3.663825e+03
1.840977e+02
4.914522e+03
-1.866021e+01
-4.900332e+03
-5.164953e+03
-4.591384e+03
-6.033803e+01
-2.517220e+02
-1.021908e+03
6.474493e+03
1.196980e+03
3.381694e+02
-6.705663e+03
2.099887e+02
3.834738e+03
3.527144e+03
-1.436431e+03
2.478998e+02
1.053805e+02
3.643724e+03
6.818947e+02
8.082385e+02
-3.647644e+03
-2.139733e+03
1.305006e+03
-4.402613e+02
-5.013947e+02
6.261235e+02
1.510042e+03
1.819713e+03
-4.542928e+02
-1.667581e+03
-1.064095e+02
7.808709e+02
4.691385e+02
-1.611338e+03
7.256105e+02
2.055854e+03
-1.198073e+03
8.537733e+02
3.670031e+02
-8.194915e+01
-3.757164e+02
-2.796006e+02
-6.144969e+02
-6.475409e+02
4.317368e+02
7.958702e+01
3.316217e+02
-8.903315e+02
7.873406e+02
-2.681999e+02
9.516982e+02
5.385042e+02
-3.124253e+02
1.026429e+03
2.693185e+02
4.513769e+02
-8.067103e+02
-5.119486e+01
-7.859178e+02
1.773747e+02
-7.764438e+02
4.341839e+02
-4.545753e+02
-3.510726e+02
-4.217769e+02
3.052589e+02
9.539182e+01
1.446393e+01
3.024319e+02
4.202700e+02
-2.689535e+02
-2.538654e+02
3.489744e+02
2.091968e+02
5.321981e+02
2.973239e+02
6.065629e+01
-8.595238e+01
1.084870e+02
6.748270e+01
2.515100e+01
-4.716853e+01
2.577715e+00
-1.409038e+02
2.175781e+02
-1.434372e+02
2.251377e+00
9.144189e+01
-4.237599e+01
-2.074318e+02
1.358842e+02
3.908899e+02
1.367994e+02
-3.990622e+01
1.140796e+02
1.967094e+02
-6.067231e+01
3.235047e+01
8.044751e+01
8.497754e+01
-2.943866e+01
7.144099e+01
3.556878e+01
-3.688859e+01
3.152881e+01
4.090126e+01
-2.959057e+01
-4.364355e+01
-6.678693e+01
2.377910e+01
-1.267481e+02
4.312261e+01
4.188881e+01
1.855819e+02
3.725877e+01
-3.343081e+01
2.680720e+01
-1.661597e+01
5.416279e+01
-1.066101e+01
-1.136331e+02
1.515201e+01
1.121077e+02
7.193553e+01
1.715546e+01
2.958887e+00
-4.743535e+00
-6.876898e-01
6.452509e+01
7.731612e+01
4.815733e+00
-3.136897e-01
2.009579e+01
2.408113e+01
4.493663e-02
2.618639e+01
3.889309e+01
-3.960745e+01
-6.495371e+01
-2.512587e+01
-6.342319e+00
2.661490e+01
5.538044e+01
-3.789014e+01
-1.127775e+01
-7.400394e+01
4.907368e+01
-3.097171e+00
-5.820752e-02
1.918317e-01
-6.145320e-01
-1.178845e-01
2.947868e-02
-8.464668e-02
-2.063816e-01
1.686325e-01
-5.042714e-02
-5.406754e-02
1.000643e-01
-3.839816e-01
1.433616e-01
4.193848e-02
-3.373994e-02
1.425459e-01
-3.522248e-02
3.403695e-02
2.976905e-02
-1.764215e-01
3.286480e-02
-9.484670e-02
-1.186760e-01
-1.766186e-02
-3.444186e-02
3.020971e-02
-2.095305e-02
-7.551971e-02
3.433568e-02
