-3.785976e-01
-8.099079e-01
-2.106869e-02
5.063111e+01
2.015518e+02
-1.719779e+01
3.499828e-04
-7.215738e+04
-1.823202e+05
2.187417e+05
1.003530e+04
-4.947427e+04
3.299228e+05
-2.103555e+05
8.789020e+04
-6.237577e+04
1.007575e+05
105151
9.267375e+04
-2.535509e+04
-5.463854e+04
2.710864e+04
1.536805e+04
5.455035e+04
-1.644875e+03
-8.992038e+04
-3.901877e+04
-7.327755e+03
1.114982e+04
3.660259e+04
-5.779745e+04
-2.750107e+04
-1.667186e+04
-2.342255e+04
2.976906e+04
1.747550e+04
9.534808e+03
1.006217e+04
1.506603e+04
2.742051e+03
1.217545e+04
-9.469212e+03
-3.939583e+03
-9.048918e+03
-4.363987e+03
4.045715e+03
2.757187e+03
4.967917e+03
-1.529080e+04
-8.436364e+03
8.277478e+03
5.282800e+03
2.669241e+03
1.029483e+01
-6.908298e+02
8.871447e+02
2.336878e+02
5.407865e+03
-2.799531e+03
-2.779467e+03
-4.541966e+03
-5.400618e+03
1.927900e+03
-5.309062e+03
-1.190968e+03
2.391759e+03
3.829676e+03
1.690932e+03
-4.512784e+03
-5.058955e+01
2.958703e+03
3.017661e+03
1.457352e+03
1.913683e+03
1.369159e+03
1.971609e+03
4.744424e+03
-2.433897e+02
-4.705721e+03
-1.064766e+03
-2.556919e+03
3.147314e+01
-2.677654e+03
1.907246e+03
-1.168614e+03
3.132230e+03
-1.135500e+03
1.537059e+03
2.601437e+02
-3.191399e+02
6.253151e+02
-1.354690e+03
2.459978e+03
1.925872e+03
-9.570622e+01
1.797828e+03
2.236675e+03
5.189188e+02
1.793239e+02
9.957726e+02
-1.397114e+03
-2.045345e+02
-1.779988e+02
1.230369e+02
1.062031e+03
-6.948517e+02
1.066400e+03
-6.261276e+02
1.326282e+03
8.768080e+02
5.756711e+02
1.350268e+03
7.461803e+01
2.773771e+02
-5.839476e+02
2.901379e+02
3.894053e+02
-9.412877e+01
-7.965238e+02
4.050932e+02
-6.905013e+01
-4.279464e+02
-7.542146e+01
4.608623e+02
-3.355009e+02
-5.647736e+02
1.500446e+02
7.366819e+02
4.351300e+02
-6.648319e+02
-8.687953e+01
1.874720e+02
4.198757e+02
2.432309e+02
2.853943e+01
-1.777937e+02
1.664481e+02
-6.328794e+01
-2.047568e+02
-2.709836e+02
2.442201e+01
6.347166e+01
-1.120121e+02
3.521004e+02
-5.686821e+01
-5.296555e+01
1.776722e+02
-1.922195e+01
3.156716e+02
2.234720e+02
-9.760473e+00
-1.720733e+02
-7.627900e+01
2.255603e+02
-9.659990e+01
8.473255e+00
1.145466e+02
1.291692e+02
-3.303026e+02
1.964175e+00
2.538381e+02
-1.119041e+02
3.283144e+01
2.326143e+02
-2.434181e+01
-5.853499e+01
-9.950053e+01
1.425875e+02
-1.076177e+02
-2.744425e+01
-1.520636e+01
1.450212e+02
1.796052e+01
-9.887202e+01
2.104015e+01
-1.389837e+02
-8.678880e+01
-1.107991e+02
-1.474498e+02
3.498912e+01
5.551497e+01
1.262211e+01
-4.413418e+01
1.601881e+01
-9.372930e+00
-3.616413e+01
1.177136e+02
6.738032e+01
-1.338643e+01
6.431556e+00
4.221650e+01
2.903872e+01
-6.445620e+01
5.672772e+01
8.052408e+01
2.021796e+01
-5.476605e+01
-2.312149e+01
-2.313372e+01
-9.671554e+00
1.279099e+01
-6.222487e+01
5.353126e+00
-3.644510e+01
1.972239e+01
-9.046814e+00
-6.692716e-02
-2.528981e-01
-4.877717e-01
-3.018681e-01
2.256430e-01
-5.489682e-01
-4.528440e-01
5.938342e-01
-6.323206e-02
-4.496849e-02
-1.875352e-01
-4.173473e-01
-3.736451e-02
4.608785e-02
8.838641e-02
3.041585e-01
-3.009289e-02
-3.034363e-02
-3.258083e-02
-3.015209e-01
7.912093e-02
-1.950904e-01
-1.509057e-01
-5.813919e-03
-5.010610e-02
3.347405e-02
2.746458e-02
-2.967904e-02
7.052839e-02
