5.654080e-02
9.775723e-01
-1.111291e-02
4.920889e+01
1.778887e+02
-1.923065e+01
3.349535e-04
-3.618622e+04
-2.924162e+05
-5.861551e+05
-1.947374e+05
-1.491779e+05
-4.914636e+04
6.839567e+04
-1.198274e+05
-1.417797e+05
-2.254058e+04
-9.639334e+04
1.115163e+05
6.508919e+04
-3.593182e+04
-3.153636e+04
1.320635e+04
1.608875e+03
8.004587e+04
8.576702e+04
1.744525e+04
2.355537e+04
-4.032109e+04
-2.753856e+04
-2.750117e+04
1.262550e+04
-4.942486e+04
-5.694613e+04
2.053297e+04
-9.327132e+03
-9.140408e+03
-2.135564e+04
1.396231e+04
-4.139767e+03
-2.294721e+04
-1.443608e+04
1.065828e+04
1.524717e+02
1.874117e+04
-1.051312e+04
4.777672e+03
2.968082e+03
-1.277756e+04
-1.248646e+03
-1.380614e+04
-3.663564e+03
-4.544331e+03
-8.536364e+03
2.622564e+03
1.091305e+04
-3.802822e+03
1.171545e+04
9.958789e+03
-1.014150e+04
-2.407335e+03
7.090855e+02
-4.336519e+03
-1.985744e+03
-1.947989e+03
7.466597e+03
4.693731e+03
2.489225e+03
-3.614841e+03
-2.477884e+03
-1.413124e+03
-3.667400e+03
1.029102e+02
1.684758e+03
2.339620e+03
1.852329e+03
-3.426947e+01
-6.596578e+02
-5.228763e+03
7.323575e+02
-2.395948e+03
1.221493e+03
1.312895e+03
9.006838e+02
4.141413e+03
-8.269551e+02
-2.748190e+03
-1.693150e+02
-1.296463e+02
1.004674e+03
-6.771634e+02
1.986987e+03
1.523931e+03
7.780328e+02
-2.135698e+03
-1.242057e+02
1.865386e+02
-1.230978e+02
7.389754e+02
-1.169832e+02
1.665800e+02
7.173585e+02
6.489821e+02
-2.283292e+03
5.220201e+02
-7.902269e+02
6.170775e+02
6.265741e+02
8.062830e+02
1.611244e+03
-9.263112e+02
9.674041e+02
5.821270e+01
4.499157e+02
3.656948e+02
9.939966e+00
6.094295e+02
-1.074178e+03
2.908073e+01
2.855067e+02
3.473017e+02
5.877568e+02
-5.018359e+02
-1.758085e+02
4.302942e+02
-4.778469e+02
3.797230e+02
-1.953083e+02
-2.822854e+02
5.895502e+01
4.305997e+02
5.104507e+02
1.847661e+01
1.708569e+02
-5.401797e+02
9.962284e+01
4.863708e+02
-5.644860e+02
2.588098e+01
7.924873e+01
-2.668140e+02
3.311072e+02
1.927390e+02
1.541503e+02
-1.501644e+02
-1.594549e+01
2.560128e+02
-4.444595e+02
-6.973224e+01
1.847214e+02
-1.106346e+01
4.107975e+02
4.784626e+02
-2.247608e+02
-2.852761e+02
-1.714218e+02
1.489643e+02
-5.567164e+01
1.378332e+02
-1.890689e+02
2.918165e+01
1.960853e+02
7.944771e+01
-7.046163e+01
-6.393840e+01
4.405542e+01
5.801810e+01
1.744762e+02
-8.780758e+01
1.393162e+02
1.167776e+02
1.057003e+00
1.664208e+02
1.948360e+01
5.909798e+01
-7.183812e+01
4.599750e+01
6.523106e+01
-5.764044e+00
1.089738e+02
2.261128e+01
7.072615e+01
4.494535e+01
-7.153789e+01
1.189827e+02
-7.792509e+01
6.423435e+01
3.777317e+01
-7.200649e+01
4.307317e+01
3.920784e+01
2.805614e+00
-1.134411e+02
2.117028e+01
-2.703501e+01
2.336806e+01
-1.471882e+00
3.162087e+01
-5.887230e+01
2.528578e+01
-4.609999e+01
-4.331404e+01
8.238284e+01
-8.729198e-01
3.430211e+01
4.786304e+01
-4.179699e+00
2.203235e+00
-4.469522e-01
2.086864e+00
5.591246e-01
1.676489e-01
-5.239780e-02
-1.239755e+00
-1.687749e-02
-2.568339e-01
1.247184e-01
-1.465131e-01
5.911633e-02
1.852793e-01
-5.950694e-02
-3.085783e-01
4.101239e-02
-1.170419e-01
3.081704e-02
6.159200e-02
-1.066545e-01
3.135734e-01
-6.964498e-02
-5.794383e-02
2.171595e-01
3.670837e-02
-8.301267e-02
-9.277675e-02
-8.063620e-02
