-2.190522e-01
-1.507896e+00
7.723922e-02
5.973333e+01
1.853948e+02
-9.425488e+00
3.639555e-04
-8.056108e+04
-3.827109e+04
1.385161e+05
-1.112483e+05
-1.889358e+03
-5.238864e+04
-1.606371e+04
3.111312e+04
-3.621982e+04
7.880293e+03
-1.789269e+04
9.737714e+04
-7.029114e+04
5.507491e+02
-1.319645e+04
-1.836909e+04
4.683936e+03
-5.202930e+03
-1.390287e+04
-4.349330e+04
-1.630639e+04
-2.452588e+04
-2.572731e+04
-2.857436e+04
-3.216791e+04
-4.674536e+03
-1.544840e+04
-1.226082e+04
-5.612853e+02
-1.394982e+04
-6.724321e+03
9.678908e+03
-9.877036e+03
6.961798e+02
-1.306333e+04
-1.689382e+03
-1.027719e+04
-6.445946e+02
-6.372065e+03
6.309120e+03
8.571366e+03
-1.157080e+04
2.793732e+02
-2.632805e+03
-1.906957e+03
1.090318e+03
3.674558e+03
-2.634450e+03
3.667660e+02
9.383723e+02
6.453678e+03
5.407873e+02
-1.066608e+04
-6.690852e+03
9.180448e+02
-9.587726e+02
-2.649054e+03
-1.727268e+03
5.258591e+03
3.251827e+03
1.082976e+03
-2.768563e+03
1.684622e+03
1.296595e+03
2.304498e+03
-6.049418e+01
1.320279e+03
6.500995e+02
1.723745e+03
2.205530e+03
6.358643e+02
-3.905445e+03
-8.146172e+02
1.166319e+03
8.362653e+02
-1.372602e+03
7.887030e+02
9.988616e+02
1.684755e+03
-8.611136e+00
1.689293e+02
-1.063870e+03
9.952613e+02
2.618519e+02
-1.023934e+02
1.923966e+03
1.358041e+03
-6.647135e+02
8.345552e+02
1.357247e+03
-1.137003e+03
1.120049e+02
4.938875e+02
-8.014194e+02
-3.488890e+02
4.512980e+02
-7.079767e+02
4.938783e+02
-1.281114e+03
1.007438e+03
4.304642e+02
8.680649e+02
1.024579e+03
2.526120e+02
5.228966e+02
-3.682453e+01
6.799704e+00
-5.570897e+02
1.912746e+02
-4.737723e+02
-1.799677e+02
-5.995532e+02
4.951848e+02
-5.490110e+01
1.731553e+02
-1.707241e+02
2.946212e+02
9.145271e+00
6.468188e+01
1.674590e+02
2.006738e+02
-3.325813e+02
-1.507070e+02
3.122501e+02
3.300361e+02
6.979025e+00
1.273857e+02
7.738303e+01
-2.678216e+02
1.900341e+02
2.967413e+01
9.542922e+01
-9.093687e+01
-1.031676e+02
1.031173e+01
1.029262e+02
6.584892e+01
2.987757e+01
2.794919e+01
-1.414875e+02
-2.544886e+02
-3.824367e+01
3.434456e+02
-1.886962e+01
1.258092e+02
1.554636e+00
2.143506e+01
-1.090231e+02
-5.042013e+01
-5.965980e-01
8.468922e+01
-4.064743e+01
2.141651e+01
8.795595e+01
-5.396089e+01
6.081525e+00
-5.590322e+01
-7.037726e+01
-3.631441e+00
-2.540660e+01
9.817110e+01
-9.671503e+01
-2.709293e+01
9.558678e+01
1.147091e+02
3.846702e+01
3.373708e+01
7.190770e+00
6.722533e+00
6.376223e+01
2.438747e+01
-9.478204e+01
2.326505e+01
7.264316e+01
6.835346e+01
2.542537e+01
-1.808236e+01
5.778130e+01
1.842354e+00
3.293609e+00
5.840718e+01
-6.199049e+01
-5.214061e-01
2.728931e+01
3.930766e+01
-1.471597e+01
1.263296e-01
5.631768e+01
-2.613600e+01
-4.769562e+01
-2.146167e+01
-5.328971e+00
-1.807265e+01
2.856893e+01
-5.347230e+01
2.106019e+01
-2.556056e+01
2.457191e+01
1.286485e+01
-9.280345e-01
2.502524e-02
-3.146634e-01
3.969920e-01
3.961575e-02
6.703418e-02
9.833787e-03
-2.093593e-01
-1.219127e-02
1.832012e-02
1.827910e-01
-1.339335e-01
-3.724222e-02
-2.909898e-03
1.407524e-01
1.049157e-01
-4.297997e-02
5.431512e-02
5.397002e-02
1.173715e-02
1.103372e-01
5.033194e-02
-3.809436e-02
1.424548e-02
9.160659e-02
4.457214e-02
-2.877659e-02
-2.569875e-02
1.890596e-02
