-3.510869e-02
1.004629e+00
-2.526931e-02
5.148444e+01
1.851626e+02
-2.107135e+01
3.537202e-04
9.621188e+04
1.112925e+05
-4.740728e+05
-2.380148e+05
-1.256285e+05
-4.192838e+04
9.722101e+04
-6.235369e+03
5.006521e+04
-6.676270e+04
-1.222792e+05
1.727028e+05
2.238885e+04
-5.227968e+04
3.468617e+04
-2.375140e+04
-4.639016e+03
-1.069954e+04
6.480705e+04
-1.451643e+04
1.365006e+04
-2.421246e+04
-2.586657e+04
2.993625e+04
-2.820719e+04
-3.104915e+04
-7.961478e+03
-1.969395e+03
-6.164968e+03
-2.458228e+04
-1.332972e+04
2.600411e+04
7.692830e+03
-2.670634e+04
-6.402100e+03
5.549092e+03
-4.934332e+03
6.641370e+03
-5.737307e+03
1.435420e+04
4.021923e+03
-6.735545e+03
1.542080e+03
-9.809401e+03
-5.325700e+03
-6.704900e+03
4.506642e+03
1.052917e+04
2.835427e+03
-1.235653e+03
5.049806e+03
6.844678e+03
-4.822021e+02
-2.182297e+03
9.292941e+02
-8.744063e+02
2.417230e+03
3.405822e+02
6.644709e+03
8.326559e+02
-2.063929e+03
-2.627174e+03
5.284756e+02
-2.089050e+03
-2.814866e+03
5.370711e+01
1.384129e+03
-1.409698e+03
-5.430850e+02
-3.323640e+03
1.333444e+03
-1.996016e+03
-2.329655e+02
-4.394878e+02
-1.670229e+03
1.261798e+03
-6.424237e+02
8.663421e+02
-9.748323e+02
-1.215328e+03
-9.282747e+02
5.418812e+02
9.502902e+02
-4.856522e+02
1.802586e+03
1.061980e+03
5.808947e+01
-1.206561e+03
3.472505e+02
6.664941e+02
-1.222475e+03
-7.817078e+01
5.790137e+02
-1.261632e+02
-8.177518e+01
7.407156e+02
-6.129568e+02
-1.149334e+03
-4.903703e+02
4.512976e+02
8.608303e+02
4.574745e+02
8.755057e+02
3.017082e+02
-5.287434e+02
-9.115486e+02
-4.253060e+02
1.122873e+01
7.258651e+02
3.413738e+02
-5.204228e+02
1.020588e+02
1.084361e+02
3.313883e+02
3.810443e+02
-3.852527e+01
-5.749606e+02
7.415303e+01
-7.527748e+01
4.820172e+02
1.737824e+02
-6.543870e+02
3.788862e+02
3.535060e+02
5.199954e+02
1.853304e+01
1.208789e+02
1.920072e+02
-2.261603e+02
9.639468e+01
-3.087459e+02
-1.161897e+01
-2.208401e+02
-2.513149e+02
3.755381e+02
2.493780e+02
2.568688e+02
3.756944e+01
-7.397144e+01
-7.767649e+01
-2.761646e+02
-7.549950e+01
1.394418e+02
-2.691745e+01
1.173127e+02
8.347257e+01
-1.490490e+02
-9.311383e+01
-1.551056e+02
1.085197e+02
-1.228751e+02
2.019373e+02
-5.173217e+01
-8.739304e+01
1.066904e+02
-2.144314e+01
-1.008742e+02
-1.312557e+02
-8.956520e+01
-8.451021e+01
1.889680e+02
-1.256731e+02
-6.316074e+01
-4.579187e+00
2.528258e+01
8.020103e+01
3.041841e+01
4.327242e+01
-8.617314e+01
9.671710e+01
3.943114e+01
-8.208962e+01
9.396697e+01
-9.251460e+00
9.339115e+00
3.627909e+01
-4.531354e+01
9.170484e+01
-9.849549e+01
-5.575034e-01
6.483765e+01
-6.032572e+00
1.365405e+01
7.456654e+01
2.028671e+01
-6.889534e+01
-4.367031e+00
3.482014e+01
-8.367599e-01
3.113158e+01
-1.226064e+00
-3.842290e+01
-2.951585e+01
-1.314976e+01
-1.184998e+01
2.803464e+01
6.547736e+01
8.737418e+00
1.115197e+01
-1.247134e+00
-8.127569e-01
-5.659146e-01
2.011548e-01
5.657726e-01
1.638221e-01
6.018599e-01
-2.126420e-01
3.023198e-01
2.264095e-01
1.249314e-01
2.976373e-01
-1.311329e-01
3.351277e-02
-6.159862e-02
-2.879032e-01
-4.713486e-02
-5.047172e-02
5.842935e-02
2.005401e-01
-4.577324e-02
1.708051e-01
1.843150e-02
-7.152230e-02
1.578983e-01
2.217378e-02
-1.024934e-01
3.143844e-02
5.738546e-02
