-1.226073e-01
1.300669e+00
1.281629e-01
5.660444e+01
1.838833e+02
-1.329835e+01
3.635270e-04
7.066347e+03
7.011570e+04
-5.187791e+04
-2.371757e+05
-1.267865e+05
-2.262223e+04
5.928711e+04
1.555978e+04
-4.691291e+04
-8.763757e+03
-3.998289e+04
1.246111e+05
-1.651021e+04
-1.515563e+03
2.202045e+04
7.255568e+03
2.400818e+04
3.183175e+03
-3.173320e+03
-4.862367e+04
2.202829e+03
-5.766215e+03
9.761196e+03
1.090032e+04
-2.413996e+04
-3.897140e+03
-1.252545e+04
-1.154679e+04
-5.670802e+03
-2.295334e+03
8.079059e+02
1.853165e+04
5.920586e+03
-3.820156e+02
-8.895392e+03
-6.379288e+03
-1.478338e+04
-6.825112e+03
-3.231521e+03
1.103776e+04
1.021764e+04
-1.569333e+04
-3.256123e+03
9.050636e+02
5.498687e+03
3.833205e+03
3.671370e+03
-2.190867e+03
4.909490e+03
-1.071764e+02
5.974743e+03
-9.553666e+02
-5.939051e+03
-7.201582e+03
3.775371e+03
5.186411e+02
-1.677658e+03
1.368966e+03
2.489446e+03
2.250740e+03
-2.651258e+02
-2.203444e+03
3.589728e+03
-1.134947e+03
-1.521938e+03
4.004695e+02
2.877309e+03
3.561922e+02
-1.061659e+03
1.989831e+03
9.332781e+02
-3.355944e+03
-1.170716e+03
8.016146e+02
-6.900057e+02
5.650277e+02
2.112521e+03
1.209304e+03
2.140897e+03
-1.123882e+03
1.054661e+03
2.248002e+02
4.183250e+02
-6.495527e+02
1.394920e+03
1.193604e+03
9.637798e+02
-7.161068e+02
4.205616e+02
1.819024e+03
-8.646943e+02
1.497066e+02
4.547567e+02
-9.683707e+02
6.449507e+02
-3.436581e+02
-6.386790e+02
-4.479838e+02
-2.804951e+02
1.337575e+03
8.870550e+02
4.385866e+02
8.017930e+02
5.727731e+02
-1.017099e+02
-6.421260e+02
6.703921e+02
5.915711e+02
3.311091e+02
2.339023e+02
-3.361776e+02
-4.614752e+02
5.143240e+02
4.734363e+01
4.088003e+02
1.634943e+02
-9.456549e+01
5.717557e+01
-1.702636e+02
2.948374e+01
2.191786e+02
-8.410156e+01
3.711421e+01
9.188721e+01
5.478521e+02
-1.090841e+02
6.236857e+01
9.795326e+01
-2.445652e+02
-4.756841e+01
-1.468386e+02
-5.922176e+01
-2.628667e+02
-2.742092e+02
1.987850e+02
-8.070918e+01
2.190436e+02
-6.872189e+00
-8.144585e+01
-4.172632e+01
-3.332369e+01
6.076039e+01
7.256629e+01
-2.438372e+01
5.257766e+01
-2.066402e+02
-7.419265e+01
-2.598839e+01
-1.300896e+02
1.045036e+02
2.928464e+01
-1.173783e+01
-2.558912e+01
1.669762e+02
-1.991071e+01
-3.417205e+01
-2.317502e+01
-9.776872e+01
-7.006081e+01
-6.946785e+01
1.573709e+02
-8.563848e+00
-4.506436e+01
7.532143e+01
2.278534e+01
-1.678737e+01
1.311143e+02
7.099942e+01
-1.311557e+02
4.726434e+01
4.807226e+00
-6.662625e+01
5.012192e+01
-4.058915e+01
4.866857e+01
-1.956079e+01
1.696814e+01
6.344659e+01
-8.708406e+01
-2.149100e+01
5.764098e+01
-6.968464e+01
-1.170943e+00
7.552971e+01
5.039582e+01
3.701461e+00
-3.521156e+01
5.611222e+01
-4.589728e+00
5.679553e+01
-3.338208e+00
-1.241710e+00
-2.548500e+01
1.730148e+01
-3.886278e+01
2.546234e+01
3.640434e+01
-4.246840e+00
1.729991e+01
-4.266548e-01
-3.371736e-01
-5.095994e-02
-4.298439e-02
5.100079e-02
-2.503156e-02
2.289567e-01
9.569420e-02
-1.260210e-03
4.683477e-02
2.238206e-01
2.619838e-01
4.278755e-02
-1.259415e-01
1.184807e-01
-9.338779e-02
-1.895560e-02
1.472719e-01
6.666075e-02
1.767612e-01
8.687825e-02
5.371729e-02
6.521922e-02
-4.411755e-02
1.269309e-01
4.395057e-02
2.334128e-02
7.155826e-03
1.415803e-02
