6.520327e-02
-1.410093e+00
5.364002e-02
5.888000e+01
1.809844e+02
-1.153452e+01
3.540181e-04
1.683966e+05
-1.499421e+05
-5.530291e+05
2.789018e+05
-1.173842e+05
-3.119666e+05
3.156839e+05
-3.203991e+05
-1.433960e+05
-1.299506e+04
-1.561965e+05
8.902265e+04
3.705786e+04
-1.596949e+04
-9.415230e+04
1.834448e+04
-1.562964e+04
4.195314e+04
9.527666e+04
-2.653434e+04
8.813039e+04
-3.599978e+04
2.649949e+04
-1.745469e+04
1.222065e+04
2.697009e+04
-5.468834e+04
-3.106382e+04
-4.029379e+04
2.078087e+04
-1.075436e+04
6.269611e+03
-1.607154e+04
-1.713097e+04
1.194287e+04
-1.869262e+04
8.384951e+03
4.001450e+04
-1.227372e+04
-5.656167e+03
1.657631e+04
6.174299e+03
1.246254e+03
-1.802909e+04
-1.467285e+04
1.242114e+03
-1.737624e+04
1.042343e+03
4.986067e+03
-5.088649e+03
1.651125e+04
7.238058e+03
-6.677345e+03
1.391645e+03
8.608934e+03
-2.636517e+03
1.088938e+03
1.355706e+03
2.457328e+03
5.059686e+03
-2.905318e+03
-6.335594e+03
6.724694e+03
-8.674347e+01
-3.790457e+03
-5.661038e+03
1.867066e+03
-5.422209e+02
-9.098006e+01
1.437918e+03
4.419917e+03
-3.268520e+03
1.515803e+03
1.571615e+03
6.756642e+01
3.100547e+03
1.036818e+03
4.535945e+03
-1.123787e+02
-3.501491e+03
-1.153879e+03
-1.180756e+03
1.178894e+02
-1.527348e+03
1.942518e+03
7.624493e+02
1.431589e+03
-2.735173e+03
-1.215608e+02
-9.403945e+02
1.190762e+02
2.662220e+02
-4.885161e+02
1.933420e+03
1.714131e+03
3.756050e+02
-1.369669e+03
-6.595587e+02
4.496505e+02
1.254367e+03
9.904632e+02
-6.422307e+02
9.799680e+02
-1.739338e+03
7.453630e+02
3.040822e+02
1.344736e+03
1.333521e+03
4.072183e+01
-1.667614e+02
-8.668680e+02
6.833618e+02
-1.062901e+02
4.467148e+02
1.685825e+01
-2.624664e+02
-8.618542e+01
7.284562e+02
-3.859612e+02
4.379138e+02
1.527303e+02
-2.210972e+02
5.021154e+02
9.071636e+02
9.150662e+02
4.679632e+02
-5.238963e+01
-4.042720e+02
3.226304e+02
4.347039e+02
-3.879416e+02
2.701380e+02
1.965508e+02
-2.017633e+02
5.143950e+02
1.420949e+02
-1.109731e+02
-1.105073e+02
2.446001e+02
3.370816e+02
-3.859960e+02
3.105367e+02
3.353525e+02
-2.147313e+02
4.060359e+02
4.007831e+02
4.529773e+01
-4.117593e+02
-3.244157e+02
2.823969e+02
4.305831e+01
1.896365e+02
-3.332628e+02
-1.358990e+02
2.787120e+02
2.178995e+02
-1.235969e+02
8.610133e+01
-2.440209e+01
8.282538e+01
2.755409e+01
2.299410e+02
1.674112e+02
2.075280e+02
-1.206375e+02
-1.019165e+02
1.052163e+02
1.037222e+02
-4.990041e+01
5.981700e+01
-3.275921e+01
5.093915e+01
1.070043e+02
-1.222841e+02
1.141199e+02
7.213985e+01
-1.386058e+01
3.394372e+01
-8.405441e+01
-2.266068e+01
-8.978215e+01
3.156055e+01
5.613174e+01
4.435431e+00
-2.513509e+01
-7.607852e+01
8.746837e+01
-1.006090e+01
2.146656e+01
3.435712e+01
-7.328896e+01
-3.513985e+01
3.025516e+01
-1.243770e+01
-6.652654e+01
4.001553e+01
5.638991e+01
6.162962e+01
4.652308e+01
-1.130182e+00
7.199567e-02
-3.918158e-01
1.529506e+00
7.233035e-02
3.101711e-01
9.326150e-01
-8.411981e-01
-1.371391e-01
-5.479267e-01
-4.358273e-01
-5.089404e-02
-3.022728e-02
1.022063e-01
-3.024856e-01
-2.915301e-01
1.712268e-02
-1.904218e-02
-1.225204e-04
1.909562e-01
7.995939e-02
1.412280e-01
2.916862e-01
-1.772503e-01
6.512333e-03
-4.488268e-03
-9.857695e-02
-1.659785e-01
1.082367e-02
