-8.455395e-03
3.517827e-01
-8.140586e-02
4.295111e+01
1.733411e+02
-2.693504e+01
3.521366e-04
-1.743363e+04
7.986488e+04
1.384950e+05
-3.271567e+04
7.618242e+04
-1.454768e+04
4.535534e+04
4.366272e+04
7.815455e+04
-2.370575e+04
-3.170142e+04
1.072326e+05
-1.008384e+04
2.440570e+03
4.181334e+04
-2.443097e+04
7.804108e+03
1.274793e+04
1.108367e+04
2.538404e+03
8.937144e+03
1.604502e+03
1.447629e+04
5.964032e+03
-5.016867e+02
-9.188010e+03
-9.710188e+03
-2.375851e+04
-6.810551e+03
-5.376839e+03
-6.591700e+03
1.774479e+04
-3.561414e+03
-3.543982e+03
1.340728e+04
-6.445886e+03
-8.731905e+03
6.425776e+03
-8.680588e+03
4.657853e+03
6.427689e+03
-8.787594e+03
1.214970e+03
-4.407869e+03
3.270569e+03
1.801299e+03
2.136492e+03
3.994352e+03
-1.769124e+03
-2.269401e+02
2.430841e+03
1.654510e+03
-1.613518e+03
-6.122206e+03
1.532685e+03
1.176127e+03
1.119931e+02
-2.788286e+03
1.425998e+03
-9.027859e+02
-1.333003e+03
-3.492741e+03
2.712291e+03
5.705549e+02
2.326681e+03
7.129000e+02
1.978830e+03
-2.507214e+03
-7.576318e+02
-7.641380e+02
2.669785e+02
-2.163177e+03
-8.827267e+02
-5.449034e+02
-2.002998e+03
1.422135e+03
1.521586e+03
-7.106204e+02
1.861022e+03
-1.342862e+03
2.845346e+02
1.115901e+03
2.990099e+02
-7.241643e+02
1.276389e+03
1.385580e+03
8.236907e+02
-1.850900e+02
7.667355e+02
7.899016e+02
-1.195007e+03
-6.414803e+02
3.965956e+02
-9.119839e+02
-2.116864e+02
6.859549e+02
-4.922427e+02
-7.616456e+02
-6.298419e+02
9.113072e+02
7.415076e+02
1.159592e+03
7.423049e+02
5.100327e+02
-1.008254e+02
-4.281117e+02
1.585756e+02
-2.264299e+02
3.091409e+02
-1.511223e+02
-2.578465e+02
-2.799690e+02
7.285916e+02
3.231320e+02
3.292239e+02
9.291357e+00
-9.323413e+01
4.518769e+01
-1.189743e+02
2.956949e+02
3.152147e+02
-1.865285e+02
9.270476e+01
9.145168e+01
3.378104e+02
1.323534e+02
6.685157e+00
2.621172e+02
-2.953563e+02
1.823280e+01
5.727555e+01
-2.122865e+02
-2.717077e+02
-1.669660e+02
9.440733e+01
3.426805e+01
3.012140e+02
-2.582861e+01
-1.956189e+01
-2.152195e+02
-1.560645e+02
1.034208e+02
2.360325e+02
4.446235e+01
-2.232441e+01
-1.993456e+02
-7.035831e+01
-4.248115e+01
-7.633939e+01
5.153411e+01
-6.273481e+01
5.126814e+01
6.255037e+01
3.699353e+01
2.441644e+01
-4.217474e+01
-3.380696e+01
-1.286578e+02
-1.367193e+01
-5.792318e+01
1.932837e+02
-1.276705e+02
-6.252779e+01
3.091327e+01
5.687223e+01
2.472322e+01
1.567269e+01
-2.298157e+01
-1.052046e+02
6.248767e+01
1.516372e+01
-1.222325e+02
4.814697e+01
1.206709e+01
8.268005e+01
-2.292850e+01
-7.318123e+01
2.073991e+01
-3.078571e+01
4.271686e+01
4.282740e+01
-1.412292e+01
-2.856193e+01
9.432826e+01
1.396061e+01
-2.929660e+01
-3.071255e+01
4.733587e+01
1.682528e+01
1.480509e+01
-5.415377e+00
-7.904763e+00
-8.852262e+00
2.123696e+01
-2.148194e+01
-8.219629e+00
2.582236e+01
1.842253e+01
2.927711e+00
2.222237e-01
-1.643089e+00
-3.150884e-01
-9.962826e-02
4.040828e-02
-1.976431e-01
-4.456143e-02
4.224325e-01
2.390439e-01
2.973988e-01
3.050802e-01
4.179040e-02
1.464808e-01
-1.087969e-01
-4.929734e-02
-3.349362e-02
-7.404034e-02
-4.000508e-02
2.234349e-02
-3.613954e-02
-1.017530e-04
8.967780e-02
-1.188902e-01
-7.338931e-02
6.063648e-02
-5.066681e-04
-5.092002e-03
2.368884e-02
-9.483934e-03
