-2.858177e-01
7.737855e-01
3.669899e-01
5.006222e+01
1.915694e+02
-1.941703e+01
3.524525e-04
-1.041568e+05
-1.844278e+05
3.751992e+05
-1.976506e+05
-7.069438e+04
-2.410058e+04
4.527144e+04
2.928297e+04
-1.362226e+05
-7.903023e+04
-2.466197e+04
1.220765e+05
8.364581e+03
1.840849e+04
5.551519e+04
-5.006087e+04
1.844607e+04
1.300552e+04
-1.854660e+04
6.309756e+03
1.986966e+04
-7.117412e+03
3.177741e+04
-2.992465e+04
-1.194821e+04
-3.745085e+04
-2.875929e+04
-1.055488e+04
1.108605e+04
2.273926e+03
-1.777664e+04
2.329957e+04
-3.105625e+03
2.334569e+04
1.043140e+04
-1.147196e+04
-1.690720e+04
2.953983e+03
-3.633959e+03
-2.919110e+03
2.058789e+03
-1.471617e+04
2.720813e+03
4.024524e+03
6.518202e+03
8.791977e+03
-1.134973e+04
-2.252256e+03
9.466367e+03
2.157531e+03
2.823974e+03
9.607762e+02
-6.977766e+03
-4.332045e+03
3.817129e+03
-3.676988e+03
-2.562346e+03
-1.631098e+03
2.703612e+03
1.765857e+03
2.589086e+03
-1.741109e+03
2.679836e+03
-1.658927e+03
1.608774e+03
4.774572e+01
1.675789e+03
4.179229e+02
1.030587e+03
2.796945e+03
-1.793679e+03
-1.821507e+03
-1.395286e+03
-2.032887e+03
6.046541e+02
2.764252e+02
3.398908e+03
4.419873e+02
1.767568e+03
-2.211772e+02
-1.507586e+02
9.295756e+02
-5.207924e+02
-4.589582e+02
1.364278e+03
3.029718e+03
1.025373e+03
-2.589758e+02
2.591949e+02
1.007499e+03
-1.192840e+03
6.855145e+02
4.010227e+02
-1.041556e+03
-5.332229e+02
-5.989138e+02
-1.052979e+03
-2.361344e+02
-4.804112e+02
1.990121e+03
3.412709e+01
1.440797e+03
1.105598e+03
2.444255e+02
1.002346e+03
-3.577830e+02
7.427365e+02
1.503827e+02
4.242219e+02
-4.178532e+02
-2.165800e+02
9.495003e+01
4.784572e+02
5.338694e+02
6.459732e+02
-2.080304e+01
1.797010e+02
1.410862e+02
-1.762099e+02
5.170315e+01
2.592922e+02
1.047870e+02
-4.134376e+02
1.108202e+02
4.077956e+02
-3.390344e+02
-1.642367e+02
8.109767e+01
-2.552355e+02
1.379520e+02
-2.915330e+01
-1.846157e+02
-2.980462e+01
-3.636877e+02
2.900415e+02
-2.043959e+02
2.863123e+01
-3.014459e+02
-7.012054e+01
1.671064e+02
-1.188531e+02
-9.208006e+01
3.162456e+02
-9.909143e+01
2.992128e+01
4.889243e+01
-1.063380e+02
-2.755132e+00
-9.951147e+01
-1.026345e+02
2.290419e+01
2.154601e+01
-1.503861e+02
8.615513e+01
-9.094157e+01
1.432864e+02
-9.577713e+01
-5.189714e+01
9.324849e+00
-5.577533e+01
8.553032e+01
-1.202665e+01
-8.925656e+00
1.697640e+02
5.274668e+01
3.144805e-01
8.085319e+01
5.715023e+01
-7.043593e+01
-1.804852e+01
2.844863e+01
-7.987336e+01
3.504884e+01
8.489741e+01
1.473915e+02
-4.652839e+01
-2.127684e+00
4.994576e+01
-2.702859e+01
6.638358e+01
2.947557e+01
-3.463075e+00
4.415962e+01
3.842971e+01
7.381280e+01
-4.582381e+01
-4.027991e+01
1.647431e-01
4.505084e+01
-6.327008e+00
-6.012727e+01
-6.622790e+00
-1.933178e+01
-3.705567e-02
-5.512647e+01
-3.111121e+01
-1.657364e+01
2.702613e+01
1.968644e+01
-8.879354e-01
1.287176e+00
-9.079145e-01
-8.971184e-02
8.993739e-02
-2.667442e-01
-5.644566e-02
-2.479756e-02
-1.405809e-01
-2.963289e-01
2.374503e-01
-3.097976e-01
8.735208e-02
-1.054567e-01
1.452186e-01
-7.509764e-02
-1.917786e-02
9.915139e-02
7.968642e-02
6.119084e-02
1.804433e-01
1.449780e-01
6.506313e-02
-4.468043e-02
8.549074e-02
5.389906e-02
3.291037e-02
-7.364675e-02
-4.728668e-03
