-4.784139e-01
-1.433436e+00
3.892779e-01
5.262222e+01
1.860788e+02
-8.642854e+00
3.277039e-04
-3.289898e+05
-210085
3.155946e+05
-1.704855e+05
-6.251229e+04
-7.608252e+04
-1.840846e+05
1.325029e+05
-2.953038e+05
3.796752e+04
-9.432348e+04
7.139523e+04
-7.403280e+04
-3.157170e+04
-2.943906e+04
3.147041e+04
6.421747e+03
2.047937e+04
-3.121079e+04
2.425502e+04
-5.475350e+04
-2.718960e+04
-1.692886e+04
-6.529084e+04
2.566267e+04
-3.511690e+04
-3.833545e+04
1.667968e+04
4.316959e+03
2.108397e+04
1.562344e+03
-4.839531e+03
2.843124e+03
1.100943e+04
-2.481017e+04
-1.052919e+04
-1.149374e+04
1.438125e+04
-6.375344e+03
5.352449e+02
-3.011395e+03
-6.417397e+03
-4.238133e+03
5.926131e+03
-1.324906e+04
3.304924e+03
-4.879829e+03
-1.730274e+04
4.089535e+03
1.758552e+02
8.280152e+03
1.842541e+03
-1.234846e+04
-1.183262e+03
-1.423031e+03
-3.286891e+03
-2.906054e+03
5.751403e+01
4.925521e+03
3.665131e+03
9.911113e+03
-5.263556e+03
4.557384e+02
3.542866e+03
3.375919e+03
1.967303e+03
-1.590215e+03
1.928868e+03
3.091516e+03
2.250290e+03
9.292728e+02
-6.221159e+03
-6.635269e+02
-2.264967e+03
-3.793326e+02
-2.304150e+03
5.792729e+02
4.843171e+03
1.932301e+03
-1.604276e+03
-1.892611e+03
-8.430055e+02
1.365693e+03
9.324159e+02
-8.084515e+02
1.745235e+03
2.745644e+03
-1.703362e+03
7.828535e+02
1.717099e+03
4.349205e+02
1.668244e+02
5.862874e+01
-7.743256e+02
-5.404254e+02
4.394872e+02
-1.143384e+03
1.262897e+03
-3.356806e+02
1.141124e+03
6.597402e+02
7.553383e+02
1.577179e+03
-6.385784e+00
2.204261e+03
-1.861889e+02
5.298915e+02
-2.148154e+02
-6.674037e+02
-4.349261e+02
-5.546593e+02
-7.436790e+02
4.543508e+02
-3.948758e+02
4.570682e+01
-8.353958e+02
4.645431e+02
5.731161e+02
-2.154716e+02
-4.701009e+02
-2.896397e+02
-2.128884e+02
-4.307042e+02
2.836419e+02
1.672562e+02
7.904594e+01
4.325182e+02
-6.913221e+02
1.452855e+01
8.717166e+02
-3.859334e+02
2.138018e+02
4.205581e+02
-2.420414e+02
-1.188709e+02
-9.030726e+00
8.340334e+01
-2.523154e+02
2.468803e+02
2.091995e+02
-2.291185e+02
-2.919330e+01
2.996216e+02
1.476923e+02
1.751609e+02
2.514649e+02
4.405467e+00
-1.882980e+02
4.602030e+01
-6.373118e+01
2.497926e+02
-6.394561e+01
-1.206252e+02
1.429565e+02
3.326327e+01
6.027470e+01
4.467000e+00
4.531951e+01
-3.194326e+01
-2.026767e+01
4.344353e+00
-9.982033e+01
8.111694e+01
1.104539e+02
1.863812e+02
8.116897e+01
7.998232e+01
-2.687029e+01
8.301679e+00
2.287667e+00
4.305539e+01
3.025861e+01
-4.349918e+00
5.826945e+01
-7.091303e-01
-3.546883e+01
-1.338362e+01
8.600951e+01
3.101825e+00
1.593718e+02
4.973943e+01
-1.233500e+02
-4.204518e+00
-1.174723e+01
1.724559e+01
-2.876095e+01
1.378573e+01
-3.305072e+01
1.398517e+01
-9.577651e+01
2.820663e+00
1.035838e-01
5.814533e+01
4.881360e-01
-6.247956e+01
5.621686e+01
-7.455750e+01
2.982135e+01
3.680346e+01
-3.818930e+00
2.529258e+00
-6.744626e-01
8.963368e-01
-2.827169e-01
-5.015630e-01
-3.152395e-01
-1.180090e+00
4.043770e-02
-6.122794e-01
3.100387e-01
-6.536255e-01
2.493656e-01
1.859646e-01
1.246148e-01
3.517408e-01
7.624156e-02
-4.019715e-02
-5.328974e-02
-1.802093e-01
-2.034907e-01
2.090702e-01
-1.343672e-01
-1.609396e-01
-1.124504e-02
2.929818e-02
1.032866e-01
-1.329238e-01
-5.316131e-03
