-2.350521e-01
5.780837e-01
-2.872350e-02
4.778667e+01
1.979246e+02
-2.306703e+01
3.497562e-04
5.786344e+03
-2.025525e+05
4.519302e+04
1.250766e+05
9.001737e+04
7.839613e+04
1.220860e+04
-2.733492e+04
1.141061e+04
-2.774271e+03
4.409522e+04
6.524057e+04
5.922232e+04
-1.142107e+03
-1.212200e+04
2.729471e+04
-9.358640e+03
2.380276e+04
-3.429601e+04
-8.153460e+03
-8.622941e+03
1.421263e+04
3.829198e+04
-4.096040e+04
-1.590283e+04
1.138861e+04
-1.499414e+04
5.424382e+03
4.606925e+03
1.486780e+01
9.221580e+03
8.522646e+02
8.759810e+03
1.393812e+02
-1.341148e+03
-2.274858e+04
-5.408846e+03
5.606642e+02
-9.261774e+03
-1.048021e+03
1.484262e+04
-5.949154e+03
1.190969e+03
7.837109e+03
5.489124e+02
-3.110268e+03
5.368033e+03
-3.630997e+03
2.634529e+03
8.842604e+02
4.310626e+03
-3.409107e+03
-6.597421e+03
-5.469834e+03
2.950377e+03
-2.375150e+02
-3.009007e+03
-1.028467e+03
2.260534e+03
1.713899e+02
-3.247393e+02
-4.355223e+03
4.662847e+03
-1.153641e+03
-1.020714e+03
-3.215455e+03
1.853854e+03
6.581329e+02
-7.334539e+02
1.869391e+03
2.175701e+03
-2.018734e+03
1.651418e+02
-5.195260e+02
-1.516538e+03
-6.215352e+02
1.065386e+03
1.211534e+03
3.053598e+03
3.356445e+02
5.511945e+02
-2.284446e+02
-9.816370e+02
1.691390e+02
4.281808e+00
7.482018e+02
1.090252e+03
-2.244497e+02
7.332495e+02
1.389111e+03
-1.011214e+03
-4.448107e+02
3.168409e+02
-3.700518e+02
-1.397244e+02
3.982392e+02
-6.323015e+02
-6.924243e+02
-2.125448e+02
1.916548e+03
5.538893e+02
4.740993e+02
6.013049e+02
1.724236e+02
4.198080e+02
-2.556470e+02
6.974601e+02
4.650770e+01
-1.684384e+01
5.669957e+01
-3.438534e+02
-3.705478e+02
1.503121e+02
2.478504e+02
-1.787782e+02
1.516257e+02
1.384156e+02
3.112600e+02
-3.052889e+02
-8.537299e+01
-7.937521e-01
3.922945e+01
-5.405820e+02
3.735510e+02
5.363656e+02
-5.709751e+01
7.184879e+01
1.884744e+02
1.317156e+02
1.505412e+02
-9.888116e+01
-1.600866e+02
-3.471866e+02
3.339440e+01
6.664884e+01
-8.802025e+01
1.835820e+02
-6.451919e+00
-1.323072e+02
7.585207e+01
6.914610e+01
1.452887e+02
9.493642e+01
1.168360e+02
-4.716082e+01
-7.596667e+01
-4.642867e+01
-3.178518e+01
-3.101932e-01
1.340548e+02
7.300178e+01
-1.820470e+02
-6.778508e+01
2.246038e+02
-7.431361e+01
9.037122e+01
8.923333e+01
-1.389890e+00
-5.996889e+01
-5.449635e+01
6.808607e+01
-1.018534e+02
6.023864e+01
6.260789e+01
8.896901e+01
1.316645e+01
1.837634e+01
7.392769e+01
-6.902333e+01
4.037621e+01
2.400119e+01
-9.176984e+01
-2.502607e+01
-4.267843e+01
9.407419e+01
-5.952165e+01
-2.880107e+01
3.449738e+01
-3.443287e+01
6.193101e+01
2.991573e+01
-5.278351e+01
-8.085446e-01
4.954681e+01
4.411519e+01
-2.084271e+01
2.713526e+01
3.497147e+01
-3.843405e+00
1.531757e+01
-3.809191e+01
1.471541e+01
-5.419538e+00
3.046469e+00
-4.094352e+01
-2.276299e+01
1.316998e+01
2.861002e+01
1.024430e+01
-2.318106e-01
5.820727e-01
-1.655931e-02
1.933617e-01
2.051903e-01
-3.656082e-01
1.241494e-01
3.478465e-01
1.286741e-01
8.611621e-02
4.280216e-02
-1.594106e-01
-1.145560e-01
3.678438e-02
3.470202e-02
1.303850e-02
-5.323107e-02
3.544320e-02
1.873073e-02
-1.715482e-02
1.188704e-01
2.528390e-02
-4.968962e-02
-4.562457e-02
6.986879e-02
5.296209e-02
-4.801156e-02
-1.232570e-01
3.121964e-02
