-1.922810e-02
6.982195e-01
-1.793126e-02
4.920889e+01
1.819644e+02
-2.288105e+01
3.477025e-04
1.939052e+05
-2.773311e+05
-1.554857e+05
3.367105e+05
-5.365662e+04
-3.199571e+05
3.846182e+05
-3.564201e+05
3.656947e+04
-8.920720e+04
-1.931054e+05
4.475243e+04
-1.195404e+04
5.323937e+04
1.198630e+04
-2.312379e+04
-1.305457e+04
7.863595e+04
2.591219e+04
-2.354289e+04
7.383555e+04
-3.431584e+04
2.289170e+04
-3.895488e+04
4.565471e+04
-9.342482e+03
-4.895214e+04
-1.722577e+01
-1.198054e+04
2.394707e+04
-3.481818e+03
2.614561e+04
-1.583435e+04
-1.284688e+04
8.364532e+03
-2.494685e+04
-9.814649e+03
9.457707e+03
4.689477e+03
-1.192176e+04
3.675507e+03
-6.716480e+03
-5.946969e+03
-2.454287e+04
-4.727558e+03
5.714190e+03
-1.374845e+04
-5.419453e+03
7.482020e+03
-3.184379e+03
7.785848e+03
-5.598625e+02
-8.741481e+03
4.584485e+02
4.994985e+03
-1.257506e+03
1.312507e+03
3.996920e+02
6.188160e+02
2.048899e+03
-3.180562e+03
-3.222760e+03
5.442949e+03
-2.554852e+03
-4.506817e+03
-3.894635e+03
1.392827e+03
8.168826e+02
-2.304390e+02
5.903082e+02
3.123155e+03
-8.200611e+02
3.386922e+02
-7.418338e+02
-1.054363e+03
2.045026e+03
-1.751852e+02
4.433421e+03
1.375802e+03
-1.271183e+03
-9.323247e+01
9.426161e+02
-3.507282e+02
-6.406416e+02
2.068011e+03
1.746397e+03
1.442237e+03
-2.434566e+03
7.696304e+02
-7.566481e+02
5.079896e+02
1.261162e+03
-5.710281e+02
1.107095e+03
8.338572e+02
-9.844988e+02
-1.681276e+03
-6.666774e+02
1.226557e+03
2.267412e+03
5.554648e+02
-1.028310e+02
1.004871e+03
-1.387605e+03
4.737282e+02
-2.001393e+02
9.791019e+01
2.387207e+02
5.502160e+02
5.284042e+02
-7.051850e+02
4.487242e+02
3.285754e+01
1.326305e+02
1.881392e+02
-8.030547e+01
-1.366774e+01
1.728813e+02
4.249127e+01
-3.768887e+02
1.198308e+02
-2.838494e+02
1.456375e+02
9.621785e+02
5.698329e+02
5.255010e+02
-5.996913e+01
-1.757154e+02
-1.220815e+02
4.902369e+02
-6.497618e+02
-7.450543e+01
4.221394e+02
-4.052766e+02
5.526980e+02
-3.833529e+00
-8.776149e+01
-2.378735e+02
9.820995e+01
3.581312e+02
-2.757448e+02
2.841009e+02
4.385539e+02
-4.254075e+02
1.798277e+02
4.868493e+02
-4.466819e+01
-3.316347e+02
-2.270329e+02
1.752015e+02
-5.853805e+00
1.471794e+02
-1.426390e+02
-2.278529e+02
1.298261e+02
3.409760e+02
-1.590069e+02
2.342375e+02
-1.886691e+01
2.127704e+01
-1.812638e+01
4.359527e+02
1.076599e+02
2.422656e+02
-1.392472e+02
-2.118553e+02
1.175729e+02
1.364391e+02
1.075523e+01
-4.607349e+01
-3.225884e+00
1.138166e+02
1.983878e+02
-8.476875e+01
1.120951e+02
-4.145130e+00
-2.148851e+01
8.751611e+01
-5.010430e+01
-5.234495e+01
-1.192118e+02
8.144030e+01
9.521188e+01
6.143678e+00
1.186170e+00
-6.322332e+01
2.903036e+01
-2.777429e+01
4.205142e+01
3.021407e+01
-1.083194e+02
1.350537e+01
-6.002484e+00
-1.551247e+01
-4.381005e+01
3.876557e+01
8.345000e+01
5.226524e+01
3.828212e+01
-1.906480e-01
3.238034e+00
-1.026637e+00
1.444497e+00
1.433753e-01
1.223723e-01
9.169896e-01
-7.067465e-01
6.392424e-02
-4.988013e-01
-6.349501e-01
7.516360e-02
4.372985e-02
6.039679e-02
-1.967819e-01
-2.304835e-01
6.773660e-02
1.898816e-01
7.569672e-02
2.263064e-01
6.595172e-02
1.518437e-01
2.340931e-01
-9.813983e-02
3.985933e-02
1.568504e-02
6.887953e-02
-6.895719e-02
-2.627721e-03
