-1.578872e-01
-6.691141e-01
8.850676e-03
4.864000e+01
1.918658e+02
-2.401793e+01
3.614458e-04
-1.241834e+05
-8.415291e+04
1.821954e+05
-2.516319e+05
9.991551e+03
-1.624008e+05
5.366654e+04
-3.955246e+04
-1.014273e+05
1.407099e+04
-9.263805e+04
1.601515e+05
1.101233e+04
1.536218e+04
7.423750e+04
-7.858701e+04
5.252702e+04
-1.707257e+04
-1.897273e+04
-4.217655e+04
-2.297693e+04
3.922912e+03
-5.774445e+03
-2.116484e+03
-4.544796e+04
-1.899942e+04
-3.170372e+04
-7.235737e+03
-1.247256e+03
9.313450e+01
-2.136672e+04
1.856602e+04
3.506542e+03
12909
-1.425492e+04
-8.257484e+03
-4.902569e+03
-6.325697e+03
3.521013e+01
1.072528e+04
5.774136e+03
-7.462104e+03
4.030510e+03
3.280807e+03
-1.550358e+03
-3.646812e+03
-4.453528e+03
2.098957e+03
-3.491587e+03
3.380235e+03
3.228344e+03
6.308401e+03
-8.909929e+03
-6.959664e+03
-1.394847e+03
2.898819e+02
1.843063e+03
-7.183969e+02
7.063862e+03
1.621894e+03
2.781327e+03
-3.712918e+03
2.669871e+03
-3.117677e+03
3.338718e+03
4.113675e+02
1.940697e+03
7.376119e+02
-7.868802e+01
4.354905e+01
-3.926082e+02
-2.229375e+03
-8.369109e+02
-4.992958e+01
-2.388662e+03
-1.463147e+03
1.213690e+03
4.148445e+02
1.564573e+03
-1.028359e+03
-4.761330e+02
1.776833e+02
6.334171e+02
2.062047e+02
7.296625e+02
1.380138e+03
2.382900e+03
-1.158405e+03
-4.323192e+01
1.839233e+03
-1.520217e+03
-6.677823e+01
-1.069726e+03
-2.852144e+02
-7.261124e+02
6.255149e+02
-7.241630e+02
-6.498381e+02
-6.226861e+02
1.500466e+03
8.742858e+02
1.422456e+03
1.459773e+03
5.248273e+02
1.285808e+02
-6.855825e+01
6.330815e+02
-5.748125e+01
5.247955e+02
-5.261591e+02
-3.362584e+02
-5.535250e+02
3.908164e+02
2.576165e+02
2.987035e+02
3.489043e+01
-1.537036e+02
2.700611e+02
-1.058125e+01
1.698996e+02
3.519663e+02
-5.019245e+02
-4.733279e+02
2.625601e+02
4.277160e+02
-7.620552e-01
1.096858e+02
-1.102148e+01
-2.978057e+02
2.836867e+01
-1.046618e+02
-7.900378e+01
-1.821044e+02
-4.330101e+02
2.400842e+02
2.473897e+02
3.378785e+01
3.726956e+01
-8.363867e+01
-3.210740e+01
-2.336246e+02
4.478244e+01
4.386414e+02
1.193728e+02
1.105599e+02
-7.730326e+01
-6.664725e+00
3.450051e+01
-7.735911e+01
-9.487746e+01
8.983389e+01
1.148226e+02
7.650367e+00
-6.897244e+01
-7.604271e+01
9.890107e+01
-1.173585e+02
-2.264223e+02
-1.747322e+01
-3.073248e+01
7.510661e+01
-4.921141e+01
3.872155e+01
7.496406e+01
8.723598e+01
7.510110e+01
7.818523e+01
9.787437e+01
-8.221965e+01
9.482545e+01
4.732708e+01
-6.383382e+01
9.321786e+01
5.957026e+01
7.300202e+01
4.681807e+00
-3.950700e+01
6.075097e+01
1.884423e+00
3.749261e+01
1.384785e+02
-2.917945e+01
2.441220e+01
3.671098e+01
5.976505e+01
-2.092968e+01
-3.823972e+01
-5.913760e+00
8.283185e-01
1.262997e+01
-1.315288e+01
-8.710100e+00
2.522110e+00
1.534165e+01
-6.626182e+01
-1.866614e+01
-3.079389e+00
3.163972e+01
-3.433762e+00
-9.872399e-01
1.118977e+00
-1.146029e+00
1.717712e-02
-2.675289e-02
-1.269035e-01
9.475393e-02
1.231714e-01
1.806959e-01
-3.293644e-01
6.308752e-01
2.386725e-01
3.461451e-02
-5.480869e-02
2.316188e-01
6.783528e-03
-5.536268e-02
1.122592e-01
4.288850e-03
2.690391e-01
2.178583e-03
8.305660e-02
6.118870e-02
-4.318659e-02
2.343497e-01
4.416065e-02
-1.607306e-02
-7.429129e-03
-2.585977e-02
