-1.695503e-01
-1.526728e+00
2.702193e-01
5.603556e+01
1.739019e+02
-1.028546e+01
3.490100e-04
1.961244e+04
8.492834e+04
-8.372633e+04
-2.021222e+05
-2.033323e+05
-1.714325e+04
-2.888243e+04
7.320418e+04
-7.393736e+04
2.156034e+04
-4.268096e+04
7.540159e+04
-6.704114e+04
-1.698002e+04
-5.642902e+04
3.835265e+04
-2.475172e+03
5.509054e+03
1.609504e+02
-4.652829e+04
-2.657132e+04
-2.781427e+04
-6.065393e+04
7.572458e+03
-3.946810e+04
-7.907364e+03
-4.677140e+03
-2.595128e+04
-9.796755e+03
-2.360150e+04
7.787962e+02
1.331251e+04
1.066564e+04
-2.241107e+04
1.450063e+03
3.138460e+03
-6.380675e+03
5.549551e+03
-8.284405e+03
-7.305130e+02
7.962978e+03
-1.367907e+04
-5.528750e+03
3.296468e+03
-1.806542e+03
-5.815075e+03
7.105632e+03
-3.639190e+03
-7.108824e+03
-4.581393e+03
6.209125e+03
-7.448909e+02
-5.620553e+03
4.056826e+01
1.596228e+03
-4.380980e+02
-1.443261e+03
-1.740427e+02
2.330964e+03
3.883107e+03
-2.605897e+03
-9.993811e+02
3.761702e+03
1.469409e+03
-1.235645e+03
-1.390124e+03
9.481619e+02
1.470388e+03
-4.215972e+02
2.618485e+01
2.588903e+03
-2.726708e+03
-5.772337e+01
7.249102e+01
-3.326822e+02
8.595565e+02
9.523273e+02
1.462637e+03
3.954849e+02
-7.818489e+02
1.564946e+02
-1.403507e+03
2.320371e+03
-2.857187e+02
-3.761771e+02
6.721998e+02
8.065958e+02
-3.748209e+02
5.716005e+02
8.418945e+02
-1.743920e+03
7.052770e+02
7.867105e+01
-1.128778e+02
4.322390e+02
7.429016e+02
-1.350550e+02
-1.798303e+02
-6.646671e+02
4.859225e+02
-5.183223e+01
4.318466e+02
1.013994e+02
5.771061e+02
4.429081e+02
-6.833046e+02
-1.329756e+02
-3.700056e+02
2.824182e+02
-3.337564e+02
8.930758e+01
5.442246e+00
2.692033e+02
-1.283673e+02
4.407999e+02
-1.631426e+02
1.603389e+02
-1.003544e+02
3.136521e+02
6.353141e+01
-9.961205e+01
-3.060067e+02
5.209866e+00
9.673122e+01
5.450845e+02
1.138958e+02
1.758145e+02
1.916986e+02
-1.079361e+02
8.251814e+01
-1.373527e+02
1.961017e+02
-2.301951e+02
1.043544e+02
2.065868e+02
1.487998e+01
7.788941e+01
1.403584e+01
3.283051e+01
3.822456e+01
-2.071135e+02
5.424607e+01
1.337730e+02
-1.265536e+02
1.605088e+02
-1.061770e+02
-2.543554e+01
-1.633784e+02
-1.185872e+02
1.397489e+02
4.683458e+01
2.911231e+01
-8.025307e+01
1.254253e+02
1.518596e+02
-3.524558e+01
1.333464e+01
3.197167e+01
-1.464362e+01
-7.434032e+01
9.881860e+01
-8.483799e+01
-6.485596e+01
7.681858e+01
1.167933e+02
2.432799e+01
3.284515e+01
-2.976424e+01
-5.927473e+01
6.631345e+01
5.627059e+01
-9.650224e+01
2.184913e+01
2.549968e+01
6.485336e+01
-2.794460e+01
-1.072836e+01
3.585310e+01
-3.123842e+01
-3.389080e+01
1.103913e+01
-1.373471e+01
-4.131908e+01
2.853985e+01
2.071749e+01
-2.306449e+01
8.966321e+00
4.830722e+01
-1.702621e+01
-4.839735e+01
-8.871689e+00
-1.577198e+01
-9.206875e+00
3.536332e+01
-2.036147e+01
4.449767e+01
-2.675744e+00
5.690225e+00
1.482215e+01
-6.694932e-01
-1.306083e+00
3.446834e-01
-7.678356e-02
-3.132402e-03
1.811651e-01
2.564455e-01
-7.140461e-02
-7.187214e-02
2.683816e-01
1.956914e-02
-2.943779e-01
1.430298e-01
1.632431e-02
3.168070e-02
4.850895e-02
2.519760e-03
3.930299e-02
3.397492e-02
-6.520849e-02
2.793462e-02
9.244968e-02
-1.256047e-02
5.541600e-02
-1.148078e-03
5.638513e-02
-1.078342e-02
-3.320368e-02
4.461088e-02
