-1.163545e-01
7.059963e-01
8.664101e-02
4.892445e+01
1.852917e+02
-2.267628e+01
3.537736e-04
-5.514968e+04
1.438516e+04
2.925356e+04
-3.447792e+05
-7.546465e+04
2.141117e+04
6.666271e+03
7.911502e+04
-9.672418e+04
-1.443585e+05
-1.735955e+05
1.158490e+05
-8.062495e+04
1.734644e+04
6.471445e+03
1.417287e+04
3.229300e+04
-6.170018e+02
-3.778596e+04
-3.807015e+04
-4.095843e+04
-3.805597e+03
-3.079522e+04
-4.507979e+04
-4.477287e+04
-1.483150e+04
-5.328736e+03
5.805209e+03
3.245308e+03
-1.040485e+04
2.526348e+03
1.102200e+04
9.699997e+03
1.834137e+03
4.417273e+03
-1.746622e+04
-1.925961e+04
-1.046087e+04
4.932845e+03
1.072121e+04
3.148577e+03
-1.256735e+04
-7.446398e+02
1.226760e+04
1.721212e+03
4.128511e+03
1.114401e+04
-5.197536e+03
-4.061678e+03
5.932913e+03
2.900603e+03
-2.437700e+03
-6.048909e+03
-3.896615e+03
5.505884e+03
-5.155081e+02
-2.864809e+03
4.802568e+01
1.698532e+02
2.068170e+03
7.319422e+02
-1.525984e+03
6.343597e+03
-1.606109e+03
1.121051e+03
4.373656e+02
4.392737e+02
2.222128e+03
-1.451655e+03
2.032162e+03
1.859239e+03
-3.149157e+03
-1.985846e+03
8.671351e+02
-7.227272e+02
-1.369180e+03
1.908301e+03
2.428956e+02
2.300904e+03
-5.500286e+01
6.077086e+02
-6.513950e+02
1.366392e+02
7.046536e+02
2.136416e+02
1.308057e+03
1.333192e+03
-6.136584e+02
1.102717e+03
2.071188e+03
-1.684818e+03
-1.857225e+02
-9.761636e+01
-1.281859e+03
-1.216472e+02
-1.658111e+02
-9.131262e+00
-1.079715e+03
-3.250829e+02
1.821484e+03
1.042509e+03
8.368472e+02
6.702930e+02
1.020131e+03
-3.977153e+01
-3.088086e+02
5.463585e+02
2.002954e+02
7.603585e+01
-1.022067e+02
2.002521e+02
-2.946141e+02
4.227691e+02
1.447250e+02
2.237760e+02
1.792295e+02
9.209547e+01
1.757952e+02
-5.106286e+01
-2.365811e+02
1.571368e+02
-1.022736e+02
-3.368971e+02
2.783356e+02
5.326257e+02
-3.846782e+02
9.483954e+01
2.732728e+02
-1.028234e+02
4.491285e+01
2.325702e+01
-4.895372e+01
-2.888300e+02
-1.962405e+02
-3.390165e+00
-2.106155e+02
2.064955e+02
-9.442578e+01
1.917272e+01
-4.953518e+00
-2.019431e+01
-1.079634e+02
1.738522e+02
9.706662e+01
5.384272e+01
-2.636679e+02
-9.139336e+01
1.617915e+02
-8.072822e+01
2.569313e+01
8.180944e+01
-1.606676e+02
-5.411271e+01
1.292053e+02
-3.965629e+01
6.610806e+01
-5.359746e+01
-7.562115e+01
-1.307066e+02
-1.551048e+02
5.344644e+01
-1.044710e+02
-1.185265e+02
-1.198269e+01
5.988849e+01
1.496297e+01
1.023255e+02
1.291852e+01
-8.121597e+01
-4.339883e+00
3.480234e+01
-8.323448e+01
4.591699e+00
8.518073e+00
6.730302e+01
-4.710382e+01
3.006177e+01
5.765565e+01
-5.047918e+01
-2.670965e+00
7.037391e+01
-2.391847e+01
3.770137e+00
3.128440e+01
5.010757e+01
-1.054470e+01
-2.378618e+00
3.180633e+01
1.700205e+01
-4.721976e+00
-1.934164e+01
3.740447e+00
-3.760880e+01
1.161605e+01
-4.351481e+01
-7.148919e+00
2.230669e+01
8.353097e-01
5.296082e+00
-8.290838e-01
1.642484e-01
-2.009750e-01
-2.077516e-01
1.772759e-01
-7.781089e-02
-7.443570e-02
2.811673e-02
3.844273e-02
7.203775e-03
2.995971e-01
3.487438e-02
-2.421787e-02
1.895305e-02
7.939219e-02
-4.499353e-02
3.215625e-03
6.754964e-02
3.007841e-02
7.372735e-02
1.148764e-01
4.577621e-02
8.861176e-02
4.321367e-02
1.059481e-01
9.112642e-02
-5.847214e-03
-2.921918e-02
7.472239e-02
