-4.041163e-01
9.575214e-01
-2.736273e-02
5.489778e+01
2.099770e+02
-1.751526e+01
3.595420e-04
-1.661248e+05
-2.747590e+05
7.445705e+04
-8.121705e+04
3.555547e+04
-2.000096e+04
-4.833348e+04
4.895744e+03
-1.833967e+05
3.415181e+04
3.917490e+04
8.897277e+04
-5.887817e+02
-2.350124e+04
-4.949421e+04
-3.812214e+04
8.612307e+03
5.260636e+03
-1.005820e+04
1.049878e+03
3.264822e+04
-4.434281e+03
-7.986335e+03
-3.479482e+04
2.794135e+04
-2.974490e+04
-2.969234e+04
-1.438376e+03
4.288897e+03
9.586292e+03
1.401935e+03
8.993699e+03
3.798302e+03
4.543968e+03
-1.856534e+04
-7.962187e+03
-1.374031e+04
1.966682e+04
2.285113e+03
-3.882332e+03
5.452458e+03
-1.877104e+04
-1.760473e+03
2.432091e+03
-4.909526e+03
5.130741e+03
-8.219251e+03
5.937214e+00
9.511969e+03
3.632173e+03
1.218294e+04
2.970870e+03
-5.368276e+03
-6.056744e+03
2.695751e+03
-1.554680e+03
9.359822e+02
-1.451883e+03
2.994982e+03
3.519009e+03
7.740066e+03
-5.411333e+03
1.761018e+03
2.323567e+03
5.407880e+02
1.184348e+03
4.042679e+02
4.524752e+02
-1.429523e+01
4.105470e+02
3.176110e+02
-4.164361e+03
7.295791e+02
-3.114321e+03
7.394985e+02
-7.270512e+02
1.712000e+03
2.867886e+03
9.108276e+02
-6.248353e+02
-1.105087e+03
5.380926e+02
-2.557223e+02
7.016339e+02
1.127054e+03
2.543509e+03
1.817914e+03
-5.637827e+02
4.202965e+02
1.545543e+03
-5.808808e+01
7.899433e+02
2.316691e+01
-2.070209e+02
-2.783514e+02
4.234117e+02
-1.805190e+03
9.614272e+02
-7.976020e+02
1.028602e+03
5.960844e+02
1.224856e+03
1.507277e+03
-2.800984e+02
2.136704e+03
-2.097532e+02
3.938851e+02
-2.336579e+01
1.283372e+02
-1.717642e+01
-7.461840e+02
-4.621689e+02
2.458430e+02
2.240368e+02
5.634996e+02
-3.515466e+02
2.291598e+02
7.848132e+02
-5.706468e+02
-4.872243e+01
-1.366539e+02
-9.158528e+01
-2.450830e+02
2.639111e+02
2.405201e+02
-1.791754e+02
6.425983e+00
-4.836894e+02
-8.096951e+01
5.675781e+02
-3.045669e+02
1.266710e+02
1.524206e+02
-1.277955e+02
2.104271e+02
-4.600556e+00
2.837394e+02
-2.915150e+02
1.099701e+02
3.141201e+02
-1.243719e+02
-9.909617e+01
3.535320e+02
6.779075e+01
1.406962e+02
1.951272e+02
-1.207426e+01
-1.640621e+02
8.648487e+01
-5.528904e+01
9.933250e+01
-2.077532e+00
-1.991259e+02
1.095507e+02
3.216103e+00
7.397180e+01
-1.733963e+01
-1.080076e+02
7.583083e+00
-1.008752e+00
1.929781e+02
-1.511571e+02
9.955978e+01
1.081881e+02
4.106861e+01
1.305318e+02
7.752103e+01
-4.071243e+01
-2.611669e+01
-2.528152e+01
3.168070e+01
-5.261689e+01
-1.189909e+01
-2.207722e+01
8.042011e+01
-4.228092e+01
-3.758962e+01
6.447087e+01
-1.970524e+01
2.028526e+02
6.482645e+01
-1.197901e+02
1.533661e+01
5.967834e+01
4.368347e+01
-7.136552e+01
2.649509e+01
-1.829973e+00
2.584904e+01
-6.517832e+01
-2.670272e+01
-4.484682e+01
2.365849e+01
-8.036053e+00
-8.219902e+01
2.266043e+01
-2.386032e+01
4.335636e+01
3.398555e+01
-3.008507e+00
1.613146e+00
-3.905979e-01
9.478511e-01
2.750199e-01
-4.221513e-01
-3.097639e-01
-7.335699e-01
5.645411e-02
-2.471306e-01
8.043734e-02
-3.143965e-01
-1.679951e-01
4.156927e-02
2.811088e-01
2.752798e-02
-3.284689e-02
-2.283625e-02
-6.659748e-02
-3.029860e-03
-7.457615e-03
1.206073e-01
1.125853e-02
-2.187372e-01
1.298320e-01
3.066840e-02
-1.825959e-02
-8.661947e-02
1.130189e-02
