1.243434e-01
-5.384404e-01
-6.473062e-02
4.209778e+01
1.678082e+02
-2.710507e+01
3.649077e-04
6.696221e+04
8.656728e+04
-2.727894e+05
-2.534049e+05
-1.216683e+05
-6.617616e+04
8.233152e+04
1.029082e+04
1.898677e+03
9.070311e+02
3.757377e+03
9.614492e+04
1.672581e+04
1.798522e+04
2.862682e+04
2.559086e+04
-1.686267e+04
2.556461e+04
3.751240e+04
-1.593990e+04
-4.192609e+04
-1.813572e+04
-2.770267e+04
7.775451e+03
-7.079973e+04
-1.031740e+04
-6.542333e+03
-3.444242e+04
-2.585555e+04
-1.808423e+04
-2.705921e+04
3.767292e+04
6.956642e+03
9.812996e+02
-1.736626e+03
-4.537133e+03
-3.467259e+03
2.446127e+03
-2.271389e+03
1.910368e+04
1.191860e+04
-1.212672e+02
2.878710e+03
-5.024918e+03
-1.533818e+04
-9.071127e+03
2.266433e+03
2.615836e+02
-4.160456e+03
-2.640406e+03
5.410114e+03
3.497701e+03
-4.508256e+03
1.634294e+03
-3.939315e+02
-4.589505e+03
1.296340e+03
-5.940353e+02
5.525038e+03
-1.965192e+03
-2.204219e+03
-7.274523e+02
3.478615e+03
-1.505503e+01
-9.776446e+02
-2.779571e+03
3.144928e+03
1.515482e+03
-6.165698e+02
9.076876e+02
4.082105e+03
-3.423241e+03
5.748795e+02
2.661218e+03
-1.699839e+03
1.685748e+03
-3.807523e+02
7.267233e+02
8.257214e+02
-1.916082e+03
-3.256202e+02
7.668425e+01
8.222903e+02
-3.543289e+02
1.458804e+03
-2.206376e+02
5.742446e+02
-6.793257e+02
9.515039e+02
5.326251e+02
-2.030433e+03
-2.300497e+02
3.042199e+02
2.952691e+02
4.181914e+02
1.005891e+03
1.542968e+02
-1.320630e+03
1.764421e+01
7.671691e+02
1.144304e+03
-8.933029e+01
5.114313e+02
3.061770e+02
-7.814917e+02
-6.481471e+02
-2.541244e+02
6.677712e+02
2.014114e+02
-6.190082e+02
-7.582515e+02
-4.693116e+02
2.055223e+02
-1.589067e+02
-1.570959e+02
-1.397396e+02
-3.889353e+02
-2.550152e+02
5.956443e+01
6.396321e+01
1.734451e+01
-5.646169e+02
-2.029117e+01
3.201221e+02
6.165280e+02
-1.138690e+02
1.811866e+02
-2.428582e+01
5.246784e+01
-4.140658e+01
-4.896295e+01
1.035718e+02
-3.166311e+02
-6.865790e+00
1.145511e+02
1.648412e+02
3.334700e+02
2.605724e+01
-3.590061e+01
-6.092295e+01
-1.090352e+02
1.095923e+02
1.359012e+02
-3.512569e+01
1.332269e+02
-2.600609e+02
-2.395757e+02
-3.362245e+01
-1.195084e+02
2.321977e+02
-7.893761e+01
3.095953e+01
-3.944112e+01
1.658673e+01
1.542067e+02
-4.232181e+01
-8.028059e+01
-1.112417e+02
-3.260548e+01
-5.154366e+01
7.285800e+01
-1.130229e+02
-1.504880e+02
3.724970e+01
1.081969e+02
7.945469e+01
1.231208e+01
1.227933e+02
-1.191834e+02
1.230443e+02
3.375560e+01
-1.508104e+02
1.173097e+02
-1.079796e+01
8.810823e+01
-7.438617e-01
-2.382181e+01
3.687640e+01
-1.092159e+02
-7.232590e+01
7.134125e+01
-3.526581e+01
-4.979686e+01
4.244383e+01
-8.678080e+00
2.283590e+01
5.304036e+00
6.277200e+01
-5.639123e+01
1.095862e+01
7.957953e+00
-3.264888e+01
-3.583631e+01
3.239728e+01
-2.150047e+01
5.938569e+01
2.054058e+01
1.148319e+01
9.806383e+00
-7.483525e-01
-3.755995e-01
7.770902e-02
-3.225456e-01
-3.125924e-01
-1.848320e-02
8.325787e-01
1.249539e-01
-3.758899e-02
1.117869e-01
2.706557e-01
9.411298e-02
7.900890e-02
-1.210299e-01
-3.538597e-01
3.083434e-02
1.925693e-02
-1.042361e-01
-1.275460e-01
-9.790060e-03
-2.551941e-01
1.129329e-01
-2.358748e-02
1.725708e-02
1.182944e-01
7.580480e-02
-6.331485e-02
-2.946738e-02
5.942691e-02
