1.677034e-01
-7.338268e-01
-3.937784e-01
4.664889e+01
1.521743e+02
-2.229163e+01
3.480860e-04
-1.160491e+05
1.715710e+05
1.724492e+05
4.433530e+04
1.158786e+05
-3.587764e+04
-2.065933e+04
4.667030e+04
-4.354471e+04
1.489741e+04
3.844388e+04
2.156397e+04
-5.096311e+04
1.102890e+03
-1.223771e+04
3.337296e+04
2.655824e+03
2.253925e+04
-2.038642e+04
7.454951e+03
-1.366118e+04
-2.994640e+04
-2.689129e+04
-5.931158e+03
-1.757406e+04
-9.479915e+03
-5.714457e+02
8.722158e+03
5.517120e+03
-2.326272e+03
-6.186981e+02
-1.710370e+04
-5.614073e+03
-5.888424e+03
-9.532626e+03
1.084704e+04
-3.149685e+03
2.719185e+03
-6.317689e+03
9.813283e+03
4.858317e+03
-3.863901e+02
2.682378e+03
-2.476641e+03
8.970701e+02
2.415957e+03
5.073158e+03
2.281299e+03
2.519362e+03
-1.640558e+03
8.029591e+03
8.788018e+01
-5.949804e+03
-3.531520e+03
-1.611540e+03
1.054540e+03
-4.272435e+03
5.934917e+02
7.728260e+02
3.259694e+03
4.213469e+03
4.137800e+02
2.567101e+02
5.653909e+03
4.328935e+03
1.203639e+03
-4.885999e+02
-7.259449e+02
7.635012e+02
-6.750034e+01
-1.110674e+03
-4.467195e+03
-1.861942e+03
1.350017e+03
-4.088242e+02
-6.052106e+02
5.966467e+02
2.796492e+03
-2.340764e+02
-1.801229e+03
2.055924e+01
-8.889755e+02
1.736298e+03
7.792902e+02
-8.347310e+02
9.259186e+02
1.058233e+03
-6.449565e+02
8.659896e+02
1.204025e+03
-5.409802e+02
-3.829749e+02
-6.147416e+02
-1.180949e+03
-1.069081e+03
9.761955e+02
-3.042124e+02
7.476668e+02
-1.272243e+03
-2.421361e+02
6.776586e+02
8.097254e+02
7.221976e+02
2.467803e+02
2.122855e+02
-1.725791e+02
-5.540638e+01
-4.862885e+02
-1.447601e+02
-6.183737e+02
-3.534492e+01
-4.021325e+02
8.466339e+02
-2.486857e+02
2.364086e+02
-4.165920e+02
4.750262e+02
-1.411841e+02
1.040443e+02
1.927888e+02
6.679920e+01
-1.239202e+02
-5.330596e+00
1.411684e+02
9.389286e+01
3.706243e+01
9.749269e+01
8.879774e+01
-8.433421e+01
3.003682e+02
-2.577602e+01
4.192881e+01
7.222993e+01
5.241518e+01
-2.157772e+02
3.096778e+01
2.076843e+02
8.352911e+00
1.515927e+02
-2.315261e+02
-2.105142e+02
-4.873870e+01
6.263333e+01
1.277255e+02
8.709647e+01
-9.207172e+01
-3.669410e+01
-2.320893e+01
7.973393e+00
2.252331e+01
-1.404692e+01
-1.067322e+01
1.088998e+02
8.153395e+01
8.082036e+01
-1.223766e+02
5.740121e+01
-1.578669e+02
3.092867e+01
1.027198e+01
1.043523e+02
-1.565761e+02
-9.956485e+01
-3.547936e+01
1.247104e+02
8.148124e+01
5.476369e+01
-1.153929e+02
-1.134988e+01
3.174423e+01
1.030626e+02
-8.626680e+01
-2.473725e+01
6.901360e+01
-1.672231e+01
-1.521391e+01
3.100626e+01
-2.066518e+00
7.548510e+00
7.989474e+00
3.707708e+01
-5.673321e+01
-1.171059e+01
-4.991640e+00
3.521113e+00
4.045646e+01
1.484096e+01
2.624713e+01
-4.303991e+01
-1.677699e+01
2.890298e+01
-5.221283e+01
3.073187e+01
5.004913e+01
-2.299171e+01
1.818340e+01
-2.720363e+01
8.251342e+00
-3.293315e+00
1.296889e-01
-1.529794e+00
4.571168e-01
-3.469861e-01
-3.089989e-01
1.893095e-01
-2.969944e-01
-9.904212e-02
3.316459e-02
3.263409e-01
3.093697e-01
-1.913742e-01
2.448829e-01
-5.627474e-02
2.491372e-02
7.685737e-02
-1.140487e-02
4.928801e-02
-1.460964e-02
-9.852312e-02
-8.364017e-02
1.363706e-01
-2.375791e-02
-1.523969e-02
-6.499162e-02
-2.074718e-02
-1.166631e-02
2.297843e-02
-5.047046e-02
