-1.549218e-01
1.994685e-01
-4.655318e-02
4.664889e+01
1.890306e+02
-2.655451e+01
3.572458e-04
-7.199592e+04
-2.124948e+05
2.214072e+05
7.404627e+04
1.213713e+05
-1.111766e+04
1.740159e+04
1.463105e+05
5.189769e+04
-1.822901e+04
4.155712e+04
2.799488e+04
-6.639540e+04
2.019917e+04
-5.994564e+04
-2.277518e+04
5.127486e+03
-5.948308e+03
-3.412000e+04
8.105646e+03
2.007442e+04
1.229520e+04
5.306568e+04
-3.242702e+04
3.533206e+04
-1.157749e+04
-1.637275e+04
1.155227e+03
1.098655e+04
1.351151e+04
-3.567646e+03
-1.899351e+03
-1.176339e+04
1.733477e+03
2.051156e+02
-1.805846e+04
-2.089953e+03
2.505048e+04
-1.189611e+04
-2.826785e+03
4.470412e+03
-9.280665e+03
-3.864131e+03
7.304548e+03
3.765244e+03
3.342032e+03
-2.821852e+03
4.586443e+01
7.644779e+03
1.181141e+03
1.043826e+04
-2.841786e+03
-4.717861e+03
-8.534499e+03
3.246143e+03
-1.042005e+03
-1.645958e+03
-4.734938e+02
1.302864e+03
5.196501e+02
2.474979e+03
-5.565265e+03
3.646785e+03
3.005409e+03
2.032971e+03
-8.331162e+02
1.009729e+03
-2.864242e+03
1.197940e+02
1.820216e+03
6.607277e+02
-3.450469e+03
1.007300e+03
-2.253529e+03
-8.653763e+02
-1.610624e+02
1.046782e+03
1.803491e+03
2.004143e+03
-1.299861e+03
-2.503319e+02
6.006806e+02
-7.305889e+02
4.605753e+02
3.316156e+02
1.986323e+03
1.825834e+03
-2.430921e+02
9.125784e+02
8.698936e+02
-3.081750e+02
-6.808568e+02
5.294874e+01
-6.284326e+02
-4.471337e+02
1.021831e+03
-1.133554e+03
4.537017e+02
-1.292366e+03
1.078636e+03
2.256296e+02
9.096498e+02
1.106461e+03
-7.319847e+01
1.403895e+03
-3.069659e+02
7.413849e+02
-6.874479e+02
-1.003170e+00
-2.869434e+01
-4.585723e+02
-3.543589e+02
4.605530e+02
3.991587e+02
-1.111033e+01
-3.426151e+02
3.617978e+02
3.823967e+02
-5.863314e+02
2.471609e+02
-2.340756e+01
1.415632e+02
-1.093680e+02
2.141015e+02
2.875361e+02
2.009841e+02
1.509166e+02
-1.120103e+02
3.300094e+01
3.651448e+02
1.732033e+01
-1.569315e+02
-1.734205e+02
1.227754e+02
3.284816e+01
-7.409469e+01
2.467670e+02
-1.073395e+02
1.250637e+02
2.371401e+01
-1.353128e+02
1.412692e+02
2.243468e+02
1.353569e+02
4.950971e+00
2.509945e+01
8.247450e+00
-1.852510e+02
1.520303e+02
5.514301e+01
7.864704e+01
-5.149207e+01
-9.395154e+01
1.613046e+02
4.938180e+01
7.015591e+01
5.557109e+01
-7.685405e+01
-2.545713e+01
2.978029e+01
1.804504e+02
-1.937272e+02
2.524450e+01
6.751478e+01
8.525095e+01
3.467263e+01
-3.256411e+01
-5.451699e+01
-8.894511e+01
1.491138e+01
3.696620e+00
-1.299277e+02
-5.439582e+01
-1.164528e+02
8.669372e+01
-4.747754e+00
-6.219196e+01
4.990608e+01
-1.867908e+01
1.506888e+02
1.497893e+01
-5.945224e+01
-9.865181e-01
7.232150e+01
6.625216e+00
-4.801893e+01
3.964265e+01
2.232251e+01
1.194702e+01
-1.597298e+01
-2.383404e+01
-9.971976e+00
1.824994e+01
3.971957e+00
-3.555445e+01
-4.282513e+01
4.209097e+00
3.699443e+01
1.771825e+01
-6.986465e-01
7.193847e-01
1.577676e-01
3.345459e-01
1.748088e-02
-4.314221e-01
-3.776506e-01
-3.140039e-02
2.710460e-01
-3.008529e-02
-1.235548e-01
-3.609025e-01
-1.130434e-01
-1.118663e-03
2.886266e-02
1.299497e-01
-6.700874e-02
-4.056779e-02
-9.552605e-03
-2.388803e-01
-9.431292e-03
-1.744052e-02
-8.629796e-02
-1.155345e-01
-6.164961e-02
-4.500159e-02
-3.559523e-02
-6.124238e-02
-4.350428e-02
