-2.038905e-01
6.395719e-01
-2.021372e-02
4.949333e+01
1.953970e+02
-2.449182e+01
3.472489e-04
-2.168027e+05
115206
1.655292e+05
1.175827e+05
3.533601e+05
-4.058899e+05
5.911698e+04
-1.488383e+04
-9.016952e+04
1.927369e+05
6.271021e+03
-3.267747e+04
-1.875288e+05
-2.166966e+04
-5.091744e+04
-3.334714e+04
-7.968859e+04
2.688820e+03
1.663246e+04
3.960643e+04
-1.346693e+04
-2.631112e+04
-5.892995e+04
4.534509e+04
-3.789277e+04
5.962603e+04
8.928055e+03
-4.423866e+04
-2.501968e+04
-4.777572e+04
-1.099226e+04
-2.801759e+04
-4.452116e+04
2.754588e+04
-2.022996e+04
3.979746e+04
2.274276e+04
-1.201456e+04
-4.425488e+03
5.604004e+03
6.829169e+03
2.621783e+04
1.119433e+03
-1.419099e+04
-9965
4.426130e+03
-3.212322e+03
-5.166316e+03
-5.684728e+02
2.182760e+03
8.157497e+03
1.051709e+04
-1.071761e+04
-8.395133e+03
-1.583185e+03
-8.998626e+03
4.147522e+03
-1.460040e+03
6.542612e+03
7.491336e+03
9.186007e+03
-8.327751e+03
4.734650e+03
5.146452e+03
1.305700e+04
-2.615879e+03
2.377775e+03
-1.765917e+03
-5.097578e+02
3.304680e+02
-4.863356e+02
-6.420017e+03
-2.236451e+03
4.672874e+03
-1.843356e+03
1.075199e+02
-1.312948e+03
3.137899e+03
3.188038e+03
-1.288196e+03
-1.233521e+03
-1.832486e+03
2.188785e+03
1.062758e+03
-3.252655e+02
-1.868378e+01
1.627442e+03
-1.857465e+03
1.617165e+03
3.938546e+02
-4.726602e+02
-9.460588e+02
-4.208183e+02
7.519071e+02
-8.992313e+02
9.500363e+02
-9.102663e+02
-1.653957e+01
-2.083576e+03
8.408550e+02
2.348626e+03
1.031500e+02
8.951783e+02
-1.930794e+03
-2.986400e+02
5.994515e+02
1.534015e+02
3.845487e+02
8.327924e+01
-2.065683e+03
2.164559e+02
-1.122573e+03
5.134265e+02
-3.867534e+02
1.021096e+02
-1.418854e+03
2.236100e+02
5.197014e+02
5.288127e+02
-1.451195e+02
2.093899e+02
-1.369720e+03
6.163735e+02
4.033024e+02
2.813001e+02
4.546897e+01
-2.709753e+02
-2.836471e+02
-6.705504e+02
8.546203e+01
1.822616e+02
1.254630e+02
9.826864e+01
-9.589669e+01
-3.123640e+02
5.780282e+02
-2.589242e+02
2.956891e+02
3.926565e+02
-4.312243e+02
-3.764349e+02
-5.620676e+01
6.170399e+02
4.391842e+02
3.251412e+02
-1.462109e+02
1.245717e+02
4.765924e+01
1.737448e+02
-1.399451e+02
-8.978793e+01
3.990071e+01
1.937673e+02
-1.536507e+02
-1.312172e+02
-9.092950e+01
-3.450966e+02
-2.400428e+02
1.671893e+02
7.538634e+01
1.641476e+02
-7.036272e+01
-6.877534e+01
6.917696e+01
1.406358e+02
9.225687e+01
2.617365e+01
-9.203497e+01
1.826909e+01
1.694900e+02
1.089165e+02
-1.055310e+01
-3.322187e+01
1.191113e+02
7.422340e+01
1.803541e+01
2.043183e+01
1.547196e+02
5.413484e+01
-5.208915e+01
1.418466e+02
-1.027689e+02
-7.875249e+01
1.178142e+01
7.138372e+01
7.880290e+01
1.252958e+01
3.083279e+01
-1.055898e+02
-3.298120e+01
-1.905877e+01
-1.942014e+01
8.185237e+01
1.007130e+02
-8.585655e+01
2.583770e+00
-8.668796e+01
5.858840e+01
2.178793e+01
-1.273550e+00
-1.468265e+00
1.055599e+00
-4.320952e-01
-4.963824e-01
-1.729539e-01
1.741550e-01
-2.061447e-01
-2.169940e-02
-4.014885e-01
8.621539e-01
-1.077583e-01
2.509726e-01
1.712680e-01
2.677206e-01
3.440254e-02
1.002606e-03
-4.725892e-02
3.499397e-02
1.903359e-01
-4.702957e-02
-1.163275e-02
-2.165801e-01
-1.479039e-01
2.966923e-01
-1.263621e-02
-1.379354e-01
-8.826073e-02
-1.039661e-01
