-1.822233e-01
-1.450365e+00
-7.847186e-02
5.632000e+01
1.753878e+02
-9.323473e+00
3.567809e-04
-1.645730e+05
3.111674e+04
3.196303e+05
7.131101e+03
1.152678e+05
-4.427984e+04
-4.064239e+04
1.036784e+05
-6.319898e+04
6.710670e+04
-4.192596e+04
-2.428382e+04
-3.595302e+04
-1.464253e+03
-2.875659e+04
3.086621e+04
1.060478e+04
8.524421e+03
-5.827163e+04
1.325943e+04
-3.516707e+04
-1.117846e+04
-1.656938e+04
-3.531808e+04
-3.290680e+04
3.819065e+03
-6.678272e+03
5.484837e+03
-5.268212e+02
-2.986847e+03
3.765943e+03
-1.694132e+04
3.314190e+03
5.881340e+03
-7.950372e+03
-2.727832e+03
-1.428366e+03
-2.306100e+03
-6.528978e+03
6.841192e+03
3.225362e+03
-2.330873e+03
7.491194e+02
1.058092e+04
9.885314e+02
1.146946e+02
2.704670e+03
-3.965330e+03
-2.917893e+03
-3.597923e+03
6.302384e+03
-1.138325e+03
-1.079189e+04
-3.356230e+03
-6.131166e+01
-1.278446e+03
-3.262167e+03
6.700073e+02
2.525434e+03
1.645219e+03
3.772742e+03
-3.360017e+03
1.862572e+03
3.957440e+03
4.194204e+03
1.123590e+03
-2.537278e+02
-7.207599e+02
3.448694e+02
2.311311e+03
1.814147e+02
-4.260840e+03
-3.030056e+02
7.806901e+02
-1.249032e+03
-2.321478e+02
7.050551e+02
2.184082e+03
1.135097e+03
-1.891381e+03
4.501931e+02
-5.374419e+02
1.208351e+03
1.109148e+03
-8.951004e+02
1.208492e+03
1.736925e+03
-6.408523e+02
7.336990e+02
1.064591e+03
-7.827979e+02
-2.895051e+02
-2.312452e+02
-8.548941e+02
-6.194627e+02
6.162026e+02
-5.673016e+02
6.108535e+02
-8.191655e+02
1.854609e+02
5.457659e+02
1.040275e+03
1.118033e+03
4.419048e+02
7.306419e+02
-9.129976e+01
4.463254e+02
-7.361047e+02
-3.320281e+02
-6.661630e+02
-3.392928e+02
-6.682911e+02
6.462368e+02
-5.513832e+01
4.902834e+01
-6.019804e+02
6.389733e+02
8.967020e+01
-1.381225e+02
4.987594e+00
3.205702e+01
-2.270074e+02
-2.177183e+02
1.616848e+02
3.604636e+02
1.229591e+01
3.898269e+01
1.445645e+01
-9.587683e+01
2.241409e+02
-3.950253e+01
7.123221e+00
-2.662188e+01
-2.533403e+01
-2.676351e+02
6.653672e+01
1.138800e+02
-2.170518e+01
1.626756e+02
-1.005925e+02
-2.117678e+02
1.204647e+01
1.729155e+02
2.690310e+02
1.218195e+02
-1.787129e+02
9.114075e+01
-1.113126e+02
3.224908e+01
6.808294e+01
1.553402e+02
-6.015075e+01
1.088707e+01
1.982585e+02
4.576247e+01
-4.296342e+01
-1.198221e+01
-1.245473e+02
-1.852745e+01
2.430459e+01
7.416437e+01
-2.088096e+02
-1.751937e+01
-4.570308e+00
1.413433e+02
8.967661e+01
4.668288e+01
-7.657246e+01
-6.426909e+01
5.607441e+01
6.057215e+01
-7.348528e+01
-4.991125e+01
6.846784e+01
5.381400e+01
-3.145626e+01
3.604717e+00
3.623853e+01
2.538297e+01
3.654669e+01
4.913925e+01
-7.313198e+01
-3.009242e+01
2.000480e+01
1.667949e+01
1.726640e+01
2.490515e+01
1.029505e+01
-5.174185e+01
-4.034447e+01
7.199117e+00
-3.225190e+01
4.931889e+01
3.692526e+01
-5.083968e+01
4.345920e+00
-4.743295e+01
1.963515e+01
6.947578e+00
-3.943340e-01
-8.101698e-01
6.007362e-01
-3.846437e-01
-1.955733e-01
-8.868392e-02
-3.157167e-01
4.200960e-04
1.444913e-01
8.165421e-02
3.975995e-01
-4.920965e-01
1.674201e-01
4.979813e-02
3.052439e-02
1.930077e-01
-8.459280e-03
5.383573e-02
4.351122e-02
-1.383801e-01
1.993211e-02
6.104608e-02
-1.326966e-01
-1.313682e-02
1.089852e-02
1.464429e-02
9.739849e-03
1.767231e-03
-5.482869e-02
