-3.939476e-01
-9.187314e-01
4.360390e-01
4.977778e+01
1.964721e+02
-1.900588e+01
3.354785e-04
-5.569534e+03
-1.795946e+05
-1.059617e+04
-1.075503e+05
3.848878e+04
-1.352087e+05
1.070124e+05
-3.941410e+04
-1.401460e+03
-3.003253e+03
-1.775842e+04
1.135782e+05
4.116576e+04
4.513625e+04
-3.618380e+04
-2.258031e+04
1.495722e+04
-2.642961e+03
-1.626628e+04
-4.977341e+04
-1.216778e+04
-6.038580e+03
-1.998753e+04
-2.481552e+04
-4.880610e+04
-1.284089e+04
-1.177524e+04
-1.790992e+04
-8.003828e+03
-2.127958e+04
-5.505571e+03
2.243230e+04
-4.649556e+03
-2.673300e+03
1.299066e+03
-8.695187e+03
2.703918e+03
-3.083268e+02
-5.034609e+02
1.233973e+04
8.976445e+03
-5.582352e+03
-6.068510e+02
3.423105e+03
-2.643912e+03
-7.270711e+03
5.770117e+03
1.537668e+03
-4.261463e+03
2.495013e+03
3.801578e+03
2.713727e+03
-7.454352e+03
-5.167759e+03
2.823229e+03
-4.350813e+03
-1.026887e+03
-7.576011e+01
5.182025e+03
-3.192431e+01
-8.483651e+02
-2.633205e+03
3.624088e+03
-8.424106e+02
1.113820e+02
-2.444193e+03
8.344440e+02
6.859405e+02
1.045947e+02
2.345191e+03
8.939279e+02
-1.503673e+03
-1.292052e+02
1.087507e+03
-7.258027e+02
9.477878e+02
1.610499e+03
-1.998784e+02
1.594308e+03
-2.221999e+02
-2.211834e+01
-7.364022e+02
5.073849e+02
4.785157e+02
1.146455e+02
9.845167e+02
9.536027e+02
-2.938059e+02
9.679419e+02
6.332683e+02
-1.399372e+03
-4.363526e+01
-6.139659e+02
4.705931e+02
7.225974e+01
7.730743e+02
-1.093208e+02
-6.289294e+02
-4.241803e+02
9.186522e+02
3.283299e+02
7.237486e+02
6.462724e+02
3.732065e+02
4.183619e+01
-1.703462e+02
3.962043e+02
-9.609406e+01
5.540139e+02
-4.295983e+02
-3.181919e+02
-3.688344e+02
2.876775e+02
-4.530909e+01
-7.918695e+01
2.367554e+02
-2.165462e+02
2.332506e+02
3.179933e+01
8.764346e+01
-2.631424e+01
-3.913302e+02
-2.295817e+02
2.146725e+02
5.043905e+02
-9.296642e+01
-7.026437e+01
3.373605e+02
-8.123414e+01
-1.214967e+02
5.821725e+01
6.817984e+01
-3.727243e+02
-5.607944e+01
1.572463e+02
1.411293e+02
2.146548e+02
4.532912e+01
2.398493e+01
3.107065e+01
-2.342525e+01
5.266426e+01
2.502692e+02
-8.060353e-01
3.281014e+01
-1.450727e+02
-7.074649e+01
-3.745007e+01
-3.050872e+01
3.155969e+01
9.710932e+01
-2.367623e+01
-3.875515e+01
7.441807e+01
1.285145e+01
2.122160e+01
-6.601720e+01
-1.668230e+02
-2.262449e+01
-4.166904e+01
8.422927e+01
-7.386370e+01
-4.729587e+00
5.554870e+01
7.208724e+01
5.467010e+01
4.791482e+01
7.634382e+01
-6.276930e+01
7.535194e+01
6.385624e+01
-1.286490e+02
1.553584e+01
9.123381e+00
1.206213e+02
-3.894989e+01
-9.872867e+00
2.551200e+01
-1.896482e+00
1.332600e+01
6.894199e+01
-4.846175e+01
-2.716007e+01
4.393910e+01
3.407803e+01
8.878364e+00
2.022363e+01
5.519530e+01
-1.451796e+01
1.358883e+01
-2.995559e+01
-1.177782e+01
-1.198415e+01
2.415675e+01
-4.716516e+01
-1.837978e+00
-4.198930e+00
3.170891e+01
6.585369e+00
-5.517475e-01
8.008009e-01
-2.234336e-01
-1.344222e-01
1.100268e-01
-1.250779e-01
-2.548056e-01
5.326140e-02
-4.519794e-02
6.059184e-02
2.152122e-01
-4.308060e-02
1.629661e-01
-6.030545e-03
1.396147e-01
-7.454145e-02
-3.835374e-02
3.537819e-02
-1.544671e-02
6.804750e-02
1.336779e-01
4.893213e-02
7.507236e-02
4.673377e-02
1.942634e-01
1.022190e-01
-1.096578e-01
-6.581204e-02
7.165365e-02
