1.845194e-03
9.449385e-01
5.359733e-03
5.063111e+01
1.779668e+02
-2.169783e+01
3.573324e-04
-7.027804e+04
-3.094269e+04
8.914476e+04
-1.952622e+05
1.182017e+04
-1.846870e+04
5.506237e+04
2.784758e+03
-6.560714e+04
-4.095254e+04
-9.796228e+04
4.052195e+04
6.066993e+04
2.616259e+04
6.318558e+04
-3.422622e+04
3.198776e+04
1.496750e+04
4.800410e+03
-2.566752e+04
-2.503361e+04
-4.932102e+03
1.531366e+04
-2.230125e+04
-1.733395e+04
-1.837520e+04
-2.588273e+04
1.743569e+04
4.694108e+03
-4.554503e+03
-3.657872e+03
1.510468e+04
1.070050e+04
2.201651e+04
-3.003845e+03
-9.100141e+03
-4.604367e+03
-8.919504e+03
-1.891591e+03
1.288360e+04
5.622791e+03
-9.858812e+03
1.646770e+03
8.482991e+03
1.168949e+03
2.706295e+02
-8.229504e+01
1.895870e+03
-1.691270e+03
3.194886e+03
1.240023e+02
1.988047e+03
-7.870714e+03
-4.621668e+03
2.456477e+03
1.438419e+03
-1.590861e+02
3.768795e+02
3.820552e+03
2.766434e+02
2.167991e+03
-1.769078e+03
3.128487e+03
-3.162952e+03
-1.199124e+03
7.852582e+02
1.711098e+03
1.085116e+03
7.536591e+01
2.964648e+00
1.665678e+02
-2.727642e+03
6.418317e+01
-5.364642e+02
-2.043746e+03
1.613535e+02
1.507348e+03
1.556485e+02
2.167098e+03
-1.087696e+03
6.726174e+02
4.224328e+02
1.749253e+02
2.160310e+02
1.362098e+03
7.634878e+02
1.441825e+03
-6.225159e+02
1.725060e+02
1.119272e+03
-2.601993e+02
-4.912082e+02
-3.146937e+02
-3.187659e+02
-4.821777e+02
3.794540e+02
-4.227799e+02
-8.298338e+02
-3.411906e+02
1.235676e+03
8.439877e+02
8.675215e+02
1.439103e+03
8.292405e+02
-2.224971e+02
-4.245881e+02
4.074939e+02
-9.558517e+01
7.445655e+01
-1.518705e+02
-6.176572e+02
-4.399886e+02
6.226758e+02
4.574364e+02
4.138673e+02
1.335933e+02
8.963962e+00
1.321952e+02
-2.509822e+02
1.063330e+02
2.083988e+02
-7.934273e+01
-4.467314e+02
2.333183e+02
5.576136e+02
-7.988081e+01
4.764085e+01
4.039029e+01
-5.149239e+01
-1.697522e+02
-2.637529e+02
-1.799049e+02
-2.666393e+02
-3.028851e+02
7.342503e+01
4.486473e+01
2.336974e+02
-5.238430e+01
-8.458731e+01
8.099617e+01
-4.933358e+01
-8.918603e+01
2.549309e+02
1.128729e+02
1.307339e+02
-1.631557e+02
-1.147252e+02
1.715190e+01
-6.213869e+01
-9.366955e+00
3.811251e+01
2.987085e+01
-2.179364e+01
8.190373e+01
-6.031488e+01
1.159746e+02
-9.618460e+01
-1.083633e+02
-9.608138e+01
-1.976469e+01
7.718311e+01
-1.093280e+02
-6.639011e+00
6.181244e+01
5.728234e+01
6.010847e+01
8.427789e+01
9.999962e+01
-8.534658e+01
8.065755e+01
6.467117e+01
-5.067483e+01
6.348911e+01
3.007234e+01
5.801229e+01
-5.039881e+01
-3.788292e+01
4.790070e+01
-2.834578e+01
3.736242e+01
8.090782e+01
-3.708220e+01
4.010823e+01
4.927248e+01
5.575697e+01
-2.258082e+01
-1.608134e+01
1.936760e+01
-6.241483e+00
1.161526e+01
-1.279600e-01
-2.490129e+01
-5.493250e+00
-3.736113e+00
-4.629895e+01
-1.747318e+01
-2.389135e+00
2.009108e+01
1.440518e+00
-8.965286e-01
2.085244e-01
1.142469e-02
6.647421e-03
2.009422e-01
-3.432892e-01
3.156290e-02
2.362729e-01
1.548579e-01
4.924426e-02
4.903280e-01
2.554622e-01
4.590133e-02
-1.399235e-01
9.607013e-02
-1.318402e-01
-3.471310e-02
1.163914e-03
6.678534e-02
2.344095e-01
1.114675e-01
7.806194e-02
6.204703e-02
-7.447609e-02
2.380062e-01
5.255490e-02
-2.112007e-02
3.765688e-03
-2.669049e-02
