-3.033812e-01
6.760908e-01
-1.139147e-01
4.864000e+01
1.984630e+02
-2.200845e+01
3.465801e-04
1.194527e+04
-1.977537e+05
-4.982733e+04
1.521548e+05
1.057492e+05
-1.764768e+05
1.008921e+05
-5.336060e+04
7.534960e+04
-6.410796e+03
-1.445539e+05
8.331647e+04
-2.665116e+04
1.875412e+04
-3.565363e+04
8.070499e+03
2.444251e+04
2.038134e+04
-2.119330e+04
1.282423e+04
1.521109e+04
-6.710202e+03
1.862371e+04
-1.331046e+04
6.625602e+03
-2.544136e+04
-2.251595e+04
-3.330457e+03
7.221770e+03
-2.443290e+03
-1.697130e+04
-3.427136e+03
-6.813166e+03
-8.652935e+03
1.312187e+04
-1.038413e+04
-8.879407e+02
7.876550e+03
-1.499296e+04
-4.137453e+03
-2.613016e+03
3.894008e+03
2.433914e+03
1.974690e+03
3.652494e+03
-2.996704e+03
1.905245e+03
1.730856e+03
1.375631e+03
-8.449007e+02
5.173665e+03
3.205821e+03
-6.298147e+03
-4.884270e+03
1.011736e+03
1.443651e+03
-1.284721e+03
1.536366e+03
2.549130e+03
3.149218e+03
-1.832051e+03
-2.363890e+03
1.949343e+03
1.010771e+03
-1.226904e+03
-2.943137e+03
-1.549373e+03
-2.075704e+03
8.571035e+02
-1.748379e+02
1.588383e+03
-1.029574e+03
-3.992615e+02
-8.392815e+02
-1.514261e+03
8.702770e+02
3.186256e+02
1.690190e+03
-7.265741e+02
-6.348818e+02
-2.475528e+02
9.436316e+02
1.040383e+03
-4.862530e+02
-1.771619e+01
9.882247e+02
1.733943e+03
-1.463123e+03
8.135770e+02
4.249187e+02
-1.671838e+02
-9.566599e+02
-9.557892e+02
1.962469e+02
-2.992048e+02
6.404863e+02
7.798916e+01
-5.971523e+02
-1.746163e+02
1.086827e+03
-2.051921e+02
3.514850e+02
9.719843e+02
-2.099825e+02
2.448999e+02
-4.286548e+02
7.101998e+02
-7.203156e+02
-1.122092e+02
-2.089951e+02
-2.055283e+02
-4.575351e+01
2.089464e+02
-6.550451e+01
3.421518e+01
-3.498565e+02
7.088460e+01
6.058840e+02
-3.973986e+01
7.136411e+01
-3.156016e+01
9.246410e+00
7.410098e+01
4.896132e+02
5.723173e+02
4.578270e+02
2.646834e+02
-1.278541e+02
2.029183e+01
2.336206e+02
-1.809333e+01
-1.001756e+02
-7.302806e+01
-1.244846e+02
4.109331e+01
3.794336e+01
-4.912025e+01
6.185560e+01
8.545798e+01
-2.745375e+01
-1.557836e+02
1.367428e+02
3.446379e+02
-6.746308e+01
5.703467e+01
2.302748e+02
-6.464699e+01
-7.969942e+01
3.491758e+01
1.243982e+02
5.787129e+01
7.428098e+01
-5.883055e+01
-4.170704e+01
-1.262516e+01
1.440529e+02
-5.122113e+01
1.621091e+00
-6.793376e+00
-1.002855e+01
6.610647e+01
-9.941109e-01
7.224520e+01
4.944188e+01
5.059580e+00
1.967767e+01
1.721405e+01
2.717096e+01
-1.923412e+01
3.497756e+01
3.688839e+01
-1.104418e+02
2.309902e+01
-3.322194e+01
7.785555e+01
2.333079e+01
-2.239347e+01
5.881541e+01
-4.074081e+01
2.645979e+01
5.615426e+00
-9.991786e+00
-3.199472e+00
2.605880e+01
-1.344225e+00
-2.774095e+01
6.185450e+00
1.402291e+01
2.069574e+01
-2.982699e+00
-1.824920e+01
-1.876273e+00
1.878748e+01
1.003437e+00
-2.324760e+01
-1.600468e+01
4.533052e+00
4.454944e+01
1.471419e+01
-6.589741e-01
1.722545e+00
-1.006145e+00
4.442600e-01
1.047373e-01
-2.449952e-01
-1.473804e-01
-3.895085e-01
8.702067e-02
-2.040782e-01
-2.215026e-01
-1.164753e-01
1.387409e-01
4.612928e-02
-7.348356e-02
-1.553042e-02
5.367563e-02
1.872562e-02
-5.150532e-03
-5.946274e-02
1.315117e-02
9.930073e-02
1.780015e-02
-2.810935e-02
-2.560769e-02
-5.449446e-03
-6.265208e-03
-9.220078e-02
-5.317654e-03
