-1.581010e-01
1.406286e+00
1.022967e-01
5.774222e+01
1.790818e+02
-9.186694e+00
3.610683e-04
-1.145136e+05
3.028490e+04
3.538278e+05
-7.163807e+04
-3.388961e+04
3.529498e+04
-2.279815e+04
6.334049e+04
-1.256480e+05
1.491703e+04
2.180526e+04
4.687996e+04
7.285913e+03
1.430147e+04
3.730416e+04
-1.710019e+03
-2.151805e+04
1.590590e+04
-2.928010e+04
7.565882e+03
-2.532199e+04
-6.433593e+03
9.149877e+03
-1.183667e+04
-2.965366e+03
-1.330099e+04
-1.167708e+04
1.432469e+04
1.509884e+04
2.596210e+04
1.457539e+03
4.805475e+03
1.805104e+03
1.943242e+04
1.355047e+02
-1.027004e+04
-1.901233e+04
4.612171e+03
-6.989395e+02
2.600969e+03
6.427790e+03
-7.905640e+03
5.276862e+03
6.541684e+03
9.626046e+02
5.393722e+03
-5.026216e+03
-3.143212e+03
9.850918e+03
4.664833e+02
6.684157e+03
-3.326098e+03
-8.586169e+03
-5.120441e+03
2.265640e+03
1.138421e+03
-3.438737e+03
1.911370e+03
2.864881e+01
7.721362e+02
3.593550e+03
-1.082584e+03
2.357022e+01
8.000894e+02
2.813395e+03
4.619728e+02
1.595968e+03
1.016832e+03
1.471468e+03
3.222253e+03
-7.356860e+02
-3.477551e+03
-1.002904e+03
-1.034366e+03
-4.312593e+02
9.303290e+01
1.128304e+03
1.677826e+03
1.359735e+03
-1.124714e+03
8.147734e+02
8.665154e+02
-6.544575e+02
2.575887e+01
6.261828e+02
2.914037e+03
1.129836e+03
-8.358294e+02
-2.414264e+02
1.755728e+03
-8.951425e+02
-5.021035e+02
3.122678e+02
-9.893315e+02
-4.631317e+02
-3.824991e+01
-1.602936e+03
4.538846e+02
-7.009607e+02
8.883784e+02
9.414086e+02
9.278591e+02
7.151743e+02
5.925527e+02
4.903728e+02
-3.102333e+02
1.006856e+03
1.174148e+02
-3.634417e+02
-2.768740e+02
-3.694003e+02
-3.766133e+02
9.038199e+02
1.583137e+02
1.934182e+02
-3.302677e+02
6.708599e+02
1.591263e+01
-3.317884e+02
1.320310e+02
3.614705e+02
1.565376e+02
-4.377065e+02
2.412661e+01
2.419599e+02
3.430174e+01
9.673562e+01
1.301862e+02
-1.080963e+02
2.372522e+02
-1.015801e+02
-2.288395e+02
-2.163453e+01
-2.252876e+02
5.390351e+01
-1.466590e+02
1.668575e+02
-2.074992e+02
4.055495e+01
8.117198e+00
-1.581063e+02
1.327783e+02
-7.874787e+01
1.093263e+02
9.175790e+01
-3.911724e+01
-4.789827e+01
8.801750e+01
-1.543785e+02
2.963502e+01
5.792188e+01
-5.395762e+01
8.549017e+01
2.025881e+02
-5.348762e+01
5.592945e+01
6.219387e+01
-1.227327e+02
-3.256078e+01
-3.405153e+01
8.174193e+01
-8.859456e+01
1.235277e+01
9.923353e+01
9.616457e+01
2.388410e+01
9.931155e+01
1.985001e+01
-9.844744e+01
3.539913e+01
1.133984e+01
-5.240115e+01
3.330776e+01
3.083740e+01
-3.162171e+00
-2.904288e+01
4.707589e+00
3.701841e+01
-4.840133e+01
2.846886e+01
5.328378e+01
-3.383537e+01
2.015139e+01
2.970627e+01
5.107328e+01
-1.064720e+01
-1.977571e+01
3.049923e+00
-8.425372e+00
1.083677e+01
-1.324845e+00
-3.013174e+01
2.126885e+01
1.655547e+01
-3.346680e+01
6.309334e+00
1.511472e+00
6.062737e+00
3.186515e+00
1.116397e-01
-8.802449e-02
-1.338868e-01
-3.022415e-01
9.247661e-02
-2.257174e-01
-1.529892e-02
2.885665e-01
-2.894728e-01
-3.872607e-02
3.639070e-01
-2.874476e-02
1.240622e-01
-8.972941e-02
8.005881e-02
-2.874553e-03
5.062961e-04
3.870161e-02
1.524015e-02
-2.041823e-02
-2.787322e-02
8.286029e-02
1.457409e-02
-8.214616e-02
-8.116476e-03
4.154447e-02
-2.857625e-02
-4.360121e-02
-7.608376e-03
