-3.539447e-01
4.188578e-01
-6.712153e-02
5.120000e+01
2.078010e+02
-2.550326e+01
3.456094e-04
-6.665736e+04
1.693748e+05
-1.701880e+05
1.156610e+05
2.654833e+05
-2.227366e+05
1.051846e+05
-6.713940e+04
-3.641814e+04
4.775911e+04
-2.960298e+05
-3.270671e+04
5.704916e+04
-3.051678e+04
-6.217639e+04
5.926316e+04
-5.491308e+03
-4.367256e+04
-6.747609e+04
-3.635452e+04
2.759109e+04
2.114840e+04
-1.036842e+04
5.759157e+01
-3.870943e+04
4.331614e+04
3.415941e+04
-1.198135e+04
-3.105386e+04
-7.107420e+03
1.187648e+04
-2.259640e+04
2.304157e+04
-3.099637e+03
1.536555e+04
-1.239618e+04
-7.359783e+03
9.796241e+02
8.862683e+03
1.407772e+04
-3.391362e+01
1.974367e+04
-3.697167e+02
1.316424e+04
-7.251695e+03
3.354774e+03
1.307340e+04
-4.981773e+03
-1.952902e+03
6.167068e+03
4.404047e+03
-3.023954e+03
-7.936897e+02
4.916569e+03
8.281089e+03
-6.096890e+01
4.687564e+03
4.395347e+03
-1.343526e+03
2.298086e+03
-5.330444e+01
7.382592e+02
7.733027e+03
2.355177e+03
1.468199e+03
-3.189993e+03
-3.808054e+03
-3.763601e+03
-4.711921e+03
1.268913e+02
2.485403e+03
4.441771e+01
-1.290597e+03
1.442185e+03
-5.418404e+02
8.017541e+02
-2.137697e+03
1.593022e+03
6.182108e+02
-4.527695e+02
-1.770500e+02
-8.776105e+02
4.184168e+02
1.119236e+03
-3.290529e+02
8.187460e+02
-1.646243e+02
-6.837906e+02
6.858893e+02
1.130212e+02
-9.135630e+02
-6.171329e+02
-3.688440e+02
6.525743e+02
3.632994e+02
-7.441192e+02
-1.308739e+03
-1.416511e+03
1.060160e+03
-7.339672e+01
2.070862e+03
-2.665598e+02
3.643121e+02
1.449052e+03
-7.995682e+02
-6.318354e+02
6.526980e+02
3.659341e+02
-6.211697e+02
-7.644807e+02
-5.224604e+02
-5.036026e+02
-2.179424e+01
3.895015e+02
1.440009e+02
-2.437386e+02
5.054776e+02
5.161884e+02
-1.156964e+02
-2.795052e+02
-1.634758e+02
-3.288473e+02
6.571102e+02
1.597874e+02
8.193909e+02
-5.013359e+02
1.751268e+01
1.678819e+02
-1.231306e+02
-1.663766e+02
-4.249431e+00
-8.098988e+01
-2.328237e+02
-2.636112e+02
-2.662458e+02
3.902127e+01
-4.563911e+01
1.947083e+02
4.011883e+02
-9.108224e+01
2.098748e+02
-1.881525e+02
1.864847e+02
2.033583e+02
1.795101e+02
-3.049587e+02
2.138305e+02
1.049208e+02
-7.902487e+01
8.143931e+01
2.380905e+02
1.176336e+01
-7.907919e+01
-1.016177e+02
-1.973235e+02
8.368568e+01
-1.719260e+02
2.787433e+01
-8.929194e+01
-9.936886e+01
1.257545e+02
-3.461210e+01
-1.790205e+01
1.504978e+01
-1.032675e+02
-5.011275e+01
6.229918e+01
7.828866e+00
-5.582036e+00
8.493311e+01
-3.632045e+01
1.129226e+01
5.600283e+00
2.347313e+01
9.175436e+01
-2.763499e+01
3.552367e+01
2.946148e+01
-7.693002e+01
-9.836944e+01
6.434722e+01
-3.599660e+01
-9.110116e+01
1.351304e+01
6.120861e+01
7.202757e+01
3.605326e+01
1.263238e+01
-7.147846e+01
1.384507e+01
-2.532119e+01
1.011133e+01
5.201940e+00
2.909681e+01
-2.607144e+01
2.980781e+01
3.112540e+01
-6.124812e-01
-1.636364e+00
6.494674e-02
-1.488762e+00
-1.101419e-02
-7.567657e-01
-6.727204e-02
-1.224990e-01
-1.062978e-01
-1.579330e-01
4.663379e-02
-2.542801e-01
1.148809e-01
1.460809e-01
1.623696e-01
-8.470632e-02
1.116546e-01
1.560034e-01
-3.119359e-02
-3.503624e-02
-1.508608e-02
9.333339e-02
-5.099195e-02
-1.177071e-01
1.431764e-01
-1.473191e-01
-4.692465e-03
-2.095643e-02
1.125808e-01
2.001920e-02
1.265625e-01
