-2.010472e-01
9.678501e-01
-1.292150e-01
5.205333e+01
1.824196e+02
-1.627889e+01
3.429832e-04
-8.017702e+04
-5.369889e+05
424656
5.766843e+04
9.146983e+04
5.594359e+04
-8.864260e+04
4.199689e+04
4.322133e+04
1.419676e+05
1.093582e+05
-8.877957e+03
1.524070e+03
4.460563e+04
-5.715873e+04
-2.396428e+04
5.733512e+02
1.000431e+04
-1.207994e+05
-2.663261e+04
3.159614e+04
4.675532e+04
5.955145e+04
-9.592883e+04
-3.979933e+04
3.926081e+04
-1.921414e+04
2.322237e+04
2.112102e+04
2.333526e+04
6.111709e+03
-2.643902e+03
1.415260e+03
1.776425e+04
-1.159668e+04
-1.249519e+04
7.086493e+03
9.354369e+03
9.568474e+03
-1.099824e+04
1.045193e+04
-5.127329e+03
-2.874359e+03
8.214491e+03
6.208615e+03
2.098715e+03
-4.386355e+03
-1.762064e+03
1.719403e+03
4.419372e+02
7.613273e+03
-5.775517e+03
-9.230024e+03
-7.524097e+03
4.323313e+03
-8.905655e+03
-4.320244e+03
5.574133e+02
-4.112258e+02
1.651896e+03
7.407775e+03
-4.745087e+03
2.386831e+03
4.144276e+03
4.252906e+03
-2.034569e+03
7.470134e+02
1.329940e+03
-2.466794e+02
4.901927e+03
-4.828257e+02
-1.400974e+03
1.339331e+03
-7.337957e+02
-9.358759e+02
-6.212009e+02
1.531375e+02
9.313127e+02
3.506457e+03
9.643872e+02
1.415257e+03
1.175212e+02
-1.311873e+03
6.466791e+02
2.197263e+02
3.039011e+03
2.434230e+03
1.110315e+03
8.326244e+02
8.306801e+02
-7.544112e+02
3.128828e+02
1.795914e+02
6.754247e+02
-8.132368e+01
1.696546e+01
-1.172139e+03
9.191646e+02
-5.060194e+02
1.819717e+03
2.736919e+01
1.358461e+03
4.049452e+02
3.671831e+02
1.900962e+03
3.421116e+02
7.753111e+02
-5.288765e+02
-1.474414e+02
-6.625579e+02
-1.931536e+02
-6.047231e+02
2.930760e+01
1.692538e+02
-1.857665e+02
-1.938134e+02
7.334644e+02
4.296601e+02
-5.356094e+02
-1.651016e+02
3.288738e+01
1.547708e+02
-5.142957e+02
-2.783197e+01
1.398067e+02
-1.207363e+02
-2.149686e+02
1.038468e+02
-1.004780e+02
3.052063e+02
3.293497e+01
-2.213757e+02
5.680221e+01
1.790647e+02
4.979507e+01
-1.893867e+02
-1.610718e+02
-1.695387e+02
5.011374e+01
3.559595e+02
-4.699809e+01
-1.954777e+01
3.059538e+02
-2.687720e+01
-1.262721e+01
-1.279889e+01
1.698728e+02
-1.779530e+02
-7.148998e+01
6.425628e+01
1.584713e+02
-3.666428e+02
-1.336173e+02
2.281759e+02
-1.981801e+02
1.166092e+02
-2.586948e+01
1.968251e+01
7.372980e+01
7.379830e+01
4.114870e+01
-6.771632e+01
1.064049e+02
6.763318e+01
1.446669e+02
1.004555e+02
4.422458e+01
2.966433e+01
1.042257e+01
-2.668562e+01
7.039340e+01
-1.141727e+02
-5.914704e+01
3.396324e+01
5.866777e+01
-9.022398e+01
2.591140e+01
5.565967e+01
2.003365e+01
1.045016e+02
6.724799e+01
-1.095177e+01
2.264358e+01
4.154485e+01
7.561680e+01
-1.064491e+01
2.760687e+00
2.811538e+01
-8.081321e+00
-5.543863e+01
-7.248334e+01
-8.417916e+00
3.234906e+01
9.598408e+00
-7.789600e+01
-3.042380e+01
-2.682330e+01
4.134944e+01
1.286961e+01
-5.701521e-01
1.414640e+00
-1.018243e-01
4.645718e-01
-1.563638e-01
-6.681315e-01
-3.424275e-01
8.448822e-01
1.486831e-01
1.614981e-01
-1.470065e-01
-4.524361e-01
-1.441476e-01
-8.632399e-02
5.091624e-01
1.456806e-02
-9.441443e-02
3.810975e-02
-1.404026e-03
-1.388228e-01
2.955687e-01
-8.705884e-02
-8.231504e-02
-1.652379e-01
8.333497e-02
-3.599341e-02
-1.150097e-02
-2.177403e-01
-7.843413e-03
