-1.217354e-01
-3.140368e-01
2.362659e-01
4.579556e+01
1.888471e+02
-2.636867e+01
3.473873e-04
1.369452e+04
1.987484e+04
-1.471819e+05
-1.859787e+05
-7.084051e+04
-1.220246e+04
5.617770e+04
5.296356e+03
-8.760538e+04
-5.193827e+04
-1.327871e+05
1.241255e+04
-2.218210e+03
-7.364680e+03
4.480496e+04
1.940517e+04
-1.141359e+03
2.210602e+04
8.911568e+03
-2.032742e+04
-2.743602e+04
-2.100677e+04
-1.227822e+04
-9.581702e+03
-4.781298e+04
1.994248e+03
-2.086830e+04
1.805611e+04
-1.091486e+04
-1.555964e+04
6.104538e+03
8.752237e+03
8.974910e+03
2.122370e+04
2.796491e+03
-1.552208e+03
-5.636794e+02
-2.651511e+03
3.681996e+03
1.368075e+04
8.223392e+03
1.860079e+03
7.038986e+02
-2.159401e+03
-8.086941e+03
-4.590088e+02
1.683145e+03
-4.872729e+02
-2.722357e+03
-1.613861e+03
1.151517e+03
1.360474e+03
-6.489360e+03
-3.407097e+02
2.856646e+03
-1.976024e+03
1.861951e+02
1.787070e+03
3.963094e+03
3.236147e+02
3.493641e+02
-2.355001e+03
1.360586e+03
-8.444658e+02
4.461293e+02
-3.936436e+02
2.223520e+03
3.059667e+03
1.509167e+03
1.476223e+03
1.281716e+03
-3.731809e+03
-9.292239e+02
1.613627e+03
-2.125854e+03
8.694554e+02
-3.518423e+01
1.625256e+03
2.498467e+03
-1.511320e+03
-3.768503e+02
-9.721906e+02
3.927092e+02
-1.496776e+02
1.007619e+03
1.469772e+02
1.183525e+03
-1.241208e+03
7.597142e+02
7.335157e+02
-3.117112e+02
-2.475881e+02
1.154180e+02
2.270112e+02
1.657924e+02
1.096382e+02
1.387986e+01
-8.916194e+02
-2.720806e+02
1.036580e+03
9.611913e+02
1.382218e+02
8.197681e+02
4.803596e+02
-2.521184e+02
-2.228443e+02
2.111366e+02
2.377579e+02
-2.665148e+00
-5.614752e+02
-1.142418e+02
-1.659573e+02
4.134705e+02
1.665974e+02
2.000229e+02
-3.436458e+02
2.086178e+02
-1.910945e+02
-9.995616e+00
9.289484e+00
3.638357e+02
-1.660528e+02
-1.491757e+02
2.572977e+02
6.072313e+02
3.251287e+00
4.082110e+01
7.103770e+01
-5.401621e+01
-1.749408e+02
-3.045394e+02
-8.688219e+01
-5.401172e+01
-1.615466e+02
9.950137e+01
9.026675e+01
-4.860190e+01
8.400394e+00
3.024734e+01
1.037019e+02
-1.360797e+02
4.223255e+01
1.487352e+02
-2.452203e+01
2.076382e+02
-1.358008e+02
-8.970747e+01
-3.344961e+01
-1.938201e+02
7.542003e+01
-6.096785e+01
5.876656e+00
-1.785973e+01
-2.493455e+01
-3.201785e+00
7.937078e+01
-1.062507e+02
-1.194005e+01
-6.159819e+01
-4.872231e+01
-2.202376e+01
1.335925e+01
-8.091582e+01
4.343589e+01
7.381532e+01
-1.088810e+00
6.603403e+01
8.698682e+01
-9.052475e+01
9.806884e+01
6.096000e+01
-2.260419e+01
9.672360e+01
6.540704e+01
1.344339e+01
-3.036965e+01
2.430440e+01
4.777026e+01
-7.198498e+01
-3.723249e+01
6.302658e+01
4.042467e+01
4.144641e+01
1.811495e+01
3.103011e+01
-1.118891e+01
3.576453e+00
3.373762e+01
-1.609187e+01
-4.894909e+00
-1.114141e+01
-3.232523e+01
9.410371e+00
1.234750e+01
-2.289214e+01
1.541291e+01
-2.839549e+00
1.802370e+01
6.208686e+00
-6.222519e-01
-2.361595e-01
8.046149e-03
-4.368931e-01
-3.170853e-01
-3.154506e-01
3.689277e-01
3.280419e-01
-4.970784e-02
-9.150703e-02
3.213863e-01
2.096431e-01
1.196917e-01
1.852699e-02
-4.741611e-02
-1.546831e-01
-2.761466e-02
7.864206e-02
7.150859e-02
1.407013e-01
9.708991e-02
1.613384e-02
7.991593e-02
-1.517432e-03
1.800473e-01
7.143675e-02
-3.088774e-02
-1.352959e-02
2.731346e-02
