-1.919503e-01
-6.131436e-01
3.033313e-01
4.579556e+01
1.831827e+02
-2.318329e+01
3.402906e-04
-2.135109e+05
-5.790186e+03
5.945501e+05
-1.466963e+05
1.160869e+05
7.653992e+04
-6.454189e+04
3.196527e+04
-9.584361e+04
-6.011387e+04
-5.488783e+04
9.515416e+04
-1.314715e+04
2.074186e+04
9.297738e+04
1.375363e+04
-1.035717e+04
2.869201e+04
-1.151647e+05
-2.477778e+04
-4.352038e+04
-2.373159e+04
-3.191176e+04
-5.145185e+04
-7.494345e+04
-9.954420e+03
-1.230958e+04
4.740083e+03
-2.313707e+03
-1.106647e+04
-1.825812e+04
1.199188e+03
-1.355634e+04
-5.819442e+03
-8.229486e+03
-1.468487e+03
-2.350493e+04
-2.316795e+04
-3.716748e+03
1.049060e+04
4.541606e+03
-1.913324e+04
1.363074e+03
-7.252433e+02
2.512976e+03
8.864479e+03
1.102147e+03
-7.586964e+03
-1.806189e+03
1.083574e+03
4.877172e+03
-2.434339e+03
-1.773618e+04
-3.469297e+03
1.766368e+03
-3.587669e+03
-4.557289e+03
-1.039168e+03
3.143630e+03
6.555626e+03
5.277627e+03
-7.070272e+02
1.775821e+02
-1.822884e+03
5.189716e+03
2.838784e+03
2.457699e+02
2.404392e+03
1.194280e+03
4.591917e+03
-1.422998e+03
-4.650004e+03
-5.704302e+02
-9.482104e+02
8.136022e+02
-3.094441e+03
1.837616e+03
7.298325e+02
1.298655e+03
-3.781676e+02
1.964653e+03
-8.843403e+02
1.622641e+03
2.667493e+02
-4.658211e+02
2.667260e+03
1.240830e+03
-3.564889e+02
1.174250e+03
2.722133e+03
-1.165435e+03
4.872060e+02
-5.339492e+01
-1.011059e+03
-5.289583e+02
-9.878069e+02
-1.335855e+03
5.469358e+02
-2.089118e+02
1.224212e+03
5.482983e+02
1.638614e+03
1.143177e+03
8.296506e+02
3.228965e+02
6.167751e+01
2.942150e+02
4.355757e+01
-4.832089e+01
-5.301586e+01
-2.654622e+02
-7.363030e+02
6.246311e+02
-2.803144e+02
4.653536e+02
-2.433780e+02
3.596664e+02
3.133548e+01
1.349998e+02
-1.076430e+02
3.619972e+02
-3.940440e+02
-4.908845e+02
2.036951e+02
2.532286e+02
-1.189243e+02
-2.245456e+02
-1.739619e+01
-3.610056e+02
4.275070e+02
-1.777778e+02
4.501195e+00
2.935583e+01
-1.564788e+02
-5.869635e+01
4.999652e+01
2.657059e+02
-1.316723e+02
-1.642745e+02
-1.001271e+02
-1.492196e+02
-2.273809e+01
2.072061e+02
-3.025243e+01
2.772025e+02
-2.037257e+02
-1.433092e+02
-5.348358e+01
-9.362579e+01
-1.108835e+02
2.374985e+02
-2.515209e+02
1.127428e+02
3.410093e+02
-1.843212e+00
-5.264601e+01
-6.017430e+01
-2.064055e+02
8.701620e+01
-2.367226e+01
1.161496e+02
-8.295358e+01
-1.638863e+01
1.329233e+02
1.723758e+02
1.323974e+02
9.066884e+01
2.098526e+01
-5.726230e+01
-4.518755e+00
2.387827e+01
-7.510052e+01
2.855104e+01
1.483297e+02
5.533141e+01
-4.291029e+01
-2.157803e+01
2.197144e+01
2.365872e+01
-2.784182e+01
1.159520e+01
-9.687232e+01
-1.121697e+01
-2.798976e+01
7.721828e+01
8.971295e+00
-7.301321e+01
3.130630e+01
-4.121792e+01
-1.353121e+01
7.378861e+00
-1.883641e+01
3.017124e+01
4.003176e+01
-8.053283e+01
3.509607e+01
-2.819643e+01
7.091874e+00
2.130897e+01
-2.455301e-01
-2.200221e-01
-3.081586e-01
3.199311e-01
-1.064628e-02
1.793062e-01
-6.493355e-02
2.210818e-01
2.508761e-03
1.196335e-01
4.909780e-01
-2.196112e-01
2.019377e-01
3.462462e-02
2.637717e-01
1.023226e-01
2.388152e-02
4.331408e-02
-2.004994e-02
-7.967613e-03
2.783329e-02
1.975518e-01
-8.162883e-02
1.264130e-01
1.407173e-01
1.033528e-01
3.054474e-03
1.651150e-02
-1.861020e-02
