-2.861099e-01
1.449690e+00
7.375037e-02
5.745778e+01
1.845900e+02
-1.076300e+01
3.577570e-04
1.849353e+04
-5.088197e+04
-7.978651e+04
1.359616e+05
1.881232e+04
-1.079689e+05
1.083007e+05
-1.487150e+05
-8.081459e+04
2.635951e+04
-35712
8.038383e+04
-4.936227e+04
-7.412258e+03
-3.685414e+04
-2.744000e+04
1.614431e+04
1.869176e+04
1.044377e+04
-1.610325e+04
4.117143e+04
-1.606663e+04
-1.431016e+03
8.223122e+03
1.886434e+04
-1.649502e+04
-2.506185e+04
-2.088164e+04
-6.269225e+03
9.348636e+03
-6.002231e+03
9.269317e+03
4.081217e+03
-1.720025e+04
-3.157499e+03
-9.203831e+03
-1.122780e+04
1.093859e+04
2.046827e+03
-8.705882e+03
4.012563e+03
-4.915983e+03
1.007734e+03
-4.059959e+03
9.437874e+02
4.407744e+03
-9.214027e+02
2.022406e+03
5.765438e+03
-1.085807e+03
8.548531e+03
8.743282e+02
-4.022043e+02
-6.155036e+03
4.693757e+03
1.735577e+01
9.449797e+02
6.622081e+02
1.991501e+03
2.343602e+03
2.719851e+02
-4.618473e+03
2.104887e+03
2.049136e+03
-1.727486e+03
-1.608828e+03
9.419943e+02
-1.459461e+03
-5.450859e+01
4.009337e+02
1.403244e+03
-1.325116e+03
4.926720e+02
-5.000415e+02
5.958608e+01
9.502877e+02
1.106904e+03
1.970803e+03
3.704714e+01
-8.886497e+02
-8.398839e+02
7.025975e+02
3.566550e+02
-1.114998e+02
1.635134e+03
1.646800e+03
1.132513e+03
-1.069824e+03
8.517656e+02
2.726568e+02
-2.960955e+02
8.196906e+02
-5.058085e+02
-5.351350e+02
6.060018e+02
2.536432e+02
-6.188640e+02
3.148315e+02
1.266174e+02
8.413751e+02
2.255546e+02
5.113957e+02
7.138688e+02
-4.411690e+02
7.021744e+02
-5.010853e+02
1.983689e+02
-2.542307e+02
1.867904e+02
-2.525419e+02
-1.730763e+02
1.882574e+02
3.513255e+02
1.604661e+02
4.126078e+02
-2.552251e+02
3.608315e+01
4.123977e+02
-4.195676e+01
-5.018591e+01
7.251736e+01
-1.746141e+02
3.943062e+01
2.386056e+02
5.199879e+02
2.360252e+02
7.436335e+01
-1.198853e+02
-2.366211e+02
2.111711e+02
-8.438913e+01
5.043038e+01
2.016783e+01
-2.019457e+02
1.596999e+02
-3.153917e+01
7.245931e+01
-1.489732e+02
8.686079e+01
7.578824e+01
-1.113094e+02
1.411627e+02
3.339243e+02
-8.896815e+01
4.148417e+00
1.125398e+02
3.028003e+01
-1.228477e+02
-2.985255e+01
1.234573e+02
-2.772565e+01
1.619742e+02
-1.578464e+02
-6.459610e+01
3.175734e+01
5.150490e+01
-5.335044e+01
1.428815e+01
3.334082e-01
-2.784797e+01
1.513848e+02
7.574967e+01
3.708268e+01
1.483147e+02
-2.365393e+01
-5.733882e+01
2.809066e+01
-6.856357e+01
-4.200468e+01
-3.176559e+01
-1.145659e+01
-4.879467e+01
6.829101e+01
-1.803375e+01
1.203855e+02
-2.257865e+01
5.243336e+00
6.146563e+01
8.256804e+00
2.798193e+01
-7.563937e+00
-1.747956e+01
1.246598e+01
2.743856e+01
1.450694e+01
-2.817025e+01
2.810851e+01
1.144230e+01
2.677601e+01
-8.072636e+00
-6.385788e+01
-2.493952e+01
-1.882408e-01
3.702505e+00
-4.474522e+01
1.846193e+01
1.758456e+01
3.349450e+01
1.118401e+01
-6.287434e-01
1.404681e-01
-4.118802e-01
3.291392e-02
-1.311057e-02
-3.198057e-02
4.826882e-02
-4.428006e-01
4.553814e-02
-1.426585e-01
-9.205132e-02
-1.903012e-01
1.411725e-01
-1.878711e-02
-1.170412e-01
-2.216079e-01
-1.668754e-02
3.603498e-02
4.182848e-02
2.270107e-02
7.679833e-02
4.146716e-02
6.975337e-02
-1.071175e-01
1.744051e-02
1.549896e-03
4.640167e-03
-1.147312e-02
9.345060e-03
