-2.690275e-01
-1.332926e+00
2.190652e-01
6.058667e+01
1.839323e+02
-1.238793e+01
3.583431e-04
-541332
-2.683372e+05
1.647909e+05
2.133965e+05
-9.074259e+04
-1.243864e+05
-1.932700e+04
4.439241e+04
-1.101017e+05
-4.544606e+04
-3.071659e+03
-3.662680e+04
-1.505383e+04
7.942256e+02
2.252433e+03
3.933655e+04
4.631200e+04
-1.245097e+03
1.063356e+04
-1.976044e+04
1.880754e+02
-1.541929e+04
-2.449620e+04
-9.442635e+03
8.281359e+03
6.089070e+02
-5.969098e+03
3.373336e+03
-6.882620e+03
1.474176e+04
-9.764094e+03
1.175875e+04
-6.844013e+03
1.369270e+04
-8.121958e+03
-2.117891e+04
1.741857e+03
-3.794250e+03
-1.655851e+03
-9.919504e+03
3.113722e+03
1.776971e+04
1.545339e+04
1.292661e+04
4.603270e+02
-8.312149e+03
4.253619e+03
1.194102e+04
2.751102e+03
-8.193869e+03
-6.881602e+03
1.410228e+03
-5.938536e+03
-1.148931e+04
3.109017e+03
-2.320641e+03
-7.699827e+03
-2.294429e+03
-2.143732e+03
2.734124e+03
-8.940237e+02
-2.376903e+03
1.272399e+03
7.558098e+02
4.376269e+02
1.123728e+03
-3.366428e+03
-2.772633e+03
-2.312755e+03
-3.982991e+03
1.125174e+03
-2.239818e+03
-6.259861e+02
2.720018e+03
-1.671129e+03
-4.577281e+02
2.408473e+03
5.474594e+03
7.245855e+02
1.378676e+03
-7.202483e+03
-1.472167e+03
-2.090192e+02
-2.233190e+03
6.901776e+02
7.349175e+02
-7.678742e+02
-1.266156e+03
1.447598e+03
6.877628e+02
-4.502338e+03
2.653026e+03
-9.676617e+02
-9.443692e+03
-2.050072e+03
8.952620e+03
-1.236526e+04
5.945401e+03
-7.215351e+03
-1.119177e+03
4.724671e+01
-4.204920e+03
5.736359e+03
3.481703e+03
-1.073965e+03
-1.503052e+03
4.472043e+03
-3.271949e+03
-4.226531e+03
-1.715093e+03
2.328178e+03
-2.782508e+03
8.304402e+03
2.592851e+03
-2.710440e+03
-2.575246e+03
3.398830e+03
6.416121e+03
-2.560714e+03
-2.454533e+03
-4.196789e+03
-2.675959e+03
2.464322e+03
-1.449500e+03
-1.750745e+03
3.472638e+03
4.740047e+02
-1.535547e+03
9.720393e+02
-3.732928e+03
1.495035e+02
-7.926608e+02
-3.342378e+02
1.539128e+03
-2.037311e+03
2.779087e+03
2.885700e+02
-2.564742e+03
-2.786296e+03
-4.010876e+03
1.650968e+03
1.828423e+02
-1.391049e+03
2.489902e+03
-1.923662e+03
-1.314884e+01
2.021377e+03
-2.867401e+03
3.334825e+02
1.157884e+03
-2.373175e+03
6.120998e+02
-2.340965e+03
-8.232840e+02
-1.198161e+03
-1.006490e+02
-1.265609e+03
2.654717e+01
8.619758e+01
2.653825e+03
9.560623e+02
-4.981898e+02
-1.847351e+03
-2.781260e+03
1.181812e+03
-1.885308e+03
1.565837e+03
-9.348058e+02
-7.241401e+02
1.105293e+03
-8.559117e+02
-2.080449e+03
1.438287e+02
4.556856e+02
1.181897e+02
2.787047e+02
-4.805902e+02
5.262546e+02
-4.118761e+02
1.260852e+03
9.598049e+02
3.335300e+01
6.088386e+02
-1.839169e+02
1.286028e+02
-8.355884e+02
-4.212925e+01
1.882792e+02
6.055994e+02
-2.912063e+02
3.902974e+01
-1.397269e+03
1.982936e+02
-2.824789e+02
-1.835211e+02
3.619192e+02
3.920430e+02
-7.149546e+01
8.821440e+02
5.164406e-01
1.569114e+00
6.059960e-01
-1.040243e-01
-1.261746e-02
-2.750983e-01
-1.213791e-01
-1.167987e-01
9.430707e-02
-1.865665e-01
-7.511430e-02
-2.433008e-02
-6.044239e-03
7.336231e-02
-5.116844e-02
-2.238962e-02
5.776450e-02
4.221307e-03
4.691676e-02
-3.254204e-02
-1.973319e-03
2.452040e-02
2.887023e-02
7.821858e-03
2.683314e-02
1.108522e-02
1.054670e-02
-1.047217e-02
4.719710e-03
