-9.430750e-02
9.409095e-01
1.057256e-01
5.120000e+01
1.786904e+02
-1.914144e+01
3.542237e-04
-9.449286e+05
-1.127661e+05
1.289036e+05
2.529138e+05
6.260380e+03
-1.580916e+05
-1.265326e+04
1.763990e+04
-1.477193e+05
-1.235931e+04
-1.523188e+05
-6.011236e+04
-3.881341e+04
-5.955711e+04
3.567355e+04
-4.857167e+03
-1.919451e+04
-3.624991e+04
8.568405e+03
-1.027242e+04
-1.376329e+04
-1.342302e+04
-9.068848e+02
-1.932415e+04
1.433930e+04
9.927895e+03
-2.932721e+04
2.383523e+04
-2.490565e+04
-3.213940e+04
-1.669338e+04
1.720811e+04
-1.772705e+04
1.604910e+04
8.146158e+02
6.112242e+03
5.007731e+03
-1.790211e+03
-9.980276e+03
-3.256478e+03
-5.634929e+03
1.097770e+04
6.900000e+03
3.010092e+03
3.768669e+03
-1.060265e+04
3.245579e+03
5.923161e+03
-2.782832e+03
-9.107997e+02
-2.939005e+02
6.312203e+03
-2.145930e+02
-4.077512e+02
-5.572320e+03
2.606487e+03
-6.759309e+03
2.969113e+03
-9.381567e+02
2.158013e+03
2.494664e+03
-3.840958e+03
-1.051049e+03
-1.567455e+03
-2.674680e+03
-7.031116e+03
1.751158e+03
1.511739e+02
1.807633e+03
3.693909e+02
-1.437359e+03
-2.070795e+03
-4.440448e+02
1.340779e+03
5.430911e+02
-1.085282e+03
6.493975e+02
4.924559e+03
6.620296e+02
1.587247e+03
-2.307331e+03
1.752807e+02
5.495517e+02
-1.082949e+03
1.675804e+03
1.472802e+03
-1.112223e+03
-1.201499e+03
6.158265e+02
-2.813455e+03
3.720195e+02
-3.062333e+03
1.010653e+03
-6.238492e+03
-3.288936e+03
4.870556e+02
-1.974088e+03
1.277637e+03
-1.319757e+03
-2.808706e+03
-1.741873e+02
-1.035038e+02
-1.378583e+03
9.884002e+02
1.670158e+03
-1.283417e+03
3.761957e+03
-2.995091e+03
-1.798784e+03
2.742966e+03
2.820744e+03
-2.364218e+03
2.576907e+03
-1.013998e+03
1.267206e+03
-1.178530e+03
1.667351e+03
3.549899e+03
-5.843445e+02
-1.214709e+03
-2.497016e+03
-1.033084e+03
3.054504e+01
-4.248895e+02
-5.353303e+01
2.338123e+03
4.441209e+02
-9.283993e+02
1.419533e+03
-1.920546e+03
6.077821e+02
-5.043248e+02
-2.105463e+03
-6.166288e+02
6.167610e+02
1.130987e+03
-1.018361e+03
-3.389528e+02
-4.228892e+02
-1.636911e+03
-4.876998e+02
-2.903978e+02
-2.740297e+02
1.110317e+03
-6.777297e+02
4.351646e+02
9.285282e+02
-1.548627e+03
-7.033313e+02
3.767016e+02
-5.268426e+02
6.301659e+02
-1.152092e+03
-8.218795e+01
-1.298982e+03
-4.759314e+02
-5.619844e+02
8.923591e+02
7.333088e+02
6.370260e+02
1.693264e+02
-2.858104e+02
-1.005031e+03
-6.840124e+02
4.551016e+02
-1.695034e+02
6.216902e+02
-7.857738e+02
-7.570988e+02
3.630887e+02
-6.617139e+02
-5.989725e+02
-3.423027e+02
-5.710820e+02
-1.310873e+02
-4.879955e+02
5.057509e+02
8.949595e+02
-5.100752e+02
1.540223e+02
7.241045e+02
-8.559767e+01
1.507497e+02
1.787637e+01
6.879290e+02
-3.946688e+02
-1.334602e+02
1.967662e+02
1.796619e+02
-3.929691e+02
-8.139370e+00
-2.191703e+02
-5.243004e+01
1.300325e+02
4.990196e+00
2.453337e+02
2.247940e+02
1.114452e+02
4.351595e+02
-1.008418e+00
1.493715e+00
2.066792e-01
-9.852180e-02
-7.263128e-02
-4.726893e-01
1.751875e-01
-1.620104e-01
2.731666e-02
-2.774345e-01
1.128823e-01
-1.331604e-01
-5.333373e-02
1.037090e-01
-1.076465e-01
1.051130e-01
4.894909e-02
-1.329288e-03
3.337423e-02
-6.250162e-02
-1.031725e-02
3.652151e-02
9.016375e-03
2.880803e-02
2.436869e-02
-9.261407e-03
1.606807e-02
-1.159520e-02
-8.284215e-03
