-1.570210e-01
8.204133e-01
-1.222317e-02
5.034667e+01
1.840728e+02
-2.212840e+01
3.650551e-04
-1.036136e+04
1.151943e+05
1.525101e+05
-5.557943e+04
-3.871543e+04
-1.933969e+05
-3.327764e+02
4.598667e+04
-6.987916e+04
-1.777746e+04
-2.709254e+04
-1.666320e+03
-1.448890e+04
2.847959e+04
-1.177288e+04
5.880887e+04
3.015396e+04
2.570010e+03
1.861093e+04
2.762635e+04
-2.888742e+04
-3.439934e+03
-1.603323e+04
-1.273454e+04
6.268500e+03
-2.172759e+04
-8.411844e+03
-8.360196e+03
-6.410938e+03
2.391024e+04
-2.227364e+04
-1.701935e+03
-2.283970e+02
-8.786941e+03
1.039196e+04
-2.939671e+04
-6.786892e+03
-8.063417e+03
-7.153392e+03
4.434716e+03
6.129607e+03
1.995521e+03
1.787714e+03
5.606037e+03
-4.669753e+03
-9.815483e+03
2.498320e+03
2.075052e+03
1.090463e+03
-2.996752e+02
-3.635958e+03
9.751414e+02
-2.004742e+03
-2.972099e+03
2.140642e+03
2.681781e+03
-7.055232e+03
-8.502606e+01
3.969418e+03
4.512687e+02
5.398285e+03
-9.287009e+02
-2.914969e+02
2.637462e+02
7.332013e+03
-6.621003e+02
9.106982e+01
-4.034390e+03
1.599719e+03
3.014306e+03
-1.868154e+03
8.107276e+02
-6.708573e+01
1.270447e+03
-3.965324e+02
3.894588e+03
3.700559e+03
2.584907e+02
9.249855e+02
5.111021e+02
-2.762346e+03
2.628265e+02
6.721399e+01
-2.064947e+03
-2.381493e+03
-3.416050e+02
-1.578723e+02
-2.412269e+03
-9.391815e+02
-1.276485e+03
-5.617546e+02
1.162791e+03
-7.947535e+02
-3.792050e+03
-2.473945e+02
6.201293e+03
-7.044860e+03
4.166933e+03
-5.343995e+03
5.910965e+01
-3.463642e+03
9.690814e+02
9.003534e+02
7.536429e+01
-2.722634e+03
-2.583968e+03
1.761620e+03
-2.177019e+03
1.528386e+02
1.971256e+03
2.366290e+03
-1.920233e+03
3.353129e+03
1.585332e+03
-3.283918e+03
3.002521e+02
1.155250e+03
4.762455e+03
1.435627e+03
-1.091296e+02
-3.007158e+03
-1.330599e+03
3.158925e+02
8.368670e+02
-9.180550e+02
5.069029e+03
2.044767e+03
-8.639991e+02
-6.070812e+02
-2.434477e+03
1.927472e+03
-9.984322e+02
-2.180693e+03
-9.466991e+01
-1.255567e+03
3.576706e+03
7.644132e+02
-3.088471e+02
-1.348926e+03
-2.731717e+03
-3.268859e+02
-2.833311e+02
-8.909523e+02
2.395755e+03
-7.954172e+02
-1.150329e+03
9.642775e+02
-1.558784e+03
-7.653632e+02
5.493228e+02
-6.284667e+02
8.873094e+02
-7.401516e+02
-3.340491e+02
-3.621885e+02
-4.168302e+02
1.153780e+03
6.740663e+02
1.734334e+02
1.695567e+03
4.860983e+02
-9.107947e+02
-1.243412e+03
-1.871020e+03
2.776649e+02
-1.721854e+03
-1.884378e+02
-9.904019e+02
3.416597e+02
3.879899e+02
-2.498513e+02
-1.502606e+03
-3.161664e+02
-9.620342e+02
5.770151e+02
-3.219847e+02
-3.866075e+02
1.043064e+03
-7.951127e+02
1.304817e+02
6.496766e+02
-6.633701e+02
5.488429e+02
-2.563724e+02
1.354889e+03
-1.187718e+03
-1.515588e+02
-7.114805e+02
8.691445e+02
-2.498990e+02
8.906165e+01
-5.852723e+02
-2.863074e+00
5.319727e+02
-2.104374e+02
6.038116e+02
-9.280759e+01
-1.198786e+02
2.782010e+02
8.668605e-01
1.188415e-01
4.228037e-01
-4.968967e-01
7.543295e-03
-8.714053e-02
-1.543998e-01
4.775003e-02
6.623519e-02
8.402527e-02
1.837091e-01
-2.329222e-02
-7.897512e-02
5.212128e-02
-7.083884e-02
-1.351921e-02
2.834528e-02
4.331161e-02
-4.216441e-02
-6.399661e-03
-6.086205e-02
3.034972e-02
1.388060e-02
3.225277e-03
-9.293241e-05
-2.412201e-02
-3.264636e-03
-1.685383e-02
3.545512e-03
