4.462891e-02
8.879264e-01
-7.410904e-02
5.034667e+01
1.611665e+02
-2.054374e+01
3.689984e-04
-1.650885e+06
5.696255e+04
-1.734120e+04
1.814570e+05
3.523582e+04
-1.410308e+05
-2.069551e+05
1.514068e+05
-6.374141e+04
6.140195e+04
-8.994263e+04
-2.461021e+03
4.267282e+04
2.910882e+03
-3.796329e+04
-1.504922e+04
2.130818e+04
1.169372e+04
-4.514846e+04
3.839538e+04
-3.380651e+04
1.741985e+04
-1.756277e+04
-1.678170e+04
2.916432e+04
-1.030459e+04
4.759377e+03
9.801220e+03
-1.258582e+04
-2.873029e+04
-1.455812e+04
8.050089e+03
1.038782e+04
-3.992605e+04
-3.658939e+03
1.237935e+04
-3.652418e+03
1.656977e+03
-1.204631e+04
1.815401e+04
-1.255138e+04
1.243522e+04
-4.836739e+03
-4.426774e+03
8.596222e+03
-1.471765e+04
-1.509605e+04
-2.280848e+03
-5.686803e+02
4.032186e+03
1.018745e+04
5.744326e+03
4.388237e+03
5.599098e+03
-4.555499e+03
-1.340040e+04
-4.272577e+03
5.937984e+03
-2.221330e+03
-1.062670e+03
3.120758e+03
-2.834620e+03
-2.360427e+03
-4.566663e+03
1.512853e+03
3.141353e+03
4.765159e+02
3.834820e+03
3.283092e+03
2.819796e+03
-5.228677e+03
-4.707929e+03
2.591855e+03
2.783000e+03
4.124779e+02
3.470932e+03
-1.132400e+03
2.776118e+03
-1.694646e+03
-2.391335e+03
-2.889132e+03
-1.589570e+03
1.558668e+03
1.272085e+03
-1.146672e+03
2.886811e+03
4.484445e+02
-1.023101e+03
4.867928e+02
1.050745e+03
-1.070567e+03
2.144182e+03
-1.941129e+03
-1.247242e+03
2.983810e+03
-3.727437e+03
-6.033911e+03
7.354079e+03
-1.049223e+04
-2.273111e+03
-4.672627e+02
5.994113e+03
7.084680e+03
2.137446e+03
6.387003e+03
-3.450029e+03
2.011510e+03
3.890679e+03
-5.724726e+02
2.245666e+03
2.928470e+03
-3.252590e+03
1.119432e+03
1.629286e+03
3.050850e+03
-4.374110e+03
1.175588e+03
3.827317e+03
2.786354e+03
-8.221237e+02
-3.825674e+03
-1.136423e+03
-6.729108e+02
-1.004141e+03
-1.024227e+03
3.766256e+03
9.923038e+02
-1.509062e+03
8.858393e+01
-5.696475e+02
1.715566e+03
-1.934288e+03
-1.318854e+03
1.756088e+03
-6.274258e+02
1.696609e+03
-6.636475e+01
6.643398e+02
-1.336958e+03
-2.489809e+03
-4.817089e+02
-2.346492e+03
4.370049e+02
2.575958e+03
-3.144956e+03
2.787337e+03
1.936336e+02
-2.888372e+03
-9.705699e+02
1.714838e+03
-3.005238e+03
-6.444384e+02
-2.124030e+03
-4.443542e+02
-9.650689e+02
2.441948e+02
-3.039989e+03
-1.231527e+02
3.068406e+02
9.646925e+02
-6.499034e+02
3.096083e+02
-9.134712e+02
9.268300e+00
7.376374e+02
-9.358845e+02
3.950212e+01
-1.041916e+02
6.451011e+02
-3.057980e+02
-8.908299e+02
-1.428493e+03
-1.260288e+02
-3.520492e+02
-7.348038e+02
-9.384339e+02
1.015529e+03
1.511837e+03
-3.905669e+02
-2.733340e+02
1.347079e+03
2.407355e+02
1.163721e+03
3.088170e+02
1.108647e+03
-3.964902e+02
-9.746184e+00
8.494888e-01
4.727909e+02
-5.558373e+02
3.077039e+01
-8.625122e+02
-2.599522e+02
4.158949e+02
1.259754e+02
2.504313e+02
8.303501e+01
-4.344167e+02
8.218669e+02
-2.161912e+00
-3.234374e-02
1.110603e-01
-4.216829e-01
7.173691e-02
-4.005721e-01
-4.740441e-02
-1.388341e-01
1.046809e-01
1.535122e-01
-2.028130e-02
-3.433375e-01
-1.383786e-01
2.073202e-02
-4.537611e-02
3.002636e-01
1.581460e-02
-1.678364e-01
-1.341975e-01
-1.675789e-01
-1.353975e-01
3.052327e-03
-3.087255e-02
8.826748e-03
-3.398141e-06
-4.396389e-02
1.995537e-02
5.463691e-03
-6.190413e-03
