-1.770768e-02
1.516918e+00
-1.457364e-01
5.233778e+01
1.789531e+02
-1.012829e+01
3.383992e-04
-3.371336e+05
1.161600e+05
-9.954446e+04
-2.685953e+05
-1.511769e+05
-4.303524e+04
6.351237e+04
-9.650847e+03
-2.535612e+05
-7.147677e+03
4.589669e+04
9.343026e+04
-1.062406e+05
-6.858614e+03
4.995932e+04
7.372236e+03
-7.987939e+03
-7.629524e+04
3.175304e+04
1.564385e+04
-7.009773e+04
-3.930339e+04
4.107411e+04
-1.630692e+04
6.510436e+04
-2.096660e+04
6.603210e+03
2.048914e+04
3.334527e+03
1.065203e+04
-9.099693e+03
7.170910e+03
-2.382551e+04
4.024727e+04
-1.209426e+04
-2.817524e+04
-5.880064e+03
4.222850e+03
-1.979332e+04
7.402205e+02
8.633129e+02
-5.508599e+03
-1.307479e+04
4.815252e+03
-6.518149e+03
-8.525640e+03
1.046490e+04
-4.812767e+03
-7.243104e+03
-6.738481e+03
-1.450157e+04
3.126654e+03
-3.276345e+03
-2.263191e+03
-4.374292e+02
5.266464e+03
5.392335e+03
5.567075e+03
9.374026e+02
-5.960106e+02
-4.245146e+03
2.447875e+03
3.496373e+03
-2.971429e+03
-1.722893e+03
-4.568706e+03
5.340907e+02
-1.205585e+03
1.129469e+03
2.518095e+03
-6.324287e+03
2.765567e+02
1.024871e+03
-2.368216e+03
1.169419e+03
-1.990239e+03
-6.373642e+02
1.741683e+03
9.888160e+02
6.065219e+02
-1.446344e+03
1.885181e+03
-3.117546e+03
-3.949083e+03
-4.203572e+03
4.006673e+03
-1.472821e+03
7.767677e+02
9.031300e+02
-2.417233e+03
-3.958401e+02
-1.879549e+03
2.847709e+03
-3.798261e+03
3.950365e+03
2.098580e+03
-3.251803e+03
4.801102e+03
-2.467720e+03
-4.192490e+03
-4.549921e+03
-2.245418e+03
2.887833e+03
5.824156e+02
-1.524224e+03
-2.016962e+03
5.562092e+03
-1.371934e+03
-2.041704e+03
3.616714e+03
2.354739e+03
-2.877188e+03
-1.520074e+02
-8.817964e+02
2.081376e+03
-6.164212e+02
2.918650e+03
5.311994e+03
-1.150504e+03
-1.342395e+03
-4.122312e+03
-3.089050e+03
9.993483e+02
-2.727044e+03
1.283484e+03
4.662304e+03
1.058714e+03
-2.936909e+03
-9.655478e+02
-2.246969e+03
-3.023603e+02
9.751625e+02
-8.379091e+02
-1.215417e+03
1.210703e+03
2.717135e+03
-1.199195e+03
-2.789493e+02
-2.552622e+03
-2.931683e+03
-9.771831e+01
-1.656836e+03
5.881522e+02
2.755523e+03
-2.219077e+03
6.684085e+02
1.360440e+03
-1.781141e+03
-6.893383e+02
-9.934264e+02
-1.698879e+03
-3.103176e+02
-2.271094e+03
-6.522143e+02
-9.229891e+02
-1.277995e+03
-8.362052e+02
1.094198e+03
1.287404e+03
1.391128e+03
4.825849e+02
1.532699e+02
-5.623914e+02
-9.083421e+02
9.591942e+02
-3.476258e+02
4.584479e+02
-5.008899e+02
-3.904544e+02
-1.717610e+02
-6.340714e+02
-7.980979e+02
-6.219452e+02
-9.441777e+02
4.612182e+02
-1.649188e+02
-4.964748e+02
5.812927e+02
-6.562614e+02
-6.940297e+01
1.205661e+03
-5.277151e+02
7.677161e+01
-1.442499e+02
8.036444e+02
-7.400919e+02
-3.070596e+02
3.416019e+02
7.760628e+02
-1.290211e+02
-2.284060e+02
-2.288890e+02
1.211440e+01
1.995110e+02
-6.867496e+01
4.689154e+02
2.360809e+02
2.755930e+02
1.415737e+02
-1.409047e+00
1.123913e+00
-5.457557e-01
1.971401e-01
3.676039e-01
-2.449144e-01
-6.994335e-02
-8.723953e-02
1.252826e-01
-1.909933e-01
1.913530e-01
3.085758e-01
-6.311827e-02
-2.407133e-03
-6.519615e-03
3.803084e-02
-1.923182e-02
-9.755011e-03
-1.851542e-02
9.148034e-02
-3.878337e-02
4.677913e-02
3.030008e-02
-2.245296e-02
6.217314e-03
-3.430561e-04
-8.716256e-03
-1.374053e-02
3.952676e-03
