-1.336702e-01
-8.261983e-01
-5.675888e-02
4.835556e+01
1.877034e+02
-2.223388e+01
3.320460e-04
2.505305e+05
-1.016526e+05
-1.792967e+05
2.273076e+05
2.391820e+05
-1.465804e+05
1.287128e+05
8.931192e+04
-1.371887e+05
8.913043e+04
-1.410019e+05
-5.037397e+04
-5.914709e+04
-1.081101e+05
-1.771606e+04
-7.146456e+04
-5.133702e+04
-4.372016e+04
-7.207991e+04
-6.071893e+04
6.227635e+03
-6.827788e+02
3.873314e+04
-3.562750e+04
-2.982697e+04
6.225919e+04
1.034269e+04
-1.184480e+04
-5.693460e+03
1.230977e+04
1.572316e+04
1.881887e+04
-1.918182e+04
-5.368668e+04
2.555566e+02
5.605477e+02
2.478028e+04
3.015147e+04
-5.436305e+03
-2.632330e+04
-1.054989e+04
-1.495686e+04
1.545784e+04
3.763474e+03
2.388573e+04
-1.159844e+04
1.606692e+04
3.540882e+02
4.669253e+03
-8.406473e+03
-9.271440e+03
-1.332863e+04
7.681838e+03
-6.429279e+03
9.083247e+03
-1.007565e+04
2.531824e+04
2.535609e+03
-8.972752e+02
-1.261281e+04
-1.570092e+04
-2.512691e+03
3.115205e+03
-9.718410e+03
-1.125310e+04
-4.961241e+03
-1.091385e+04
-1.148272e+03
-5.180208e+03
-7.052009e+02
1.374138e+03
-5.903145e+02
1.556138e+03
3.646485e+03
3.039696e+03
-1.295970e+04
6.327051e+02
7.605908e+03
-7.087867e+03
4.354365e+03
3.623833e+03
-4.693669e+03
-1.061470e+03
3.758681e+03
5.963721e+03
1.913985e+03
6.139270e+02
1.061329e+03
1.716236e+03
3.517416e+01
-3.874208e+03
4.468016e+03
-6.365602e+03
-7.710777e+03
-3.707184e+03
1.530963e+03
-7.213467e+03
5.200788e+03
-6.644716e+03
1.156341e+03
1.084999e+03
-5.875162e+02
3.643343e+03
1.009627e+02
3.694990e+03
-2.045268e+03
2.269712e+03
-1.146263e+03
-2.334124e+03
-9.577195e+02
2.016677e+03
2.233594e+02
4.684623e+03
1.946670e+03
-2.698406e+03
-8.928760e+02
3.128788e+03
3.200853e+03
1.187445e+03
-1.623135e+03
-3.905105e+03
-2.477403e+03
1.354306e+03
-6.843662e+02
-1.761697e+03
3.315211e+03
1.073783e+03
-1.968470e+03
-1.440870e+03
-2.222026e+03
1.243338e+03
-1.616559e+03
-1.459625e+03
1.797398e+03
4.620753e+01
3.489085e+03
1.725904e+03
-2.559401e+03
-1.667265e+03
-2.504555e+03
5.371302e+02
-5.267433e+02
3.530305e+00
3.457227e+03
-1.813758e+03
5.732237e+02
9.387935e+02
-1.715226e+03
3.399993e+02
1.669462e+03
-1.770748e+03
-3.683785e+02
-2.310402e+03
-1.077764e+03
-6.961187e+02
1.421799e+01
-6.388337e+02
8.608419e+02
1.548910e+02
8.843239e+02
1.055315e+03
3.197925e+01
-1.118922e+03
-2.665049e+03
1.156547e+03
-6.708321e+02
1.422762e+03
-3.120607e+02
3.989811e+01
-5.091081e+02
-7.302587e+02
-1.568502e+03
1.541719e+02
2.357955e+02
3.856694e+02
-2.847634e+02
6.629157e+02
1.032891e+03
-3.904850e+02
8.415723e+02
1.046392e+03
-3.230598e+02
5.211578e+02
-1.801213e+02
2.854914e+02
-1.027257e+03
7.415031e+02
-5.725850e+01
5.516210e+02
-8.728723e+02
-8.742236e+01
-6.338492e+02
4.249432e+02
-3.663693e+02
9.688835e+01
6.876432e+02
1.967291e+01
-1.879802e+02
6.701243e+02
-4.893616e-01
-2.206691e-01
-4.506845e-02
-1.311719e-01
3.323896e-01
9.336698e-02
1.920622e-01
8.496730e-02
7.510024e-03
-1.663746e-01
-2.922404e-02
-8.556972e-02
-5.852305e-02
-4.564245e-02
-1.120218e-01
-1.437008e-01
1.095800e-04
-3.035156e-03
6.254022e-02
-1.106596e-02
1.343678e-01
-9.454903e-03
-1.734332e-02
4.341856e-03
-5.461925e-03
1.749739e-03
-2.264307e-03
1.741225e-02
9.564528e-03
