-3.421731e-01
4.302674e-01
-4.005151e-01
4.977778e+01
2.002066e+02
-2.332204e+01
3.541074e-04
-8.252968e+05
9.279045e+04
-2.736510e+05
8.852612e+04
-1.192337e+04
-2.304178e+05
-1.169504e+04
-1.767470e+05
1.442268e+05
-9.134389e+04
5.066216e+04
-5.804310e+04
1.121737e+05
1.356050e+05
-1.437949e+04
9.577773e+04
35555
4.291933e+04
1.927084e+04
-7.933953e+04
3.295639e+04
-1.562820e+05
-4.028632e+04
-1.015089e+05
4.301673e+03
-2.846282e+03
-1.671589e+04
2.035572e+04
-5.889921e+04
8.509360e+03
-2.323340e+04
4.279495e+03
-3.941293e+04
2.083799e+04
-1.991108e+04
1.224271e+04
2.806414e+04
2.913465e+04
1.067724e+04
8.213436e+03
-4.689821e+03
2.694957e+04
1.814773e+04
6.736183e+03
1.685170e+04
2.681863e+03
3.583585e+03
-1.763044e+04
-9.723093e+03
5.739212e+03
2.542156e+03
1.291976e+04
3.028938e+03
-8.355335e+03
-1.507408e+04
5.901121e+03
-4.480883e+02
1.181150e+04
-8.446969e+03
1.429796e+04
-4.036414e+03
-4.894156e+03
4.018805e+03
1.398688e+03
5.395191e+03
-1.092347e+04
1.267645e+03
1.521755e+03
2.349153e+03
5.773115e+03
-1.757275e+03
-6.207976e+03
-1.132146e+03
4.010562e+02
-2.761239e+03
-5.552099e+03
-2.093721e+03
8.013866e+03
4.380383e+03
3.701991e+02
-1.540567e+03
9.036698e+02
2.590267e+03
-5.109652e+03
-5.746558e+01
-3.602198e+03
-1.643880e+03
-1.863426e+03
-7.358419e+02
-3.141360e+03
-6.150959e+02
2.418700e+03
-4.441364e+03
-9.325205e+03
-7.911517e+02
3.618596e+03
-5.435956e+03
2.920918e+03
-4.336531e+03
-5.998350e+03
-3.425568e+03
3.139626e+03
1.441836e+03
3.582578e+03
3.211581e+03
-1.740826e+03
3.797515e+03
-5.326493e+03
-3.681102e+03
2.887361e+03
5.528128e+03
-2.164078e+03
4.228823e+03
1.719773e+03
-3.456446e+03
5.515796e+02
3.226248e+03
4.629751e+03
-2.997766e+02
1.174374e+03
-2.981034e+03
5.302531e+02
2.666121e+03
-5.791757e+01
3.525292e+01
3.934705e+03
-6.546929e+02
-1.844808e+03
-1.677282e+03
-3.530033e+03
1.902030e+03
-1.411424e+03
-2.547765e+03
2.245797e+03
-3.106228e+03
4.637169e+03
-1.040344e+03
-9.469460e+02
1.995203e+02
-2.381692e+03
-1.736378e+03
4.236010e+02
-1.209159e+03
2.466219e+03
-1.031115e+03
-1.273075e+03
1.457841e+03
-3.034966e+03
-1.221942e+03
-5.152380e+02
-1.949020e+03
2.789884e+01
-2.800717e+02
-9.824001e+02
-2.294956e+03
-6.586627e+02
-8.685701e+01
-6.027531e+02
1.905540e+03
1.236521e+03
-3.956144e+02
8.733478e+02
-4.669854e+02
-1.223304e+03
-4.987153e+01
-1.376936e+03
6.659573e+01
-1.984029e+03
3.473903e+02
3.366301e+02
-5.057489e+02
-1.846912e+03
-3.072225e+01
2.775043e+02
-4.498478e+02
-9.100116e+02
-1.221837e+03
9.981881e+02
-4.975452e+02
5.275267e+02
9.144233e+02
-5.148072e+02
8.197457e+02
-2.186909e+02
8.742597e+02
-5.878913e+02
-3.889505e+02
-3.652205e+02
2.957498e+02
-2.342415e+02
-3.345011e+02
-1.871779e+02
-5.985182e+01
1.398390e+02
-3.295955e+01
4.935799e+02
-1.494763e+02
-3.692779e+02
7.643139e+02
-2.545539e+00
2.359942e+00
-7.314143e-01
8.626462e-01
-3.345699e-01
-3.065486e-01
-1.330808e-01
-3.638029e-01
-3.301572e-01
-2.762359e-01
-9.147198e-02
7.146179e-02
4.187279e-02
4.688149e-02
-9.497527e-02
-2.620716e-02
2.210700e-02
-3.274080e-02
-3.413380e-02
-7.240548e-02
-3.028698e-02
6.476500e-02
-1.723069e-02
-8.170013e-03
2.024756e-02
1.575448e-02
1.675328e-02
-1.379866e-02
-1.754327e-02
