-9.613550e-02
7.537878e-01
2.198271e-01
4.977778e+01
1.877168e+02
-2.036938e+01
3.581088e-04
-6.004584e+05
-6.293513e+05
-2.510300e+04
8.194430e+04
-2.595566e+05
2.164919e+03
1.562874e+05
-1.222966e+05
-2.024847e+05
-1.651242e+05
-7.073177e+04
-6.923122e+04
-3.774906e+04
-6.240879e+02
4.228751e+04
1.671104e+04
-1.543570e+04
-1.053557e+04
1.441659e+04
-9.354709e+04
-1.058866e+04
-5.762143e+04
1.602940e+04
-3.451057e+04
9.977855e+03
4.509131e+01
-7.073966e+03
5.276753e+03
-1.345782e+04
2.538463e+04
-1.504925e+04
1.940560e+04
-1.089965e+04
3.145468e+04
-2.075578e+04
-7.807458e+03
1.691450e+03
1.863412e+04
1.019992e+04
-1.130284e+04
-1.157976e+04
-9.164212e+03
1.695121e+04
2.229364e+04
-4.266101e+03
4.728244e+03
1.288758e+04
1.030270e+04
-6.568443e+03
-7.116333e+01
-2.254498e+04
1.224028e+04
4.709161e+03
-4.530358e+03
7.989534e+03
7.600678e+03
-8.628438e+03
-4.628043e+03
-3.945214e+03
-1.794590e+03
-3.131771e+03
-6.272551e+03
-1.973266e+03
-7.822722e+01
-8.754615e+03
5.363127e+02
-5.652195e+03
-8.171400e+02
-2.621276e+03
2.688736e+03
-3.099445e+03
-8.014209e+02
-7.231707e+02
1.878536e+03
1.350975e+03
-1.416874e+03
8.287920e+02
7.366629e+02
2.173065e+03
4.274458e+03
2.363321e+02
-1.262398e+03
2.067996e+02
-1.614919e+03
2.918635e+03
2.498557e+03
-1.772486e+03
9.282029e+02
2.530437e+03
1.110276e+03
-9.945104e+02
1.920341e+03
-6.298189e+03
-2.130584e+03
-4.198517e+03
-2.308181e+03
-1.784870e+03
-3.264183e+03
-2.070451e+03
1.590118e+03
-2.100307e+02
6.264174e+02
-9.492234e+02
-7.308446e+02
-1.324199e+03
-3.204121e+03
-1.516292e+03
-2.454196e+03
-5.621583e+03
1.898271e+03
4.730571e+03
-4.420906e+03
2.707080e+03
4.634907e+03
-1.582123e+03
-6.587255e+02
1.216624e+03
3.960412e+03
2.440201e+03
1.307649e+02
-4.236232e+03
-2.210563e+03
-7.692768e+02
-3.990417e+01
1.280919e+03
1.216736e+03
-1.522153e+03
-3.075141e+03
1.595211e+03
-3.150560e+03
2.331359e+03
-1.523354e+03
-2.521177e+03
-6.584754e+02
1.293579e+03
1.132506e+03
-1.346849e+03
-5.049610e+02
-2.065060e+03
1.773793e+03
-1.116218e+03
-1.760541e+03
-1.074522e+03
2.043913e+03
-2.450657e+03
-2.849300e+02
8.098693e+01
1.890569e+02
-2.605919e+02
-1.146282e+03
1.841416e+02
1.414269e+03
1.379768e+03
-1.016300e+03
-1.194078e+03
-1.831094e+03
2.056996e+02
-1.462694e+02
4.438432e+02
9.060357e+02
9.701423e+02
-1.795942e+03
-1.159717e+03
-1.470756e+03
4.254663e+02
-8.922356e+02
-3.942768e+01
1.612887e+01
-6.785004e+02
7.240796e+02
-2.008295e+02
-1.585043e+03
5.883737e+02
-9.256283e+02
2.194828e+02
1.760985e+02
2.349917e+02
8.091752e+02
-3.820205e+02
9.347475e+01
6.180703e+02
3.668488e+02
4.926026e+02
-5.091508e+02
1.567334e+03
-7.598428e+02
-3.164911e+02
-1.014228e+03
8.179958e+02
-2.859864e+02
3.064928e+02
-2.300539e+02
-2.718949e+02
2.059129e+02
1.700379e+02
1.674552e+02
3.787150e+02
-4.036576e+02
1.942060e+02
-3.471793e+00
2.990391e+00
-1.676533e-01
8.751893e-01
1.686882e-01
-4.188173e-01
4.245097e-02
-5.113385e-01
-6.020917e-03
-4.185689e-01
-1.911042e-01
8.656075e-02
-1.078253e-01
3.731599e-02
-1.379446e-01
-9.736820e-02
-1.799005e-02
5.167796e-02
1.941853e-02
-3.690018e-02
2.047890e-02
7.260993e-02
6.990538e-02
-9.079107e-03
5.754548e-02
-4.217338e-03
3.132124e-02
-2.504889e-02
-1.988426e-03
