-1.956470e-01
1.511586e+00
4.429156e-01
5.376000e+01
1.702641e+02
-8.472524e+00
3.581108e-04
-1.964390e+05
-7.852591e+05
1.976168e+05
-1.160091e+05
5.014614e+04
221486
2.788196e+04
2.432912e+03
-3.794709e+04
2.324000e+04
1.244501e+04
-3.203312e+04
4.527271e+04
4.453475e+03
-2.391237e+04
-3.292576e+04
1.193252e+02
-3.667205e+04
-4.246872e+04
1.942481e+04
6.516269e+04
2.122436e+04
1.874795e+04
7.716544e+03
1.496062e+04
-1.623022e+04
1.616935e+04
3.033105e+04
9.082320e+03
-6.573184e+03
9.342164e+03
-4.448306e+03
2.912214e+03
1.859229e+03
-5.117735e+03
-2.157414e+04
-7.099900e+03
7.829316e+03
2.176037e+04
-2.842411e+03
-8.550996e+03
-7.198829e+02
2.015967e+03
2.164605e+03
-6.576265e+03
-1.281334e+04
-6.470637e+03
3.547660e+03
7.940705e+02
-9.025675e+02
-2.871158e+03
4.112015e+03
1.243474e+03
-5.268498e+03
6.819235e+03
-6.556543e+03
2.238169e+03
-6.225537e+03
-2.521451e+03
-6.679064e+03
3.685789e+03
3.140403e+02
4.723794e+03
1.118517e+03
-2.929367e+03
4.745991e+02
1.023690e+03
5.794940e+02
-2.314911e+03
-9.344688e+02
1.369690e+03
-4.083291e+03
2.973222e+03
4.359340e+02
4.397734e+03
2.202840e+03
-2.379215e+03
1.117671e+03
-3.285732e+03
-1.299482e+03
-5.146281e+03
1.811780e+01
1.278641e+03
3.427885e+03
1.732812e+03
1.870936e+03
-3.636050e+02
1.915465e+03
2.217744e+03
7.428857e+01
-5.351587e+03
4.771249e+03
-6.582547e+02
-6.706618e+03
2.726599e+03
1.112142e+04
-8.729158e+03
7.730748e+03
1.555936e+03
-3.643855e+03
-4.581442e+03
-4.297005e+03
1.291280e+04
8.552750e+03
-7.638507e+02
-2.699493e+03
2.220926e+03
2.423049e+02
-1.011552e+03
4.527545e+03
3.306347e+03
-5.605976e+03
5.166821e+03
2.572455e+03
-3.157669e+03
-4.198693e+03
7.331129e+03
6.625948e+03
9.062528e+02
-6.458266e+02
-4.968258e+03
-2.578242e+03
1.165117e+02
-4.904225e+03
2.994107e+03
4.339856e+03
1.742217e+03
-1.938444e+03
-2.057243e+03
-2.546202e+03
-1.931633e+02
1.352426e+03
-1.783448e+03
3.930558e+02
-1.438212e+03
7.836319e+02
1.887126e+02
-2.588098e+03
-1.490025e+03
-3.580615e+03
1.727459e+03
2.234000e+03
8.562394e+02
2.776394e+03
-4.076731e+03
-2.325209e+03
-1.874340e+02
-1.586997e+03
-1.508072e+03
-7.466860e+02
7.863042e+02
-2.785311e+02
-1.416177e+03
-1.608228e+03
-9.954711e+02
-1.049065e+03
-8.223439e+02
3.938744e+02
1.442701e+02
9.929173e+02
1.890211e+02
-8.652685e+02
-1.139732e+03
-1.662083e+03
5.640439e+02
-4.308456e+02
1.738140e+03
1.809432e+02
5.252828e+02
-1.673849e+03
-8.115718e+02
-6.778829e+02
5.526872e+02
-5.842634e+02
1.276595e+03
-6.096861e+02
-6.042454e+02
2.158212e+03
-1.300522e+03
-2.374652e+02
2.068705e+03
4.619602e+02
-1.684191e+02
1.196213e+02
-2.360234e+02
-5.971587e+02
7.553228e+02
4.093504e+02
5.881256e+02
-4.348388e+02
-1.286755e+02
-8.524221e+02
3.199063e+02
7.119694e+02
-4.914940e+02
4.177115e+02
6.458876e+01
-1.256451e+02
6.769542e+02
-7.600047e-01
9.015847e-01
4.329663e-01
-4.110537e-01
-1.728464e-01
-4.547072e-01
7.185894e-02
2.005076e-01
3.358095e-01
-5.328699e-02
-3.877441e-02
-1.369898e-01
-1.004065e-01
-1.041268e-01
-3.203770e-02
4.904551e-02
-5.178809e-02
-4.260618e-02
-1.271045e-02
-9.888260e-02
3.099693e-02
2.582638e-02
6.096136e-02
-1.630881e-02
3.418707e-02
-1.389905e-02
1.782640e-03
8.234321e-03
5.272762e-03
