1.392369e-01
1.054373e+00
-6.548028e-02
4.380444e+01
1.722406e+02
-1.744799e+01
3.129949e-04
-2.317048e+05
4.789669e+05
2.470210e+05
-6.187079e+05
-6.599112e+04
-1.069272e+05
1.978772e+04
-7.805470e+04
-3.456995e+05
5.473120e+04
2.330933e+04
5.774972e+04
-9.075792e+04
1.148676e+05
4.585545e+04
1.789025e+04
-5.710520e+04
-2.405877e+04
1.002692e+04
-4.651382e+04
-2.423566e+04
-2.840925e+04
3.710992e+04
-6.152684e+04
5.314142e+04
-8.253450e+03
1.076219e+04
3.945988e+04
-6.751515e+02
3.249142e+04
1.169693e+03
1.363241e+04
-1.387106e+04
3.831203e+04
-1.021395e+04
-2.250989e+04
-1.479581e+04
-1.670266e+04
-1.234011e+04
-2.252008e+04
-6.439696e+03
-2.632087e+04
1.078304e+04
-6.488603e+03
-5.624806e+03
-4.312584e+03
-5.758067e+03
2.115161e+03
5.953238e+03
4.976329e+03
-9.669208e+03
4.362420e+03
-2.217622e+03
-1.365087e+04
1.145411e+03
-2.525348e+03
-5.474151e+03
-3.448954e+03
1.400991e+04
6.105285e+03
-2.453760e+03
8.373354e+02
-6.832900e+02
2.003602e+03
4.351481e+03
2.509773e+02
1.377316e+03
-5.240122e+03
-2.370043e+03
4.162550e+03
8.094792e+03
3.199499e+03
-8.778972e+02
-4.421462e+03
-1.392389e+03
-4.988798e+02
-9.710311e+03
-3.833627e+03
3.027094e+03
-1.496458e+03
-7.573476e+03
2.742562e+02
-9.928604e+02
-1.104249e+03
-5.027691e+03
2.606520e+03
-3.228011e+03
-5.303159e+02
-2.430917e+03
-7.467198e+02
3.022570e+03
4.820859e+02
-5.581165e+02
-5.550194e+03
-6.241926e+02
7.354955e+02
2.341856e+03
9.302888e+02
3.377973e+03
-6.860835e+02
1.049703e+03
-5.121082e+03
4.817470e+02
-4.986167e+02
-2.823605e+03
-1.601747e+03
3.228098e+03
-1.014634e+03
-6.034674e+01
-2.987190e+03
-5.573305e+02
-9.344401e+02
4.376629e+03
9.396652e+02
-1.980712e+03
9.980614e+01
2.336198e+03
3.846963e+03
1.949378e+03
-1.080515e+03
2.023881e+03
1.575527e+02
8.358652e+01
4.922402e+02
5.654632e+02
1.402463e+03
-2.180013e+03
-2.147821e+02
1.960487e+03
-3.578943e+03
6.378391e+02
-4.838829e+02
1.006283e+03
2.161949e+03
2.215508e+03
2.375462e+03
7.458345e+02
-3.755668e+02
-4.872341e+02
-1.478406e+03
1.569405e+03
-2.270825e+02
-2.070243e+03
3.208278e+03
-1.539729e+03
-1.203855e+03
6.035851e+02
-1.579875e+03
-5.454854e+02
1.030440e+03
-6.178197e+02
3.844409e+02
9.039259e+01
4.865775e+01
-9.231773e+02
6.300889e+02
-4.933844e+02
2.378496e+02
9.194975e+02
-9.708038e+02
3.559594e+02
-2.586863e+02
-5.433483e+02
-1.047422e+03
-1.302938e+03
-8.090018e+02
8.525619e+02
-2.102514e+02
2.140488e+02
-1.056124e+03
-2.032719e+02
-1.100314e+03
3.023467e+02
2.000708e+02
2.743403e+02
-4.946598e+02
-2.480977e+02
1.042001e+03
-9.462565e+02
-2.673776e+02
1.562187e+02
-4.436370e+02
-7.242171e+02
7.517059e+01
6.883341e+02
-1.430771e+02
5.470081e+02
7.921986e+02
5.365645e+02
-7.664792e+02
-1.367088e+02
5.996930e+01
5.687975e+02
-5.715571e+02
-5.335246e+02
-9.995097e+01
-3.142185e+01
6.161692e+01
2.267935e+02
-5.414452e+00
1.388481e+00
4.077190e-01
-1.681076e-01
1.890582e-01
-4.902863e-02
-2.349537e-01
-9.697374e-02
-3.640195e-01
-2.510184e-01
2.768171e-01
2.024798e-01
7.596325e-02
-6.792769e-02
8.041733e-02
5.647355e-02
2.812469e-03
7.641548e-04
5.196102e-02
8.399087e-02
-5.934201e-03
1.554108e-02
2.963511e-02
-4.223383e-02
7.191427e-03
-3.801199e-03
-9.732649e-03
-6.993423e-03
-6.692789e-03
