-2.459547e-01
-1.448520e+00
-1.339589e-02
5.802667e+01
1.872838e+02
-1.022605e+01
3.586427e-04
-1.113104e+05
2.666924e+04
-1.636538e+05
-1.114862e+05
-1.149165e+05
-3.989267e+04
3.755695e+04
-2.940954e+04
-6.417909e+04
3.280981e+04
-9.801966e+03
2.743554e+04
-1.177445e+04
5.217968e+04
-2.915301e+04
6.194293e+04
4.452625e+04
-2.881966e+04
-1.122713e+04
-1.391133e+04
-3.416025e+04
-4.575698e+04
1.185973e+04
1.138101e+04
4.577074e+04
-2.294076e+04
2.299442e+04
1.826469e+04
-3.573532e+03
1.708936e+04
2.170279e+04
-1.233217e+04
-1.025567e+04
1.322630e+04
7.150072e+03
-1.647516e+04
-2.155092e+03
-6.546733e+03
-8.914260e+03
-1.076211e+03
-8.780950e+03
6.694106e+03
-1.032401e+03
-1.734817e+03
-1.079592e+04
4.542211e+03
-6.596711e+02
1.638661e+03
-7.851057e+03
2.219045e+02
3.585953e+02
-3.184461e+03
-1.880952e+03
-8.675476e+02
-9.526656e+02
1.950854e+03
-1.005765e+03
8.879149e+03
-1.459861e+03
4.784696e+03
-3.839176e+03
2.317213e+03
-2.103826e+03
-2.955834e+03
-1.664687e+03
1.569551e+03
-1.882755e+03
-1.546966e+03
2.519931e+03
-5.223329e+02
-1.506062e+03
1.976313e+03
2.868559e+03
-2.921844e+03
-5.647234e+02
4.185109e+03
3.710530e+03
-8.160491e+02
7.518226e+02
-1.479752e+03
-3.051462e+03
2.137458e+03
-9.022516e+02
-1.972417e+03
-9.404037e+00
1.105551e+03
5.401371e+02
-4.817131e+02
1.306689e+03
1.871899e+02
-5.896500e+02
5.398470e+03
-4.432168e+03
-7.502118e+03
-3.347443e+03
7.803044e+03
-1.044759e+04
6.004280e+03
-2.652602e+03
-2.555372e+03
-1.230868e+03
-5.250728e+02
8.161194e+03
3.583286e+03
-1.194011e+03
-4.892930e+03
5.001372e+03
-1.733649e+03
-4.192828e+03
1.429521e+03
2.878312e+03
-8.242965e+01
7.325488e+03
1.247956e+03
-2.965190e+03
1.722240e+02
1.917630e+03
6.036050e+03
1.179025e+02
4.759775e+02
-3.045701e+03
-2.674500e+03
2.944988e+03
-2.705157e+03
-3.563959e+02
3.417670e+03
7.806550e+02
-4.780160e+03
-2.683634e+03
-2.169782e+03
1.316268e+03
7.350409e+02
-6.674331e+02
6.110085e+02
-4.070935e+02
3.170731e+03
1.011890e+02
-3.399308e+03
-1.264668e+03
-2.741438e+03
6.402457e+02
-7.651428e+02
4.065422e+02
2.822947e+03
-1.670417e+03
-3.852269e+02
2.000122e+03
-1.990770e+03
-2.485022e+01
-2.002479e+02
-1.245928e+03
1.413909e+02
-5.994033e+02
-4.738588e+02
-1.549714e+03
4.668919e+02
-9.099288e+02
4.346389e+02
-6.074850e+02
1.234941e+03
8.360437e+02
-6.337706e+02
-1.256210e+03
-1.644527e+03
7.326326e+02
-1.046333e+03
1.206631e+03
-2.158400e+03
2.488632e+02
-3.714091e+02
-5.321828e+02
-6.869922e+02
5.878754e+02
-1.384282e+02
5.347783e+02
1.732499e+02
-9.735693e+02
8.779600e+02
-4.663404e+02
1.654947e+03
1.017576e+03
-2.674348e+02
-4.110438e+02
-1.556466e+02
6.106888e+02
-8.888287e+02
7.324152e+02
2.345165e+02
3.452020e+02
-7.337448e+02
-2.330873e+02
-6.067823e+02
-8.671881e+01
1.213700e+02
-1.939357e+02
5.294314e+02
1.707114e+02
-1.977504e+02
5.454732e+02
1.533413e+00
5.928489e-01
-6.097645e-01
3.771909e-01
1.298438e-02
-5.268315e-02
-3.547736e-01
-1.648132e-02
8.231294e-02
6.420865e-02
4.250610e-03
2.267284e-01
1.333272e-02
1.179462e-02
5.886104e-02
4.973639e-02
-3.177182e-02
-1.550568e-02
-3.250260e-02
2.969836e-02
-6.151224e-02
-2.041865e-02
3.369108e-02
-1.177391e-03
-4.002698e-03
1.181609e-03
2.556747e-03
-1.655561e-03
5.224003e-03
