1.049126e-01
1.335441e+00
-1.170945e-01
5.745778e+01
1.595223e+02
-1.304893e+01
3.676093e-04
-9.015371e+05
-4.457997e+05
5.329534e+04
7.916667e+04
2.777025e+05
-3.889500e+05
3.044411e+04
-5.194288e+04
1.486652e+05
1.666064e+05
-1.418246e+05
-1.630877e+05
7.156812e+04
1.226153e+05
6.567803e+04
-6.412049e+04
-1.149683e+05
3.011843e+03
4.693310e+04
6.072623e+04
-93939
4.156112e+04
-1.334913e+04
7.605314e+03
-1.593513e+04
6.267173e+04
-2.536168e+03
-6.145854e+03
5.968978e+03
8.195614e+03
-2.016462e+04
4.349334e+04
4.530708e+04
-6.717513e+04
-4.370557e+04
8.488942e+03
1.096015e+04
-2.361667e+04
-1.227729e+04
3.657772e+04
8.964383e+03
-7.295240e+03
7.198936e+03
-1.992634e+03
3.109254e+02
-6.885391e+03
-8.805252e+03
1.452223e+04
-1.280280e+04
8.860272e+03
2.761747e+04
-9.500241e+03
2.128251e+04
-2.218498e+03
3.212972e+03
-9.549561e+03
-8.304380e+02
-2.515370e+03
-1.483020e+04
3.336441e+02
-4.392449e+03
3.706854e+03
-7.983318e+03
-6.436817e+03
-1.244140e+04
8.108758e+03
5.274545e+03
7.119638e+03
3.767846e+03
8.724510e+03
-6.507212e+03
-1.356754e+03
3.900679e+03
7.373253e+02
7.798906e+02
-2.846458e+03
-5.457350e+03
-9.806966e+03
2.573635e+03
-4.451344e+03
-5.510496e+03
-3.862532e+02
2.519158e+03
3.434906e+03
-8.382177e+03
7.264824e+03
-4.949567e+02
-2.969716e+03
-2.906915e+03
1.684986e+03
2.283993e+03
4.689009e+03
-5.407929e+03
6.670863e+03
-9.638052e+02
2.262917e+03
-5.457896e+03
4.881044e+02
-6.118018e+03
6.462980e+03
1.975013e+03
3.535767e+03
1.074000e+03
2.023865e+03
-3.352902e+03
-3.913294e+03
2.638683e+03
-2.145547e+03
-4.357255e+02
7.701375e+02
1.128492e+03
-2.164406e+03
4.885830e+03
1.428920e+03
2.808151e+02
-3.449273e+03
2.640735e+03
1.313914e+03
5.244870e+03
-9.132347e+02
-3.007221e+03
-1.869015e+03
-1.907143e+03
-1.441233e+03
2.239339e+03
-8.946967e+02
6.103508e+02
-3.199984e+03
-1.986256e+03
-2.272227e+03
-1.086699e+03
-1.141308e+03
-6.744265e+02
2.070442e+03
1.443438e+03
3.641528e+02
1.467255e+03
9.573962e+02
-2.258070e+03
-3.702958e+02
-1.526861e+03
-1.275475e+03
-3.459503e+02
1.244833e+03
-3.140061e+03
-1.044645e+03
1.168002e+02
-1.058013e+02
-6.484253e+02
7.423098e+01
3.677273e+02
1.397029e+03
9.226554e+02
2.666891e+02
1.088240e+02
-1.090698e+03
-1.747992e+03
2.383715e+03
-3.217691e+02
-4.399165e+02
5.778482e+02
-8.201582e+01
-1.124372e+03
-6.133153e+02
1.800961e+03
3.921489e+02
5.118656e+02
-1.243585e+01
-7.857590e+02
1.151066e+03
-1.355141e+03
-8.156237e+02
-4.276822e+02
-1.554547e+02
-5.617343e+02
-3.414045e+02
2.188094e+02
4.131300e+02
-5.432294e+02
-3.390165e+02
5.727922e+02
3.859257e+02
-4.600905e+01
1.313330e+01
8.306988e+02
-6.436731e+02
-8.504889e+01
3.270217e+02
8.035335e+02
-1.070211e+03
-1.821185e+02
-6.075442e+01
-3.879306e+02
5.052335e+01
8.896277e+01
5.222282e+02
4.198507e+02
-1.018094e+02
3.942557e+02
1.032714e+00
1.730376e-02
-5.830632e-01
-6.020104e-01
3.396261e-01
1.264533e-01
1.477879e-01
2.108127e-02
-1.194492e-01
1.100109e-01
1.697907e-01
-1.120637e-01
1.344982e-02
1.574470e-01
-2.834037e-02
3.405657e-02
7.098085e-02
-7.791526e-02
-5.102474e-02
-4.022572e-03
-1.159417e-01
-2.617485e-02
-2.154853e-02
1.496260e-03
-2.771007e-03
-4.340453e-02
-2.416348e-02
1.147090e-02
-2.140924e-02
