-1.557536e-01
-4.931671e-01
3.317840e-03
4.551111e+01
1.901765e+02
-2.401661e+01
3.603830e-04
-7.384404e+05
-3.271218e+05
-1.264503e+05
2.826122e+05
-2.722570e+05
-9.630612e+04
-4.367880e+04
-3.957060e+03
-5.481310e+03
-5.442339e+04
9.973897e+04
2.153341e+04
-3.882999e+04
-3.812830e+04
-7.900217e+04
5.357627e+04
-2.504698e+04
1.289636e+04
-5.458484e+04
3.501443e+04
1.620303e+04
-5.820324e+03
-3.029069e+04
-4.761949e+04
-1.808411e+04
-6.868672e+02
3.781699e+03
-1.417201e+04
-3.362928e+04
5.560550e+03
-8.492710e+03
-7.018274e+03
1.281311e+04
7.950480e+03
-2.793633e+03
9.208170e+03
1.395214e+04
2.097306e+04
-2.804405e+03
6.442510e+03
-1.155022e+04
1.146929e+04
4.257643e+03
-6.090424e+03
5.683190e+02
-3.157630e+03
1.062448e+02
-4.911188e+03
5.624119e+03
-1.420687e+04
7.268050e+03
8.667132e+03
-4.592418e+03
-5.087148e+03
-3.963757e+03
-4.463415e+03
1.969188e+03
1.277282e+03
-3.181398e+03
1.151147e+03
-9.891923e+02
-1.007229e+04
-4.005935e+03
4.179216e+03
2.301590e+03
-2.268376e+03
-4.585723e+03
4.280117e+02
-5.579356e+03
3.104273e+03
-3.060049e+03
-2.489726e+03
-4.882165e+03
4.138604e+03
-6.360380e+02
-3.717081e+02
-1.641882e+03
4.232280e+03
-2.568243e+03
-1.740899e+03
-4.222169e+02
1.744007e+02
2.622085e+03
1.638486e+03
-1.355932e+03
1.481526e+01
-2.496768e+03
-4.264797e+02
-2.137835e+02
3.102324e+02
-3.120835e+02
2.563887e+03
-1.027621e+03
-3.708110e+03
-1.014742e+03
2.502980e+03
-5.767462e+03
3.582373e+03
-3.922628e+03
-4.470982e+03
1.971957e+01
1.623604e+03
1.016762e+03
2.369223e+03
-1.776072e+03
-2.063219e+03
3.104830e+03
-2.157721e+03
-2.906185e+03
2.164386e+03
4.990640e+02
-1.109849e+03
3.356379e+03
1.513326e+03
-2.751951e+03
5.984588e+02
1.983861e+03
1.537423e+03
-4.376004e+02
1.890655e+03
-3.659180e+03
-1.935956e+03
3.222729e+03
-8.597497e+02
-2.786227e+02
2.140536e+03
6.887344e+02
-1.610329e+03
4.289357e+02
-1.509312e+03
1.120973e+03
-7.978286e+02
-6.304671e+02
9.263637e+02
-8.753779e+02
1.925861e+03
3.824076e+01
1.501263e+02
-1.598060e+02
-2.298386e+03
-9.284270e+02
5.263740e+02
7.461568e+02
6.311899e+02
-3.119352e+02
9.998103e+02
1.558537e+03
-1.531263e+03
-4.552435e+01
6.428238e+02
-1.747679e+03
9.025786e+02
-8.037369e+02
-6.230688e+02
-1.425676e+03
3.311982e+02
-4.359489e+02
-6.683990e+01
6.286768e+02
1.575054e+03
7.494407e+02
-7.395870e+02
-7.783530e+02
-1.286248e+03
6.000234e+02
-6.696555e+02
1.713943e+02
-7.300424e+02
-3.893208e+02
6.480261e+02
-4.302038e+02
-6.310550e+02
-2.907101e+02
3.572975e+02
6.732582e+01
-5.229814e+01
-5.621491e+02
7.011670e+02
3.957819e+02
6.251520e+02
6.051374e+02
-2.230065e+02
5.051102e+02
2.576132e+01
2.467389e+02
-4.664828e+02
1.839458e+02
1.869859e+02
4.132131e+01
-4.227215e+02
2.467473e+00
-1.094477e+03
5.591150e+01
-4.478164e+01
3.789187e+02
6.560508e+02
4.082200e+02
3.519217e+01
2.864532e+02
-1.532950e+00
1.954446e+00
-8.364266e-02
6.035952e-01
1.098087e-01
-2.085933e-02
-4.456546e-02
-3.357449e-01
-4.237789e-03
-7.408279e-02
-1.215945e-01
-1.309601e-01
2.915218e-02
1.016171e-01
-8.837934e-02
3.430772e-03
4.057653e-02
-5.262012e-03
6.025466e-03
-8.441863e-02
1.495745e-02
7.136840e-02
-3.294634e-02
1.086780e-02
3.672725e-03
1.796412e-02
6.960093e-03
-1.241041e-02
8.831433e-03
