2.829204e-01
5.329069e-01
8.924807e-02
4.010667e+01
1.472022e+02
-2.611662e+01
3.282413e-04
6.691781e+05
2.981017e+05
-2.020068e+05
-7.182712e+04
6.420207e+04
2.881964e+03
8.893756e+04
-1.449002e+05
-2.102346e+05
4.235777e+04
1.832846e+04
-1.016584e+05
1.124431e+04
-1.017365e+05
-8.839709e+03
-3.337096e+04
-2.129665e+04
-5.947052e+04
3.690061e+04
3.373082e+04
18240
-2.691888e+04
2.522325e+04
5.747842e+03
5.023911e+04
-1.294106e+04
-2.788040e+04
-1.283639e+05
2.981015e+03
-4.327259e+04
-7.733289e+03
4.647081e+04
5.494788e+04
4.849437e+03
-1.391749e+04
-4.367641e+04
2.704163e+04
-1.338108e+04
-1.841759e+04
-3.136573e+04
2.192693e+04
3.707497e+03
-2.439521e+04
-5.675522e+03
-6.472927e+03
-3.253094e+04
6.962250e+03
1.145655e+04
-3.699934e+02
-1.416905e+04
1.892264e+04
-7.746232e+03
1.978799e+04
1.115550e+04
-1.595085e+03
1.196962e+04
-1.286813e+04
3.543867e+03
-7.649671e+03
-1.427724e+03
-1.102831e+04
-1.421348e+03
2.049702e+03
-7.923779e+03
6.569793e+03
1.652550e+04
-1.064982e+02
7.644487e+02
1.441026e+04
1.585291e+03
-4.628185e+03
-1.198513e+03
1.008298e+04
-5.863988e+03
4.661218e+03
3.984909e+03
1.117716e+03
8.417238e+02
-3.669721e+03
2.408965e+03
4.709872e+03
-7.839082e+02
3.389372e+03
-5.276320e+03
9.544406e+02
1.508334e+03
-5.150819e+02
3.362839e+03
-4.871039e+03
6.280455e+02
-3.196055e+03
3.275071e+03
-5.847266e+03
1.598687e+03
5.857997e+03
1.801613e+03
-3.631316e+03
5.092436e+03
-3.307760e+03
-5.844621e+02
-5.313924e+02
3.886889e+03
5.104881e+03
3.041820e+03
1.295195e+03
-5.044493e+03
1.058323e+03
1.547364e+03
3.100845e+03
-5.547137e+02
-6.389119e+02
-1.465403e+03
3.412540e+03
-3.519157e+02
-4.820931e+02
-3.601334e+03
3.698338e+02
1.949928e+03
3.710064e+03
1.911919e+03
-7.513694e+02
-1.901128e+03
1.375142e+03
-2.857303e+03
4.895617e+03
2.975232e+03
1.630815e+02
-3.945269e+02
-1.537081e+03
-4.238603e+03
1.462003e+03
-2.515950e+02
1.328380e+02
7.465630e+02
8.859375e+02
3.725757e+03
8.959091e+02
-1.579174e+03
-1.859224e+03
-2.542007e+03
-1.792000e+03
-1.620901e+03
-6.430437e+02
-7.201533e+02
-2.901461e+03
-6.050728e+02
3.553651e+02
-2.576585e+03
-1.063817e+03
1.620307e+02
1.763014e+03
-1.249357e+03
-4.442282e+02
-3.519970e+02
-3.143011e+02
-4.420855e+02
-1.939063e+03
4.562677e+02
7.406172e+02
-2.682789e+02
5.448210e+02
3.464129e+02
-2.933199e+02
1.600392e+02
3.655120e+02
-3.448930e+01
-7.618736e+01
-7.494553e+02
-6.320385e+01
2.330311e+03
-6.945127e+02
2.555133e+02
-2.323553e+01
-5.170682e+02
9.650232e+01
7.856635e+01
-1.283860e+02
5.464328e+02
1.149854e+03
-3.535690e+02
7.014559e+02
-2.113920e+02
1.148714e+03
-6.784330e+01
4.250274e+02
-3.303020e+01
-2.751463e+02
-2.135591e+01
3.209515e+01
-1.478021e+02
1.554053e+02
-9.495874e+02
-2.368889e+02
5.059644e+02
-3.654403e+02
3.722360e+02
6.379371e+02
-6.122134e+01
2.269974e+02
-1.497705e+00
-4.665551e-01
-7.046831e-01
-7.251751e-01
2.135915e-01
-9.187422e-02
2.522404e-02
-4.310384e-02
4.171791e-01
1.050217e-01
5.348863e-01
7.969543e-02
-2.218552e-01
-1.451566e-02
1.081085e-01
2.008480e-01
8.044994e-02
-2.370677e-02
-1.839808e-01
1.257907e-01
5.708823e-03
-3.660386e-03
-2.956572e-03
1.647986e-02
9.156423e-03
-1.989437e-02
3.308226e-03
1.082858e-02
-5.233894e-03
