-2.962192e-02
4.887730e-01
-6.878705e-02
4.408889e+01
1.775041e+02
-2.521194e+01
3.768746e-04
-1.239371e+06
-2.419656e+05
9.639990e+04
1.567419e+05
-2.082698e+05
3.624463e+03
-8.210373e+04
-1.283145e+03
-1.779642e+05
-7.356327e+04
8.981105e+02
9.084013e+04
-2.258886e+04
-3.649316e+04
-5.214198e+04
3.319443e+04
-2.679067e+04
-8.082228e+03
-1.927368e+04
-6.405549e+03
6.470442e+02
-1.510091e+04
6.450542e+03
-5.420172e+04
1.732902e+04
-1.884305e+04
2.199820e+04
-1.029675e+04
-7.388542e+03
2.393939e+03
-1.032064e+03
9.603107e+03
-5.969140e+03
9.939069e+03
6.801579e+03
8.017969e+03
-5.852188e+03
-4.441772e+03
-8.021804e+03
5.491101e+03
-1.833047e+03
-1.037928e+04
1.505688e+03
2.145257e+03
3.984156e+03
4.848728e+03
-1.544885e+03
1.612068e+03
8.566026e+03
3.392235e+03
-1.063561e+02
1.300479e+02
-6.027893e+01
1.064785e+03
-5.647440e+03
-3.412739e+03
-1.961455e+03
1.344344e+03
-1.978523e+03
-1.489648e+03
7.440744e+02
-4.169606e+03
-1.929870e+03
-7.003490e+03
-1.300863e+03
-1.167521e+03
-1.407419e+03
-1.441282e+03
-3.251526e+03
6.710539e+03
-1.469757e+03
2.720625e+01
-3.908040e+03
-5.220665e+02
1.424115e+03
3.096216e+02
-8.961775e+02
1.347196e+03
-5.944973e+02
1.632366e+03
3.226695e+03
5.779625e+02
1.863306e+02
2.470557e+02
6.533829e+02
1.208909e+03
-1.387362e+03
1.732207e+03
2.575336e+03
8.151777e+02
-3.823023e+03
2.842170e+03
-2.522581e+03
5.009693e+02
-2.228002e+03
-2.120661e+03
-1.553397e+03
-8.036005e+02
-8.134416e+03
4.683015e+02
3.492867e+03
-9.429690e+02
-5.044077e+03
-2.373549e+03
-3.331381e+03
-4.059296e+03
2.715294e+03
-3.711728e+03
3.868358e+01
2.245507e+03
4.222160e+02
-2.374505e+03
1.766752e+02
3.991906e+02
-1.578660e+03
-1.322271e+03
3.183247e+00
2.267173e+03
1.565336e+03
1.696474e+03
-3.096915e+03
-4.066630e+03
1.914532e+02
6.169304e+02
-1.065528e+03
3.630225e+03
1.371457e+03
-1.056975e+03
2.226999e+03
-1.221023e+03
1.870580e+03
1.998633e+02
-2.160804e+03
-9.235245e+02
3.528875e+03
-9.965503e+02
-7.564375e+01
-5.553355e+02
-1.065478e+03
-8.571295e+02
-8.671762e+02
-1.809555e+02
-4.319050e+02
9.830489e+02
-1.171834e+03
9.959153e+02
1.116475e+03
1.039438e+02
4.924624e+02
2.267952e+03
-5.770490e+02
2.346481e+03
-1.225005e+02
-3.750760e+02
-1.113435e+03
-6.953354e+02
9.503427e+02
4.813073e+02
2.716843e+02
1.405440e+03
6.776672e+02
-2.162201e+03
-6.515837e+02
-1.934000e+03
5.960030e+02
-7.396570e+02
6.714488e+02
-8.682372e+01
-6.974200e+02
5.315370e+02
-1.722940e+02
-1.187954e+03
-1.099430e+02
-6.369703e+02
1.778232e+03
1.074939e+03
6.959944e+02
4.960946e+02
-6.361757e+02
1.415633e+02
9.056937e+02
-3.555734e+02
-1.722158e+02
-8.119802e+02
2.147258e+03
-9.972914e+02
-2.097746e+02
-4.796808e+02
3.047352e+02
-5.177228e+01
3.509385e+02
-3.672575e+02
-1.860023e+02
5.492010e+02
-1.572516e+02
5.817185e+02
5.176797e+02
7.797898e+01
-1.193817e+02
-3.021649e+00
3.667606e+00
-5.921815e-01
5.112532e-01
-5.756255e-02
-1.067294e-01
-2.394616e-01
-5.297231e-01
-9.594256e-02
-2.634766e-01
-5.074198e-02
-1.329451e-01
1.767561e-02
5.375624e-02
-3.036376e-02
8.875806e-02
2.365695e-03
4.743714e-03
-6.259297e-02
-9.207220e-02
-6.750217e-02
6.809176e-02
-2.148183e-02
1.448445e-02
2.955926e-02
-9.816868e-03
-7.263473e-03
-9.382792e-03
1.203843e-02
