-1.150040e-01
-6.996968e-01
-9.153698e-02
4.721778e+01
1.885727e+02
-2.098900e+01
3.425368e-04
-4.026782e+04
-2.215775e+05
1.329292e+05
-9.619943e+04
-1.918270e+05
-1.467611e+05
6.619270e+04
-3.340186e+04
-1.513705e+05
-5.662659e+03
2.177465e+04
3.481355e+04
-6.228832e+04
-4.419501e+03
-1.201222e+04
-9.840527e+03
-3.621800e+04
-5.590312e+04
4.496257e+03
-3.739143e+04
-2.288363e+04
-7.083719e+04
-5.143662e+03
-2.751764e+04
3.811110e+04
1.232333e+04
1.327526e+04
9.307160e+03
-1.609305e+04
1.231345e+04
-1.868366e+04
-2.553719e+03
-1.306296e+04
6.253392e+03
-1.119556e+04
-2.587936e+03
1.293837e+04
-5.513492e+03
-4.508296e+03
-6.243824e+03
6.080795e+02
5.452432e+03
-2.727418e+03
1.067721e+04
-2.374139e+03
1.432758e+03
3.065558e+03
3.035130e+03
-3.611926e+03
-4.274170e+03
-1.255706e+03
2.256414e+03
-4.174795e+03
5.704528e+02
-4.800153e+03
9.653117e+03
-2.824602e+03
4.098604e+03
-3.693498e+03
-3.640657e+02
7.784049e+02
-1.053079e+04
-3.622984e+03
-1.729216e+03
-3.321719e+03
3.532287e+03
-1.331458e+03
2.376242e+01
2.575900e+03
6.374482e+02
1.872795e+03
7.491504e+03
-5.027366e+03
-1.863232e+03
-1.983711e+03
3.279339e+03
4.015162e+03
3.758818e+03
8.551375e+02
1.066411e+03
-1.595605e+03
3.104497e+03
2.968888e+03
1.827544e+03
2.012125e+03
2.342339e+02
-7.301882e+02
-9.673361e+02
-4.015449e+02
-5.710826e+02
-7.722614e+01
1.708544e+02
-8.002589e+02
-7.172604e+03
-8.722763e+02
5.690046e+03
-6.641393e+03
3.883821e+03
-1.760405e+03
-8.498513e+02
-2.740222e+03
-2.148530e+03
2.161101e+03
-7.130050e+02
-3.022089e+03
-1.891796e+03
1.451403e+03
-4.684992e+02
-3.669273e+03
2.188563e+03
1.588436e+03
-2.776058e+03
3.956119e+03
2.883207e+03
-1.429534e+03
-9.780827e+02
2.998934e+03
4.297583e+03
-3.332089e+02
-1.461211e+02
-4.390853e+03
-1.400027e+03
-4.910835e+02
-2.491138e+03
-1.941763e+02
2.407654e+03
2.256708e+03
-1.761988e+03
1.128621e+03
-1.624600e+03
9.580855e+02
1.291206e+03
-7.661150e+02
-1.723614e+02
1.046636e+03
1.625590e+03
1.148983e+03
-7.334900e+02
-1.958362e+03
-2.012679e+03
1.968462e+02
1.320901e+02
1.222988e+03
2.315825e+03
-5.893301e+02
-5.911808e+01
1.085858e+03
-6.135360e+02
-9.172845e+02
-3.480694e+01
-9.899553e+00
5.795947e+02
-1.253691e+03
-8.758341e+02
-1.052820e+03
-2.754501e+02
3.827701e+02
4.442712e+02
2.344347e+02
1.045447e+03
1.238351e+03
-1.522062e+03
-1.297102e+03
-1.726106e+03
6.656819e+02
-7.032081e+02
7.819428e+02
-6.156674e+02
-6.440620e+02
-4.333271e+02
5.364409e+01
-8.264072e+02
5.339294e+01
-7.370702e+02
1.274105e+03
-8.601500e+01
-2.486860e+02
9.196297e+02
-5.642746e+02
1.770538e+02
5.420083e+02
-2.239357e+01
4.032257e+02
8.050146e+01
5.773487e+02
-8.098547e+02
3.800656e+01
1.572186e+02
6.065854e+02
-3.182080e+02
1.117193e+02
-6.950945e+02
-1.325850e+02
1.929301e+02
-2.853539e+02
4.966393e+02
1.381528e+02
-1.730823e+01
2.605116e+02
-3.140448e+00
2.439842e+00
7.283307e-01
5.771294e-01
1.744506e-01
-1.115118e-01
-4.615700e-03
-3.514927e-01
7.531135e-02
-2.638593e-01
4.957174e-02
1.945361e-01
-1.298614e-02
2.304801e-03
1.966498e-02
4.821474e-02
1.013463e-02
-4.369141e-03
-1.245437e-02
4.760323e-02
-4.195091e-02
6.699561e-02
1.526220e-02
-7.382385e-03
2.103757e-02
5.169590e-03
6.590006e-03
-2.491292e-02
-2.250485e-04
