1.099391e-01
-1.375483e+00
3.951491e-02
4.949333e+01
1.748242e+02
-1.357247e+01
3.280487e-04
5.593545e+05
4.587665e+05
-1.644797e+05
-4.320448e+05
-6.104582e+04
-1.720764e+05
1.181524e+05
-1.128112e+05
-1.375725e+05
-8.724355e+04
7.140571e+04
7.565322e+04
-1.059421e+03
-7.811992e+02
-2.042695e+02
4.997025e+04
-1.451950e+04
1.191226e+04
2.694525e+04
6.223817e+03
5.748890e+03
-3.033398e+03
-4.828442e+03
-1.456349e+04
-1.461712e+04
-1.349728e+04
-1.503592e+04
-8.606917e+03
-1.732377e+04
9.028073e+03
-1.520676e+04
-3.343478e+03
2.446541e+04
1.316372e+04
-1.070291e+03
-7.910150e+03
-6.727441e+01
1.847474e+04
8.120798e+02
-1.800374e+03
-8.216921e+03
3.946046e+03
-6.783928e+02
-1.379418e+04
-1.879556e+04
5.268784e+03
-5.476446e+03
-1.774190e+04
1.366543e+04
-2.313126e+03
-1.112586e+03
5.027104e+03
-1.168950e+04
-8.311212e+03
-8.589608e+03
-5.152737e+03
8.787159e+03
-1.158058e+03
1.769002e+04
-8.216024e+03
3.013410e+03
-5.045631e+03
-2.823184e+03
5.042313e+03
-4.156255e+03
-7.180657e+02
-4.389687e+03
1.093476e+03
-1.670283e+03
3.708905e+03
5.596891e+02
5.739219e+02
8.505118e+02
-1.078008e+03
4.333509e+03
-2.108601e+03
-1.933300e+03
-1.223533e+02
1.363155e+03
-5.343817e+02
-1.004053e+03
-1.200198e+03
3.782463e+03
2.445358e+03
1.631161e+03
-2.826107e+03
-9.443431e+02
3.210901e+03
-9.740491e+02
3.345866e+03
-5.192583e+03
5.788726e+03
-1.051791e+04
-1.327289e+04
-5.760853e+03
6.407747e+03
-1.367284e+04
7.849965e+03
-1.028374e+04
3.577737e+03
3.238022e+03
5.929631e+02
5.253408e+03
2.356812e+03
8.139227e+03
-3.177641e+03
9.482834e+02
2.834123e+03
-1.883843e+03
-1.247235e+03
4.652185e+03
-1.445071e+03
5.001899e+03
1.442893e+03
-2.968800e+03
2.228481e+03
4.410233e+03
2.961139e+03
2.051553e+03
-3.853479e+03
1.034962e+03
-1.041123e+03
5.390309e+02
5.353926e+02
-4.801727e+03
2.624665e+03
4.606434e+03
-5.341131e+03
-3.724002e+03
-2.790911e+03
-2.014129e+03
-1.566534e+03
-9.896994e+02
4.468731e+03
-1.740537e+03
5.226623e+03
4.327537e+03
-4.251454e+03
-1.196733e+03
-5.766059e+03
4.922138e+03
-3.796760e+03
6.778714e+02
3.158128e+03
-3.177369e+03
3.302515e+01
-4.605890e+02
-7.863189e+02
1.087793e+03
2.900101e+03
-1.684982e+03
-1.080764e+03
-7.280179e+02
-5.432138e+02
-1.090635e+03
6.680254e+02
-2.355583e+03
-2.893746e+02
-5.462434e+02
-2.029168e+02
1.667885e+03
-1.176827e+02
-2.111695e+03
-2.807930e+03
2.699425e+03
-1.830117e+03
1.670324e+03
4.985635e+02
5.570624e+02
-1.330297e+01
-1.642215e+03
-2.883278e+03
1.034556e+03
2.196671e+03
-1.311970e+03
2.534442e+02
6.224576e+02
1.339304e+03
-3.637711e+01
1.766703e+03
9.303825e+02
4.008301e+02
1.099797e+02
-7.869639e+02
-1.601232e+01
-9.596269e+02
8.995634e+02
1.324713e+03
1.660978e+03
-1.312674e+03
1.802670e+02
-1.042810e+03
1.281424e+03
-6.949425e+02
-2.021562e+02
3.722626e+02
-4.490907e+02
-7.367017e+02
1.127711e+03
-3.349730e+00
1.263189e-01
2.225625e-01
1.950178e-01
7.053934e-02
5.094562e-01
-1.334186e-01
-7.565494e-02
-1.476586e-01
-8.640180e-02
7.079827e-02
1.992381e-01
5.428580e-02
-3.743726e-02
1.371072e-02
2.803352e-02
2.169471e-02
7.174993e-03
-3.613803e-02
4.340883e-02
7.568386e-02
3.148499e-02
1.349331e-02
-9.928964e-03
-8.239339e-03
-2.206191e-02
1.273635e-03
-2.589787e-03
1.452910e-02
