-3.163162e-01
-6.815787e-01
-3.436960e-01
5.091555e+01
1.980217e+02
-2.014671e+01
3.526004e-04
-7.813965e+05
-4.094568e+05
2.402080e+05
-2.643139e+05
-3.544765e+05
-1.923144e+05
-5.181793e+04
1.253631e+05
-2.365912e+05
-1.457024e+05
-3.002558e+05
1.944890e+04
-8.169364e+04
7.753306e+04
-5.226933e+04
-8.156810e+04
-7.588028e+04
-1.281220e+05
-2.717864e+04
-1.443245e+05
3.630489e+04
-1.040234e+05
-5.192943e+04
-1.566013e+04
-1.539136e+04
-5.115093e+03
-1.860752e+03
-5.068734e+04
-2.644902e+03
3.064855e+04
2.130143e+04
2.021172e+04
-1.577851e+04
2.550359e+04
-3.466193e+04
-7.110703e+03
1.911292e+04
2.454670e+04
4.045135e+04
-3.094276e+04
-2.037391e+04
-1.149478e+04
1.245487e+03
9.259594e+03
7.273049e+02
1.479162e+04
-4.626922e+03
7.910857e+03
-1.737696e+04
-8.905943e+03
-1.151081e+04
1.786547e+04
1.542059e+04
-1.665602e+04
-1.467624e+04
1.183309e+04
1.339253e+04
-3.542128e+03
1.470288e+03
-6.785145e+02
-6.873241e+02
-4.638239e+03
2.089803e+03
4.700549e+03
-1.685974e+04
-7.860516e+03
-1.500419e+04
-2.544042e+03
-9.649628e+02
-1.230476e+02
-4.422792e+02
-2.919552e+03
-9.030296e+02
4.680904e+03
7.739228e+03
-1.873907e+01
-1.777345e+03
1.828673e+03
1.578451e+03
-6.942285e+02
5.845111e+02
3.792995e+03
-1.614952e+03
3.204985e+03
4.032600e+03
5.626370e+03
-2.879291e+03
-2.284605e+03
1.865782e+02
3.460599e+03
1.159540e+03
3.571779e+03
5.229840e+01
-5.451444e+03
-8.694137e+03
6.742532e+01
-3.315437e+03
4.526674e+03
1.849844e+03
-2.043840e+03
1.294995e+03
-3.660774e+03
1.014546e+03
-1.929700e+02
7.277762e+03
-4.832233e+03
3.682435e+03
-2.003650e+03
-7.929848e+03
2.534107e+02
3.520246e+03
-5.072376e+03
5.622712e+03
2.734685e+03
-2.136622e+02
-4.677275e+02
1.390309e+03
7.148804e+03
-1.348764e+03
-3.127338e+02
-4.005093e+03
-9.787714e+02
-6.085448e+02
4.149262e+02
7.801047e+01
4.141572e+03
-3.534023e+03
1.389978e+02
1.810707e+02
-6.009805e+03
2.756896e+03
-1.753944e+03
-1.684144e+03
-2.691924e+02
1.514151e+03
2.571344e+03
-3.153505e+02
1.986739e+02
-5.723270e+02
-1.087543e+03
5.370736e+02
-2.118746e+03
-6.701540e+02
2.807158e+03
-3.081950e+02
1.413461e+03
1.534494e+03
-3.886703e+03
-1.056539e+03
3.276222e+02
-1.552824e+03
4.769133e+02
-5.901311e+02
-2.587548e+01
-1.836744e+03
-3.133634e+02
-4.933767e+02
-5.951722e+02
3.918214e+02
1.460388e+03
-6.068156e+02
-9.049329e+02
-5.605670e+02
-1.577543e+03
5.799381e+02
-1.000576e+03
-1.742033e+02
-5.380438e+02
-1.294580e+03
1.830653e+02
-1.147161e+02
-3.318438e+02
-1.302569e+02
-7.242468e+02
1.566273e+02
-1.214509e+02
5.267709e+02
7.387878e+02
-1.021182e+03
1.241873e+03
6.935774e+02
-1.655310e+02
-1.912470e+02
1.253214e+02
7.849785e+02
-5.665616e+02
-3.944891e+02
-1.849947e+02
6.075677e+02
-2.638290e+02
-4.875670e+02
-3.265372e+02
-6.097340e+02
1.948214e+02
3.743819e+02
4.942026e+02
5.328856e+02
2.125014e+02
2.760003e+02
-5.430159e+00
3.864931e+00
-9.200217e-01
4.308853e-02
1.026739e-01
-4.392071e-01
3.590219e-02
-6.327198e-01
6.280489e-03
-5.934024e-01
-1.307084e-01
-9.711829e-03
1.282439e-01
-8.791560e-03
-2.393936e-02
1.410662e-02
4.580469e-03
6.364599e-02
9.931036e-02
-2.146156e-02
8.269557e-02
3.610426e-02
5.091408e-02
-3.293326e-03
2.765745e-02
1.884526e-02
2.362244e-02
-4.956465e-03
1.262498e-02
