4.542371e-02
6.373943e-01
-5.378009e-02
4.636444e+01
1.769291e+02
-2.430974e+01
3.587289e-04
-5.880112e+05
-3.646246e+05
1.103843e+05
3.494796e+04
-1.049216e+05
-6.113348e+04
1.264915e+04
-4.667804e+04
-2.050871e+05
-5.271939e+04
-3.817386e+04
-2.781730e+04
-3.744696e+04
3.884069e+04
-4.670259e+04
-1.707395e+04
-3.803366e+04
-2.113697e+04
1.580493e+01
-4.356296e+04
-2.321997e+04
-4.078364e+04
5.366728e+03
-5.913553e+04
-2.239622e+04
1.840599e+04
-1.683839e+03
-1.672989e+04
-1.517628e+04
3.101293e+04
-5.968349e+03
1.621068e+03
-2.160998e+04
1.927533e+04
8.428656e+03
-5.121571e+03
-8.260936e+02
2.000756e+04
1.551247e+04
-7.789516e+03
-1.436325e+04
-8.302649e+03
6.746280e+03
-7.453192e+01
-2.388165e+03
1.267028e+04
3.583897e+03
1.063177e+04
-3.448613e+03
3.284734e+03
-5.843647e+03
-2.431066e+03
1.037950e+04
-1.773621e+03
-3.328806e+03
9.072059e+03
4.031469e+03
-1.134615e+04
-4.718694e+03
6.283075e+02
2.464241e+03
3.439992e+03
6.689080e+02
4.551860e+03
-3.544553e+03
-2.409025e+03
-1.450458e+03
-3.042150e+03
-6.138484e+03
2.793510e+03
-7.242637e+02
-1.752587e+02
4.007011e+03
-1.801931e+02
2.785302e+03
-3.706436e+03
-3.814449e+03
1.239068e+03
-1.220630e+03
-4.564771e+03
2.490599e+03
-4.113299e+03
-3.533384e+03
-2.831602e+03
5.888333e+01
3.280835e+03
2.308190e+03
2.331356e+03
7.516160e+02
1.305478e+03
-1.170392e+03
1.303121e+03
4.547268e+02
-1.181433e+03
-1.726809e+03
-1.202451e+03
-3.438454e+03
2.251280e+03
-5.041319e+03
2.113694e+03
1.750789e+03
-1.388867e+03
1.328222e+03
3.220001e+02
-1.447245e+03
-2.373592e+03
3.717263e+02
1.290843e+03
-3.212187e+03
-1.711721e+02
2.039672e+03
-2.689086e+03
2.225481e+03
1.209501e+03
-1.515344e+03
-1.611705e+02
8.688778e+02
2.346786e+03
1.383591e+03
1.095518e+03
-2.884835e+03
-1.137629e+03
-2.103348e+03
3.197075e+02
-3.074007e+02
8.700542e+02
-9.946297e+02
-1.658573e+03
7.155513e+02
-9.462087e+02
5.369062e+02
-1.615487e+03
-7.806396e+02
1.990473e+03
2.106321e+02
1.357608e+03
-1.441637e+01
1.230297e+03
-1.717247e+03
-1.347656e+03
9.126562e+02
-1.125299e+03
4.647343e+02
2.950506e+03
-2.078414e+03
1.621106e+03
-2.694608e+02
-1.455926e+03
-8.475953e+02
4.218831e+02
-2.165486e+03
2.334649e+02
-1.246860e+03
-1.015075e+03
-2.484687e+02
5.009845e+02
-1.069659e+03
3.786379e+02
2.543707e+02
5.528102e+02
1.965429e+02
-6.304412e+02
-1.182114e+03
-1.432712e+03
8.082934e+02
-1.100362e+03
8.817799e+02
1.501787e+01
-7.055432e+01
-5.935568e+02
-3.723501e+02
-8.397700e+02
1.204732e+01
-4.980051e+02
2.256220e+02
-9.962100e+02
-2.613186e+01
9.707907e+02
-2.128401e+02
3.027917e+01
9.638716e+02
4.422976e+02
-1.056731e+02
-1.888935e+02
5.362972e+02
-6.069605e+02
1.488835e+02
-1.661288e+02
5.943371e+02
-7.563847e+02
8.239778e+01
-1.843664e+02
-1.781122e+02
-7.014202e+01
5.097456e+01
3.230326e+02
2.883574e+01
-2.650959e+02
4.327522e+02
-3.953481e+00
2.422885e+00
-1.614540e-01
4.546728e-01
6.010066e-02
-3.991063e-01
-7.757282e-02
-3.893267e-01
-1.850628e-01
-3.484619e-01
-6.921198e-02
-1.002063e-02
3.708575e-02
-2.633875e-02
-5.960862e-02
3.543596e-02
-2.423054e-04
1.877295e-02
2.105710e-02
-4.626792e-02
-2.766340e-02
3.991214e-02
4.350637e-02
-1.460183e-02
3.602193e-02
-4.896059e-04
-6.633106e-03
1.652425e-04
3.818520e-05
