3.110648e-01
9.602657e-01
-6.061422e-02
5.205333e+01
1.385408e+02
-1.841416e+01
3.431860e-04
-9.491782e+05
-1.183319e+05
-8.098333e+05
4.902001e+05
-5.140088e+05
-7.164428e+04
-1.468198e+05
-2.283971e+04
-1.853269e+04
6.932884e+04
1.281030e+05
-1.928312e+04
6.233848e+03
2.374121e+04
3.470431e+04
2.038558e+04
-3.387708e+04
-4.613425e+04
-3.628173e+04
6.301170e+04
-3.159459e+04
-7.647637e+03
-5.038092e+04
-3.019936e+04
-6.703075e+03
-3.360896e+04
-3.895737e+04
-6.057366e+03
-1.018390e+04
-3.055023e+04
-5.017269e+04
-3.368345e+02
1.306095e+03
-9.797938e+03
3.447977e+04
-1.394684e+03
-1.984186e+04
-9.618577e+02
-1.516767e+04
4.036845e+04
1.658076e+04
-2.703270e+03
1.122120e+04
7.352006e+03
-9.947090e+03
-6.540957e+03
-2.113253e+04
-7.147148e+03
-1.194874e+03
1.513089e+04
2.458605e+04
9.334890e+03
-7.466622e+02
1.355449e+04
-5.229219e+03
-5.556739e+03
-1.415737e+04
-1.307548e+04
4.560432e+03
4.022893e+03
1.454994e+04
4.207297e+02
-6.024399e+03
2.015250e+03
1.368936e+04
-9.170618e+01
3.621090e+03
7.636218e+02
-2.300390e+03
2.485266e+03
5.706675e+03
-8.469041e+03
1.958456e+03
6.042777e+03
4.593619e+03
-1.802563e+03
-3.936029e+03
4.925848e+03
-1.417844e+03
-2.717660e+03
-2.537690e+03
-2.381707e+03
1.798531e+03
1.932674e+03
1.394340e+02
-1.372200e+03
3.924418e+03
6.389931e+03
-2.602868e+03
1.939236e+03
-1.427504e+03
3.808713e+03
-1.052702e+04
2.467908e+03
1.411287e+03
3.198727e+03
-7.834901e+03
9.000697e+03
-9.691058e+03
1.144483e+03
-3.960080e+03
6.641510e+03
4.281444e+03
2.373431e+03
5.295408e+03
-4.827785e+03
-3.399045e+03
-5.592757e+03
5.369917e+02
1.066897e+03
1.790571e+03
-6.808813e+02
3.290631e+03
2.786945e+03
-1.949802e+03
-5.028492e+03
-7.483291e+02
-7.548141e+02
3.102043e+03
3.590754e+03
-5.189568e+03
-3.598965e+03
1.805542e+03
-2.684282e+03
1.300476e+03
3.536055e+03
2.053361e+03
-1.749162e+03
-1.718601e+03
-2.231092e+03
4.007305e+02
-3.954296e+03
-3.882719e+03
3.109969e+03
-2.816784e+03
9.581328e+02
3.250642e+02
-3.412654e+02
-3.383154e+03
-2.080599e+03
1.138874e+03
1.189492e+03
-5.200461e+02
3.337703e+03
-2.207370e+03
-3.618405e+02
2.790154e+02
-1.434496e+03
8.185020e+01
1.464848e+03
4.230761e+02
-1.492993e+03
1.591687e+03
-3.374845e+02
6.527457e+02
-1.277103e+03
-8.195113e+02
5.973377e+02
-4.899146e+02
-7.386485e+02
-9.723953e+02
1.272514e+03
1.636491e+02
-6.081232e+02
7.567762e+02
-7.063603e+02
4.853890e+02
-1.094078e+03
3.026206e+02
1.210390e+03
-7.384917e+02
-8.806884e+02
9.520162e+02
5.987152e+02
4.461402e+02
-5.482577e+02
2.457322e+02
9.514689e+02
-6.699943e+02
-3.114882e+00
1.683855e+03
2.741375e+02
-2.623158e+02
-2.162665e+02
8.432897e+02
-5.959842e+02
5.702510e+02
-8.592155e+02
4.638768e+02
1.754933e+02
-1.151343e+02
-6.900663e+02
-3.087488e+02
6.835195e+02
9.787120e+01
9.442032e+01
3.864661e+02
-8.822354e+02
4.706230e+02
7.948902e-01
1.217977e+00
-1.441622e+00
-4.016157e-02
-2.306701e-01
-3.381567e-01
6.167953e-01
-2.003717e-01
3.073855e-02
1.393083e-01
-1.299845e-01
-2.552348e-01
-2.380359e-01
2.198184e-02
-2.335244e-01
-4.878418e-02
4.300831e-02
-1.275173e-01
-1.612690e-01
-1.052875e-01
-1.870390e-01
2.553709e-02
-6.910540e-02
4.169201e-02
-1.429406e-02
-5.339099e-02
-2.777200e-02
-1.981069e-02
2.769695e-02
