5.236432e-01
-5.473199e-01
1.113777e-01
4.494222e+01
1.219545e+02
-2.493441e+01
3.693631e-04
-6.941861e+05
6.314432e+04
-1.776442e+05
2.394009e+05
-8.415980e+04
-9.673315e+04
5.677176e+04
-5.354590e+04
-1.694920e+05
-1.914147e+05
1.323807e+05
6.972266e+04
-5.988177e+04
-5.996386e+04
-1.369230e+05
-2.147036e+04
-1.505406e+05
3.868687e+04
1.717240e+03
9.227536e+04
-4.585748e+04
2.162410e+04
1.139105e+04
-8.148588e+04
-3.606405e+04
6.922205e+03
66490
-3.426121e+04
1.064698e+04
-1.720927e+04
-2.366377e+04
1.242200e+04
2.381228e+04
-1.015438e+04
-3.190765e+04
2.481097e+04
8.519184e+03
3.743752e+04
-1.972468e+04
2.802907e+04
-1.235921e+04
-2.141033e+04
-3.142850e+03
2.073261e+04
2.557120e+03
2.521611e+04
-1.467896e+04
4.908569e+03
2.179651e+03
1.000193e+03
-4.090516e+02
-3.547370e+03
-1.545347e+03
1.353845e+04
2.667635e+03
-1.712856e+04
-1.236257e+04
-8.414400e+03
-7.680080e+03
-1.475831e+03
3.246211e+03
-1.864159e+04
-6.128330e+03
1.200896e+04
5.156899e+03
7.309366e+03
-5.338648e+03
5.144519e+03
-1.102663e+04
8.817579e+03
-6.095932e+03
-3.508541e+03
-3.758131e+03
-2.558656e+03
2.759771e+03
2.908613e+03
-2.610383e+02
3.400129e+03
-9.328205e+03
-1.551228e+03
3.229673e+03
-5.459517e+03
2.062534e+02
6.696916e+03
1.297955e+03
-4.839805e+02
9.829943e+03
1.697552e+03
-7.200460e+03
1.130775e+04
-4.000141e+03
4.721142e+03
-4.347781e+03
-3.218191e+03
8.435545e+02
-2.425230e+03
-1.943508e+03
2.994436e+03
-8.323287e+03
-2.535228e+03
1.140634e+03
-1.940108e+03
-3.272529e+03
1.330238e+02
4.015812e+02
1.158315e+03
-7.535906e+02
7.868981e+02
-6.061021e+02
9.835526e+02
-1.896595e+03
-1.409684e+03
3.779207e+03
4.180339e+03
-8.994630e+02
1.536313e+03
4.873203e+03
2.085758e+03
2.338922e+03
1.028210e+03
1.459388e+02
-1.491461e+03
2.546429e+03
3.761774e+02
1.197089e+03
1.823490e+03
4.443532e+02
-2.281625e+02
2.311358e+03
-7.352709e+02
-1.266220e+03
-1.074246e+03
-1.345253e+03
2.524378e+03
-1.258035e+03
1.104333e+03
2.759014e+03
2.854022e+03
-1.880354e+02
-3.877570e+03
2.548839e+03
2.200366e+03
-1.695522e+03
1.630374e+03
-1.050921e+03
2.404442e+03
1.907754e+02
-3.439276e+03
6.020868e+02
3.209750e+03
-2.804094e+03
2.743950e+02
-1.902265e+03
-8.437630e+02
-9.311176e+02
9.974275e+02
-7.939720e+02
-1.572905e+03
1.866020e+03
-1.615432e+02
4.376371e+01
-1.049204e+03
-1.471285e+03
-2.194742e+03
3.399331e+02
-2.106877e+02
1.234699e+03
8.292143e+02
-4.049430e+02
-7.388515e+02
-1.713263e+02
-2.214747e+03
-9.501664e+02
3.933563e+02
1.602361e+02
-1.780160e+03
5.082137e+02
5.140875e+02
1.125929e+02
-2.084165e+02
2.660565e+02
9.004270e+02
-2.971672e+02
-2.764749e+02
3.799116e+02
-3.648260e+02
1.956601e+01
5.492954e+02
1.226279e+03
-1.581781e+03
1.132351e+02
-6.366980e+02
7.046532e+02
-4.967875e+00
-2.260379e+02
4.505460e+02
-1.962033e+02
1.667807e+02
8.196588e+02
-3.783852e+00
3.750061e+00
8.572857e-01
1.392013e+00
5.523808e-01
2.632690e-01
-2.377715e-01
-6.499731e-01
1.740057e-01
-7.839294e-01
-2.065750e-01
-7.798565e-02
7.041045e-02
-3.997112e-02
-1.341556e-01
-1.839664e-02
2.155773e-03
-3.956887e-02
-5.929638e-03
-7.528655e-03
-1.127334e-01
2.962488e-02
-1.183320e-02
-5.327100e-02
6.919479e-02
3.190545e-02
-2.929081e-02
2.306341e-02
1.319029e-02
