-1.758481e-01
1.510554e+00
8.601031e-03
5.603556e+01
1.875266e+02
-7.659043e+00
3.573463e-04
-7.407035e+05
-2.144826e+05
-7.823072e+04
-3.866256e+05
-1.847719e+05
6.744499e+04
1.035116e+05
-7.509887e+04
-1.676580e+05
-1.340729e+05
3.836423e+04
-1.752395e+04
6.388662e+03
-4.928275e+04
-1.864516e+04
4.596989e+03
-8.059291e+03
-6.904491e+04
1.495285e+04
-5.775415e+04
-4.125908e+04
-3.708569e+04
-3.215449e+03
-1.566002e+04
1.711558e+04
-2.466894e+04
-5.835173e+02
9.587827e+03
4.156736e+03
-1.417758e+04
-2.981908e+04
2.663013e+04
-1.825503e+04
2.130623e+04
-6.294907e+04
-7.947906e+03
2.425418e+03
1.136871e+04
-1.260142e+03
-1.444904e+04
-1.392655e+04
1.118168e+04
2.433210e+04
9.447757e+03
3.928818e+03
-6.878512e+03
1.607376e+04
1.931115e+04
-4.485417e+03
-3.682923e+03
-1.191074e+04
2.608952e+03
-9.296613e+03
-8.645562e+03
1.462710e+03
1.096749e+04
5.352040e+03
5.264471e+03
-5.859470e+02
9.776085e+03
1.019037e+04
4.398656e+03
-2.871650e+03
9.819004e+03
-3.406536e+03
-4.137207e+03
-9.365933e+03
-6.655695e+03
9.003452e+02
1.248501e+03
-3.719223e+03
1.308341e+03
5.178441e+03
-8.758905e+03
-4.943393e+03
-4.526139e+03
-4.584089e+03
-2.853322e+02
-4.862875e+03
-1.481596e+03
5.084025e+03
2.869680e+03
1.681286e+03
2.197887e+03
-1.172069e+03
2.559383e+03
-8.636792e+02
1.071337e+03
-1.579018e+03
-4.239468e+03
-1.115933e+03
1.720329e+03
-4.016340e+03
-9.317228e+03
-4.847408e+03
7.296253e+03
-8.841722e+03
1.341566e+03
-4.754937e+03
-1.622921e+03
-2.821037e+03
-5.615915e+03
1.605292e+03
5.104789e+01
-3.281113e+03
-7.274306e+02
5.819133e+03
-9.093408e+02
-2.436058e+03
2.410403e+03
3.967998e+03
-3.964346e+03
6.647560e+03
3.507082e+03
-9.981213e+02
4.599074e+02
7.542068e+03
7.302674e+03
9.106072e+02
-4.340603e+02
-3.645060e+03
-2.848505e+03
2.010223e+02
-1.629333e+03
2.401980e+02
6.567783e+03
1.652048e+03
-1.076014e+03
2.118615e+02
-3.175104e+03
1.418216e+03
1.418775e+03
-9.822169e+02
1.102958e+03
9.367718e+02
3.601711e+03
1.156758e+03
1.721559e+02
-1.854201e+03
-2.948739e+03
-5.424915e+02
-8.201460e+02
3.098252e+02
3.156474e+03
-1.749444e+03
-3.977335e+02
1.806000e+03
-3.239359e+03
-5.457300e+02
-7.322736e+02
-1.107929e+03
1.160902e+03
-2.878526e+03
-1.394336e+03
-1.740655e+03
-1.012846e+03
2.624685e+02
8.168210e+02
1.418647e+03
2.325094e+03
9.751066e+02
-1.232917e+03
-1.436161e+03
-3.561910e+03
5.975052e+02
-1.377006e+03
1.631153e+03
-9.141789e+02
-1.235409e+03
5.908675e+02
-2.455891e+02
-1.947163e+03
-7.774763e+02
-1.402963e+03
1.391200e+03
-4.444763e+02
-5.919871e+02
1.113413e+03
-9.497707e+02
7.436800e+02
5.685083e+02
-1.675225e+02
9.057104e+02
-5.737818e+02
1.413296e+03
-1.192900e+03
-6.731362e+01
-7.671190e+00
1.135636e+03
-8.262253e+02
-4.243157e+02
-8.687855e+02
9.800860e+01
3.434728e+02
-6.120146e+02
4.841605e+02
1.061096e+02
3.264946e+02
4.592577e+02
-2.749549e+00
1.694764e+00
5.110454e-01
-3.887458e-02
2.816346e-01
-5.005878e-01
6.072214e-02
-2.799025e-02
1.246723e-01
-3.076850e-01
2.146439e-01
1.683163e-01
-9.561107e-04
2.934841e-02
8.170847e-03
5.116393e-02
1.317067e-02
-1.463979e-02
-7.776789e-03
3.026593e-02
1.680426e-02
3.954136e-02
4.259800e-02
-1.570171e-03
2.498381e-02
5.274417e-03
-5.940104e-03
-9.132161e-03
-1.781796e-03
