-4.092232e-01
-5.183484e-01
2.688658e-02
4.892445e+01
2.049725e+02
-2.277005e+01
3.546594e-04
-8.240353e+05
5.530041e+04
-5.979118e+04
-2.408231e+04
-1.274602e+05
8.729941e+04
-1.013524e+05
-4.344405e+03
8.909138e+04
-1.379182e+04
171905
3.171603e+04
-2.161671e+04
2.765204e+04
-5.288527e+04
8.123047e+04
3.036017e+01
2.879120e+04
-1.937919e+04
2.100421e+04
5.244374e+04
7.366601e+03
-4.757524e+04
-2.564685e+04
-4.927900e+04
-1.990024e+04
-3.153181e+04
-4.185680e+04
6.705776e+03
1.670188e+03
-2.746554e+04
2.447815e+04
7.127772e+03
1.128722e+04
-1.001764e+04
-9.847195e+03
3.893775e+03
1.882523e+04
8.223047e+03
-1.137252e+04
3.024763e+03
1.472040e+04
-1.179537e+04
-1.004975e+04
-1.861629e+04
-3.765121e+03
7.198134e+03
5.838579e+03
1.060113e+04
-1.423791e+04
9.683979e+03
1.527541e+03
3.378707e+03
-3.349032e+03
-1.671432e+02
-9.566712e+03
2.770593e+03
7.013325e+03
1.972527e+03
2.452059e+03
8.991343e+02
-3.463238e+03
-4.378089e+03
8.659228e+03
8.440094e+03
2.144056e+03
-3.941241e+03
-9.653646e+02
-1.645605e+02
3.721980e+03
-2.799996e+02
-6.116293e+02
-4.229184e+03
-4.172563e+01
1.709999e+02
2.369582e+03
-2.890836e+03
3.024807e+03
-1.705717e+03
-3.675919e+03
6.097811e+02
1.054518e+03
9.145703e+02
-1.947210e+03
-8.330586e+02
1.418847e+03
-2.870615e+03
9.183282e+02
-2.155010e+02
2.232135e+03
6.314247e+03
6.232610e+03
-3.500442e+02
-9.604695e+03
-3.764055e+03
2.766248e+03
-7.719114e+03
6.244649e+03
-4.459677e+03
-1.155642e+03
1.342262e+03
-7.317156e+02
9.428365e+02
1.683463e+03
3.894797e+03
-3.154390e+03
3.083772e+03
-3.104905e+02
-9.770809e+02
-6.802128e+02
3.528075e+03
-7.751977e+02
5.500813e+03
2.102628e+03
-2.398405e+03
2.665427e+03
2.389878e+03
4.157720e+03
2.807172e+02
1.546558e+02
-2.606993e+03
-2.638381e+03
3.284170e+03
1.660184e+03
-2.515327e+03
4.843793e+03
2.691170e+03
-1.434086e+03
-1.529235e+03
-1.515899e+03
1.227368e+02
-4.602680e+02
-1.943925e+03
1.428344e+03
-1.695353e+03
3.223522e+03
1.609799e+03
-2.702430e+03
-1.192893e+03
-4.584252e+03
1.083911e+03
-1.732655e+03
1.509039e+02
1.986173e+03
-1.578756e+03
1.215689e+03
8.799952e+02
-2.247876e+03
1.746301e+03
1.962038e+03
-2.400018e+03
1.807348e+02
-1.607733e+03
-2.690425e+02
-1.055360e+03
4.334432e+02
-4.571973e+02
-1.053134e+02
-3.409447e+02
1.836854e+03
2.371607e+02
-2.582298e+02
-9.984462e+02
-1.644764e+03
1.213462e+03
-1.451436e+03
9.336663e+02
-4.724072e+01
-3.491038e+02
5.336209e+02
-8.076640e+02
-1.543076e+03
-4.244719e+00
5.573453e+02
-3.496517e+02
3.542661e+02
6.757789e+02
7.679745e+02
1.758600e+01
1.462062e+03
9.419714e+02
-2.768385e+02
1.639064e+02
-8.675550e+02
4.709597e+02
-8.937749e+02
5.774955e+02
-8.034841e+01
7.678595e+01
-1.916475e+02
-2.590526e+02
-1.061172e+03
2.974853e+02
3.051151e+01
3.043146e+02
7.864022e+02
3.507289e+02
-1.973829e+02
5.161483e+02
4.260035e-01
-1.450136e+00
6.608852e-01
-3.548973e-01
-1.936947e-01
-9.276776e-03
-6.638260e-02
8.283571e-02
1.046769e-02
-1.520814e-02
-7.022505e-03
-1.955219e-01
-6.102359e-02
-1.379845e-02
3.074863e-02
7.694825e-02
5.025530e-03
8.662747e-02
2.204789e-02
-5.050868e-02
-3.882507e-03
-4.945003e-03
-3.315670e-02
2.399612e-02
-2.372880e-03
-1.838525e-02
-3.852464e-03
-1.257904e-02
1.539697e-03
