-2.425453e-02
-1.004082e+00
7.140858e-02
5.376000e+01
1.763765e+02
-1.974521e+01
3.570555e-04
-2.813983e+05
4.361478e+03
2.192791e+05
-4.084595e+04
-1.597367e+05
-5.755969e+04
-1.611664e+04
-4.428175e+03
-2.618837e+05
-1.908418e+05
1.498416e+05
4.530948e+04
6.157859e+04
3.666447e+04
-3.884445e+04
6.774196e+04
2.977643e+04
-2.158351e+03
-9.794686e+03
2.584487e+04
4.931584e+04
-2.701988e+04
-4.277957e+04
-6.284936e+04
-1.323697e+04
-2.150420e+04
1.369749e+04
1.383328e+03
5.633818e+02
2.174715e+04
-1.900633e+04
-3.926002e+03
1.944107e+04
1.994249e+04
-3.885428e+03
-4.134875e+03
5.623693e+03
1.247746e+04
-1.856478e+03
-7.731179e+03
-1.557121e+04
1.693244e+04
2.275523e+03
-9.160476e+03
-6.664799e+03
1.855057e+03
-8.060010e+03
-4.132669e+03
1.085503e+04
-1.281906e+04
1.966641e+02
8.216278e+03
-1.184447e+04
-1.022250e+04
-1.787650e+03
-2.804048e+03
-3.679097e+03
3.637568e+03
-1.379189e+03
3.497097e+02
5.708517e+03
-1.049465e+04
4.537676e+03
5.144941e+03
1.021547e+04
2.839136e+02
-7.797656e+03
-2.110394e+03
-4.459103e+03
1.280062e+03
-5.225996e+03
-3.017849e+03
1.162133e+03
1.782953e+03
9.201194e+02
-3.149110e+03
2.181556e+02
-1.145255e+02
-1.862211e+03
-1.225230e+03
-3.461538e+03
1.336146e+03
4.121901e+03
-2.869477e+03
-1.210473e+03
-5.227384e+02
-2.450198e+03
-1.925695e+02
1.295709e+01
-2.658139e+03
-4.386139e+03
1.724071e+03
-2.502562e+03
-1.186778e+04
3.145312e+02
1.363222e+04
-1.300904e+04
6.045457e+03
-4.417786e+03
-6.035123e+03
-2.740342e+02
4.034858e+02
9.146510e+01
1.940849e+03
-2.972015e+01
-1.954444e+03
3.060244e+03
-1.707372e+03
-9.755595e+02
5.215627e+02
2.762850e+03
-2.677583e+03
7.102599e+03
2.716818e+03
-5.262470e+03
-6.560730e+02
4.273286e+03
3.641422e+03
-4.901054e+02
2.607344e+03
-4.246473e+03
-5.002110e+03
1.211998e+03
-2.191005e+03
-8.271194e+02
6.154189e+03
3.074133e+03
-1.208496e+03
4.494141e+02
-3.083000e+03
1.867162e+02
-6.895327e+02
-2.745381e+03
8.073160e+02
-9.549148e+02
4.040745e+03
9.676513e+02
-1.351443e+03
-1.187575e+03
-4.408236e+03
-4.020824e+02
2.717777e+02
1.380868e+03
1.727237e+03
-1.290702e+03
9.348732e+02
1.566144e+03
-3.004394e+03
1.008412e+03
1.456963e+03
-1.410440e+03
4.302435e+02
-2.128458e+03
1.320717e+02
-1.840840e+03
5.263318e+01
-3.251129e+02
-1.319073e+02
1.038502e+03
2.634684e+03
1.250844e+03
-7.993786e+02
-1.332696e+03
-2.116490e+03
1.010790e+03
-1.482711e+03
1.073892e+03
-8.031718e+02
-3.696832e+02
6.157945e+02
-1.302060e+03
-7.521002e+02
-8.635093e+02
-1.734649e+02
1.758691e+03
-5.290677e+02
-1.120129e+03
1.022800e+03
1.898835e+02
1.160223e+03
7.168651e+02
-2.529343e+02
5.709342e+02
-2.380465e+02
8.229965e+02
-8.364073e+02
1.463854e+02
1.951934e+02
6.805848e+02
-1.237090e+03
-2.808924e+02
-1.598316e+03
5.195874e+01
-1.181641e+02
-6.669602e+02
1.045440e+03
4.200783e+01
3.186480e+02
5.510986e+02
-3.308902e+00
1.852705e+00
-1.863600e-01
2.435278e-01
4.986880e-02
-2.161572e-01
-1.639457e-01
-2.890767e-01
1.450712e-02
-1.704981e-01
7.985516e-02
-1.730593e-02
-7.000080e-03
1.416424e-02
-7.726524e-02
7.741960e-02
1.616641e-02
-5.110712e-02
-1.164773e-02
-5.211844e-02
-2.213573e-02
7.881127e-02
3.262146e-03
-6.661820e-03
2.151721e-02
1.527143e-02
3.122974e-03
-2.325584e-02
6.053152e-03
