-1.016024e-01
3.941226e-01
1.773523e-01
4.494222e+01
1.818460e+02
-2.414943e+01
3.470375e-04
-4.987718e+05
500842
7.285996e+04
4.556026e+04
1.446552e+05
6.234204e+04
-3.685240e+03
-2.390650e+04
7.203122e+04
-5.131711e+04
1.617939e+04
2.805722e+03
1.380379e+04
-1.442797e+04
-1.131175e+04
5.881154e+04
2.690808e+04
8.234862e+04
2.470224e+04
4.905088e+03
-5.924960e+03
1.551708e+04
-1.845119e+04
-2.551887e+04
7.744087e+03
2.350199e+03
8.718335e+03
1.030828e+04
-3.423720e+04
7.902831e+03
-1.512537e+03
-1.018178e+04
-1.491126e+04
-3.318657e+04
-9.503967e+03
3.576043e+03
1.368894e+04
-5.033938e+03
-2.204528e+04
1.197664e+04
-5.124425e+03
1.860746e+04
8.110160e+03
7.944444e+03
1.357980e+04
-1.999030e+04
5.982218e+03
-5.395438e+03
5.788441e+02
6.919354e+03
5.725012e+03
7.754224e+02
-1.056376e+04
-6.446790e+02
-1.135648e+03
-5.076642e+03
-3.544908e+03
5.503017e+03
-8.423679e+02
5.654797e+03
4.887334e+03
1.526287e+03
-4.123918e+03
-1.080688e+03
4.199537e+03
-8.393447e+02
1.131792e+02
-4.954233e+03
5.244665e+02
-1.157133e+03
4.592069e+02
-1.354727e+03
2.966937e+03
7.912532e+02
-3.643636e+03
6.315833e+02
1.216951e+03
4.250738e+03
-1.945518e+03
-7.246829e+02
-1.592747e+03
-2.254361e+03
2.422689e+03
-8.115753e+02
-2.883886e+03
-1.051569e+03
2.780387e+03
-2.032712e+03
-7.514219e+02
7.012540e+02
-3.092518e+03
2.040889e+03
-7.048318e+03
-8.710605e+03
1.665253e+03
1.838538e+03
-5.398618e+03
9.710450e+03
-7.951335e+03
-3.072883e+03
-8.585226e+01
5.144563e+03
2.940382e+03
4.357394e+02
2.316098e+03
-2.634548e+03
5.896930e+03
-1.960917e+03
-8.894605e+02
-1.020460e+03
2.019656e+03
7.151392e+02
4.639506e+03
9.350158e+02
-3.948325e+03
-1.071257e+03
1.935071e+03
2.207316e+03
-3.413489e+01
1.793947e+03
-2.880879e+03
-1.898878e+03
2.319970e+03
-2.249926e+03
-3.589582e+02
4.104041e+03
8.395806e+02
-2.120551e+03
-1.681192e+03
-1.288747e+03
1.978642e+03
-1.841382e+03
-8.807743e+02
2.793015e+03
-1.969346e+03
2.920346e+03
-5.244834e+02
3.284860e+01
-1.061594e+03
-4.431871e+03
-1.035373e+03
-6.120467e+01
-9.331783e+02
3.138985e+03
-1.319657e+03
-1.129303e+03
1.785086e+03
-3.515437e+03
-1.118209e+03
1.457602e+03
-2.658791e+03
9.172074e+01
-8.331946e+02
-2.021804e+02
-1.366093e+03
-2.330150e+02
-6.738012e+02
-2.012521e+01
5.637220e+01
1.694227e+03
1.118815e+01
1.362624e+02
-7.495779e+02
-9.291674e+02
-1.901328e+02
-6.067985e+02
3.155979e+02
-2.101619e+03
6.300394e+02
7.785982e+02
-9.587357e+02
-2.746257e+02
3.438876e+02
8.389952e+02
1.181703e+02
-2.889231e+02
-9.578406e+02
8.863297e+02
-1.284688e+02
6.901849e+02
8.888428e+02
-5.706306e+02
6.855133e+02
1.897447e+02
3.159670e+02
1.810515e+01
-6.321827e+01
-5.237468e+02
-1.577341e+02
-2.249522e+02
5.037442e+01
-9.844894e+02
-9.169379e-01
-1.953409e+01
2.582888e+02
4.935834e+02
1.634443e+02
-4.197447e+02
4.359456e+02
-1.259309e+00
-1.830126e+00
1.508868e+00
-1.661928e-01
-1.769702e-01
-3.095105e-02
-2.734354e-01
1.753789e-01
-2.717559e-02
2.131484e-01
1.246651e-01
-4.189132e-02
1.439675e-01
-5.249355e-03
-1.620536e-02
3.548716e-02
3.207222e-02
-5.728569e-02
-3.007285e-04
-3.713955e-02
-4.523267e-02
1.007002e-02
-1.318849e-02
-1.027089e-02
-1.681906e-02
3.400228e-03
-2.002603e-02
6.318283e-03
-1.462664e-02
