-6.433841e-01
-6.913450e-01
1.571403e-01
5.888000e+01
2.233313e+02
-1.846585e+01
3.674456e-04
-9.346558e+05
5.649649e+05
-2.105950e+05
7.144241e+04
-2.544879e+05
-1.971725e+05
-2.111082e+04
7.578659e+04
-7.542956e+04
-6.862076e+04
-3.160307e+04
-4.446267e+04
-9.810533e+04
-1.677101e+04
-2.898086e+04
1.635528e+04
5.122027e+04
4.038857e+04
-2.465977e+04
8.056593e+04
-2.010386e+04
-3.511091e+04
-1.911117e+04
8.670350e+03
5.676341e+04
-9.205930e+03
-1.817581e+03
4.441965e+04
-4.790478e+03
2.783491e+04
-7.448362e+03
-1.862359e+04
-1.235134e+04
1.560239e+04
-1.168386e+04
1.179790e+04
5.985250e+02
5.054948e+04
5.401727e+03
-1.197002e+04
-8.984252e+03
3.218912e+04
-1.205136e+04
-7.176198e+03
-2.126812e+04
1.504014e+04
9.153034e+03
-3.865525e+03
-8.820025e+03
-1.940131e+04
-3.229637e+03
9.495623e+03
2.925142e+03
5.937536e+03
1.841612e+03
-1.067959e+04
7.697754e+03
-4.529346e+03
-2.304438e+03
3.861407e+03
-2.177159e+03
-5.101014e+03
-4.914694e+03
8.716777e+03
9.893826e+03
-1.880682e+03
-6.296173e+03
-4.980589e+03
-7.558547e+02
1.200716e+03
-3.135224e+03
-3.222272e+03
-5.351926e+03
-4.428649e+02
-5.807218e+02
5.804166e+03
-3.034183e+03
3.402314e+03
2.372445e+03
4.295973e+03
-2.422451e+03
6.358129e+02
1.470858e+03
-5.041532e+03
4.145843e+03
3.298300e+03
-1.308081e+03
1.393618e+03
4.076984e+03
3.542550e+03
1.526386e+04
1.008324e+04
2.530316e+03
-6.392758e+03
-6.593062e+03
-2.309045e+03
-7.016082e+03
4.104502e+03
-6.571148e+03
-7.412777e+03
-6.171272e+02
1.733841e+03
4.190734e+03
3.321056e+03
2.825795e+03
-2.519126e+03
-1.092221e+03
2.203325e+03
2.386264e+03
4.289900e+03
4.818669e+03
-1.695470e+03
4.077657e+03
-2.699215e+03
2.631026e+03
3.162303e+03
-1.347977e+03
6.642142e+03
9.681813e+02
-4.408649e+03
-2.259038e+03
-2.288732e+03
5.282933e+03
2.730227e+03
-1.397544e+03
5.403227e+03
2.210825e+02
-3.244576e+03
-3.579340e+03
-3.529286e+03
-1.238269e+03
-5.349245e+01
-6.900828e+02
8.299932e+02
-2.778669e+03
3.316789e+03
1.210059e+03
-4.610129e+03
9.247252e+02
-2.308427e+03
2.086893e+03
-4.740735e+03
2.346751e+02
3.203234e+03
-3.049453e+03
4.435863e+02
-1.392490e+03
-1.124833e+03
1.283136e+03
-1.024791e+03
-1.919804e+03
9.065769e+02
-1.493782e+03
1.668801e+02
-1.333929e+03
1.921252e+03
-7.185965e+02
4.225837e+01
-2.558280e+01
2.081584e+03
5.272099e+02
-1.320893e+03
-3.522722e+02
-1.621397e+03
1.673995e+03
-6.455784e+02
5.177179e+02
4.659801e+02
-9.082292e+02
2.737171e+02
-3.169951e+02
5.031341e+02
-1.095108e+02
6.782640e+02
-2.616928e+03
1.360218e+03
1.628346e+03
9.042157e+02
-4.879233e+02
1.436185e+03
1.645521e+03
8.464467e+02
5.989681e+02
9.027646e+02
1.397667e+03
-9.036686e+02
1.165552e+03
3.489537e+02
9.446807e+02
-3.767957e+02
4.550492e+02
-8.509659e+02
2.259190e+02
-2.206769e+02
8.510013e+02
8.727545e+02
4.876290e+02
-6.749728e+02
9.321277e+02
-4.055824e+00
2.021921e+00
-9.155042e-01
4.742090e-01
-3.630856e-02
-2.415058e-01
-1.122429e-01
-4.295388e-01
8.273679e-02
-1.326551e-01
-1.787638e-01
2.376940e-01
-7.547260e-02
3.451113e-03
8.022749e-02
-9.061409e-02
-6.408110e-02
4.377588e-02
6.341019e-02
-2.310114e-02
9.641469e-02
1.664703e-02
1.218810e-02
5.654805e-02
-4.013347e-02
-1.383825e-02
2.303383e-02
-7.996251e-03
3.215877e-04
