-2.104041e-01
-1.208250e+00
9.743161e-03
5.660444e+01
1.870435e+02
-1.448182e+01
3.799183e-04
-1.488497e+06
2.653570e+05
-3.857642e+05
-1.238103e+05
-4.625750e+05
-8.220539e+04
-2.141510e+05
2.057259e+04
-8.095648e+04
-2.817023e+04
1.421640e+05
9.613332e+04
-1.406028e+05
7.711148e+04
-3.763302e+04
8.505827e+04
-2.040968e+04
-3.095779e+04
-8.160856e+04
-7.924961e+03
-1.312718e+04
-4.585309e+04
-4.119422e+04
-8.281205e+03
-7.830703e+03
4.106704e+03
-8.496912e+03
-5.425169e+03
-2.630710e+03
3.941330e+04
-2.470065e+04
9.988297e+03
1.742771e+04
1.160322e+04
-1.070602e+03
6.610212e+03
-8.784596e+03
2.724120e+04
6.642116e+03
-1.901035e+03
2.448507e+02
7.795481e+03
6.055553e+03
-1.782701e+04
-1.622818e+04
1.306595e+03
-1.304057e+04
-1.435293e+02
1.661442e+04
-1.675068e+04
-2.031210e+03
4.762457e+03
9.651676e+03
8.841744e+03
-5.887904e+03
-9.740019e+03
4.789254e+03
3.694200e+03
7.310690e+02
-2.743534e+02
6.392936e+03
-1.000905e+04
-5.441149e+03
5.621461e+03
2.912395e+03
-1.175004e+03
-6.722088e+03
-4.083323e+03
5.656693e+03
5.465345e+03
1.836507e+03
-7.788757e+03
-4.024216e+03
4.239946e+03
-2.096278e+02
1.264784e+03
-3.922700e+03
5.324204e+03
3.620903e+03
1.352979e+03
1.028972e+03
-7.604526e+02
6.449467e+02
7.192560e+01
-2.331971e+03
4.651011e+03
8.724342e+02
1.238997e+03
6.246346e+03
-1.325323e+03
2.012865e+03
-2.150965e+03
-4.927163e+03
-9.776319e+03
-6.306997e+03
6.876195e+03
-8.504769e+03
5.945014e+03
-3.791442e+03
-4.095768e+03
1.494041e+02
7.849846e+03
2.753030e+03
4.420237e+03
1.851004e+03
-7.613659e+03
-4.796235e+02
-4.956441e+03
-3.017073e+03
-5.973403e+02
4.991547e+03
-6.344252e+03
5.411598e+03
4.552676e+03
-5.821343e+03
-9.568642e+02
-2.839652e+03
2.604860e+03
-7.749478e+02
-4.800834e+02
-5.608501e+03
-4.565700e+03
4.324639e+03
-2.680296e+03
7.360316e+02
4.374421e+02
-6.611236e+02
-3.798738e+03
-5.392779e+02
-5.552827e+03
2.416941e+03
-3.425831e+03
-1.926462e+03
1.224748e+03
-1.770801e+03
3.653897e+03
-3.315934e+02
-3.833482e+03
-1.250386e+03
-1.908776e+03
6.035351e+02
-2.326489e+03
-7.148434e+02
-1.085326e+03
-1.758307e+03
6.507830e+00
1.373068e+03
-2.136402e+03
9.434192e+02
5.343609e+02
-1.959084e+03
1.934239e+03
7.455984e+02
-8.869102e+02
-7.832374e+02
-1.727558e+03
-2.505557e+02
1.024735e+02
-1.416224e+02
3.256781e+03
5.924179e+02
-2.105865e+03
-1.256301e+02
-1.466513e+03
1.590880e+03
-1.450241e+03
5.071141e+02
-1.409629e+03
-6.878767e+02
2.915279e+03
-9.653751e+02
-1.297549e+03
5.895282e+02
1.674451e+03
-3.549593e+02
1.384618e+02
-8.768365e+02
3.009120e+02
5.627265e+02
2.191677e+03
1.624124e+03
5.482190e+02
1.003573e+03
-3.535774e+02
8.076625e+02
-3.332044e+02
-3.767564e+02
-3.615339e+02
1.493378e+02
2.044627e+02
-4.473930e+02
-1.474303e+03
5.529245e+01
8.574161e+00
7.931926e+02
7.482950e+02
4.954690e+02
-3.327762e+02
1.137515e+02
-2.437840e+00
2.129384e+00
-7.043586e-01
-2.235530e-02
-2.212818e-01
-5.200422e-02
-1.230794e-02
-3.063475e-01
-1.842533e-01
4.123879e-02
-1.498876e-01
5.257409e-02
6.701259e-02
1.432676e-01
7.661223e-02
6.168031e-02
2.743341e-02
-5.050804e-02
3.379785e-02
-5.306673e-02
5.577217e-03
3.018753e-02
7.020076e-03
4.280785e-02
-2.388373e-02
1.961393e-02
1.540704e-03
-2.260413e-02
9.057006e-03
