1.676150e-02
4.345704e-01
-1.070037e-01
4.266667e+01
1.746274e+02
-2.780356e+01
3.602770e-04
-3.741042e+05
1.185188e+05
-4.177590e+04
1.925345e+05
-8.502870e+04
-3.593789e+05
5.376176e+04
-5.765941e+04
-5.829108e+04
2.360967e+04
-9.823995e+04
-2.531741e+04
-1.106653e+05
1.214763e+04
3.779771e+04
-3.859393e+04
-4.549969e+04
-8.873759e+04
5.498089e+04
5.491784e+04
-4.496592e+04
-6.501407e+04
-2.510596e+04
-5.096305e+04
8.344073e+03
-4.223786e+03
-6.911128e+04
4.365986e+04
-1.617847e+04
-4.945468e+03
-4.346536e+04
4.396029e+03
-8.089034e+03
1.922693e+04
1.551131e+04
-1.549364e+04
1.143459e+04
1.144443e+04
-1.561735e+04
9.110557e+03
-5.537296e+03
1.418514e+04
1.554616e+04
1.106495e+04
-1.102501e+03
-8.647535e+03
5.470939e+03
-1.372877e+03
-2.973648e+03
-1.303630e+03
2.912906e+03
4.308951e+03
3.951584e+03
-9.878893e+02
-1.664268e+03
8.443858e+03
4.201686e+02
-5.452809e+03
2.688949e+03
3.758058e+03
7.468876e+03
-3.733781e+03
3.439329e+03
-2.008925e+03
4.974638e+03
1.853333e+03
-2.701145e+03
-2.367535e+03
1.073475e+03
1.895611e+03
-2.660849e+03
1.111832e+03
3.946885e+03
9.467384e+00
3.871603e+02
3.972957e+02
3.316899e+03
6.862962e+03
2.096391e+03
2.107986e+03
-3.175500e+03
-1.903507e+03
-2.382852e+03
-9.924155e+02
-2.332311e+03
5.261963e+01
3.658691e+02
-1.660271e+03
-1.143988e+03
-1.863740e+03
7.600089e+02
-1.497263e+03
-1.648854e+03
5.479042e+02
-2.993902e+03
3.239693e+03
-1.972859e+03
6.562164e+02
-6.300873e+03
-1.304429e+03
-3.535568e+03
-4.039406e+03
-3.374834e+02
-1.548371e+03
-5.452387e+03
2.828391e+02
4.413306e+03
-1.551569e+02
5.333109e+02
4.182888e+03
3.809922e+03
-1.904788e+03
1.779124e+03
2.455033e+03
2.329835e+03
7.975775e+02
5.189610e+03
3.862643e+03
7.730710e+02
-4.651237e+02
-1.522521e+03
-7.502282e+02
1.452378e+03
7.619113e+02
-5.947998e+02
6.487383e+03
1.978386e+03
-1.008702e+03
1.435461e+03
-6.748706e+02
-6.463411e+01
2.390983e+03
-7.748981e+02
4.066577e+02
1.432922e+02
1.724472e+03
-7.727223e+02
1.665662e+03
-1.382751e+03
-2.434783e+03
-2.348036e+02
-1.414638e+03
-2.105633e+02
1.047902e+03
-1.411784e+03
5.922284e+02
8.249174e+02
-1.593664e+03
3.574685e+02
-4.305015e+02
-1.060119e+03
9.716705e+02
-1.588617e+03
-4.516618e+02
-1.836458e+03
-7.529407e+02
-6.100294e+02
-5.850360e+02
1.093499e+03
8.708191e+02
1.337597e+03
-1.110264e+03
-7.551782e+02
-1.486586e+03
6.452367e+02
-1.250226e+03
1.115615e+03
-1.128006e+01
-7.022977e+02
9.826805e+01
-4.176437e+02
-2.034549e+03
-8.972186e+02
-1.025681e+03
6.080354e+02
3.708818e+02
-5.173311e+02
7.003961e+02
-7.574025e+02
3.945758e+02
1.692367e+02
-2.968517e+02
5.983400e+02
-4.533165e+02
1.232331e+03
-4.566858e+02
-4.277497e+02
-4.870800e+01
1.451146e+03
-2.736982e+02
-9.924077e+01
-5.253489e+02
1.731288e+02
3.947637e+02
-1.568340e+02
1.637903e+02
5.895467e+01
6.371961e+02
4.715491e+01
-1.183961e+00
8.775079e-01
6.272363e-01
3.626272e-01
1.274584e-01
-1.388039e-01
1.601135e-01
-2.135084e-01
3.535804e-01
-6.349622e-02
1.103182e-01
1.260767e-01
-5.349076e-02
-2.643779e-03
-1.384125e-01
-4.124715e-02
1.432301e-02
5.735840e-03
3.749808e-02
1.869882e-02
1.455878e-02
6.121439e-02
-1.936697e-03
1.291383e-02
-7.058610e-03
3.937806e-03
3.184310e-04
-1.037405e-02
-5.573740e-05
