-4.308055e-01
5.656390e-01
-2.833271e-01
5.233778e+01
2.103733e+02
-2.273069e+01
3.535377e-04
-5.008878e+05
-2.494540e+05
-2.590204e+05
3.441828e+05
-1.000962e+05
-2.581476e+05
1.197094e+04
-2.076116e+04
-1.219118e+05
-5.513472e+04
-5.378033e+04
-1.814688e+04
6.613213e+03
2.592225e+04
3.946545e+04
2.227631e+04
-4.152744e+04
-1.346111e+04
3.115249e+04
2.886021e+04
-8.625026e+04
-2.744411e+04
-8.484254e+03
-3.450100e+04
7.522412e+03
-3.520061e+04
-9.167758e+03
1.560894e+04
-3.014827e+04
6.948915e+03
-1.638153e+04
2.190701e+04
-1.113448e+04
-1.564906e+03
-1.780878e+04
-1.865753e+04
-7.681425e+03
2.104311e+04
-2.961021e+04
8.358344e+03
-6.811841e+03
3.401873e+03
-5.584124e+03
1.870659e+04
-3.130948e+03
-4.678760e+03
1.427589e+04
8.855039e+03
-5.670581e+02
1.194987e+03
-9.763431e+03
2.991763e+03
1.091350e+04
-3.070198e+03
-4.727947e+03
2.374410e+03
2.217086e+03
-9.798155e+03
-5.210612e+03
-9.777403e+03
1.900027e+03
-6.142050e+03
1.054677e+02
-5.119009e+03
-6.443188e+03
-2.399201e+03
5.896601e+03
4.029324e+03
-2.009578e+03
4.837504e+03
-2.853999e+03
8.498480e+01
5.171900e+03
1.184149e+03
-3.024572e+03
-3.194524e+03
-2.441526e+03
6.249236e+02
3.334974e+03
2.498246e+03
-5.779091e+03
-2.410707e+03
-2.394730e+03
2.217855e+03
-1.849556e+03
3.920833e+02
-1.099658e+02
-1.076813e+03
3.651051e+02
1.812767e+02
-2.298272e+03
1.334260e+03
-3.333799e+03
3.928889e+02
-3.236455e+03
-2.490832e+03
1.074455e+03
5.005824e+03
-6.340146e+03
8.096554e+02
-6.826856e+03
1.945690e+03
1.601564e+03
1.561809e+03
-3.763718e+03
-4.432621e+03
-5.910269e+02
1.482093e+03
1.487693e+03
3.990039e+03
5.029112e+03
-3.790837e+03
2.031428e+03
2.011988e+03
1.623548e+03
1.862990e+02
1.801818e+03
5.203777e+03
2.150022e+03
1.101648e+03
-8.749370e+02
1.919655e+03
-3.705950e+02
1.006701e+03
1.206510e+03
2.478224e+03
1.200929e+03
1.548979e+03
-4.633696e+02
-5.883555e+02
2.436169e+03
-1.083586e+03
2.831226e+02
2.614928e+02
-9.385050e+02
7.358616e+02
6.826247e+01
1.317891e+03
-6.439959e+02
-7.944470e+02
3.609372e+02
-1.128876e+03
-6.185328e+02
2.120010e+03
8.319997e+02
-1.101804e+03
4.933512e+02
-5.434115e+02
-2.520576e+03
5.202050e+01
-3.634295e+02
1.317959e+02
2.112277e+02
-7.671170e+02
-3.791630e+02
3.215837e+02
3.453636e+02
-4.271561e+02
3.432534e+02
1.251085e+03
3.139042e+02
-4.317575e+02
-1.123138e+03
-1.462654e+03
3.476088e+01
-2.266066e+03
3.853717e+02
-1.488159e+03
1.343470e+02
2.613105e+02
5.702707e+02
-1.202233e+03
-2.960122e+02
-1.524606e+03
5.020733e+02
-9.426772e+00
-4.988545e+02
1.562848e+03
-7.878765e+02
-3.194654e+02
3.944514e+02
-7.175786e+02
7.040232e+02
-4.315472e+02
8.311888e+02
-5.057012e+02
-3.763862e+02
-7.493689e+02
8.022722e+02
5.109230e+02
-2.099749e+02
-4.770205e+01
-5.731855e+02
8.058578e+02
-2.063501e+02
2.821644e+02
1.305722e+00
-1.185464e+02
3.070315e+02
-7.954151e-01
2.348545e+00
-3.616365e-01
7.703945e-01
2.759722e-01
-1.968223e-01
-4.090183e-02
-5.660121e-01
4.415303e-02
-2.861420e-01
8.569061e-03
-1.543889e-02
-1.101662e-01
2.175896e-02
-2.223728e-01
-1.288214e-01
1.334847e-01
-1.957682e-02
-2.088201e-02
2.369762e-02
-1.643671e-02
-2.359969e-03
-4.151750e-02
2.262582e-02
-1.375620e-02
-1.245230e-02
1.633771e-02
-7.885058e-04
8.446838e-05
