-1.919512e-01
8.286635e-01
-2.608096e-01
5.006222e+01
1.845843e+02
-2.138186e+01
3.485990e-04
-3.436178e+05
1.477267e+05
1.617978e+05
-4.534861e+05
-1.823399e+05
1.738521e+05
-5.967745e+04
6.156616e+04
-1.891438e+05
-3.032943e+04
1.129108e+05
1.491703e+05
-8.922409e+04
1.697130e+04
4.826730e+04
-1.347790e+04
-5.085854e+03
-6.697494e+04
-1.435085e+04
1.289633e+04
6.882755e+03
-8.560113e+03
3.766379e+03
3.212152e+03
2.345430e+04
-4.203034e+04
1.931330e+04
1.801480e+03
3.807656e+04
8.787391e+03
-6.207958e+03
1.332661e+04
-7.706453e+03
9.285787e+03
-5.892300e+03
-2.593461e+04
-1.401109e+04
-8.846924e+03
1.815847e+04
-9.356662e+03
1.065630e+04
-1.255605e+04
-7.428280e+03
8.425078e+03
6.493997e+03
-8.515430e+03
-3.826847e+02
-3.144931e+03
-1.823781e+03
-5.596950e+03
-9.011558e+02
-1.223107e+02
9.185448e+02
-5.887589e+03
1.077623e+04
-3.360635e+03
5.231671e+03
1.664971e+03
1.399222e+03
-1.885381e+03
1.937829e+03
-5.910120e+02
1.120509e+03
-3.099618e+02
-3.297714e+03
1.038786e+03
-1.654624e+03
-3.825975e+03
-1.712011e+03
1.024988e+03
7.904067e+02
7.319261e+02
-1.139185e+03
-3.364908e+03
1.337745e+03
4.857955e+03
1.537738e+03
-2.983182e+03
-2.019444e+03
-2.956518e+03
-5.816660e+02
2.276731e+03
-6.495140e+01
-2.612404e+03
-2.136837e+03
3.409293e+02
-2.048862e+03
1.944648e+03
2.029632e+03
-1.135098e+02
-8.425735e+03
3.911532e+03
-2.744611e+03
-6.754996e+03
-2.063719e+03
5.618444e+03
-3.019484e+03
4.412681e+03
-7.119490e+03
-4.135707e+03
1.294146e+03
4.356284e+03
-2.196795e+03
-2.092045e+03
-2.801331e+03
6.346311e+01
4.829465e+03
8.426590e+01
2.062918e+03
2.482893e+03
2.532869e+03
-1.409723e+03
1.710970e+03
-1.596084e+03
-1.683586e+03
-1.125761e+03
3.592837e+03
4.643990e+03
-2.005419e+03
2.799800e+02
-3.667421e+03
-4.617598e+03
1.169401e+03
9.463110e+01
-8.818984e+02
2.804950e+03
1.656053e+03
-8.867508e+02
9.303305e+02
-1.878835e+03
7.917665e+02
1.971626e+02
-9.271174e+02
-1.586591e+03
5.335574e+02
5.389879e+02
-9.677950e+01
-1.328743e+03
-1.013090e+03
-2.237013e+03
-1.402145e+03
-2.748669e+03
-7.950172e+02
3.479128e+03
-2.054338e+03
7.649266e+02
2.908233e+02
-1.244773e+03
8.733898e+02
1.450131e+03
-1.801526e+03
4.492147e+02
-2.454767e+03
-7.265315e+02
-4.056549e+02
-9.516799e+02
-9.225703e+02
8.894061e+01
1.306873e+03
2.994938e+03
2.509912e+02
-1.095727e+03
-1.225540e+03
-2.232915e+03
-5.223798e+00
-1.461791e+03
1.097051e+03
-7.160383e+01
-5.162231e+02
3.492669e+02
-3.113932e+02
-9.725815e+02
-1.441220e+03
2.477404e+01
7.184173e+02
-7.896903e+01
5.382250e+01
4.586261e+02
-2.477604e+02
2.519592e+02
6.220173e+02
-4.994767e+02
4.811931e+02
-1.404756e+02
1.392995e+03
-9.346296e+02
-2.003052e+02
3.792819e+02
3.671813e+02
-4.546047e+02
-2.112106e+02
-3.142931e+02
1.770897e+02
2.211698e+02
-1.190536e+02
3.250045e+02
2.843010e+02
1.428160e+02
1.792528e+02
-6.847681e-01
7.833830e-01
-8.396479e-01
-9.102324e-01
1.664454e-01
-3.227735e-01
-1.233718e-01
5.881156e-03
2.501869e-01
-2.661106e-02
1.864575e-01
-1.951800e-03
-1.040990e-01
-1.129269e-01
9.445500e-02
9.247143e-02
-3.306103e-02
5.448472e-02
5.323333e-03
2.755103e-02
-1.093432e-02
2.041822e-02
4.473277e-02
-1.493438e-02
1.744773e-02
-3.520513e-03
-2.655849e-02
5.316013e-03
2.127965e-02
