-3.550551e-01
9.152187e-01
-5.712450e-03
5.546667e+01
1.975379e+02
-1.667436e+01
3.858747e-04
-1.930058e+06
-7.134043e+05
5.374184e+05
1.519812e+05
8.924690e+04
2.494246e+05
-3.085234e+05
-1.216469e+05
-1.731614e+05
5.614902e+03
-1.483850e+05
-7.647619e+04
-2.073813e+04
-2.222733e+04
-1.676788e+05
7.273828e+04
2.710705e+04
-2.871476e+04
-7.168609e+04
-6.585964e+04
-6.286189e+04
-5.353808e+04
-1.466913e+04
5.076122e+03
4.702402e+04
-6.139690e+04
2.207432e+04
-7.033748e+04
-3.966521e+04
-3.576826e+04
-2.668143e+04
2.772105e+03
2.495083e+03
4.595865e+04
-9.646442e+03
1.104333e+03
-8.525916e+03
1.260931e+04
1.167776e+04
-2.334217e+04
-2.019585e+04
-4.391459e+04
5.268533e+03
2.732388e+04
2.969092e+04
1.437397e+03
1.252503e+03
1.336499e+04
-2.031231e+04
8.896746e+03
-2.023421e+04
2.376553e+03
1.859919e+04
-9.256975e+03
-6.367741e+03
2.610094e+04
-7.463641e+02
9.232608e+03
5.508966e+01
-6.477940e+03
-2.070514e+03
-9.965325e+03
-4.850704e+02
2.357520e+03
-8.553374e+03
-5.957150e+03
-6.079112e+03
5.641384e+03
-6.029607e+03
1.789884e+03
-6.421846e+03
5.769434e+03
-4.669059e+02
-1.583428e+03
-3.063923e+03
-7.389859e+03
-2.035906e+03
-2.804612e+02
1.500505e+02
-3.465284e+02
4.317681e+03
8.127894e+03
2.399306e+03
-1.892521e+03
-5.116304e+03
2.528052e+03
3.361465e+03
3.706024e+03
1.183545e+01
-6.145086e+03
-5.480685e+03
6.807810e+03
-4.733986e+03
-1.254534e+04
-3.423217e+03
1.236039e+04
-1.239768e+04
7.400944e+03
-6.594727e+03
-6.952744e+03
-3.793967e+03
-1.309482e+03
5.688007e+03
-2.952329e+02
2.357437e+02
-6.402214e+03
5.782111e+03
-7.157466e+03
-2.949896e+03
4.317003e+03
3.105411e+03
-3.689740e+03
8.910462e+03
2.084809e+03
-6.169101e+03
-9.995954e+02
4.891376e+03
7.001168e+03
-2.991553e+03
1.040751e+03
-4.201268e+03
-4.837364e+03
2.835329e+03
-3.989832e+03
2.365291e+02
8.811511e+03
3.310274e+03
-2.559402e+03
2.224844e+03
-4.476588e+03
3.741471e+03
1.209999e+03
-1.672115e+03
-5.044708e+02
-8.286729e+02
3.253858e+03
1.551909e+03
-3.882242e+03
-6.009871e+02
-5.375765e+03
-1.191411e+03
5.655610e+02
-1.009934e+02
3.911504e+03
-5.590120e+02
-9.258346e+02
3.625988e+03
-4.072936e+03
-7.283178e+01
1.872619e+02
-1.834166e+03
9.677139e+02
-2.748586e+03
-4.424691e+02
-2.644527e+03
-4.903005e+02
-5.807350e+02
1.413625e+03
7.274569e+02
3.067600e+03
4.048112e+02
-6.443529e+02
-1.231105e+03
-3.647599e+03
-2.472344e+02
-1.481355e+03
1.477297e+03
-2.314093e+03
-9.264694e+02
9.299919e+02
-2.064287e+03
-1.660611e+03
-3.015871e+02
-1.084925e+03
1.508318e+03
-5.661704e+01
-7.657849e+02
2.144701e+03
-1.424939e+03
1.311031e+03
2.359001e+03
-8.615819e+02
4.939178e+02
-9.408585e+02
1.152537e+03
-1.383731e+03
-2.741833e+01
2.258771e+02
1.722305e+02
-6.652591e+02
-6.570803e+02
-1.342170e+03
2.181485e+02
7.463756e+02
-6.112816e+02
8.676385e+02
4.561813e+02
-8.224894e+00
5.622757e+02
-2.823629e+00
2.621572e+00
-7.630326e-01
1.167095e-01
1.508550e-01
-7.281555e-01
-6.205313e-01
-2.144460e-01
-1.439442e-01
-3.716424e-01
-1.240261e-01
-2.893946e-01
-1.244343e-03
1.854313e-02
6.024147e-02
1.781461e-01
-1.053316e-02
-7.385688e-02
-1.067164e-01
-2.086423e-01
-5.918514e-02
1.297182e-03
1.833791e-02
-2.007084e-02
4.673183e-02
-1.167389e-02
-4.639426e-04
3.526367e-02
1.465684e-02
