1.383046e-01
-7.562815e-01
1.201461e-01
4.579556e+01
1.640230e+02
-2.402068e+01
3.179657e-04
1.235930e+06
6.395682e+04
-7.198980e+04
-3.148433e+05
4.294625e+04
-3.109580e+05
-6.030473e+04
-3.505280e+04
-1.446396e+03
6.083171e+04
9.221538e+04
8.698345e+04
-5.271488e+04
-1.009435e+04
-4.249754e+04
1.301887e+04
-1.253975e+05
4.980566e+02
-1.385052e+04
1.786571e+04
1.225332e+03
-4.749911e+04
-4.247355e+04
-7.971198e+04
-7.051811e+03
5.129383e+03
6.188723e+04
-4.647970e+04
-2.079099e+03
-1.966995e+03
1.660762e+04
3.920108e+04
2.918647e+04
-1.164646e+04
-1.852179e+04
-6.955088e+03
1.506832e+04
-1.069417e+04
-2.833113e+04
2.830178e+04
6.623794e+03
-9.195457e+03
-5.627786e+03
-7.502994e+03
-1.886219e+04
1.650336e+04
-1.023643e+04
4.661902e+03
7.343161e+03
-1.657271e+04
2.377050e+04
5.312918e+03
8.693176e+03
1.422399e+04
-2.119514e+03
-9.539607e+03
-3.537708e+03
8.272385e+03
-3.759387e+03
-5.139662e+03
2.176128e+03
-1.251736e+04
-7.876072e+02
4.679069e+03
6.159454e+03
1.457895e+04
1.151465e+03
-5.215147e+03
-1.616671e+03
-5.352258e+03
-5.934782e+03
-5.000463e+03
-4.610381e+03
-6.945672e+02
-1.040961e+03
5.125986e+02
-2.543458e+03
2.315151e+03
-4.336689e+03
2.646299e+02
-1.142304e+03
-8.031681e+03
3.374427e+03
3.123682e+03
-3.766240e+03
-4.211981e+03
4.802532e+03
1.513403e+03
-1.074533e+03
3.224412e+03
-4.527653e+02
2.667566e+03
-3.175904e+03
-6.490420e+03
-5.877858e+03
3.026103e+03
-8.695812e+03
6.635969e+03
-2.662661e+03
2.879036e+02
4.733398e+03
3.991583e+03
-2.491364e+02
1.600950e+03
6.380744e+03
-6.571230e+03
-7.419985e+02
2.360909e+02
-2.387866e+03
-1.527428e+03
3.191621e+03
-2.873543e+03
4.786068e+03
4.668335e+03
-3.641248e+03
7.542693e+02
2.826689e+03
4.327149e+03
2.608317e+03
4.157120e+02
-1.774780e+03
-4.298239e+02
-7.029396e+01
-2.114660e+02
-1.864432e+02
1.030727e+03
2.199548e+03
-2.002745e+03
-5.970384e+01
-3.556592e+03
-4.286117e+02
-2.068093e+03
-2.312456e+03
2.876403e+03
-1.462174e+03
3.540727e+03
2.206024e+03
1.126579e+03
-2.055069e+03
-3.191536e+03
2.081917e+03
-9.787155e+02
-6.501687e+02
1.180487e+03
-1.258171e+02
2.524430e+03
7.698123e+02
-2.755495e+03
-7.096457e+02
2.124781e+03
-1.574881e+03
-2.425645e+02
-6.287434e+01
-1.161993e+03
-2.273123e+01
4.353353e+02
3.215497e+01
-1.468568e+03
7.021667e+01
3.600994e+02
-4.634448e+02
-9.620944e+02
-9.333855e+02
-9.248798e+02
6.682157e+02
-1.114220e+03
-3.506445e+02
-4.296343e+02
-5.836841e+01
1.288968e+03
-8.508610e+02
-1.605387e+03
6.197478e+02
4.978640e+02
-1.412588e+02
-3.110416e+02
7.926386e+01
8.967661e+02
-2.877283e+02
8.088011e+02
6.695773e+02
5.838394e+02
-2.117955e-01
-2.756566e+02
8.579120e+02
-4.888675e+02
-5.218874e+02
-3.042042e+02
4.460189e+02
-5.567638e+02
-1.402524e+02
-8.739883e+02
3.266623e+01
5.436003e+02
-1.637197e+02
5.956400e+02
-1.244067e+02
-2.443530e+02
4.582907e+02
-1.311263e+00
8.921009e-01
6.417771e-01
1.818695e-01
4.142997e-02
3.255036e-01
1.369470e-01
2.230186e-01
3.887482e-02
-1.804616e-01
1.896812e-01
2.398851e-01
7.076454e-02
3.611833e-02
-2.136120e-02
-2.043572e-02
2.119781e-02
-7.573370e-02
-5.271927e-02
6.614821e-02
-2.186695e-02
4.143564e-02
-4.385173e-02
7.000433e-03
-2.197720e-03
4.043185e-03
-5.110230e-03
-1.800651e-02
8.258551e-03
