-5.724236e-02
3.782201e-01
6.894474e-02
4.323555e+01
1.786894e+02
-2.820643e+01
3.634165e-04
-2.319564e+05
-5.554378e+05
1.781145e+05
1.045079e+05
2.263239e+05
-5.229439e+05
5.420265e+03
-1.080849e+05
3.439590e+02
-1.033148e+04
-3.125786e+04
-1.183627e+05
-1.384371e+05
1.271996e+05
-4.004293e+04
-2.526735e+04
-3.115999e+04
5.939753e+04
4.216284e+04
4.939208e+04
-6.106153e+04
1.060703e+04
-2.339986e+04
-4.868498e+04
-6.693713e+01
7.056387e+04
-7.591830e+04
-6.008567e+04
-5.892190e+04
2.390171e+04
-3.777245e+04
2.525637e+04
6.940439e+03
1.518023e+04
-5.368706e+04
-4.305830e+04
4.592002e+04
4.165500e+04
-1.071659e+04
-1.265436e+04
4.237761e+04
-3.185210e+03
1.933038e+04
5.411221e+03
2.429369e+03
-1.525371e+04
1.162549e+04
1.888793e+02
-5.980950e+03
-2.174501e+03
1.509045e+04
-5.116187e+03
1.005826e+04
-1.274226e+04
7.007132e+03
-8.671027e+03
4.081532e+03
6.824244e+03
-2.092126e+03
-1.299996e+03
-6.863069e+03
-5.163067e+03
-3.558149e+03
6.737917e+03
5.756331e+03
-5.560908e+03
4.593772e+03
8.389478e+01
-2.825017e+03
-7.741686e+02
1.736680e+03
-9.191589e+00
-3.042812e+03
-3.253906e+02
-3.040907e+03
-1.299765e+03
-5.245743e+03
5.990493e+03
-3.356677e+03
2.532840e+03
-6.186467e+03
-4.909605e+03
4.778575e+02
-5.005135e+03
-8.555500e+03
-2.735675e+03
-2.678792e+03
-2.203441e+03
-9.934507e+02
2.051857e+03
-3.021336e+03
4.926903e+02
-3.290838e+03
-7.209740e+03
-2.609316e+03
9.732509e+03
-6.366887e+03
3.300525e+03
-3.380182e+03
-1.481649e+03
1.561543e+03
-3.791616e+03
1.224549e+03
9.609578e+02
-2.102389e+03
-3.129347e+03
3.799618e+03
-5.514363e+03
-3.037577e+03
2.017935e+03
3.393993e+02
-4.796138e+03
6.605166e+03
5.208907e+02
-4.166766e+03
-6.444246e+02
2.886904e+03
4.362808e+03
4.601063e+02
1.368379e+03
-3.981332e+03
-3.362565e+03
-1.015554e+03
-1.322408e+03
-3.739029e+02
3.677915e+03
1.409504e+03
-1.509146e+03
1.823415e+03
-2.999323e+03
1.465785e+03
8.934010e+02
-1.079418e+03
1.197663e+03
7.072629e+02
1.275383e+03
5.363032e+02
3.453635e+02
-1.804839e+03
-2.674616e+03
4.910001e+02
5.069829e+02
7.862561e+01
1.502647e+03
-1.088999e+03
5.369651e+02
1.395326e+03
-1.769777e+03
-7.995020e+02
4.870907e+02
-8.466662e+02
1.766197e+03
-1.096219e+03
-6.249162e+02
-1.150802e+03
3.041407e+02
-5.500934e+02
6.518746e+02
4.334829e+02
2.250847e+03
8.544627e+02
-1.111105e+03
-1.176708e+03
-2.424050e+03
3.709438e+02
-1.415286e+03
1.617236e+03
-5.566105e+02
-8.045743e+02
1.184085e+02
-1.020640e+03
-1.391241e+03
-2.802603e+02
-8.839378e+02
1.534624e+03
-5.396004e+02
-6.207648e+02
1.017172e+03
-6.344117e+02
9.803265e+02
8.283888e+02
-2.546292e+02
1.008394e+02
-4.853553e+02
6.234745e+02
-9.256767e+02
-2.807582e+01
1.554595e+02
5.538843e+02
-1.005303e+03
-3.334320e+02
-5.756655e+02
-2.185308e+02
8.789520e+01
-4.462389e+02
6.917502e+02
-7.539471e+01
2.830333e+02
2.169201e+02
-6.692610e-01
-2.183725e-01
-2.526236e-01
-1.895767e-01
-6.003108e-02
-5.047270e-01
2.673208e-01
-2.534618e-01
8.324697e-02
-2.457570e-02
6.196753e-02
-1.476848e-01
2.021372e-06
1.373297e-02
-3.774767e-02
-5.163450e-02
1.740481e-01
1.075511e-01
5.737010e-02
3.857999e-02
9.342948e-02
-1.165554e-02
2.995081e-02
-5.849280e-03
-3.356940e-02
-4.071141e-04
2.380740e-02
-2.304681e-02
-1.822840e-02
