-2.712817e-01
-1.231439e-01
6.707482e-02
5.461333e+01
2.112949e+02
-2.818392e+01
4.050176e-04
-2.131338e+06
-7.567453e+05
3.963397e+05
4.599913e+04
-1.282155e+05
9.157326e+04
1.305446e+05
-3.278294e+05
-3.561188e+05
-2.057921e+05
9.963552e+04
1.876386e+05
-8.032590e+04
3.918908e+04
1.292444e+05
3.025648e+04
9.683847e+04
1.033138e+05
1.147681e+05
2.395249e+04
1.172785e+05
4.554069e+03
-2.281439e+04
7.172265e+04
5.217034e+04
1.795167e+04
2.306166e+03
1.897306e+04
-6.112315e+04
-4.707539e+04
-8.771365e+04
8.231894e+04
-7.801418e+02
1.422205e+05
-1.414973e+04
1.744117e+04
-3.150329e+04
-1.587490e+04
2.721969e+04
4.742543e+04
8.110811e+02
-9.953090e+03
-5.287876e+04
3.420011e+04
-2.073168e+04
2.004554e+04
-1.557872e+04
-5.616812e+03
-7.343759e+03
-3.136054e+04
-1.728487e+04
9.828016e+03
-3.293007e+04
1.889018e+04
-2.526140e+04
3.288246e+03
-4.014051e+04
-1.779575e+04
2.682334e+03
-3.152274e+04
-2.186625e+04
-1.808923e+04
-1.922748e+04
-1.225883e+04
-8.572724e+03
2.355289e+04
6.545370e+03
-8.661659e+02
2.820251e+04
2.190672e+04
-1.527989e+04
-2.939415e+03
9.559959e+03
-4.363546e+03
9.415340e+03
1.009353e+04
-1.189817e+03
1.159856e+04
1.972584e+04
1.322050e+04
-1.425154e+04
6.293500e+03
1.484913e+04
6.041219e+03
4.345507e+03
6.182996e+03
1.850421e+03
5.354408e+02
3.958849e+03
-3.839587e+03
-6.256996e+03
1.108066e+03
-6.531604e+03
-1.403367e+04
-4.728367e+03
7.051996e+03
-7.317974e+03
6.210307e+03
-8.641597e+03
-4.331366e+03
-4.557045e+02
-1.953287e+03
3.477883e+03
3.056301e+03
2.629928e+03
-2.257415e+03
2.999529e+03
-7.416730e+02
-2.110893e+02
1.028914e+03
1.698539e+03
-3.616463e+03
8.079452e+03
2.043714e+03
-3.479709e+03
-1.718105e+03
3.743947e+03
3.815507e+03
-2.863228e+03
-2.373543e+02
-4.685347e+03
-3.768474e+03
2.532210e+03
-1.602996e+03
-9.173049e+02
3.019950e+03
-3.862831e+02
-2.156710e+03
1.217944e+02
-3.549517e+03
1.215938e+02
-6.330605e+02
-3.306151e+02
1.856052e+03
-2.006836e+03
2.244908e+03
2.432344e+02
-3.434169e+03
2.965246e+02
-2.019748e+03
-2.469882e+02
7.193482e+02
1.297162e+03
2.968429e+03
-1.984128e+03
7.741253e+02
9.798014e+02
-2.480091e+03
1.310215e+03
1.619546e+03
-2.584016e+03
1.053173e+03
-2.649434e+03
4.110567e+01
-1.588284e+03
2.649736e+02
-1.976678e+03
-7.966516e+01
1.606288e+03
3.272665e+03
7.342494e+02
-1.262314e+03
-2.069420e+03
-2.759642e+03
4.866130e+02
-5.578130e+02
2.198871e+03
-1.061944e+03
-4.133931e+02
8.932521e+02
-1.493324e+03
-9.394612e+02
3.527571e+02
5.058812e+02
-3.380235e+02
3.239813e+01
-1.415109e+02
1.204045e+03
-4.767678e+02
1.635166e+03
1.330369e+03
6.248771e+02
5.992432e+02
-3.158585e+02
1.198355e+02
-7.511316e+02
2.034179e+02
8.598732e+02
3.982627e+02
-1.349520e+03
-1.653197e+02
-1.160209e+03
4.081456e+02
-3.805031e+02
-2.394799e+02
6.372918e+02
3.861010e+01
-2.002115e+02
1.044256e+03
-3.480259e+00
2.800227e+00
-2.865943e-01
2.426836e-01
-3.901568e-02
-6.514923e-01
-2.106278e-01
-4.552394e-01
2.690810e-02
-4.773286e-01
-1.515693e-01
-1.172473e-01
-2.017368e-02
1.112503e-01
-5.448366e-02
4.307638e-02
1.459767e-03
1.955851e-02
3.741449e-02
-1.210436e-01
8.453903e-02
7.349107e-02
4.387429e-02
2.506584e-02
5.574927e-02
2.065470e-02
3.094783e-02
-3.252440e-03
1.256578e-02
