-1.345428e-01
1.024651e-01
-2.609625e-02
4.579556e+01
1.899165e+02
-2.795603e+01
3.894144e-04
-1403849
1.328140e+04
-1.586570e+05
-2.372720e+05
-2.250965e+05
2.642219e+05
-1.649717e+05
-3.127360e+05
-7.683801e+04
-2.032515e+05
2.392147e+05
8.418920e+04
-8.484715e+04
1.770240e+05
4.412870e+04
2.830590e+04
1.243121e+05
1.311673e+05
1.247733e+04
7.167756e+03
1.522425e+05
-1.169476e+04
-6.030725e+04
-2.070714e+04
2.027577e+04
2.452422e+04
-7.007116e+04
-1.315345e+04
-3.166447e+04
-6.445856e+04
-5.754361e+04
2.239468e+04
8.278904e+03
7.588777e+04
-4.897859e+04
3.914615e+04
2.297047e+04
4.425325e+04
4.803722e+04
-1.377921e+04
2.864184e+03
2.634556e+04
-1.962402e+04
-2.072864e+04
7.838355e+03
6.759104e+03
-4.429560e+04
-6.440862e+02
1.471926e+04
-2.455343e+04
1.229842e+04
-2.395865e+03
1.808079e+04
7.915083e+02
-2.637279e+04
-1.212716e+04
-2.628230e+04
1.107540e+04
1.363104e+04
9.968514e+02
-1.140772e+04
-3.033482e+04
-1.942901e+04
1.415514e+04
4.956653e+03
1.585583e+04
-1.579612e+04
5.093005e+03
2.846570e+03
-4.566691e+03
-6.605788e+03
-1.002726e+04
8.169214e+03
7.633138e+03
2.290896e+03
1.263556e+02
-4.810377e+03
1.093392e+04
5.986006e+02
-1.287263e+04
-9.798660e+02
-4.201073e+03
3.818302e+03
5.226664e+03
-2.390955e+03
8.407188e+03
1.197901e+03
2.846767e+03
-3.697666e+03
1.557844e+03
-6.827906e+03
5.020077e+03
-1.346376e+04
-1.173463e+04
-3.661667e+03
1.099937e+04
-7.298761e+03
9.994492e+03
-9.242451e+03
-1.333196e+03
9.962505e+02
-8.544888e+02
2.743478e+03
3.579705e+03
7.835411e+02
-3.843308e+03
3.742420e+03
-6.606444e+03
-3.232623e+03
3.536596e+03
3.797515e+03
-2.735795e+03
8.598140e+03
2.461781e+03
-3.246737e+03
-1.057706e+03
5.990660e+03
4.132271e+03
-2.157339e+03
3.277921e+03
-4.895665e+03
-3.525114e+03
3.969838e+03
-2.064232e+03
1.485805e+02
2.521696e+03
3.009626e+03
-1.809479e+03
-4.651773e+02
-3.437399e+03
1.965783e+03
-6.965227e+02
-1.746424e+03
1.817489e+03
-9.512138e+02
1.347576e+03
1.004978e+03
-2.872966e+03
-1.862408e+03
-3.294993e+03
-7.783158e+01
5.420758e+02
-4.876936e+02
2.689721e+03
3.539893e+02
-8.835795e+02
1.619857e+03
-4.495418e+03
-8.220407e+01
1.559240e+03
-1.844307e+03
6.211941e+02
-1.922975e+03
-7.407898e+02
-7.597965e+02
-8.061181e+02
-2.628085e+02
7.708028e+01
6.492611e+02
2.753309e+03
-6.959733e+02
-5.511465e+02
-1.872311e+03
-3.026614e+03
-2.997311e+02
-1.246704e+03
2.027882e+03
-2.132241e+03
-2.237632e+02
1.783078e+03
-1.034316e+03
-1.483545e+03
-2.523739e+02
1.873689e+02
7.084568e+02
-5.169210e+02
-1.412291e+03
8.208592e+02
1.214500e+02
1.395176e+03
1.119462e+03
-4.212697e+01
-3.026487e+01
-4.832324e+02
4.078277e+02
-7.099645e+02
-1.494614e+02
2.752035e+01
2.993947e+02
-1.020450e+03
-5.136489e+02
-9.371701e+02
1.558248e+02
6.384374e+02
-3.609864e+02
7.246249e+02
-1.115562e+02
-3.534639e+02
7.338760e+02
-1.722276e-01
9.868778e-02
8.023929e-01
-4.919999e-01
-5.209427e-02
-4.932338e-02
-1.019547e-01
8.029615e-02
-1.636669e-01
-8.539806e-02
6.703907e-03
-3.016586e-01
-5.830838e-02
-1.877332e-02
-2.849515e-02
8.388247e-02
-2.206654e-02
6.992007e-02
4.590291e-02
-6.890417e-02
1.047078e-01
-1.231271e-02
-2.083355e-02
-8.688971e-03
-1.699633e-02
-9.102106e-03
-2.312109e-03
2.684674e-02
1.096147e-02
