-1.613504e-01
1.443042e+00
-1.197687e-01
5.347556e+01
1.801915e+02
-1.135675e+01
3.453561e-04
-1.537497e+05
-5.987036e+04
3.456998e+05
-6.084136e+05
1.283873e+05
1.037670e+05
8.909038e+04
4.501301e+04
-1.171655e+04
-1.140563e+05
6.513576e+04
1.389588e+05
5.158093e+04
1.689684e+05
3.670515e+04
-9.190485e+04
-7.459670e+03
1.065821e+03
9.180927e+04
-4.353006e+04
-2.370254e+04
1.381269e+04
-3.315813e+04
-5.643116e+04
-6.498830e+04
4.974328e+03
-3.079479e+04
-4.203480e+04
2.718168e+04
1.483251e+04
9.493744e+03
-4.435388e+04
-7.732860e+04
1.335763e+04
-5.945436e+03
-3.475917e+04
-3.501889e+04
8.292779e+03
6.806057e+03
1.195864e+04
9.648867e+03
-2.221640e+04
-2.089329e+04
2.827625e+04
2.842887e+04
8.744596e+03
-2.320269e+04
-3.047453e+04
-6.891968e+01
-1.558933e+04
-2.164921e+04
-2.822455e+03
-6.554556e+02
-1.579348e+04
8.458511e+03
2.128569e+04
6.659166e+02
-2.335622e+03
1.326441e+04
-2.735243e+04
3.209914e+03
3.444949e+03
3.592161e+03
6.545669e+03
-1.967957e+04
4.763921e+03
-2.810879e+03
4.020651e+03
1.335031e+04
-3.536023e+03
-5.260656e+03
2.168302e+03
7.438332e+03
2.488678e+03
6.929792e+03
3.832826e+03
9.589098e+03
-6.881322e+03
1.429971e+03
2.643975e+03
7.883352e+03
-5.545370e+03
-9.864788e+03
-4.214295e+03
1.318827e+03
6.977716e+03
-8.649502e+03
-2.739736e+03
-1.769436e+03
8.535586e+03
1.223392e+03
3.494944e+03
-4.360593e+03
-7.681934e+03
-2.266259e+03
7.381331e+03
-6.240831e+03
6.585986e+03
-4.196005e+03
-1.650598e+03
-1.654018e+03
-3.531880e+03
2.592532e+03
-1.427475e+03
-2.898797e+03
-5.259744e+02
5.821583e+03
2.794949e+02
2.131372e+03
1.401771e+03
2.346868e+03
-3.521911e+03
7.632248e+03
2.102155e+03
1.004343e+03
4.292854e+02
6.896428e+03
8.414282e+03
1.407383e+03
-1.037642e+03
-8.279317e+02
-1.739139e+03
1.137111e+03
-2.186171e+03
1.172814e+03
7.048509e+03
4.031537e+02
6.287687e+01
5.025064e+02
-2.430269e+03
8.463337e+02
2.679089e+03
2.929644e+02
5.748192e+02
4.024547e+02
2.074470e+03
1.486524e+03
-8.099129e+02
1.815231e+02
-3.464558e+03
4.947960e+01
-1.070337e+03
-1.955998e+03
3.059939e+03
-1.606334e+03
-8.585701e+02
1.129697e+03
-2.891173e+03
-4.076380e+02
-5.805548e+01
-1.057041e+03
1.081607e+03
-1.535995e+03
-6.294942e+02
-1.320968e+03
-1.007442e+03
-1.259613e+03
-3.140890e+02
3.354996e+02
9.160949e+02
4.664707e+02
-1.315401e+03
-1.108235e+03
-1.238769e+03
-6.664754e+02
-1.006441e+03
8.594087e+02
-1.166545e+02
-2.220900e+02
1.673118e+02
-3.030172e+02
-1.048509e+03
-3.313558e+02
-1.450715e+03
9.907350e+02
2.582578e+02
-1.995231e+02
1.102731e+03
-7.016684e+02
6.961940e+02
7.454773e+02
-3.479326e+02
1.435080e+02
-6.520830e+02
1.486718e+03
-8.584236e+02
-1.900270e+02
2.321111e+02
8.582709e+02
-6.325776e+02
3.074051e+02
-5.650442e+02
3.809153e+02
8.331165e+02
-1.022109e+03
-3.472350e+02
1.554315e+02
1.265150e+02
3.192611e+02
-1.789177e+00
-3.709548e-01
2.539877e-01
-1.461687e+00
-6.813694e-02
-2.647185e-01
-9.232161e-02
2.632357e-01
-1.024529e-01
-1.059052e-01
3.386418e-01
-6.588888e-02
-1.669321e-01
-2.413453e-02
-3.861930e-02
-2.048479e-02
-3.896079e-02
4.041733e-02
4.055596e-02
1.644371e-02
2.613654e-02
-1.695670e-03
4.652029e-02
-7.774220e-03
2.290580e-02
-5.644115e-03
-9.754388e-03
1.020097e-02
3.566557e-03
