2.596583e-01
-1.126814e+00
4.973326e-02
5.717333e+01
1.551577e+02
-1.652936e+01
3.542251e-04
-479380
-2.241593e+05
-1.620702e+04
1.019070e+05
-1.531881e+05
1.159899e+05
-8.504077e+03
-3.014449e+04
6.294998e+04
-2.885947e+04
1.800073e+05
-8.192487e+04
-8.844795e+04
-7.013678e+04
-1.335312e+03
-1.110224e+04
-8.034694e+04
-8.200764e+04
-1.684439e+03
-4.673440e+03
2.866610e+04
-3.461309e+04
-1.910700e+04
1.404535e+04
2.780118e+04
-9.365105e+03
3.500795e+03
-1.006829e+04
-4.501291e+04
-2.064245e+04
-1.288587e+04
-9.432328e+03
-1.034154e+04
3.154203e+04
-5.553352e+03
-2.728555e+04
-2.611225e+03
2.445140e+04
-3.390695e+04
3.318092e+04
3.905151e+03
1.720102e+04
-7.611682e+02
1.084773e+04
-9.635432e+03
-1.002538e+04
-2.994515e+03
1.532820e+04
-2.100898e+04
-1.369233e+03
6.478650e+03
1.873328e+03
-1.613685e+03
1.556481e+04
-1.665618e+03
3.138949e+03
-9.889314e+03
5.849689e+03
-3.840062e+03
8.351853e+03
2.337545e+03
-1.169928e+04
5.410673e+03
-3.848213e+03
1.689815e+04
1.107376e+04
-2.767788e+03
-7.983869e+03
9.346344e+03
1.325970e+03
5.689222e+03
-2.862356e+03
-1.910535e+03
-3.466300e+03
-3.096401e+03
4.548685e+03
4.208925e+03
4.743236e+03
-1.016948e+03
-1.489934e+03
-1.207493e+04
-6.990923e+02
-9.618624e+03
9.258788e+02
-6.608634e+03
-1.300637e+03
8.350151e+03
-1.129471e+01
-3.168326e+02
-3.417840e+03
-3.062360e+03
7.164184e+03
-3.742718e+03
-4.485446e+03
2.341294e+03
5.544985e+03
-1.055763e+04
7.253080e+03
-6.649011e+03
2.954876e+03
1.865333e+03
-3.003520e+03
2.788937e+03
-4.794476e+02
-7.905469e+02
-5.687252e+03
3.968142e+02
-6.531804e+03
-6.352013e+03
5.463295e+01
1.486109e+03
-2.076688e+03
6.565653e+03
2.035496e+03
-3.218100e+03
-5.168127e+02
3.390212e+03
4.683389e+03
3.985355e+03
6.988877e+02
-3.478519e+03
-1.867112e+03
1.196841e+03
-2.560632e+03
-1.794385e+02
6.178042e+03
3.051149e+03
-2.503150e+03
1.428666e+03
-3.417521e+03
1.383407e+03
-1.475382e+03
-3.362708e+03
1.465510e+03
1.035657e+03
2.062793e+03
3.349662e+03
2.007226e+02
-4.261308e+03
-5.319405e+03
2.738611e+03
-4.964870e+02
-7.084609e+02
2.179375e+03
-1.343157e+03
4.673447e+02
2.065227e+03
-4.033845e+03
-1.862110e+02
2.103082e+03
-1.252105e+03
4.015014e+02
-1.305600e+03
-1.165832e+03
-1.168707e+03
-9.936786e+02
-8.391292e+02
3.013650e+02
-2.286844e+02
1.870836e+02
1.284391e+03
-6.409261e+02
-1.364582e+03
-2.492705e+03
1.544751e+03
-1.291765e+03
1.245521e+03
-7.906939e+01
-4.223531e+02
3.505102e+02
-1.506501e+03
-2.285015e+03
-6.253073e+02
6.970527e+01
8.040867e+02
-5.360892e+02
-7.234881e+01
5.370365e+02
-1.143870e+03
1.142048e+03
1.298837e+03
1.031584e+02
-8.046048e+01
-5.679921e+02
7.047496e+02
-9.496470e+02
7.453753e+01
1.361615e+02
1.685538e+03
-6.916011e+02
-1.655120e+02
-1.118396e+03
2.990677e+02
1.618723e+02
-1.943303e+01
7.379473e+02
9.936562e+01
5.310644e+01
8.248597e+02
1.233816e+00
1.068192e+00
1.455619e-01
2.081774e-01
1.430642e-01
-3.029047e-01
1.990992e-01
1.672725e-01
3.243357e-02
-1.099123e-01
-2.292042e-02
4.272241e-02
-1.064739e-01
7.912554e-02
-6.738443e-02
-1.925115e-02
5.702542e-02
-2.053352e-02
2.377116e-02
-1.322718e-02
-1.486505e-01
4.659177e-02
3.214706e-03
-1.727287e-02
3.893942e-02
5.682250e-03
-3.181561e-02
-6.556163e-03
1.247979e-02
