-4.699600e-01
3.119287e-01
-1.106458e-01
6.058667e+01
2.240723e+02
-2.420883e+01
3.742564e-04
-6.216096e+05
2.846882e+05
4.152572e+04
7.811525e+04
-2.234623e+04
-2.860641e+05
1.137495e+05
4.184408e+04
-8.892264e+04
-2.340025e+04
-1.714759e+05
3.746750e+04
-6.447543e+04
1.809027e+04
-1.555331e+04
2.064562e+04
-3.180733e+04
-5.141915e+04
1.308517e+03
-3.113570e+04
-4.448614e+04
-6.214484e+04
3.990089e+04
-4.281872e+03
9.517188e+03
-2.626373e+04
1.583186e+03
1.597138e+04
-1.425595e+04
3.150427e+04
-6.299494e+03
5.435524e+03
-2.685315e+04
7.967027e+03
-2.261106e+04
-1.948649e+04
-6.025666e+03
1.364609e+04
1.013064e+04
-2.811245e+04
-1.362542e+04
7.578502e+02
1.348994e+04
9.523691e+03
5.409294e+03
9.707069e+03
6.752837e+02
4.882047e+03
-8.817081e+03
2.904750e+03
-1.375933e+04
9.841861e+03
5.485338e+03
1.883908e+03
-4.184562e+03
5.505555e+03
4.240938e+03
2.735631e+03
-4.444164e+03
3.728706e+03
-2.792795e+03
-4.652207e+03
-7.788352e+03
-2.257765e+03
-1.766470e+04
-1.156109e+04
-3.854104e+03
9.286555e+02
-3.510229e+03
4.478904e+02
-3.885139e+03
-1.625059e+03
2.640079e+03
-1.533634e+03
2.194665e+03
-1.537991e+03
-1.607324e+03
1.531251e+03
1.752571e+03
2.176199e+02
-2.779812e+03
1.032422e+03
-2.621917e+02
-1.102895e+03
2.923131e+03
1.531449e+03
-9.856248e+02
-1.708331e+02
4.913960e+03
-8.597108e+02
-2.753657e+03
-1.983376e+02
-2.768906e+03
-9.177747e+03
-4.381865e+03
2.368527e+03
-3.063315e+03
4.780179e+03
2.441403e+03
-8.762402e+03
-1.001076e+03
-2.033912e+03
5.373265e+03
3.319218e+03
4.718558e+03
-7.065463e+03
6.835496e+03
-3.897182e+03
-2.963932e+03
5.173173e+03
5.198581e+03
-5.440330e+03
1.867201e+03
-1.523926e+03
6.669026e+02
-3.095637e+03
3.297626e+03
8.848817e+03
-2.128227e+03
-1.823310e+03
-3.335573e+03
-1.755902e+03
1.788295e+02
-1.592809e+03
9.813953e+02
3.465734e+03
-1.035663e+03
-1.849776e+03
2.388309e+02
-2.996788e+03
2.570292e+03
8.365682e+02
-3.241933e+03
-1.645049e+03
-1.307672e+03
1.871837e+03
-1.012195e+03
-7.928489e+02
-1.032535e+03
-3.591044e+03
1.475828e+03
-1.194265e+03
-8.466432e+02
3.522791e+03
-1.129657e+03
3.309174e+01
1.443801e+03
-2.489000e+03
-3.003971e+03
-2.906622e+02
-1.053013e+02
-2.393148e+02
-1.137234e+03
-1.623689e+03
-2.787231e+03
-8.789514e+02
-7.098395e+02
2.819937e+02
2.814259e+02
1.948284e+03
-3.964493e+02
-1.311218e+02
-3.445769e+02
-1.484311e+03
3.602287e+01
-1.351261e+03
8.275554e+02
-1.048626e+03
-5.902183e+02
7.403740e+02
-8.786099e+02
-1.257336e+03
6.643736e+02
-1.667350e+03
6.869182e+00
-9.945363e+01
4.308909e+02
1.306435e+03
-9.992360e+02
7.271377e+02
1.031380e+03
-5.117211e+02
2.998356e+02
-8.663588e+01
1.212877e+03
-4.063767e+02
-4.499385e+02
1.883516e+02
-4.762088e+01
7.207379e+02
-2.873074e+02
-7.763313e+02
-3.902315e+02
5.059227e+02
-2.191979e+02
4.530002e+02
2.487239e+02
-1.409259e+02
3.002652e+02
-4.319117e+00
2.957061e+00
-5.631470e-01
5.033877e-01
1.887995e-01
-2.583080e-01
-9.618302e-02
-6.847170e-01
-3.857525e-02
-3.652313e-01
-6.349930e-02
1.287027e-01
1.559092e-01
3.892497e-02
-1.237391e-01
3.162200e-02
2.175378e-02
3.015635e-02
5.820895e-03
-9.300268e-02
1.560832e-02
4.622615e-02
4.327189e-02
1.256650e-03
2.270585e-02
-2.964418e-03
5.181440e-02
-2.516778e-02
6.826630e-03
