-1.716989e-01
5.506179e-01
-1.765301e-01
4.920889e+01
1.925399e+02
-2.460550e+01
3.480428e-04
1.245106e+05
2.170800e+04
1.000308e+05
-8.225968e+04
4.264296e+04
4.175224e+04
1.207607e+04
2.179423e+04
-1.260325e+05
-2.470904e+04
-3.225702e+04
-4.966641e+04
-6.777436e+04
-5.314061e+04
-8.827223e+03
-3.996662e+04
-3.533870e+04
-7.343746e+04
-1.003031e+03
-3.817250e+04
-1.463104e+04
-4.142755e+04
4.046445e+03
6.689386e+03
3.760625e+04
-5.168126e+03
-3.698436e+03
-9.883402e+03
4.191484e+02
-3.804999e+03
-2.272939e+03
-1.444906e+04
-1.627913e+04
2.468795e+04
-1.627190e+04
-1.724679e+04
-1.185008e+04
2.492752e+04
-7.000158e+03
-1.448777e+04
-7.899479e+03
-9.601674e+03
-9.537326e+03
1.293242e+04
1.265513e+04
-5.590840e+02
3.628774e+03
8.299763e+03
-1.402526e+04
7.590739e+03
-1.590517e+04
-4.212348e+03
1.067387e+04
2.580829e+02
3.934151e+03
1.029363e+04
6.426317e+03
-3.241224e+03
1.601094e+03
-7.773188e+03
2.787063e+02
-3.831794e+03
3.731042e+03
5.035773e+03
-3.159225e+03
-3.301018e+03
-3.688383e+03
2.602296e+03
1.544590e+03
1.307919e+03
-2.609945e+03
4.601575e+03
7.155036e+02
-1.228782e+02
-5.326938e+02
-1.809941e+03
1.273169e+03
-1.342664e+01
2.317223e+03
-1.819415e+03
-2.215768e+03
5.015081e+03
-4.131069e+03
-2.304500e+03
-1.170399e+03
3.299957e+03
-2.564365e+03
6.730175e+02
-2.296371e+03
8.395660e+01
-1.653889e+03
5.954783e+03
-6.102029e+03
-2.289512e+03
-2.241572e+03
3.527961e+03
-5.293701e+03
6.162957e+03
-1.612455e+03
1.940669e+03
2.168990e+03
1.394620e+03
-5.160556e+02
-1.103791e+03
1.958145e+03
-5.048983e+03
2.669950e+03
-1.490579e+02
-2.530119e+02
1.571233e+03
2.264659e+03
-3.749100e+03
3.682041e+03
1.025770e+03
-6.317410e+02
2.221736e+01
3.418239e+03
4.993857e+03
3.820707e+03
2.263988e+02
-3.040833e+03
-2.609689e+03
-5.533827e+02
-9.090515e+02
1.372073e+03
3.197629e+03
1.018464e+03
-1.064086e+03
-2.323481e+03
-2.722038e+03
1.359147e+03
-9.947565e+02
-2.380261e+03
6.056992e+02
1.100937e+03
2.079778e+03
1.573650e+03
2.855485e+01
-1.890349e+03
-1.958552e+03
-6.758147e+01
-4.922826e+02
-1.057279e+03
2.461746e+03
-1.776317e+03
4.078284e+02
8.285696e+02
-2.163334e+03
-1.223120e+03
1.440361e+03
-9.932056e+01
3.434032e+02
8.057845e+01
-9.719409e+02
-4.201511e+02
-3.329159e+02
5.559689e+02
6.006147e+02
-2.610371e+02
1.110248e+03
-2.229117e+02
-8.570875e+01
-6.425004e+02
-1.691380e+03
5.898513e+02
-1.156198e+03
5.577798e+02
-4.198885e+02
5.086703e+01
6.206361e+02
2.639308e+01
-1.339171e+03
-9.921592e+01
-1.311435e+03
5.677973e+02
-6.035021e+02
5.588645e+02
1.340104e+03
-1.055879e+03
4.818171e+02
7.583328e+02
-7.094229e+02
-8.314232e+01
-3.861580e+02
1.554391e+03
-1.143087e+03
6.560062e+01
-3.976277e+02
6.548737e+02
-3.922841e+02
3.588304e+01
-3.553989e+02
-8.004712e+01
8.339621e+02
-3.621642e+02
4.454733e+02
5.679004e+00
-2.291939e+02
1.725870e+02
-2.466209e-01
1.009624e+00
-7.772573e-01
-5.510687e-02
6.590713e-02
-1.439403e-01
-2.775940e-02
-3.742021e-02
-5.523896e-02
-2.018118e-01
6.070097e-02
7.551645e-02
-2.002607e-01
-5.501865e-02
4.112953e-03
-3.106663e-02
-4.545190e-02
5.555720e-02
4.189335e-02
5.189414e-02
2.535769e-02
3.136564e-02
1.656294e-02
-1.360087e-02
1.354024e-02
-3.644981e-02
1.134978e-02
9.412271e-03
2.817072e-03
