-4.232759e-01
-1.230366e+00
3.319114e-01
5.688889e+01
1.914403e+02
-1.311225e+01
3.590261e-04
-6.651267e+05
7.381314e+05
-1.585555e+05
-2.317935e+05
-3.635188e+04
-1.396160e+05
-1.822075e+05
-5.598379e+04
-9.737173e+04
-1.339862e+05
4.890147e+04
6.927933e+04
-9.092241e+04
2.245556e+04
-5.330460e+04
9.000351e+04
3.472909e+04
6.739385e+04
-5.751998e+03
-3.329427e+04
1.347776e+04
-1.425007e+04
-1.801989e+04
-1.310257e+04
-8.252345e+03
-7.377748e+03
-1.314066e+04
-7.920472e+03
-7.741805e+03
2.398933e+04
-1.873600e+04
1.833950e+03
2.603771e+03
3.786151e+03
-1.490168e+04
1.237496e+04
4.162809e+03
1.211230e+04
1.258527e+04
-9.750996e+03
-7.828169e+03
6.731208e+03
2.329285e+03
-6.379483e+03
-1.133477e+04
1.477524e+04
1.301178e+04
-8.496607e+03
2.073378e+04
-1.621371e+04
-1.019006e+04
1.029892e+04
4.699723e+03
-6.400757e+03
3.703918e+02
-1.676591e+04
1.183879e+04
2.480725e+03
1.196394e+04
-4.181068e+03
3.983007e+03
-2.461809e+03
-6.810396e+03
3.734698e+03
1.348532e+03
1.690411e+01
-7.600018e+03
-2.746116e+03
-2.554563e+03
2.803284e+03
-2.418019e+03
-5.269720e+03
-7.679992e+03
1.674865e+03
-2.308933e+03
2.318011e+03
-3.099471e+02
-7.981390e+02
-1.718660e+02
2.304591e+03
4.645844e+03
2.994602e+02
4.858125e+03
5.489249e+01
6.451459e+02
8.349141e+02
-1.390639e+03
-9.236887e+02
4.307475e+03
4.423597e+03
4.838492e+03
1.275257e+03
-2.088617e+03
-1.295138e+04
-7.879591e+03
5.090219e+03
-8.264470e+03
4.281681e+03
-3.796965e+03
-1.783367e+03
1.871997e+03
-2.717342e+03
2.025032e+03
4.449649e+03
6.185533e+03
-6.080201e+02
1.867213e+03
2.122137e+03
1.717272e+03
-2.414025e+03
2.727597e+03
-3.617898e+03
6.179931e+03
2.307617e+03
-2.506121e+03
1.226608e+03
9.978937e+02
5.225737e+03
4.940328e+02
-1.558590e+03
5.220246e+02
-2.134552e+03
-7.339748e+02
1.205163e+03
-1.909783e+03
5.055263e+03
9.046985e+02
-1.414713e+02
-1.513309e+03
-4.465316e+03
-8.284650e+02
-6.310558e+02
-5.643993e+02
6.093532e+02
-1.613671e+03
3.508206e+03
1.679513e+03
-2.466433e+03
2.259386e+02
-1.934880e+03
3.459738e+03
-3.427085e+03
4.051509e+02
3.453196e+03
-1.720206e+03
1.096481e+03
-5.449159e+02
-1.378637e+03
2.188473e+03
1.278583e+03
-3.302689e+03
3.865893e+02
-1.446841e+03
3.496589e+01
-6.362075e+02
6.182280e+02
-3.591779e+02
-1.003919e+02
9.878744e+02
2.123327e+03
7.128778e+00
-1.050265e+03
-1.017425e+03
-1.972498e+03
1.441787e+03
-1.461929e+03
1.158007e+03
-8.898578e+01
-5.419489e+02
1.343990e+03
-1.210929e+03
-1.489244e+03
-2.544529e+02
8.608824e+02
-6.065499e+02
2.781922e+02
6.410475e+02
3.402319e+02
-4.013241e+02
1.867074e+03
1.338324e+03
4.297302e+02
2.559224e+02
-1.114203e+03
7.939168e+02
-9.864663e+02
9.219953e+02
9.669849e+01
3.195073e+02
-6.053507e+02
-6.773082e+02
-1.009943e+03
3.462675e+02
-3.978177e+02
-5.234533e+01
9.921150e+02
1.165287e+02
6.489287e+01
7.115617e+02
-8.616965e-01
-7.632726e-01
1.213650e+00
-8.323629e-01
-1.049780e-01
-9.839392e-02
-2.050730e-01
-4.786649e-02
-1.468659e-01
-1.535669e-02
8.144997e-02
-9.837474e-02
2.712700e-01
3.806075e-02
2.433220e-02
4.667372e-02
2.134723e-02
-3.271382e-02
7.401789e-02
-1.323863e-02
6.736931e-02
2.242453e-02
-8.263553e-03
3.830542e-02
-2.863035e-02
1.727600e-02
5.549078e-03
-1.084757e-02
-5.056408e-03
