-3.501040e-01
-7.195050e-01
-1.061042e-01
4.949333e+01
1.980538e+02
-2.033818e+01
3.645970e-04
-1.084916e+06
-3.475535e+05
1.837292e+05
5.258098e+05
-8.819984e+04
-1.678747e+05
1.202431e+04
-5.699468e+04
-6.311222e+04
2.515509e+04
-4.030929e+04
4.422923e+04
-2.929323e+04
-7.533266e+03
-2.028218e+04
1.609157e+04
5.776327e+03
1.287335e+04
-3.143146e+04
-3.191996e+04
1.741296e+03
-1.357238e+04
-6.557700e+03
-4.002754e+04
-3.119594e+03
6.802738e+03
-2.757827e+03
-1.078157e+04
-1.407887e+04
-1.083402e+03
-3.341181e+03
5.052312e+03
-1.541563e+04
8.040483e+03
-1.999827e+03
1.147526e+03
-5.727616e+03
1.058383e+03
-1.184887e+04
-9.049061e+03
-8.450544e+03
8.928241e+03
7.239825e+03
5.613466e+03
1.319821e+04
-8.839057e+03
-9.382241e+03
-2.686962e+03
7.057931e+03
-7.538158e+03
-5.083532e+03
8.278735e+03
-6.558406e+03
-3.328092e+03
-9.577073e+03
2.111938e+03
3.208868e+03
2.663795e+02
-5.330054e+03
-3.704736e+02
-4.569429e+03
-4.038241e+03
1.280098e+03
-2.939923e+03
-9.414362e+03
-2.690661e+03
-8.615250e+01
3.272610e+03
-2.965057e+03
-1.978775e+03
1.368372e+03
-1.287421e+03
-1.988283e+03
2.327210e+03
1.781592e+03
-5.848804e+03
-2.394890e+02
2.395647e+03
-6.431096e+02
-1.597126e+02
-2.783120e+03
3.381783e+03
7.401404e+02
4.427342e+03
1.780427e+03
5.795682e+02
-2.964912e+03
3.935445e+02
1.540932e+03
-2.326095e+02
-5.886059e+02
4.643584e+03
-3.689381e+03
-9.549708e+03
-3.876603e+03
3.676010e+03
-6.968399e+03
4.876125e+03
-3.022405e+03
-2.485801e+02
3.473595e+03
8.647963e+01
5.504008e+03
3.362914e+03
-1.715291e+03
-2.882453e+03
4.431060e+03
-1.601288e+03
-1.602741e+03
1.128432e+03
1.209592e+03
-1.848733e+03
4.640297e+03
1.519755e+03
-4.453414e+03
4.952017e+02
2.405836e+03
1.677683e+03
-7.565843e+02
-9.206608e+02
-4.140284e+03
-1.153549e+03
4.291972e+03
-2.324547e+03
9.324735e+02
9.846629e+02
1.512286e+03
-1.228829e+03
-2.409187e+01
-2.089590e+03
6.509734e+02
1.387853e+03
8.334716e+01
1.572893e+03
-4.480159e+02
3.222426e+03
1.527579e+03
-3.165206e+03
-8.430707e+02
-2.578993e+03
-4.936510e+02
1.567478e+03
1.398135e+03
4.363464e+02
-2.060053e+03
-6.728047e+02
1.383569e+03
-3.261785e+03
3.680718e+02
4.447565e+02
-1.275197e+03
1.560236e+03
-1.802945e+03
-1.003845e+03
-2.017896e+03
3.627728e+02
-3.924506e+02
9.019909e+02
1.035988e+02
1.971886e+03
2.570089e+02
-7.842048e+02
-1.122523e+03
-1.923553e+03
1.308119e+03
-1.502176e+02
1.526631e+03
-3.855371e+02
-1.016699e+01
3.133536e+02
-3.304237e+02
-4.476220e+02
2.869354e+02
2.067005e+02
4.122134e+01
1.402935e+02
-5.987313e+02
7.345070e+02
2.702637e+02
9.574383e+02
1.166722e+03
1.500193e+02
1.648461e+02
-3.336124e+01
4.039685e+02
-8.759571e+02
5.065630e+02
-1.349850e+02
1.328097e+01
-5.287696e+02
1.138801e+02
-1.044577e+03
8.923055e+01
1.250584e+02
3.522349e+02
8.104569e+02
5.601063e+02
-1.829023e+02
3.043887e+02
-1.069909e+00
9.783636e-01
-3.396178e-01
6.287657e-01
1.524380e-01
-2.213603e-01
-8.568988e-02
-2.484006e-01
-5.782419e-02
-9.195570e-02
-2.130186e-01
-1.801712e-01
-9.730362e-02
9.008151e-02
-4.886352e-02
7.176193e-02
1.324428e-02
-3.927940e-03
-3.237039e-02
-1.265975e-01
6.706734e-02
3.801163e-02
-5.085839e-03
2.762371e-02
1.372387e-02
-2.066351e-02
2.223652e-02
5.434294e-03
1.206591e-02
