8.386838e-02
1.432236e+00
-1.302707e-01
5.176889e+01
1.689249e+02
-1.178101e+01
3.301273e-04
-1.341007e+04
4.798341e+05
4.711823e+05
-2.771825e+05
-4.137908e+04
-1.236001e+05
-2.355845e+05
1.783267e+05
-2.240445e+05
-1.368511e+04
1.364858e+05
-6.245863e+03
-5.373226e+04
5.931882e+03
-8.001480e+04
1.879410e+04
-1.745092e+04
-3.440486e+04
-5.921053e+04
2.135790e+04
5.557450e+03
-1.330262e+04
-1.015555e+05
1.417944e+04
9.969986e+03
-3.160710e+04
-8.552462e+03
-3.551489e+04
-1.003871e+03
-1.903879e+04
-4.344802e+04
-4.672495e+03
2.297507e+04
-1.164964e+04
1.448329e+03
-3.770305e+03
-5.376758e+01
7.166562e+03
-1.933453e+04
-2.070971e+04
-2.889634e+03
1.460745e+04
8.180588e+03
-1.837749e+04
-1.059132e+04
-1.457733e+04
-1.848715e+04
-1.309601e+04
5.193323e+03
4.304666e+03
1.871117e+03
6.339816e+03
-8.213729e+03
-1.045512e+04
-5.195361e+03
-3.101435e+03
-7.199565e+03
4.070274e+03
1.645310e+04
8.816168e+03
1.890389e+03
-1.877541e+04
-7.385321e+03
-3.820165e+03
1.352859e+04
-1.204319e+04
-1.105955e+04
6.067104e+03
3.532231e+03
4.603149e+03
-6.518082e+03
-1.038834e+03
3.672328e+03
7.998630e+03
-2.395300e+03
-1.310512e+03
-9.758398e+02
2.215486e+03
2.326594e+03
-6.319333e+03
-3.150587e+03
4.814880e+03
2.861371e+02
2.497869e+03
-2.319313e+03
2.515000e+03
-5.941837e+03
6.266290e+02
-5.354177e+02
1.756253e+03
1.978910e+03
2.096498e+03
-4.832194e+03
-5.924255e+03
-2.884600e+03
7.604721e+03
-6.421123e+03
1.435418e+04
-3.110539e+03
5.323745e+02
-1.242048e+03
4.139743e+02
1.961494e+03
2.026451e+03
3.530326e+03
-6.055669e+03
4.986418e+03
4.936624e+02
-8.074899e+02
-1.140068e+02
4.642420e+03
-2.259746e+02
5.060914e+03
3.990987e+03
-2.770955e+03
-1.442922e+03
7.560545e+03
2.775152e+03
1.082734e+03
1.165122e+03
-2.840571e+03
-1.192377e+02
1.686925e+03
-3.201914e+03
3.682232e+02
3.418709e+03
1.598969e+03
-2.816492e+03
-2.094743e+03
-2.980618e+03
-1.264005e+00
4.501413e+02
-8.280542e+02
2.491508e+03
-8.117123e+02
3.946414e+03
1.642377e+03
1.155852e+02
-1.812877e+03
-4.367885e+03
6.712064e+02
-1.170071e+03
8.920979e+02
3.242073e+03
-2.558698e+03
-5.199029e+02
7.871602e+02
-4.193363e+03
-1.445258e+02
5.801274e+02
-1.485238e+03
-1.651373e+03
-1.962910e+03
-3.085521e+02
-1.338357e+03
-5.204917e+02
-1.532322e+02
-1.560514e+03
-1.083031e+02
7.679230e+02
-6.777229e+02
-1.440045e+02
-3.197479e+02
-1.132655e+03
8.981430e+02
-7.443275e+01
1.505573e+03
-6.784728e+02
2.672136e+02
7.190589e+02
-1.319923e+02
-1.039943e+03
5.035998e+02
-3.203247e+02
4.242554e+02
-1.444738e+02
-1.241781e+03
7.262579e+02
-5.187128e+01
7.704187e+02
5.848594e+02
-3.107518e+02
7.897996e+00
-4.586546e+02
5.352500e+02
-4.169834e+02
2.905731e+02
-6.937887e+02
4.538143e+02
-4.407703e+02
-3.463281e+02
-1.223263e+03
8.679887e+01
8.559796e+02
-1.522315e+02
2.904483e+02
2.465952e+02
-1.364878e+02
1.750652e+02
-3.622459e+00
-2.790954e-02
1.337442e-01
-5.524875e-01
4.476829e-02
8.444017e-02
-6.128061e-02
-1.918104e-02
-1.129043e-01
8.178010e-02
2.877469e-01
-1.453434e-01
-5.081167e-02
4.499075e-02
-6.134888e-02
6.668054e-02
3.477066e-03
-5.348403e-02
-7.454462e-02
-5.600339e-02
5.538750e-02
5.671555e-02
-6.362702e-02
8.752361e-03
-2.736713e-02
1.232893e-02
-9.525599e-03
-4.440487e-03
2.657701e-02
