-2.867358e-02
8.590492e-01
-3.034066e-01
5.063111e+01
1.670502e+02
-2.116190e+01
3.568012e-04
-8.998734e+05
-1.182478e+05
-1.079203e+05
1.179962e+05
-5.212008e+04
2.945947e+04
-1.477028e+05
6.217762e+04
-1.066372e+05
7.628382e+04
-3.316239e+04
1.224134e+04
-9.820113e+02
-1.364093e+04
-5.849053e+03
3.534546e+02
-8.308532e+03
1.616933e+04
-2.387854e+04
1.815162e+04
-3.857330e+04
2.479220e+04
2.738666e+04
-1.565793e+04
-3.988258e+03
4.671701e+03
-9.534347e+03
-1.386588e+04
-5.112575e+03
-6.365376e+03
-1.082267e+02
1.634525e+04
1.592299e+04
9.693296e+03
-9.259703e+03
-1.076796e+04
2.781070e+03
1.669217e+04
-1.408789e+03
7.579358e+03
-4.046178e+03
2.541823e+03
-4.916441e+03
9.766627e+03
1.600371e+03
-4.067322e+03
7.050760e+03
5.344230e+03
-1.416871e+02
-3.899650e+03
-6.597473e+01
5.494977e+03
1.066854e+04
7.069243e+02
3.701009e+03
-6.684798e+03
-5.359493e+02
-3.522346e+03
-4.534717e+03
-5.699474e+03
1.726203e+02
-3.729501e+03
4.864075e+03
-2.860576e+03
-1.116696e+03
6.970316e+02
-5.786360e+02
5.126337e+03
-2.476512e+03
-3.354546e+03
-1.300411e+03
-6.955414e+03
2.575298e+03
1.400943e+03
8.707047e+02
-1.626022e+02
-2.578002e+03
1.994162e+03
1.212566e+03
1.315097e+03
-4.311099e+03
-3.541547e+03
-1.737382e+03
-1.305964e+03
-4.951743e+01
3.454303e+02
1.465982e+02
1.054191e+03
2.043977e+03
1.250026e+02
-9.902339e+03
3.727766e+03
1.167983e+03
2.254291e+03
5.733910e+03
-4.701269e+03
-9.647595e+02
1.214931e+03
-1.067938e+04
-3.798105e+03
2.780350e+02
5.049749e+03
1.094216e+03
4.369696e+03
3.437971e+03
-4.524532e+03
1.270613e+03
-2.581291e+03
-3.474663e+00
1.068571e+03
1.408005e+03
-1.663446e+03
-1.469054e+03
-5.479750e+02
-1.433276e+03
-3.765799e+03
1.053979e+03
7.277732e+02
3.776676e+03
1.838587e+03
-3.353715e+03
-2.849356e+03
-5.483708e+02
-9.577404e+02
9.367882e+02
4.758646e+03
7.476329e+02
-1.172433e+02
-4.978427e+02
-1.853307e+03
-1.924864e+02
-2.962801e+03
-2.092055e+03
1.607491e+03
1.392026e+03
1.742569e+03
-8.303505e+02
1.886161e+02
-2.219635e+03
-2.150149e+03
-4.841729e+02
-2.765820e+03
-5.697521e+02
3.446504e+03
-3.160069e+03
2.091735e+03
-3.116076e+02
-2.951335e+03
-1.949908e+02
1.688416e+03
-1.853873e+03
-1.824874e+03
-1.757583e+03
2.005573e+02
4.167957e+02
-5.341895e+02
-1.439240e+03
4.542654e+01
1.981548e+03
4.061938e+02
-3.494652e+02
2.656876e+02
-1.376382e+03
-2.842456e+02
2.627997e+02
-7.213605e+02
3.256469e+02
-3.055718e+02
-7.056087e+01
1.692453e+02
-7.349413e+02
-1.399434e+03
-8.194904e+02
1.956961e+02
-4.931275e+02
-8.399193e+02
-1.507610e+02
7.554269e+02
-8.810651e+01
-3.039935e+02
1.146956e+03
-1.724476e+02
-8.233836e+01
-2.813893e+02
1.258790e+03
-5.590666e+02
-6.868976e+01
-4.535606e+02
5.122438e+02
-8.290207e+01
-1.421312e+01
-7.308658e+01
4.653611e+01
2.759946e+02
-6.577050e+01
1.286262e+02
4.757632e+02
-4.359902e+02
6.796035e+02
4.882030e-02
-4.724561e-03
-2.995422e-01
-4.986333e-01
1.865264e-01
-3.516257e-02
-3.687305e-02
-2.683745e-02
-1.525115e-01
-4.250341e-02
6.938525e-02
-2.381484e-01
-7.388717e-02
-6.174721e-03
-8.278113e-02
4.633788e-02
-2.473667e-02
-1.023976e-02
3.800939e-03
-1.440426e-02
-3.740833e-02
-1.486205e-02
-4.812190e-02
1.836135e-03
-5.962899e-05
-1.662533e-03
2.258961e-02
-1.066006e-02
1.007782e-03
