-2.866626e-01
8.843039e-01
-1.727626e-01
5.347556e+01
2.044575e+02
-2.045968e+01
3.755991e-04
-8.367318e+05
-1.943025e+03
2.678675e+05
1.109913e+05
1.339039e+04
-5.294446e+04
-1.013998e+05
2.879849e+04
-1.339178e+05
-1.378193e+04
-5.034827e+04
2.737796e+04
-1.426875e+05
-1.310518e+05
1.966307e+04
-9.636377e+04
-1.292569e+05
-6.761705e+04
5.448498e+04
5.808223e+04
-3.928626e+04
-5.299304e+02
-4.168852e+04
-3.933810e+04
-1.951649e+04
-3.177045e+04
-1.621968e+04
2.138621e+04
4.808291e+02
-1.916305e+04
-3.564775e+04
1.785131e+04
-2.954717e+04
2.052233e+04
-4.741784e+04
-5.838525e+03
-5.454557e+03
4.276294e+04
4.299062e+04
-1.181128e+04
-1.336965e+04
-7.822854e+03
5.799835e+02
1.604090e+04
1.774455e+04
1.098999e+04
-2.714007e+03
3.709195e+03
-1.634312e+04
5.856780e+03
-6.117294e+03
1.083218e+04
4.131228e+03
-5.031821e+03
5.816566e+03
5.717735e+03
7.838765e+03
-8.358688e+03
2.570138e+02
-1.332556e+03
2.716652e+03
-5.935399e+03
-3.392561e+03
-1.229146e+03
-1.030939e+04
-3.456484e+03
-5.859302e+03
-1.720016e+02
-6.198691e+03
2.895889e+03
4.178660e+03
-3.299026e+03
2.154341e+03
3.980294e+03
-6.534591e+02
-5.321932e+03
-5.075591e+03
2.856997e+03
-4.206398e+03
-2.324309e+03
-4.028576e+03
-6.331924e+02
-3.230567e+02
-3.857542e+03
5.280848e+03
2.915634e+03
-1.445877e+03
1.934301e+03
5.111030e+03
-1.276603e+03
-6.617957e+03
-4.153815e+03
1.700661e+03
-1.048189e+03
1.029277e+03
-3.967989e+03
-6.353788e+02
2.066159e+03
-6.328590e+03
-5.493087e+02
-4.096566e+03
-5.147702e+03
-1.349076e+03
1.705029e+03
-1.087829e+03
-2.574603e+03
9.093231e+02
-1.930043e+03
-3.816585e+03
2.471736e+03
1.201113e+03
-2.914565e+03
-1.886178e+03
-7.181778e+02
3.362241e+03
-3.671539e+03
2.849203e+03
2.176945e+03
-3.200917e+03
-2.830053e+03
-4.748298e+03
-1.189970e+03
-1.294790e+03
-1.618522e+03
-1.336076e+03
-2.921583e+02
-1.229087e+03
-3.379504e+03
3.167626e+02
-1.994971e+02
-1.974211e+02
-7.085439e+02
-2.452239e+03
-1.895714e+03
4.001910e+02
-6.436302e+02
-1.197558e+03
-8.722591e+01
-1.724367e+03
-4.541575e+02
2.409448e+02
-4.670921e+02
2.006411e+03
1.492196e+03
-1.932777e+03
2.307240e+03
8.201185e+02
-9.661857e+02
-5.527679e+02
9.487331e+02
-2.667128e+03
3.312407e+02
-2.968454e+03
-8.953045e+02
-7.228672e+02
-1.803830e+03
-1.184437e+03
7.780480e+02
9.391620e+02
6.795155e+02
6.308088e+02
-3.084573e+02
-1.674740e+03
-3.471285e+02
8.352283e+02
9.525971e+02
1.702665e+03
9.925671e+01
-1.610134e+02
-3.655680e+02
-5.028637e+02
-9.831374e+02
-3.181545e+02
-1.303364e+03
-1.181459e+02
-3.468030e+02
2.454298e+02
3.771164e+02
-2.429728e+02
3.963463e+02
8.797958e+02
1.881459e+00
1.207584e+02
-2.421678e+02
4.643373e+01
-5.989767e+02
-1.582553e+02
6.350851e+01
1.011126e+03
-5.766964e+02
2.341842e+02
-1.662879e+02
-1.395162e+02
8.020458e+01
6.541382e+01
1.065932e+02
6.545667e+02
1.198988e+01
4.787936e+02
-3.830902e+00
2.355956e+00
-5.624009e-01
2.978204e-02
4.145742e-03
-2.318334e-01
2.391359e-01
-3.694687e-01
-6.972506e-02
-5.020086e-01
-7.069025e-02
-1.322613e-01
-4.918066e-02
2.115957e-02
-1.169196e-01
-1.024345e-01
-5.157718e-02
3.150877e-02
4.457043e-02
-8.316710e-02
5.097786e-02
5.284293e-02
-2.377870e-02
1.230824e-02
1.450757e-02
3.902173e-02
-1.161189e-03
9.235622e-03
2.346866e-02
