-7.774504e-02
-2.722568e-02
1.231534e-02
4.721778e+01
1.879914e+02
-2.941346e+01
3.924316e-04
-1.256648e+06
2.873297e+03
1.781089e+05
-2.328450e+05
-1.716612e+05
-9.783558e+04
-5.041610e+04
-7.990362e+04
-6.841380e+04
-7.730414e+04
5.607048e+04
-6.134486e+04
-1.077141e+05
5.427436e+03
-1.154412e+03
4.279321e+04
-4.005686e+04
-4.152815e+04
1.714174e+04
-1.884696e+04
-2.324105e+04
-4.577286e+04
-3.660221e+04
-2.162549e+04
-6.959669e+03
1.481340e+04
-3.046145e+04
-1.972878e+04
-2.807577e+04
3.029313e+04
-2.138114e+04
3.635449e+04
-9.747400e+03
4.141320e+04
2.620188e+02
-2.859967e+04
-1.210714e+04
7.528596e+03
6.020643e+03
-1.314458e+04
1.267234e+04
9.889474e+03
2.003868e+04
-2.002845e+04
-2.632186e+04
1.023127e+04
1.367873e+04
-2.581891e+02
7.702253e+02
-1.614702e+04
1.407203e+03
4.491018e+03
-4.619601e+03
-5.214953e+03
2.726288e+03
5.339446e+02
8.086595e+02
7.320180e+03
5.430952e+02
9.560774e+03
-5.716808e+03
-5.535333e+03
-4.670500e+03
4.510633e+03
2.398352e+03
-2.880773e+03
-2.203645e+03
-4.205875e+03
-2.880496e+03
2.790937e+03
-2.237246e+03
-1.482584e+03
-7.200059e+02
3.575111e+03
1.418320e+02
4.315140e+03
-3.443026e+03
7.434329e+02
1.257904e+03
7.322903e+02
4.518913e+03
3.624353e+03
-1.117302e+03
-1.190668e+03
-2.242156e+03
6.961327e+03
-2.216377e+03
-4.158917e+03
-1.897600e+03
1.370864e+03
-2.183092e+01
-3.921120e+01
-1.951526e+03
-8.928820e+03
-7.065249e+02
4.768478e+03
-2.941234e+03
2.755613e+03
-2.654466e+03
-4.155056e+03
-2.196115e+02
-1.430220e+03
-3.437229e+03
8.508455e+02
1.824304e+03
-1.839691e+03
1.656507e+03
-3.813914e+03
-2.366234e+03
-9.268440e+02
1.573885e+03
-2.703279e+03
5.708337e+03
2.012103e+03
6.834209e+01
4.639889e+02
2.409078e+03
2.914111e+03
-8.054649e+02
1.760867e+03
-2.196571e+03
-3.497731e+03
1.781520e+03
-2.160190e+02
9.929417e+02
3.256968e+03
-8.107108e+02
-5.110025e+02
-3.085818e+01
-4.715917e+03
3.669144e+02
-1.158243e+03
-1.717433e+03
9.405844e+02
1.095028e+02
1.494844e+03
-2.080057e+02
4.049835e+02
-3.043220e+02
-1.849361e+03
2.558452e+02
-5.977126e+01
-1.015998e+02
2.025913e+03
-3.058953e+02
7.063318e+02
1.984203e+03
-2.904903e+03
6.418323e+02
9.352351e+02
-2.610801e+03
1.330919e+03
-1.314745e+03
6.941601e+02
-1.336477e+03
-5.279211e+02
1.803093e+02
5.736363e+01
1.274679e+03
2.222951e+03
-4.821253e+02
-4.942998e+02
-9.083236e+02
-1.679090e+03
-6.445403e+02
-3.829431e+02
9.929714e+02
-1.297169e+03
-8.000038e+02
7.804423e+02
-8.931446e+02
-7.138392e+02
-1.245334e+03
-5.781141e+01
7.056463e+02
-5.326844e+02
-6.441628e+02
5.711625e+02
-2.188947e+02
8.133054e+02
7.173318e+02
5.925308e+01
-1.341273e+02
-1.602473e+02
2.673184e+02
-2.616797e+02
-3.623131e+02
2.499470e+02
6.606581e+02
-9.384961e+02
-6.212422e+02
-5.856881e+02
1.772354e+02
-1.513117e+02
-4.171080e+02
4.410359e+02
-3.465754e+01
1.604488e+02
3.974001e+02
-8.671816e-01
1.079696e+00
-1.636226e-01
-1.933156e-01
-2.041547e-01
-4.127578e-01
2.338272e-01
5.044400e-02
-6.986266e-02
-2.208924e-01
1.163938e-01
3.569030e-02
5.511771e-02
2.589769e-02
-8.052676e-02
1.552872e-02
-1.028600e-02
3.321161e-02
7.124061e-02
2.371657e-02
4.969788e-02
6.356812e-02
2.864766e-02
9.349647e-03
1.646385e-02
1.437206e-02
5.036595e-03
-2.609461e-02
1.547699e-02
