-1.961163e-02
1.070155e+00
-3.610646e-03
5.319111e+01
1.761637e+02
-1.670450e+01
3.575192e-04
-1.335262e+06
1.587560e+05
5.934093e+04
-2.111593e+05
-1.675202e+04
-2.462868e+05
-1.288639e+05
2.050912e+04
-2.716130e+05
4.812528e+04
5.707554e+04
6.115482e+04
-1.869386e+05
1.014401e+05
-5.579749e+04
1.158714e+04
-5.299771e+04
-1.129328e+05
-5.061631e+04
-5.075481e+04
-9.874824e+04
-5.969321e+04
-9.696250e+03
-4.367701e+04
-5.313999e+03
2.054732e+04
-8.514768e+03
3.308943e+04
1.746685e+04
9.644883e+03
-1.006331e+03
2.367099e+04
-2.924946e+04
-1.389215e+04
-1.866271e+04
-1.494909e+04
1.246737e+04
-2.014471e+03
-9.040112e+01
8.495652e+03
-1.060799e+04
4.407017e+03
3.687767e+03
-4.505986e+03
1.390519e+02
-3.190754e+03
6.528760e+03
1.887591e+03
-6.073445e+03
-2.203892e+04
1.215829e+04
-2.978834e+03
4.000608e+03
-3.180030e+03
-3.594712e+03
-6.169368e+03
6.223232e+03
1.851586e+04
4.787549e+03
-7.015584e+03
-2.378540e+03
-3.306487e+03
-6.046370e+03
9.896317e+02
5.034297e+03
3.002559e+03
-6.976032e+03
-3.396508e+03
3.380221e+03
-5.105894e+03
8.183277e+03
-9.252777e+03
-1.493453e+03
-1.827906e+03
3.491060e+03
-2.900941e+03
-5.301618e+03
3.501584e+03
-8.816183e+03
-2.403009e+03
9.444421e+01
-5.148731e+03
-4.601751e+03
5.918018e+01
1.733643e+01
6.256045e+03
1.240801e+03
-9.959341e+02
2.803224e+03
4.503160e+03
-6.902114e+03
4.077798e+03
-5.168341e+03
-9.468394e+03
1.108265e+03
9.754337e+03
-1.073628e+04
6.595041e+03
-9.434048e+03
-7.991760e+03
-4.545082e+03
-3.458708e+02
3.218889e+03
9.768211e+02
-1.298766e+03
-1.119832e+03
5.705442e+03
-3.158549e+03
-2.223704e+03
1.161313e+03
2.185123e+03
-2.492530e+03
7.494453e+03
2.434679e+03
-3.915492e+03
1.037661e+02
4.524005e+03
5.996948e+03
-7.563528e+02
3.990366e+03
-5.196632e+03
-6.176735e+03
1.459718e+03
-2.633845e+03
-3.356184e+02
9.324680e+03
1.818054e+03
-1.859410e+03
1.940865e+02
-4.533510e+03
1.985432e+03
-6.280198e+02
-1.657985e+03
-1.333250e+02
3.831921e+02
6.562031e+02
5.399178e+01
-1.081322e+03
-1.466025e+03
-3.623737e+03
-1.330813e+03
-8.638534e+02
-7.102390e+02
4.023392e+03
-1.460472e+03
-5.302319e+02
2.094462e+03
-4.208099e+03
2.479071e+02
6.101743e+02
-1.662693e+03
-5.009514e+01
-2.647585e+03
-2.247788e+02
-4.494291e+02
-7.373828e+02
-1.139108e+03
4.549359e+02
9.086907e+02
2.389106e+03
5.665507e+02
-1.260121e+03
-1.144547e+03
-2.245650e+03
-1.044353e+03
-1.215514e+03
1.231362e+03
-1.983535e+03
-5.319009e+02
1.250977e+03
-1.254024e+03
-1.353490e+03
-5.060812e+02
-1.072386e+03
1.077012e+03
-2.443917e+02
-1.263678e+03
1.268289e+03
-7.171471e+02
7.846536e+02
1.412664e+03
-1.361841e+02
3.592877e+02
-2.615559e+02
7.543476e+02
-6.659736e+02
7.016751e+01
4.947262e+02
4.827741e+02
-1.007164e+03
-1.384794e+02
-1.237960e+03
4.462647e+02
3.845260e+02
-9.514373e+02
4.564414e+02
2.861596e+02
1.832074e+02
7.590116e+02
-1.924595e+00
2.640978e+00
-4.454925e-01
7.634473e-02
2.971014e-01
-5.281608e-01
-3.260670e-01
-2.317085e-01
6.333511e-02
-3.654986e-01
6.307602e-02
1.204800e-01
-1.287691e-01
-1.072773e-01
5.424517e-02
6.210457e-02
-5.537555e-02
3.341777e-02
-5.310558e-02
1.474754e-02
-7.077888e-02
4.055504e-03
3.184195e-02
-3.354242e-02
3.200418e-02
-2.002350e-04
-2.419753e-02
3.072024e-03
4.232130e-03
