-2.766983e-01
9.968126e-01
-5.863707e-02
5.632000e+01
1.990761e+02
-1.701825e+01
3.654553e-04
-3.944555e+05
-3.115906e+05
-2.625187e+05
-8.850038e+04
4.736894e+05
-6.732075e+05
2.116986e+05
-1.019776e+05
-1.615738e+05
1.838692e+05
-3.524873e+04
-1.075992e+05
1.118268e+05
7.622684e+04
-7.483345e+04
-1.814694e+05
-1.668956e+05
3.295068e+04
1.585280e+03
4.665728e+04
-1.825332e+05
8.145226e+03
3.464093e+04
-5.412814e+04
-9.548810e+04
6.514771e+04
-7.554973e+04
-2.317021e+04
1.066447e+04
-4.173748e+04
1.793005e+04
-1.107014e+05
3.418700e+04
-9.392444e+04
-1.130893e+04
6.010836e+03
8.280482e+04
1.096951e+05
-3.154907e+03
1.847225e+04
-3.384842e+04
-1.757541e+04
6.208579e+03
5.814991e+04
1.645087e+04
-3.096977e+03
-3.945226e+04
-1.881520e+04
1.614527e+04
1.294207e+04
2.809604e+04
-5.658817e+04
4.845362e+04
-9.305835e+03
-1.109662e+04
1.589538e+03
4.778822e+04
-1.639212e+04
-1.156767e+04
4.924860e+03
-2.367189e+03
2.925294e+04
-1.735833e+03
3.993434e+04
5.060100e+03
-9.718288e+03
7.248123e+03
1.799752e+04
-1.392195e+04
-7.226028e+03
3.592594e+03
-3.294001e+03
1.093483e+04
4.328773e+03
-9.504457e+03
-5.136203e+03
2.338126e+04
9.471373e+03
-1.545653e+04
-9.891616e+03
1.542962e+04
-8.706807e+02
5.718518e+03
-7.481818e+03
-1.010419e+03
-8.537140e+02
-5.660418e+03
7.774485e+02
-9.661749e+02
1.023644e+04
-2.067640e+03
1.955491e+03
-2.637443e+03
-1.200629e+03
-3.938254e+03
9.988281e+02
-8.346488e+03
3.218026e+03
-7.988159e+02
-2.535735e+03
-1.667735e+03
-7.535580e+02
4.043621e+02
-1.478271e+03
-2.784294e+03
-5.812899e+03
3.452895e+03
-2.260284e+03
-1.610829e+03
-3.394448e+00
2.665378e+03
-3.367715e+03
4.765082e+03
4.295666e+03
-3.656507e+02
1.269508e+03
4.265504e+03
5.533685e+03
4.066676e+03
1.259055e+03
-3.380917e+03
-2.187514e+03
2.567026e+03
-3.965706e+03
3.641423e+02
6.356403e+03
3.127444e+03
-1.670511e+03
-6.150697e+02
-3.269209e+03
6.661261e+02
-2.280287e+02
-2.114798e+03
1.375595e+03
1.758812e+03
1.444562e+03
1.380798e+03
-4.169045e+02
-2.123194e+03
-3.401847e+03
-1.298540e+02
-2.596948e+02
-4.662104e+02
1.666114e+03
-9.841990e+02
1.670328e+02
2.216703e+03
-1.446915e+03
-1.149760e+03
7.687548e+02
1.414302e+02
2.860977e+02
-2.342461e+01
-3.454354e+02
-8.300296e+02
-1.221984e+03
2.444243e+02
-4.106733e+02
1.373537e+02
8.052665e+02
1.224923e+03
-1.466931e+03
-5.298868e+02
-1.649254e+03
8.836842e+01
-8.965810e+02
-3.367505e+01
-1.420089e+03
-8.659103e+02
1.112152e+03
7.573161e+00
-1.394423e+03
1.690059e+02
-1.366433e+03
1.690885e+03
6.242876e+02
-6.892967e+02
1.616573e+03
-9.557482e+02
6.793563e+02
9.202587e+02
-8.554412e+02
1.072509e+02
-5.053777e+02
1.743315e+03
-9.886307e+02
-2.668948e+02
-2.963555e+02
2.757102e+02
-9.740189e+01
-5.392646e+02
-8.964972e+02
-1.593410e+01
1.021421e+03
-6.830883e+02
4.695683e+02
2.323863e+02
3.366314e+02
-7.293870e+01
-1.203915e+00
2.553754e+00
-6.594035e-01
4.654855e-01
4.005442e-01
1.265075e-01
-1.807148e-01
-3.590377e-01
-5.438002e-02
-1.443391e-01
-1.334887e-02
1.826290e-01
6.512952e-03
-2.355459e-02
-8.673401e-02
-1.769962e-01
3.727387e-03
-7.045509e-02
-5.081000e-03
4.234423e-02
-5.574580e-02
5.305782e-02
-8.172409e-03
-1.817753e-02
5.251320e-03
-1.247367e-02
1.826318e-04
-1.933281e-03
1.176311e-03
