-4.423791e-02
1.539625e-01
-1.121743e-01
4.437333e+01
1.800444e+02
-2.851562e+01
3.687708e-04
-7.042702e+05
6.540158e+04
3.592746e+05
-1.990846e+05
5.209564e+04
-3.266821e+05
-5.912289e+04
-2.171339e+03
-4.961500e+04
1.037024e+05
-3.189352e+04
-1.408682e+05
-7.861249e+04
8.369744e+03
4.157127e+04
-4.195717e+04
-9.395546e+04
-4.731589e+04
2.605888e+03
-5.482161e+04
-5.477005e+04
-1.239566e+04
-1.699352e+04
2.957877e+04
-4.534937e+03
5.981575e+04
2.308254e+03
1.525826e+04
-9.676801e+03
3.635927e+04
-4.750679e+04
3.271262e+04
1.715507e+04
3.543233e+04
-2.025125e+04
-1.582772e+04
-5.772792e+03
8.044937e+02
-2.480366e+03
6.726334e+03
1.029066e+04
-1.339181e+04
3.104529e+04
1.028524e+04
-1.347950e+04
5.785414e+03
1.974000e+04
-5.782599e+02
-3.077826e+03
-3.721344e+03
8.961593e+03
1.383010e+03
7.968395e+02
-1.099501e+04
-1.771623e+03
5.524152e+03
-1.089630e+04
2.833841e+02
6.988617e+02
-1.487394e+04
-1.082869e+04
-1.361715e+04
-1.330178e+04
7.578035e+03
-1.148036e+04
2.586928e+03
4.691896e+03
1.163753e+03
6.889351e+03
1.534230e+04
-4.949832e+03
-3.900757e+02
-2.571031e+03
-7.308353e+02
5.897430e+03
6.744758e+03
5.417034e+02
-1.468567e+00
4.575054e+03
6.426597e+03
-3.698089e+03
4.531084e+03
2.307256e+03
5.384790e+03
-8.652817e+02
5.405522e+03
-2.810657e+03
-2.989621e+03
-1.156099e+03
-6.942502e+02
-4.430079e+03
3.686540e+03
7.202495e+02
-6.814418e+03
-1.879005e+03
7.338870e+03
-9.181495e+03
3.759335e+03
-4.599784e+03
-6.498607e+02
-1.837026e+03
-9.465688e+02
1.358921e+03
1.655553e+03
-3.685175e+03
-5.698439e+02
2.406728e+03
-1.760460e+03
-2.066362e+03
1.971272e+03
2.374958e+03
-1.933496e+03
5.139982e+03
7.849008e+02
-2.649316e+03
-2.785209e+02
4.857157e+03
3.389001e+03
8.556339e+02
1.124733e+03
-4.376770e+03
-3.746836e+03
3.418223e+03
-6.950609e+02
-1.146280e+03
2.318712e+03
4.055642e+03
-3.532794e+03
1.235825e+03
-1.773920e+03
4.382425e+02
1.950892e+02
-6.199583e+02
1.452632e+03
-2.404211e+02
2.776275e+03
1.598594e+03
-1.698577e+03
-1.497646e+03
-3.160339e+03
9.615219e+00
-5.430066e+02
1.347221e+03
1.646677e+03
-6.860659e+02
4.501564e+02
1.800421e+03
-2.579330e+03
-6.944558e+01
1.971678e+02
-1.209998e+03
-1.280242e+02
-3.061757e+03
-1.143115e+03
-4.103285e+01
-5.248185e+01
-7.625111e+02
3.791310e+02
1.025544e+03
2.693808e+03
1.561875e+03
-1.226012e+03
-1.760218e+03
-3.246027e+03
7.340326e+02
-1.069181e+03
1.057406e+03
-1.292404e+03
-9.080736e+02
6.589464e+02
-5.988398e+02
-1.844813e+03
-5.609285e+02
-7.754383e+01
5.475303e+02
-3.056584e+02
-1.120922e+03
7.694341e+02
3.465405e+01
5.205741e+02
6.923806e+02
-2.703210e+02
6.956149e+02
-3.428320e+02
4.555742e+02
-6.013189e+02
1.531250e+02
4.940040e+02
3.798450e+02
-7.383925e+02
-4.460033e+02
-7.448653e+02
2.870234e+02
3.394464e+02
-1.539919e+02
6.015304e+02
-3.250368e+02
2.641861e+02
2.497991e+02
-9.622596e-01
1.495602e-01
-6.085334e-01
-3.112280e-01
9.191934e-02
-2.691107e-02
2.299810e-01
-2.480254e-02
-8.880492e-02
-8.918093e-02
1.365186e-01
-2.189100e-02
6.527911e-02
4.457077e-02
2.312534e-02
1.045086e-01
5.632136e-02
4.243421e-02
3.100805e-02
1.319014e-02
1.327143e-01
2.394733e-03
1.667687e-02
2.096396e-03
-1.707814e-02
1.950673e-02
1.972865e-02
1.137310e-02
-5.211234e-03
