-1.900939e-01
1.015982e+00
6.598930e-02
5.575111e+01
1.873333e+02
-1.796671e+01
3.859600e-04
-1.846378e+06
-3.056200e+05
4.875362e+05
3.125331e+04
-2.424239e+05
-8.059874e+04
-1.053902e+05
3.878453e+04
-1.740834e+05
-7.264820e+04
3.116145e+03
7.797674e+04
-1.588428e+05
4.282680e+04
-1.885953e+04
-8.097773e+03
-6.031569e+04
-5.329001e+04
-6.202814e+04
-2.592757e+04
3.037418e+04
-6.475909e+04
-5.661473e+03
-2.860172e+04
4.934461e+04
9.907286e+03
-6.746447e+03
1.742603e+04
-5.029488e+04
-2.136193e+04
-3.351664e+04
1.153214e+04
-1.231960e+04
3.660023e+04
-2.797467e+02
3.169555e+04
-2.312821e+04
2.580223e+04
-7.300514e+03
-1.213608e+04
-6.068094e+03
-4.180166e+03
-6.545641e+02
-8.075724e+03
1.788617e+04
-9.201837e+03
-4.714830e+03
2.756019e+03
4.786979e+03
8.547603e+03
-1.419643e+04
7.373245e+03
-2.898328e+02
5.006631e+03
-3.256143e+03
-7.567904e+03
-1.117828e+04
2.533947e+04
-3.548386e+03
-1.168557e+04
-7.246572e+03
-1.792960e+04
8.208717e+03
1.932034e+03
3.580283e+03
-5.375510e+03
-8.761500e+03
-6.993816e+03
3.907985e+03
6.581387e+03
-6.327734e+02
4.223345e+02
-4.319529e+03
-1.173549e+01
9.127257e+03
1.328764e+03
6.133480e+03
4.687541e+03
-2.165970e+03
6.284294e+02
-2.365741e+03
1.155931e+04
-2.270503e+03
3.384771e+03
-1.816454e+03
6.978929e+02
2.636371e+03
3.398234e+03
1.616478e+03
-1.942559e+03
-5.858481e+03
6.054947e+03
-9.804327e+03
-8.259543e+03
7.394661e+00
3.004196e+03
-3.096002e+03
6.818652e+03
-7.616214e+03
-3.415260e+03
-1.023355e+03
2.081795e+03
3.114226e+03
4.992066e+02
1.592747e+03
-1.046170e+03
5.730632e+03
-5.694493e+03
-2.425079e+03
5.554793e+03
2.480435e+03
-3.377400e+03
4.842715e+03
8.268811e+02
-2.111896e+03
-1.182221e+03
3.895547e+03
4.139485e+03
-2.103242e+03
4.279401e+02
-5.744865e+03
-3.605152e+03
8.453590e+02
-1.620319e+03
7.089806e+02
4.671660e+03
1.546917e+03
-3.091387e+03
-8.012114e+02
-3.154713e+03
2.249709e+03
5.368850e+02
-3.038821e+03
-5.513867e+02
-4.998042e+02
1.830066e+03
-7.002025e+02
-2.414038e+03
-2.023210e+03
-3.469850e+03
-1.488703e+03
2.099121e+02
-3.920229e+02
4.148004e+03
-1.811996e+03
-6.258785e+02
1.751570e+03
-2.832527e+03
-1.000902e+03
4.897493e+02
-2.148768e+03
6.102943e+02
-1.662169e+03
-3.371531e+02
-1.645966e+03
-1.468395e+03
-8.629986e+02
6.745724e+02
8.178329e+02
2.387070e+03
1.209032e+02
2.684668e+02
-9.670135e+02
-1.955459e+03
-3.244266e+02
9.476486e+00
1.372992e+03
-1.194786e+03
-5.944436e+02
3.391144e+02
-1.776296e+03
-1.056693e+03
2.012345e+02
-9.469222e+02
4.685930e+01
-2.012124e+02
-1.193968e+02
1.080689e+03
-7.084016e+02
6.970872e+02
1.335481e+03
-5.614441e+01
-1.142611e+02
-2.507893e+01
9.651945e+02
-7.059645e+02
-1.527664e+02
2.750297e+01
5.764012e+02
-5.641995e+02
2.239303e+02
-5.221363e+02
-5.532488e+01
2.295701e+02
-3.644940e+02
5.254432e+02
1.024789e+02
-6.833215e+02
6.876358e+02
-2.135648e+00
2.232455e+00
2.061254e-01
2.576607e-01
7.309970e-02
-3.955816e-01
-1.778823e-01
-3.201119e-01
-8.876400e-02
-2.688880e-01
-1.012199e-01
-1.493594e-01
-9.220209e-02
9.459062e-03
7.867635e-02
1.635332e-01
-2.061754e-02
2.627763e-02
-4.821479e-03
-8.873175e-02
-3.798147e-02
3.073115e-02
-1.101668e-02
-2.298746e-03
9.743957e-03
-1.023451e-02
1.572916e-03
-1.208159e-03
1.322593e-02
