4.899777e-02
1.158233e+00
-9.073198e-02
5.120000e+01
1.747789e+02
-1.603722e+01
3.413600e-04
-5.960138e+05
-3.560904e+04
-1.013588e+05
-5.723020e+04
2.616648e+04
9.982105e+04
-4.373038e+04
6.657391e+04
-1.437059e+05
-2.335836e+03
1.013289e+04
3.764833e+04
-3.919653e+03
-1.055290e+05
5.992257e+04
3.696483e+04
-3.344974e+04
-3.861135e+04
5.419513e+04
3.431483e+04
-3.208969e+04
-3.095175e+04
1.317616e+04
1.002787e+04
2.973655e+04
-2.848260e+04
-1.138696e+03
5.937320e+04
2.548854e+03
-1.565322e+04
4.361341e+03
-2.663480e+03
-3.600199e+03
-2.549901e+03
-5.169373e+03
-1.957033e+04
1.642596e+03
4.856732e+03
-1.440657e+04
1.810716e+04
-2.738219e+03
8.415474e+03
6.479430e+03
1.029175e+04
5.849532e+03
-1.335898e+04
2.829401e+03
-8.548313e+03
-6.196492e+03
3.924563e+03
4.095865e+03
2.168795e+03
-4.491649e+03
-4.661678e+03
4.172013e+03
-3.727839e+03
2.381428e+03
-2.315318e+03
-1.544698e+03
-1.421926e+03
3.499138e+03
2.446260e+03
3.032487e+03
-2.689684e+03
1.479137e+03
-5.023006e+03
-3.070610e+03
6.729728e+02
1.319925e+03
-1.881162e+03
-1.090489e+03
6.207195e+02
5.498204e+03
-5.234373e+02
-6.179815e+02
-2.385018e+02
3.129121e+03
1.013302e+03
5.442659e+02
-2.544822e+03
-8.109922e+03
5.368747e+01
-1.061962e+03
-2.585396e+03
-2.838683e+03
9.000892e+02
8.971695e+01
-1.235633e+03
-8.955376e+02
3.893993e+02
-2.130486e+03
1.554343e+02
1.090723e+03
-3.533304e+03
-1.345727e+02
2.695105e+03
-6.492188e+03
3.715405e+03
-1.384135e+04
-4.545443e+03
-4.187961e+03
1.309898e+03
-6.480065e+03
-3.169853e+02
-4.882603e+03
-2.614706e+03
7.739633e+03
-1.487959e+03
-1.605298e+02
1.099181e+03
1.118562e+03
2.338226e+02
2.678850e+03
-1.403083e+03
7.608395e+02
8.149369e+00
5.358683e+03
6.332248e+03
1.888471e+03
1.805141e+03
3.468220e+02
-3.782631e+03
2.962101e+03
-2.316117e+03
6.986142e+02
1.011152e+04
2.955414e+03
-9.047010e+02
1.624670e+03
-2.733385e+03
2.993293e+01
3.374884e+02
-6.949695e+02
1.485837e+03
2.189151e+03
2.314717e+03
1.490844e+03
2.449605e+03
8.443412e+01
-4.479566e+03
-1.348071e+03
-2.148669e+03
-1.144880e+03
3.664721e+03
-2.243136e+03
2.061479e+03
2.872709e+03
-3.745011e+03
7.026047e+02
1.278331e+03
-2.790785e+03
-8.295930e+02
-3.587676e+03
-7.546805e+02
-2.152218e+03
-8.473167e+02
-6.469077e+02
-2.928399e+02
2.645415e+03
1.953203e+03
8.742568e+02
-8.615087e+02
-1.051532e+03
-1.990874e+03
-3.977656e+02
-1.245636e+03
9.048660e+02
-1.191119e+03
-7.204825e+02
2.653749e+02
-7.065031e+02
-2.345211e+03
-2.526148e+03
-2.944268e+02
1.918295e+03
-9.505872e+02
-1.028396e+03
1.404204e+03
-3.553474e+02
-3.766215e+01
1.509088e+03
-1.236777e+03
3.819457e+02
-1.271049e+03
1.990123e+03
-6.157832e+02
-1.731401e+02
6.122855e+02
1.003984e+03
-1.022954e+03
-9.373396e+01
-3.158647e+02
7.490662e+02
7.252762e+02
-5.547101e+02
4.358266e+02
-4.384398e+01
6.851503e+02
5.927130e+02
-3.503615e+00
1.983350e+00
-3.142778e-01
-1.148222e-02
1.904169e-01
-3.347302e-01
-1.564984e-02
-1.745031e-02
1.142164e-02
-2.067215e-01
1.984071e-01
8.599024e-02
-8.164971e-02
-1.730816e-01
-1.734053e-01
-9.281208e-02
-7.975673e-02
-1.236238e-03
-1.924269e-03
-1.536422e-02
-2.875151e-02
8.486951e-02
-8.187179e-03
-1.973295e-02
2.260706e-02
9.517566e-03
-4.757698e-03
-6.087186e-03
6.108367e-03
