-2.508337e-02
5.663968e-01
-2.218276e-01
4.636444e+01
1.729014e+02
-2.508134e+01
3.512458e-04
1.198953e+05
3.815468e+05
-1.333481e+05
2.146236e+05
-6.847007e+04
7.312055e+03
-4.715236e+04
-7.553535e+03
-5.771619e+04
-7.244888e+04
1.064062e+05
-2.678347e+04
-2.883677e+04
-4.348097e+04
7.567985e+03
3.980415e+04
5.432557e+02
-4.070766e+03
2.343503e+04
1.460309e+04
-2.565964e+03
-5.638763e+03
-1.038873e+05
-3.714142e+04
-2.327220e+04
-2.417545e+04
3.693130e+03
-2.083130e+04
-1.988784e+04
-2.108390e+04
-3.878607e+04
5.699140e+03
-1.533471e+04
-3.189049e+03
-2.060758e+04
2.848492e+03
2.110567e+03
1.442796e+03
-8.103308e+03
-1.150316e+04
-4.480577e+03
1.595712e+04
4.997427e+03
1.250610e+04
2.008676e+03
-8.908029e+03
1.924883e+04
-4.950469e+02
-5.669725e+03
-2.954342e+03
8.489783e+03
5.701986e+03
-3.670098e+03
-2.062535e+03
-2.516269e+03
-3.766778e+03
-2.460458e+03
-5.647791e+03
2.557897e+03
1.370909e+04
-4.950165e+03
-7.814058e+03
3.894265e+03
2.340793e+03
9.388128e+03
-6.785643e+02
-4.084540e+03
1.544688e+03
-7.619138e+02
-9.802576e+02
-8.120879e+02
-5.253031e+03
-4.232195e+03
-2.062849e+03
-4.237527e+02
-4.871610e+03
-3.252094e+03
1.563130e+03
-4.483580e+03
-2.760246e+03
9.483960e+01
-2.927080e+03
1.973609e+03
-2.469859e+03
-2.110154e+03
-3.586047e+02
6.558220e+02
1.382393e+03
-3.922814e+03
2.069268e+03
-3.201059e+03
3.078553e+03
-4.516549e+03
-4.746999e+03
-3.440770e+03
-2.949387e+03
-5.195363e+03
3.927072e+03
-8.101503e+03
1.886256e+03
3.107669e+03
6.678410e+03
-7.985799e+02
2.220710e+02
8.257240e+01
-1.990642e+03
6.279799e+02
1.531774e+03
-1.333590e+03
2.454003e+03
4.083931e+03
-1.167642e+03
2.512115e+03
4.130918e+03
-2.025774e+03
-1.448645e+02
3.017742e+03
2.330119e+03
2.959614e+03
1.238521e+03
-5.213498e+03
-1.411583e+03
-7.148122e+01
1.336706e+03
-2.563458e+02
2.478455e+03
1.638649e+03
-2.336204e+03
-9.875347e+02
-2.193882e+03
1.189568e+03
-3.268407e+03
-1.546612e+03
1.557736e+03
4.752532e+02
2.984470e+03
-1.014124e+03
-9.704330e+02
-1.495599e+03
2.364471e+02
-1.456480e+03
-1.423143e+03
4.729973e+02
2.684355e+03
-7.814242e+02
2.424351e+01
1.066783e+02
-2.243131e+03
4.823674e+02
1.749625e+02
-2.309930e+03
4.954694e+02
-6.812868e+02
-9.776555e+02
-1.839039e+02
3.856559e+01
-1.654707e+02
1.427463e+02
7.861193e+02
2.284989e+03
-4.721245e+01
-1.891340e+03
-1.679296e+03
-1.855999e+03
6.999786e+02
-5.054622e+02
-1.132323e+02
-6.311841e+02
8.132258e+01
7.117277e+02
-4.444442e+02
-8.083164e+02
-2.273633e+02
7.781319e+01
-4.307262e+02
-3.486339e+01
-5.133082e+02
7.453844e+02
-3.262458e+01
2.043952e+02
2.492277e+02
3.531874e+02
3.212842e+02
1.617731e+01
1.698724e+03
-4.936254e+02
3.508605e+02
-7.425917e+02
6.879131e+02
-8.072886e+02
1.336012e+02
-7.491111e+02
-1.217095e+02
2.528456e+02
2.747757e+02
7.759607e+02
-9.210870e+01
-2.726795e+02
1.908982e+02
-1.771437e-01
8.102472e-01
8.574879e-01
1.941197e-01
1.626873e-01
1.157466e-01
-8.405644e-03
-7.834167e-02
9.929157e-02
1.312802e-02
8.537449e-02
3.075281e-02
-1.875446e-02
7.177271e-02
-8.593822e-02
-2.640444e-02
-7.641909e-03
-1.644251e-02
1.567063e-02
2.341482e-03
2.101237e-02
5.509071e-02
-4.260478e-02
2.048218e-02
-1.718973e-02
-3.209073e-03
-1.007092e-02
-6.072791e-03
-1.126691e-03
