-2.278417e-01
3.158074e-01
-4.086883e-01
4.323555e+01
1.885515e+02
-2.505391e+01
3.307530e-04
2.098732e+05
-1.916863e+05
1.182365e+05
3.916301e+05
3.409527e+04
-3.374778e+05
9.996290e+04
-9.628561e+03
-4.465488e+02
-2.867731e+03
-1.032092e+05
-1.118886e+05
3.011735e+04
3.113102e+04
6.752973e+04
-2.539573e+04
-5.567930e+03
1.442033e+04
5.961323e+04
2.557060e+04
-3.342900e+04
-2.347502e+04
-3.644852e+04
3.822098e+04
-1.638124e+04
2.329428e+03
-2.209314e+04
3.081064e+04
-3.396863e+03
5.261104e+03
-1.904296e+04
6.744341e+03
1.567781e+03
-3.100101e+04
-8.805126e+03
-2.601076e+04
-6.358924e+03
-3.090699e+04
-1.379003e+04
-1.457582e+03
2.979767e+03
1.998717e+04
-1.248210e+03
2.644542e+03
-1.194345e+04
-1.058535e+04
-2.200355e+03
6.204262e+03
-5.861963e+01
-8.071731e+03
-3.070039e+02
-6.565124e+03
-4.676153e+03
7.380125e+02
-1.202377e+04
1.114980e+04
-4.275380e+03
-4.229409e+03
1.260561e+03
3.482364e+03
7.868675e+03
-2.105411e+03
-6.764420e+03
-2.607262e+03
6.631008e+02
2.021432e+03
4.981613e+03
-6.936207e+03
4.639463e+03
1.114094e+02
-4.343830e+03
3.922149e+03
7.045128e+03
-5.450181e+02
-9.286652e+02
5.243353e+03
2.227123e+03
3.272277e+03
-5.820491e+02
-5.027586e+03
-3.949428e+03
8.255165e+02
1.308209e+03
5.834326e+02
-1.204586e+03
2.135765e+03
2.584312e+03
-2.622222e+03
-4.733928e+03
-1.132725e+03
-3.221905e+03
4.155719e+03
-4.569706e+03
4.059815e+01
-5.258240e+02
2.238860e+03
-6.015596e+03
2.516036e+03
-5.853066e+03
1.921487e+03
-3.166822e+03
2.758185e+03
5.953456e+03
1.262132e+03
-1.183944e+03
-3.148006e+03
2.770968e+03
4.736943e+02
1.167028e+03
4.884793e+03
2.278064e+03
-2.097893e+03
3.168931e+03
3.281665e+03
-1.679606e+03
-6.209479e+02
4.023746e+03
2.885328e+03
2.144009e+03
1.221148e+02
-4.467811e+03
-2.087533e+03
-8.388116e+02
-5.147786e+02
1.370863e+03
1.893650e+03
1.374212e+03
-4.133414e+03
-8.547489e+02
-1.838660e+03
5.952195e+02
-1.325579e+03
-3.590942e+02
2.194558e+03
-1.383976e+02
2.894341e+03
-1.524289e+03
-2.043811e+02
-2.690229e+03
-2.689165e+03
1.765921e+02
-5.204083e+02
2.186310e+02
2.052045e+03
-2.421726e+03
-8.887111e+02
7.748031e+02
-1.712297e+03
-1.389196e+03
-4.427602e+02
-6.408710e+02
-8.612126e+02
-1.029108e+02
-9.450960e+02
1.311511e+01
-6.952214e+01
-7.894548e+02
1.207487e+03
1.468394e+02
4.257024e+02
4.100969e+02
2.282625e+02
-1.482167e+03
-1.350753e+03
8.992695e+02
-1.492989e+03
7.371210e+02
-1.398815e+03
1.427125e+00
3.342743e+02
-7.192100e+02
-1.288745e+03
2.792785e+02
-6.435585e+01
-3.501711e+02
-6.086283e+02
-4.413331e+02
1.243893e+03
-7.067514e+02
1.179797e+02
4.541231e+02
-1.021178e+02
5.559104e+02
-1.265530e+02
1.034449e+02
-6.264717e+02
-4.270164e+01
-2.287213e+02
7.979312e+02
-2.026272e+02
1.733823e+02
-3.615176e+02
-6.093315e+01
2.775537e+02
1.317014e+02
1.811602e+02
-1.482058e+02
-2.214264e+02
1.858060e+02
1.750733e+00
5.192502e-01
-1.088081e+00
1.158600e-01
1.494691e-01
-2.063167e-01
1.559422e-01
-3.822350e-02
2.159376e-01
-1.353210e-02
5.135717e-04
2.365068e-02
5.045812e-02
-1.690267e-02
-1.259165e-01
-3.123397e-02
5.477535e-02
2.950494e-02
6.169707e-02
-1.948048e-03
-4.707632e-02
3.628398e-02
6.577796e-03
2.770883e-03
-3.482685e-04
1.033037e-02
1.079922e-02
-1.571554e-02
-3.052865e-03
