-4.816571e-01
7.783410e-01
-2.996839e-01
5.745778e+01
2.156923e+02
-2.102750e+01
3.879553e-04
-1.058328e+06
1.781375e+04
3.901981e+05
-4.935582e+05
-1.570274e+05
1.659057e+05
1.305423e+04
-4.590745e+04
-3.755581e+04
-1.545757e+05
5.132400e+04
-2.365789e+04
-99453
-3.290304e+04
-1.155387e+04
4.982350e+04
1.770771e+04
-4.280492e+03
2.182886e+04
-4.639996e+04
3.734169e+04
-1.719666e+04
-5.022770e+04
-7.024619e+03
2.880061e+04
2.363341e+03
2.203281e+04
-1.788068e+04
-6.299449e+04
1.943703e+04
-2.225240e+04
2.160755e+04
3.249119e+03
5.952996e+04
-2.684889e+04
3.275629e+02
-4.859801e+03
-1.246021e+04
5.018213e+03
-1.610253e+04
2.851904e+04
-8.864176e+03
-2.057998e+03
4.954644e+03
-4.072944e+03
2.785654e+03
1.110285e+04
1.241872e+04
1.107503e+04
-1.767587e+04
-3.449606e+03
-1.817996e+04
-2.265547e+03
9.351538e+02
2.231953e+03
1.430512e+03
-9.901734e+03
2.917150e+03
2.432175e+03
-1.343854e+04
-3.640116e+03
-1.158207e+04
1.274144e+03
5.792108e+03
-1.715480e+03
4.435038e+02
8.950407e+03
3.973187e+03
-7.529759e+03
5.047486e+03
4.852778e+03
-1.358473e+03
-2.186044e+03
-1.038974e+03
-4.228570e+03
-2.032185e+03
-3.263136e+03
1.529237e+04
-4.106312e+03
4.015645e+03
-3.589979e+02
3.007417e+03
1.781826e+03
3.209517e+03
4.327182e+03
1.076837e+04
-1.653392e+03
-3.214317e+03
-5.040669e+02
-3.787062e+03
-1.402539e+03
4.147516e+03
-3.513337e+03
-7.336990e+03
-1.270937e+03
4.836890e+03
2.987260e+02
6.682463e+03
1.214338e+03
-7.745319e+03
-3.834162e+03
-3.241222e+03
7.081688e+03
3.684714e+03
4.665210e+03
-1.290360e+03
5.573942e+03
-4.074260e+03
-1.305730e+02
6.374392e+03
3.633963e+03
-4.392398e+03
1.511519e+03
4.115594e+02
4.871952e+02
-1.803556e+03
6.904751e+03
5.707586e+03
-1.159011e+03
-7.846233e+02
-2.694717e+03
-1.341136e+03
1.041222e+03
-5.695472e+02
1.179909e+03
1.995866e+03
4.358242e+02
-2.392737e+03
2.153643e+02
-2.652622e+03
1.157421e+03
3.427088e+03
-1.880654e+03
-6.452948e+02
-1.499653e+03
1.648420e+03
-7.568773e+02
-1.980117e+03
-6.435964e+02
-2.993439e+03
1.028692e+03
-7.963942e+01
-7.347792e+02
3.237650e+03
-1.445973e+03
-1.371946e+03
6.369344e+02
-1.925683e+03
-3.068442e+03
-1.049693e+03
1.255361e+02
-8.960185e+02
-8.920815e+02
-1.445113e+03
-1.809113e+03
-1.443152e+03
-3.725450e+02
-3.772767e+02
7.599854e+02
9.624765e+02
-5.788518e+02
4.930481e+02
-7.481511e+01
-1.232908e+03
-2.516769e+02
-3.333007e+02
9.052371e+02
-4.469296e+02
2.343081e+02
-2.673612e+02
-1.244945e+02
-9.175848e+02
5.497462e+02
-8.725863e+02
-1.442570e+02
8.441869e+00
6.151047e+01
1.087201e+03
-1.326435e+03
1.118664e+02
1.143801e+03
2.029692e+01
1.382493e+01
-8.859278e+01
5.748737e+02
-3.526708e+02
-1.463645e+02
1.488865e+02
1.158208e+02
4.421344e+02
-1.557615e+02
-1.642189e+02
2.304199e+02
5.757557e+02
-4.731177e+02
1.093140e+02
-6.865829e+00
-3.083139e+02
3.716088e+02
-1.853009e+00
4.324625e-01
3.587196e-01
-3.538246e-01
-4.895650e-01
-2.550600e-01
8.612238e-02
3.300528e-02
6.151012e-02
-2.223507e-01
1.168470e-01
-7.734979e-02
-2.949987e-02
-1.036003e-01
-3.179779e-02
2.009409e-02
-3.906932e-02
5.520283e-02
3.774548e-02
4.472988e-02
1.466599e-01
1.744269e-02
-2.069728e-02
-1.610854e-02
-3.334538e-02
-1.363181e-02
-3.688195e-03
7.029492e-03
7.175468e-03
