-3.077779e-01
3.301354e-01
-7.932376e-02
5.262222e+01
2.021623e+02
-2.558970e+01
3.723475e-04
-1.053475e+06
1.610972e+05
2.194161e+05
-300116
9.716980e+04
-2.461233e+05
-6.811701e+04
6.839222e+04
-2.622424e+05
9.474120e+04
-1.032915e+05
3.946779e+04
-7.275512e+04
4.850079e+03
-3.500533e+04
3.087794e+04
1.303938e+04
-3.396953e+04
-1.007196e+05
1.072788e+03
-8.333459e+04
3.419624e+04
2.723228e+04
-3.664631e+03
2.033692e+03
3.546556e+03
9.290033e+03
2.505467e+03
2.441438e+04
-2.345752e+01
-4.781765e+03
-2.596621e+04
-1.746918e+03
1.818772e+03
-1.730059e+04
-1.530875e+04
-7.458400e+03
2.465093e+03
1.492535e+03
7.004762e+03
-3.332228e+03
-8.873766e+03
-1.325610e+04
2.293691e+04
8964
-1.903938e+04
-1.554157e+03
1.168502e+04
1.383874e+04
-2.229670e+03
-1.647146e+03
-1.945479e+03
5.777777e+03
2.341942e+03
7.253153e+03
8.224553e+02
-2.372108e+03
2.761468e+03
-3.393739e+03
-7.938958e+02
3.770628e+03
1.789461e+03
4.877751e+03
-4.992045e+03
-8.279444e+03
3.223832e+02
3.128770e+03
1.117390e+03
-3.785254e+03
3.245736e+03
-3.279749e+02
1.038005e+03
2.039093e+03
-4.775606e+03
-2.490629e+03
-9.405298e+02
3.456860e+03
1.363627e+03
5.582855e+00
-3.478124e+03
-4.258570e+03
-4.763043e+03
5.179872e+02
-2.385494e+03
-4.984758e+03
1.750372e+03
-1.282467e+03
-6.171221e+02
4.091160e+03
1.278542e+03
-7.061864e+03
3.361042e+03
-7.658093e+03
-7.438394e+03
-1.714434e+03
2.840937e+03
-4.245877e+03
1.295724e+03
-4.455075e+03
-8.072328e+03
-6.818593e+03
-2.023445e+03
5.260620e+03
1.478640e+03
-1.643890e+03
-1.773364e+03
8.959823e+03
-6.204651e+03
-2.083087e+03
3.924404e+03
-1.592408e+03
-2.078192e+03
4.579249e+03
3.166185e+02
-3.774104e+03
-6.342163e+02
3.244642e+03
2.972605e+03
-2.164166e+03
1.083086e+03
-4.292925e+03
-3.881200e+03
2.502056e+03
-2.613527e+03
-2.733894e+02
4.861280e+03
-1.340303e+03
-3.365246e+03
1.841580e+03
-2.296729e+03
3.594082e+03
6.133656e+02
-1.136769e+03
-1.128996e+03
-1.470370e+03
1.306946e+03
-6.627890e+02
-7.685691e+02
-1.461591e+03
-2.238914e+03
-6.800158e+02
-3.746748e+02
-3.831818e+01
3.437867e+03
-1.942867e+03
-6.223981e+02
2.066986e+03
-1.976445e+03
-9.031615e+02
-1.766341e+02
-8.817642e+02
-5.039463e+02
-1.746416e+03
-9.039038e+02
-2.083339e+03
-3.078999e+02
-1.233177e+03
4.207829e+02
1.497337e+03
1.712411e+03
3.606659e+02
-1.522505e+02
-1.550820e+03
-1.817276e+03
-1.246468e+03
-8.168029e+02
1.675923e+03
-1.183701e+03
-1.529231e+03
4.123148e+02
-5.866321e+02
-1.898830e+03
6.235891e+02
-2.768281e+02
-3.793935e+01
7.156183e+01
-1.296890e+02
7.830691e+02
-5.927681e+02
9.721255e+02
1.045918e+03
3.011633e+01
3.826709e+02
-1.398188e+02
9.707748e+02
-8.494394e+02
-1.584866e+02
2.145972e+02
-1.641331e+02
-1.003035e+02
1.174345e+02
-6.432132e+02
-5.431398e+01
4.853261e+02
-5.348202e+01
-4.846224e+01
5.153451e+02
-3.672457e+02
1.315301e+02
-9.681013e-01
1.460942e+00
-6.648763e-01
-6.461847e-01
-1.308153e-02
-3.012404e-01
-2.985614e-01
-1.374789e-01
-2.271959e-02
-1.562264e-01
2.110819e-01
-7.203380e-02
-1.893359e-02
-4.751092e-02
1.181349e-02
2.170952e-01
-4.425265e-02
-8.165203e-02
-3.069340e-02
-3.942803e-02
-6.836661e-02
2.532564e-02
2.953538e-02
-1.368259e-02
9.947730e-03
7.751886e-03
2.338699e-02
-8.196231e-03
1.347868e-03
