-3.383090e-01
-7.515988e-01
8.838890e-02
4.977778e+01
2.018365e+02
-2.098120e+01
3.577814e-04
-781642
-3.969589e+05
-2.331084e+02
1.575338e+05
3.146345e+04
-7.826752e+04
-7.514805e+04
-1.312717e+05
-1.524593e+05
-9.984984e+04
-5.185255e+04
2.930256e+05
-3.864158e+04
-4.755855e+04
2.112939e+04
8.361127e+04
1.868279e+05
2.070312e+05
1.310339e+05
2.839151e+04
2.666956e+04
5.850830e+04
-3.278662e+04
2.440510e+04
4.363744e+04
3.951661e+03
3.256027e+04
2.639429e+04
-4.904962e+04
-3.582445e+03
4.626715e+04
1.822119e+04
-1.164012e+03
4.553862e+04
-2.323653e+04
5.350852e+04
-3.812385e+03
-1.992588e+04
-7.932250e+03
2.721740e+04
-1.029626e+04
1.752006e+04
-8.117821e+03
2.684927e+04
1.749820e+04
4.645167e+03
-5.968452e+03
-2.120017e+04
-9.836656e+03
-1.065409e+04
-1.038248e+04
-7.024652e+03
-2.439893e+04
6.708630e+03
-1.191946e+04
-2.022668e+04
-2.110157e+04
-4.605296e+03
-2.659905e+03
6.584284e+03
-9.094605e+03
4.350221e+03
4.555128e+03
-9.832779e+03
3.365973e+03
1.520658e+04
2.846321e+03
-3.882115e+02
-2.668533e+03
1.686333e+04
-1.764993e+04
-7.353763e+03
1.441555e+04
1.174225e+03
2.453574e+03
4.847035e+03
2.278316e+03
3.838290e+03
-1.994429e+03
4.052361e+03
-1.011595e+04
2.532104e+03
3.639039e+03
-6.231628e+02
4.304740e+03
2.447959e+03
1.001636e+04
-4.064406e+03
-2.936871e+03
-1.044441e+04
1.641188e+03
-2.932526e+03
-7.476967e+03
-3.158869e+03
-6.319397e+03
3.012460e+03
-3.437751e+03
4.868933e+03
-5.222751e+02
-1.114517e+03
-2.370361e+03
1.048244e+03
3.684175e+02
4.547844e+02
3.139963e+03
-3.635246e+03
2.528552e+03
-2.829069e+03
-3.291381e+03
-2.314763e+02
3.018096e+03
-1.708504e+03
4.076080e+03
1.990306e+03
-1.039887e+03
5.085442e+02
-7.812761e+02
4.059082e+03
4.218469e+02
1.591539e+03
-3.360860e+03
-5.326418e+02
2.810837e+03
-3.721718e+03
6.381849e+02
2.790386e+03
-5.217137e+02
-7.788373e+02
-2.345206e+03
-2.064522e+03
2.459313e+03
-1.751689e+03
-1.103785e+03
8.931733e+02
1.311211e+02
3.470239e+02
-6.311545e+02
-1.188047e+03
-1.350464e+03
-2.786146e+03
1.051351e+03
-4.153728e+02
-4.671625e+02
5.837479e+02
-3.351073e+02
3.271947e+02
1.332969e+03
-7.945821e+02
-2.136376e+02
5.871840e+02
-1.276068e+03
8.937222e+01
1.034580e+03
5.353601e+02
-9.781728e+02
-6.235281e+02
1.216646e+01
-1.290029e+03
-5.326560e+02
1.302960e+03
4.551042e+02
-7.242633e+02
-3.378392e+01
-5.156298e+02
5.798957e+02
-5.610943e+02
3.096553e+02
-1.986344e+03
-3.345224e+02
7.411085e+02
-3.348832e+02
-8.860190e+02
4.288285e+01
-3.059428e+02
1.518751e+03
9.556727e+00
-5.689933e+02
5.590731e+02
-2.661667e+02
1.221989e+03
7.123285e+02
-1.117754e+03
2.145069e+02
5.264426e+01
5.553675e+02
-5.110635e+02
-2.580345e+02
-8.532988e+02
-3.436305e+02
-6.863921e+01
-5.175713e+02
-6.752153e+02
-8.414171e+01
2.132470e+02
2.419829e+02
4.156794e+02
-9.719158e+01
1.490304e+02
1.894203e+02
-7.376616e-01
6.645937e-01
1.173377e-01
-6.911483e-02
1.866300e-01
-1.758836e-01
-4.841918e-01
-1.546263e-01
-1.392723e-01
-3.300671e-02
-4.466278e-02
-5.222020e-02
2.055198e-01
-4.559113e-04
-8.226394e-02
-4.478029e-02
3.060827e-02
-1.352432e-01
-5.808647e-02
-1.008410e-01
-4.420446e-02
-2.414963e-02
-8.651080e-05
1.081499e-02
-4.296286e-03
4.093599e-02
1.337203e-03
1.469487e-02
-1.314803e-03
