-3.481191e-01
-1.094724e+00
2.179972e-01
5.432889e+01
2.014292e+02
-1.680941e+01
3.634482e-04
-7.595268e+05
-4.005941e+04
-2.828784e+05
-9.088109e+04
-1.623194e+05
-1.939641e+05
5.867164e+03
-209182
-1.960905e+05
-4.252032e+04
-4.367439e+04
6.963172e+04
3.752446e+04
-1.054048e+04
1.221231e+04
1.061635e+05
9.582355e+04
3.694835e+04
-1.371954e+04
-1.907047e+04
-3.973306e+04
-4.221802e+04
7.433266e+04
4.593271e+03
3.472782e+04
4.578733e+03
1.103454e+04
-5.023446e+03
-5.756643e+04
3.601872e+04
2.209800e+04
2.212583e+04
2.628507e+04
1.783109e+04
-1.524474e+04
1.434559e+03
9.210596e+03
-5.565197e+03
-2.851409e+03
7.686369e+02
-7.063677e+03
2.865927e+03
8.583807e+03
-1.648643e+04
-6.167605e+03
-4.662143e+03
7.069932e+03
-4.890888e+03
9.865215e+03
8.069872e+03
5.514838e+03
3.727175e+03
-1.012498e+04
-3.958973e+03
-1.221212e+04
-6019
2.221592e+03
9.033296e+03
-1.480586e+03
5.112766e+03
-7.293557e+03
3.400505e+02
-5.232142e+03
4.406192e+03
-5.801383e+03
-5.629450e+03
-8.991527e+03
-3.563221e+03
-4.588402e+03
6.011543e+03
-5.616217e+03
-1.180137e+03
-1.645888e+03
-3.572894e+03
4.540592e+02
-5.036194e+02
3.583792e+03
-3.530828e+03
-2.676341e+02
-2.351698e+03
-6.396755e+02
1.324335e+03
5.977437e+03
-3.710314e+02
1.017599e+03
-1.648840e+03
-8.460163e+02
-2.498122e+03
3.509025e+03
4.066193e+03
1.158748e+03
-1.482076e+03
-8.704362e+03
-5.788332e+03
-5.297642e+03
2.478852e+03
-5.441956e+03
5.281728e+03
-5.033860e+03
-5.036660e+03
3.117284e+03
3.180205e+03
2.388478e+03
-3.305008e+02
2.623583e+03
-1.189210e+03
2.622335e+03
-2.863079e+03
-8.200386e+02
1.248561e+03
2.152342e+03
-3.963106e+03
2.319037e+03
2.977834e+02
-6.991042e+02
2.255447e+03
3.706513e+02
6.339670e+03
-2.548881e+02
-3.087638e+03
-2.827200e+03
1.005459e+03
2.470137e+03
-1.092874e+03
-1.340754e+03
1.550978e+03
-1.547083e+02
-1.412596e+02
-7.775908e+02
-4.285628e+03
1.784393e+03
-1.264737e+03
-2.425830e+02
8.133100e+02
-9.569331e+02
2.251630e+03
1.003009e+03
-4.377153e+02
-4.149197e+01
-3.663342e+03
2.368196e+03
1.728114e+01
-1.254381e+03
2.808855e+02
-7.503078e+02
1.220319e+02
8.885722e+02
-4.608223e+02
-1.264741e+03
1.461886e+03
-1.351684e+03
9.087270e+02
6.215152e+02
-1.423528e+02
-1.884374e+03
1.551833e+03
2.294156e+00
-7.543566e+02
1.694828e+02
1.961897e+03
5.498855e+02
-1.019529e+03
1.886781e+02
-1.316675e+03
1.412053e+03
-1.817158e+03
2.714237e+01
-1.078612e+03
5.130585e+02
5.062058e+02
3.483816e+02
-1.054784e+03
-4.514744e+02
7.697118e+02
1.807463e+02
-7.737203e+02
-1.578794e+02
1.007046e+03
-2.202865e+02
8.507285e+02
3.654101e+02
-2.968606e+02
1.142277e+03
2.080145e+02
3.607619e+02
-4.466043e+02
-7.919900e+01
-2.747211e+02
3.894541e+01
-1.123357e+02
5.081891e+01
-8.139736e+02
3.665276e+01
-2.064526e+02
4.441013e+02
4.686142e+02
-1.297478e+02
-8.003175e+00
1.549473e+02
-4.320485e+00
2.620806e+00
-9.890247e-01
3.865481e-01
8.355052e-02
-3.282142e-01
-1.233032e-01
-5.309516e-01
-1.922840e-01
-3.615072e-01
1.850621e-03
1.512222e-01
2.916435e-01
2.814419e-02
-4.195745e-02
1.383703e-02
1.590140e-02
4.438710e-02
-9.477099e-03
1.273394e-02
7.444323e-03
4.358868e-02
1.437203e-02
-1.520527e-02
1.835401e-02
7.951208e-03
1.520427e-02
-3.614255e-02
1.576943e-04
