4.939223e-02
-2.354514e-01
-1.337066e-01
4.181333e+01
1.725299e+02
-2.870432e+01
3.600508e-04
3.626632e+05
1.681671e+05
-7.656565e+04
-2.635336e+05
-1.014655e+05
-1.198217e+05
1.514515e+05
-1.343192e+05
-1.044327e+05
1.618029e+03
-6.140979e+03
3.218661e+04
-2.707845e+04
-4.488833e+03
-7.855937e+03
5.095619e+04
3.515346e+03
-3.322168e+04
6.276175e+03
-6.370362e+04
-3.339175e+04
-4.433406e+04
6.058945e+03
-3.728804e+02
-1.025747e+04
8.373713e+03
-1.956213e+03
1.402818e+04
2.205371e+03
1.723430e+04
2.232693e+03
-1.466407e+04
1.986052e+03
1.925801e+04
-1.453264e+04
-6.083146e+03
1.888499e+03
-5.845295e+03
2.081225e+03
3.594083e+03
-6.327688e+03
-2.060695e+03
6.505298e+03
1.118125e+04
-5.995784e+03
8.460314e+03
5.561709e+03
4.300119e+03
3.268148e+03
-2.358518e+03
-6.757854e+03
4.353184e+03
-3.195135e+03
-6.372318e+03
-3.649733e+01
4.192242e+03
-2.489255e+03
-2.865114e+03
1.045774e+03
-8.515963e+02
3.820128e+03
-1.643087e+03
1.425068e+02
7.087110e+02
-1.949208e+03
-1.140282e+03
-4.250565e+03
7.984653e+02
-2.618694e+03
1.216947e+03
-4.944104e+03
-1.152875e+03
-1.281594e+03
3.537553e+02
-1.804784e+03
-1.831849e+03
3.297475e+03
1.526947e+03
5.217295e+02
-6.396968e+02
-2.473716e+03
-1.165358e+02
2.131540e+03
-2.892727e+03
-1.467633e+03
4.162845e+02
3.237419e+02
1.628125e+02
4.353412e+02
-1.192413e+02
-5.981330e+03
5.488974e+03
-9.363739e+03
-9.893711e+03
-2.273520e+03
1.182846e+04
-1.304507e+04
3.577357e+03
-5.888047e+03
-3.021826e+03
3.529452e+02
3.227931e+02
2.773224e+03
-2.540639e+02
3.287744e+03
-6.140039e+03
3.156252e+03
-3.912772e+03
-4.721693e+03
6.369586e+02
1.835572e+03
-1.657041e+03
7.084155e+03
3.948428e+03
-6.241120e+03
-1.006200e+03
5.944495e+03
4.707316e+03
2.978589e+03
1.783354e+03
-4.513597e+03
-4.664511e+03
1.132764e+03
-2.267937e+03
2.830415e+02
6.608791e+03
3.331655e+03
-2.906967e+03
5.744892e+02
-3.752344e+03
3.392729e+03
1.890326e+02
-2.111657e+03
-4.748782e+02
-8.165733e+01
3.609943e+03
2.994955e+03
2.261942e+02
-3.833330e+03
-5.010457e+03
1.188208e+03
-1.339958e+03
-9.309173e+02
1.412786e+03
-2.023891e+03
7.888145e+02
2.454317e+03
-2.152440e+03
-1.058103e+03
2.278703e+03
8.991043e+01
-2.685303e+01
-6.628316e+02
-7.923023e+02
-9.469005e+02
-7.102751e+02
4.402846e+01
1.239018e+02
-2.550309e+02
6.299744e+02
2.000871e+03
-9.024708e+02
-9.349174e+02
-1.936389e+03
8.753684e+02
-1.603798e+03
9.699095e+02
-7.306940e+02
-4.027180e+02
1.360033e+03
-1.026714e+03
-2.449461e+03
3.827697e+01
-1.404688e+02
9.994954e+02
-2.339927e+02
1.939425e+02
1.043082e+03
-6.434382e+02
1.243294e+03
8.322031e+02
-5.597584e+01
1.215939e+03
-5.749431e+02
8.544467e+02
-1.292015e+03
-5.585705e+02
-1.091678e+02
3.568596e+02
-6.066128e+02
-2.845226e+02
-1.986676e+03
3.108491e+02
3.087346e+02
-3.262746e+02
1.088112e+03
4.547571e+02
-6.287450e+01
4.170704e+02
-7.105447e-01
1.124080e+00
3.018867e-02
2.467525e-01
1.383457e-01
1.386716e-01
-5.860420e-02
-3.669486e-02
-4.097116e-02
-1.473720e-01
1.240498e-01
2.415366e-01
5.211904e-02
-1.529978e-02
-2.610899e-02
-8.904329e-02
1.454556e-02
3.571514e-02
1.640577e-02
7.933181e-02
5.714115e-02
3.937111e-02
4.214160e-02
-6.261292e-03
1.031671e-02
-1.463981e-03
1.482431e-02
-1.751101e-02
4.135858e-03
