-1.224563e-01
-3.544229e-01
1.552185e-01
4.380444e+01
1.822105e+02
-2.501216e+01
3.415103e-04
-5.850886e+05
1.199709e+05
-1.190146e+05
2.964268e+05
-9.236882e+03
6.503102e+04
-4.122078e+04
3.928046e+04
-2.798173e+03
-1.414302e+05
-1.094809e+05
4.076973e+02
5.296551e+04
-6.661152e+04
-4.652414e+04
6.323974e+04
-5.600428e+03
4.176680e+04
-1.925904e+04
3.028421e+04
2.987323e+04
4.959868e+03
-1.927877e+04
-4.796709e+04
2.685869e+04
-1.737383e+04
7.307871e+03
-1.405432e+04
-5.875804e+03
-4.265862e+04
9.480579e+03
8.484545e+03
-2.011522e+04
-2.692763e+03
-6.609974e+03
7.301458e+03
8.373574e+03
1.262221e+04
-2.757191e+04
2.139428e+04
1.584789e+04
5.380646e+03
3.615828e+03
-2.841982e+03
6.765068e+03
-6.755534e+03
-2.226639e+03
-1.415563e+04
-5.872508e+03
-1.693231e+04
4.532929e+03
3.199138e+03
-4.373316e+02
-1.560863e+03
-6.243098e+02
-6.722803e+03
-3.460277e+03
9.426177e+03
9.314613e+02
-9.561961e+02
-2.142665e+03
-1.247866e+04
-8.686360e+03
5.635076e+03
4.241739e+03
-1.228460e+03
-2.488419e+03
-7.182636e+03
2.158860e+03
4.215704e+03
-3.165128e+03
-2.712235e+03
-6.934690e+03
3.264224e+03
2.521958e+03
2.915543e+02
-5.112935e+03
3.339136e+03
4.534049e+03
5.902467e+03
-1.904362e+02
4.709000e+03
2.948833e+03
1.203333e+03
-1.440568e+03
8.004430e+02
-2.193045e+03
-4.591491e+03
1.278607e+03
-1.924079e+03
1.947559e+03
1.469797e+03
-2.023544e+03
-6.195229e+03
-1.643718e+03
5.455927e+03
-6.323257e+03
4.918918e+03
-6.646695e+03
-2.849426e+03
-2.987083e+02
1.474643e+03
-5.628294e+03
1.073296e+03
-1.836114e+03
-2.674470e+03
5.841087e+03
-4.785693e+03
-7.883935e+02
-1.759769e+03
4.644496e+03
-2.173093e+03
5.176930e+03
5.689315e+02
-1.465128e+03
1.056696e+02
4.161512e+03
4.166447e+03
4.601659e+02
1.736085e+03
-2.965358e+03
-3.131067e+03
3.484473e+03
-1.868232e+03
-2.841554e+03
7.127419e+03
1.752364e+03
-3.816254e+02
-8.674893e+02
-2.072430e+03
3.543702e+02
-1.009614e+03
-2.158325e+03
1.532294e+03
4.421408e+02
7.314529e+02
3.256067e+02
1.063266e+02
-8.699825e+02
-4.090217e+03
5.481059e+02
3.378393e+02
-1.541719e+03
1.731655e+03
-7.108631e+02
-3.509617e+02
2.056984e+03
-2.537284e+03
9.769885e+02
1.294972e+03
-2.294990e+03
1.088634e+03
-2.026561e+03
-2.273944e+02
-1.619592e+03
-6.977696e+02
8.137618e+02
-4.135281e+02
1.072310e+03
2.214024e+03
3.987020e+02
-8.516657e+02
-9.357959e+02
-2.070776e+03
-1.155158e+02
-1.242907e+03
1.471406e+03
-1.047078e+03
-2.940761e+02
4.426374e+02
-2.830916e+02
-1.138234e+03
-1.034335e+03
2.436026e+02
1.455672e+03
-4.319730e+02
-8.806738e+02
8.095388e+02
-1.083127e+02
8.121941e+02
5.849218e+02
-4.374726e+02
2.201422e+02
-1.364419e+02
9.552928e+02
-6.342117e+02
1.717409e+02
-1.835730e+02
6.869155e+02
-3.393121e+02
-2.296056e+02
-7.363673e+02
1.971795e+02
1.971944e+02
-1.354730e+02
4.883693e+02
-5.200509e+00
3.460046e+02
4.730920e+02
-2.479018e+00
-1.637635e-01
1.954294e-01
2.602972e-01
3.631228e-02
-2.123223e-01
-9.035006e-02
-6.149389e-02
-1.438858e-01
-7.959885e-03
-3.484349e-02
-1.957711e-01
7.989398e-02
7.906128e-02
-3.408444e-02
4.053564e-02
9.108636e-03
-2.143861e-02
3.130460e-02
-1.057628e-01
-1.196097e-03
5.953216e-02
-3.043047e-02
7.124224e-03
2.690407e-02
1.460541e-02
1.403287e-04
-3.056023e-03
1.072521e-02
