2.857119e-01
-1.525357e+00
-2.173576e-01
5.461333e+01
1.589148e+02
-1.039228e+01
3.390464e-04
-4.310215e+04
3.609412e+05
-8.565254e+04
-7.184314e+04
-5.868035e+04
-1.407667e+05
-4.815595e+04
-1.160115e+05
-9.503641e+04
4.129598e+04
-4.013662e+04
1.044611e+05
-5.903698e+04
2.905118e+04
-9.980809e+04
3.093229e+04
1.562408e+04
-1.771913e+04
-9.171127e+03
5.003621e+04
1.920516e+04
-2.026892e+04
-3.770627e+04
-4.749718e+04
3.909844e+04
-1.017379e+04
-8.072119e+03
7.526406e+03
-3.753023e+04
-7.414259e+03
7.853782e+03
7.428678e+03
-1.284531e+03
-3.144727e+04
1.161435e+04
-6.879017e+03
1.152861e+04
-1.557278e+04
-3.816516e+03
1.593925e+04
-7.046461e+03
1.168558e+04
5.738123e+03
-1.596734e+04
1.188397e+04
-5.738216e+03
-6.601600e+02
-4.746617e+03
5.670536e+03
1.229574e+03
2.716240e+03
-2.522219e+02
-5.177370e+03
-4.537704e+03
4.117062e+03
-1.519599e+04
7.699205e+03
1.117473e+04
-2.327528e+03
3.138670e+03
3.149090e+02
-3.289763e+03
-6.333170e+03
3.263991e+03
1.077795e+04
-1.239626e+02
-8.593598e+03
-4.375914e+03
3.742243e+03
4.601817e+03
-4.234683e+03
6.151645e+03
-5.012061e+03
-1.860461e+03
-2.186682e+03
4.024114e+03
4.424600e+02
2.516002e+03
-3.460689e+03
-3.698957e+03
-3.538328e+03
2.631627e+03
4.437301e+03
3.157546e+02
-4.176939e+03
-2.267722e+03
-1.171280e+03
-1.261628e+03
-3.676228e+03
-1.211851e+02
-7.566135e+03
6.863778e+03
-1.269759e+04
-1.039218e+04
-9.418941e+02
1.470903e+04
-1.484908e+04
8.915569e+03
-9.386164e+03
-6.347298e+03
-2.696729e+03
1.780645e+03
1.695778e+03
4.343492e+02
3.451173e+03
-1.663035e+03
6.328906e+03
-4.293393e+03
-2.973732e+03
1.512146e+03
2.883893e+03
5.729926e+02
7.947289e+03
4.021378e+03
-4.053369e+03
-2.391363e+03
8.937783e+03
7.401755e+03
-1.505416e+03
3.161357e+03
-5.014885e+03
-3.581184e+03
7.469006e+02
-4.873638e+03
-3.414271e+03
7.859753e+03
5.659776e+03
-2.375691e+03
-3.692352e+02
-3.040635e+03
2.801390e+02
1.188409e+03
-2.275622e+03
6.533806e+02
-8.061999e+02
3.523669e+03
2.137868e+03
-1.105299e+03
-9.700992e+02
-5.219994e+03
-1.149254e+03
1.392080e+03
-6.054317e+01
1.400986e+03
6.350467e+02
5.294582e+02
2.700797e+03
-2.672634e+03
6.414765e+02
6.957469e+02
-1.156205e+03
-5.886799e+02
-2.753537e+03
-2.319914e+02
-1.504349e+03
4.008289e+02
-3.830847e+02
-1.204371e+03
1.595257e+03
1.825612e+03
1.289158e+03
-8.540581e+02
-1.596619e+03
-3.148587e+03
5.320133e+02
-8.493919e+02
1.520860e+03
-1.887643e+03
-7.940231e+02
2.490587e+02
-1.312454e+03
-1.799033e+03
-6.366924e+02
4.781240e+02
1.365754e+03
-4.496600e+01
-1.203133e+03
1.254842e+03
1.976351e+02
1.296857e+03
3.546056e+02
-7.075555e+02
9.560711e+02
8.826113e+01
5.356308e+02
-8.420357e+02
-6.898691e+01
3.276096e+02
2.477776e+02
-9.423376e+02
-2.236395e+02
-1.588753e+03
-1.431162e+00
-3.129482e+01
-1.066896e+03
6.407698e+02
-3.445733e+02
4.961435e+02
8.107832e+02
-1.182578e+00
4.252243e-01
-8.963422e-01
-3.594973e-01
2.573923e-03
-2.438431e-01
-2.252519e-01
4.845902e-02
-9.415997e-03
4.862833e-02
3.429777e-01
1.048462e-02
1.176050e-01
-6.583457e-02
-3.072207e-02
8.686894e-02
-1.307078e-02
-5.910864e-03
-2.315355e-02
-4.770879e-02
1.796598e-02
3.226809e-02
-1.383760e-02
-1.448239e-03
-9.883977e-03
1.117506e-03
-1.206371e-02
-4.951079e-03
1.572780e-02
