7.375449e-02
-1.030510e+00
-1.557246e-01
5.034667e+01
1.645513e+02
-1.920607e+01
3.428141e-04
-1.751865e+05
-2.434964e+05
3.770332e+05
-2.681279e+05
4.408740e+02
-5.184344e+04
-1.155548e+05
1.532573e+04
-1.265715e+05
6.733357e+03
-5.721039e+04
7.390423e+03
-3.391612e+04
6.000756e+04
-9.731901e+04
-2.689722e+04
-5.013735e+03
-9.508311e+04
-8.029269e+03
-2.674623e+04
-6.335706e+03
-2.167862e+03
-4.492452e+04
-2.248609e+04
1.657298e+04
-3.944318e+04
-4.102949e+02
-1.443194e+04
-2.567088e+04
-3.211659e+04
-9.372056e+03
2.666806e+04
-1.606107e+04
3.323859e+04
-7.745037e+03
5.173954e+03
5.247982e+02
-4.672920e+03
2.226245e+04
-4.197880e+03
-1.605192e+04
-6.167732e+03
1.381855e+04
1.338740e+04
5.428574e+02
-6.014632e+03
3.764963e+03
1.066673e+04
-1.299683e+01
-3.287365e+03
-1.256539e+03
-5.123660e+02
1.668737e+03
-5.901571e+03
-3.033510e+03
2.692505e+03
-5.328651e+02
-7.005482e+03
-7.824548e+03
-5.270272e+03
6.177169e+02
1.975079e+03
9.344262e+02
1.438660e+03
-5.559752e+03
6.457717e+03
5.022261e+02
5.697136e+02
2.957293e+03
3.006742e+03
1.698168e+03
-4.937423e+02
-4.130922e+03
1.546180e+02
3.545847e+03
9.684295e+02
-4.932441e+03
4.676341e+03
4.355813e+03
8.233571e+02
1.246140e+03
1.484308e+03
1.724218e+03
1.413727e+03
1.755000e+03
-3.092153e+02
-3.697406e+03
2.557417e+03
7.602824e+02
-1.394363e+03
-3.243563e+02
6.220247e+03
-2.509328e+03
-1.136999e+04
-4.298415e+03
5.981129e+03
-1.222750e+04
4.296211e+03
-3.779681e+03
-7.858862e+02
2.969855e+02
-7.913406e+02
1.312060e+03
6.782830e+02
4.658006e+03
-2.248062e+03
2.612971e+03
-2.926114e+03
-4.466235e+03
-2.651062e+03
2.752630e+03
-2.117295e+03
7.510070e+03
2.071124e+03
-4.118294e+03
9.698689e+02
4.261515e+03
5.064701e+03
3.710672e+02
9.132621e+02
-2.727210e+03
-4.093806e+03
1.862877e+03
-3.817685e+00
-2.606940e+03
3.980818e+03
2.285215e+03
-2.930068e+03
-1.704414e+02
-4.682484e+03
5.302245e+02
-7.620427e+02
-1.814473e+03
1.328892e+03
-1.351837e+03
3.462919e+03
2.126493e+03
-1.616009e+03
-8.644678e+02
-3.504059e+03
1.022746e+03
-1.144714e+03
8.168601e+02
3.112005e+03
-1.173041e+03
1.309695e+03
1.582911e+03
-2.480410e+03
4.418078e+02
2.305036e+03
-1.707131e+03
-4.857018e+02
-2.589227e+03
-8.438633e+02
-8.789543e+02
6.847040e+02
-3.446121e+02
1.157426e+02
7.628406e+02
1.111551e+03
5.559305e+02
-8.245504e+02
-1.470072e+03
-2.694127e+03
7.609796e+02
-1.438386e+03
1.255268e+03
-7.260345e+02
-4.548327e+02
2.318217e+02
-2.960101e+02
-2.500896e+03
1.892681e+01
6.226150e+02
-1.321722e+02
8.365193e+01
-2.854841e+02
8.328841e+02
-2.619359e+02
1.364547e+03
1.189440e+03
1.632615e+02
2.584140e+02
-9.160894e+02
8.394680e+02
-8.703293e+02
2.356438e+02
5.134059e+02
3.821810e+02
-8.822147e+02
-7.042517e+02
-1.215269e+03
4.681720e+02
2.059986e+02
-4.564055e+02
4.107089e+02
1.170762e+02
-2.220857e+02
5.863928e+02
-1.991465e+00
7.962602e-01
-1.155263e+00
-6.262890e-01
2.928297e-02
-4.290138e-01
-2.726867e-01
-1.244440e-01
9.261201e-03
-1.997906e-01
8.366162e-02
-1.361339e-01
5.460820e-03
-7.073351e-02
4.568149e-02
1.771069e-01
-2.111698e-02
-6.476024e-02
-5.673096e-02
-8.253347e-02
-6.274494e-03
-1.164455e-02
1.707474e-02
-1.588182e-02
1.679187e-02
-4.863238e-03
-5.668832e-03
2.334377e-02
-3.315886e-04
