1.492900e-01
3.567652e-01
-1.451726e-02
4.295111e+01
1.586586e+02
-2.509153e+01
3.480118e-04
-6.589529e+04
-2.209031e+05
3.861729e+04
6.345240e+04
2.099802e+05
-3.254800e+03
7.347154e+04
1.292693e+05
3.458371e+04
-1.018352e+05
-5.224825e+04
-3.891004e+04
-1.402280e+04
1.408620e+04
2.312532e+03
-3.464274e+04
-2.943987e+04
1.847808e+04
5.188825e+04
-1.892101e+04
1.612725e+04
1.580737e+04
2.876345e+04
-8.514124e+03
3.077007e+04
9.837482e+01
-2.447286e+04
3.010736e+04
4.134763e+02
-2.404384e+04
5.069021e+03
1.175990e+03
-1.098325e+04
5.384470e+03
3.293872e+03
-1.098508e+04
1.040135e+04
2.367459e+04
-1.383020e+04
2.708633e+03
4.831209e+03
-5.979092e+03
-2.061240e+03
5.945059e+03
8.896464e+03
5.225714e+02
-2.642488e+03
1.534061e+03
6.375001e+03
3.221026e+03
7.670877e+03
6.181451e+02
-9.736252e+03
-6.177518e+02
1.632111e+03
-2.244427e+03
-1.442838e+03
-3.059347e+03
2.753458e+03
9.572920e+02
1.882330e+02
-3.824356e+03
4.768902e+03
3.514864e+02
-1.127916e+03
-6.884493e+02
2.879068e+03
-1.144922e+03
7.673632e+02
-2.203899e+02
-5.615154e+02
-4.480535e+03
1.194590e+03
-1.943227e+03
-8.464285e+02
2.095558e+03
2.838330e+03
2.468507e+03
2.301061e+03
-3.528677e+03
6.918943e+02
-4.749434e+02
-1.108947e+03
-2.450746e+02
2.082395e+03
1.276395e+03
1.874406e+03
-1.047905e+03
4.744393e+02
4.028965e+02
6.629210e+02
-7.845433e+02
-2.283916e+02
-8.363026e+02
-6.766351e+02
8.074580e+02
-1.183737e+03
-1.046369e+02
-1.179446e+03
5.445978e+02
1.129542e+03
5.492898e+02
1.823755e+03
-2.601797e+02
1.247638e+03
-2.136668e+02
1.119446e+03
-1.709119e+02
-3.131925e+02
1.093786e+02
-4.106918e+02
-1.068089e+02
4.916351e+02
5.720295e+02
5.626004e+02
-3.939546e+02
3.026561e+02
2.937572e+02
-4.591186e+02
3.405276e+02
5.765020e+01
1.817711e+01
-4.831059e+01
3.930785e+02
1.972087e+02
-1.606369e+02
-7.883345e+01
-1.972251e+02
1.403542e+02
3.291368e+02
-1.846945e+02
-3.828676e+01
9.705967e+01
-4.383530e+01
2.309020e+00
6.061184e+01
3.601620e+02
-4.879789e+01
4.079200e+01
-3.047184e+01
-1.874279e+02
6.315951e+01
2.195916e+02
1.760520e+02
2.578055e+02
1.484061e+01
-2.041770e+02
-3.235296e+02
-1.378030e+01
7.490309e+01
-9.461671e+01
-5.952655e+01
-1.596541e+02
1.183094e+02
1.225728e+02
8.020018e+01
-6.476119e+01
-1.174355e+02
-5.415356e+01
1.158532e+02
1.564501e+02
-1.623568e+02
1.110772e+02
9.335294e+01
-2.527579e+01
9.761784e+01
6.422903e+01
9.575195e+00
-4.480396e+01
7.090134e+01
8.666815e+01
-7.593511e+01
1.168573e+01
-4.668011e+01
7.331737e+01
2.723400e+01
-8.601606e+01
3.328028e+01
-2.287280e+00
1.319288e+02
4.322287e-01
-2.990892e+01
2.118703e+01
7.306737e+01
1.672672e+01
-5.193795e+01
2.772832e+01
-9.635692e+00
-2.272237e+01
-1.693515e+00
4.297664e-01
-2.645295e+01
3.308385e+01
-9.208435e+00
-6.272174e+01
-3.617726e+01
7.839102e+00
4.599019e+01
3.695699e+01
-1.280292e+00
9.885225e-01
5.712642e-01
5.699362e-01
1.031620e-01
6.778602e-02
-1.150149e-01
-2.363656e-01
6.707805e-02
-7.521576e-02
-2.843117e-02
-4.513316e-01
-1.690685e-01
1.121549e-01
-7.053233e-02
-1.159457e-01
4.098643e-03
-1.984825e-02
6.297028e-02
-1.186489e-01
4.424042e-02
1.292940e-01
-7.864596e-02
-3.007789e-02
1.408586e-01
-8.268572e-02
-5.283357e-02
1.162395e-02
-2.080457e-01
