-2.280942e-01
1.413674e+00
-1.674401e-01
5.717333e+01
1.868385e+02
-1.010093e+01
3.555683e-04
-1.530359e+05
-3.242363e+05
2.060545e+05
-1.670625e+04
-1.107688e+05
5.890819e+03
-5.300643e+04
4.273120e+04
-2.173438e+05
9.543348e+04
8.202160e+04
7.586602e+04
-5.935561e+04
-2.240955e+04
-6.097252e+04
2.151430e+04
-4.031080e+03
2.211870e+03
-41839
8.769800e+03
2.697396e+04
-9.012768e+03
1.073297e+04
-5.205476e+04
3.284448e+04
-2.085585e+04
-3.187302e+04
1.713206e+04
2.205039e+04
3.293312e+04
1.021309e+04
-1.083077e+03
-1.331638e+04
9.009126e+03
-2.522439e+04
-1.657831e+04
-2.036570e+04
1.759786e+04
-4.072059e+03
-5.315182e+03
7.823097e+03
-1.997925e+04
-8.168961e+03
5.478174e+03
4.362954e+03
8.070412e+03
-1.202917e+04
-1.100092e+04
1.954004e+04
4.731449e+03
1.871654e+04
-2.907112e+03
-1.135772e+04
-7.620735e+03
2.860378e+03
-5.396872e+02
-3.379639e+03
1.881643e+03
1.434226e+03
7.460932e+03
6.338174e+03
-3.885625e+03
1.331095e+03
2.401052e+03
7.203000e+02
4.951337e+01
-9.899665e+02
9.856135e+02
2.959916e+02
2.639202e+03
9.450828e+02
-6.789826e+03
5.627164e+02
-2.732931e+03
2.502754e+03
-2.106706e+03
1.457668e+03
3.732361e+03
1.508221e+03
-2.922171e+02
-2.504991e+02
3.843112e+02
-5.541369e+02
4.325877e+02
-1.485181e+02
2.807192e+03
2.309178e+03
-1.250463e+03
9.993988e+02
2.139973e+03
8.428235e+02
1.019515e+02
5.150810e+02
-1.033787e+03
2.512426e+02
-2.404096e+02
-2.107143e+03
1.841122e+03
-8.042224e+02
1.743720e+03
4.191443e+02
4.986483e+02
1.601705e+03
-4.487224e+02
2.267514e+03
-1.427880e+02
1.179729e+03
3.253494e+02
-3.057089e+02
2.776230e+02
-6.759366e+02
-5.074855e+02
3.245135e+02
3.288059e+01
9.256264e+01
-3.076281e+02
7.550024e+02
8.805255e+02
-7.108318e+02
-4.433582e+01
6.489760e+01
1.123507e+02
-3.484054e+02
3.428415e+02
1.835566e+02
4.592116e+01
1.819607e+02
-4.326527e+02
9.819676e+01
9.256331e+02
-3.787107e+02
2.404258e+01
2.011802e+02
-2.201177e+02
2.166588e+02
-1.087820e+02
2.153790e+02
-2.087867e+02
8.183656e+01
2.319623e+02
-1.823293e+02
4.686093e+01
1.567235e+02
-3.753481e+01
1.707049e+02
3.705190e+02
3.083636e+01
-1.688785e+02
1.819561e+01
-4.615704e+01
2.075557e+02
-1.607251e+02
-2.320767e+02
2.441776e+02
-4.159772e+01
1.536517e+02
9.671027e+01
-1.909792e+01
4.017229e+01
-2.534310e+01
1.614856e+02
-5.467681e+01
1.616071e+02
1.596769e+02
6.581689e+01
4.098609e+01
1.094784e+02
-1.345765e+01
-7.462322e+01
-9.436012e+01
-5.105019e+01
-5.435250e+01
-4.430405e+01
-7.485670e+01
4.490493e+01
8.261744e+00
9.494253e+00
9.211269e+01
-3.124286e+01
1.466249e+02
2.628803e+01
-1.152433e+02
4.030057e+01
4.093701e+01
3.614213e+01
-7.922051e+01
2.936740e+01
-4.457842e+00
2.480751e+01
-3.666597e+01
-3.864185e+00
-6.019706e+00
3.483411e+01
-9.996902e+00
-8.200673e+01
4.179976e+01
1.798769e+00
2.217075e+01
4.323508e+01
-2.459231e+00
3.187082e+00
-2.914233e-01
1.640571e+00
3.872965e-01
-3.611062e-01
-2.217255e-01
-8.666794e-01
-2.613406e-01
-5.401281e-01
-1.627157e-01
-2.271430e-01
-1.491715e-01
2.692464e-02
1.389172e-01
-3.066297e-03
-3.036016e-02
1.435731e-02
2.764110e-02
-6.558424e-02
-2.446151e-02
1.361565e-01
3.617661e-02
-1.982062e-01
7.860520e-03
4.995371e-02
1.850327e-02
-1.569292e-01
-1.596067e-02
