-2.220272e-01
8.864493e-01
-4.445020e-02
5.091555e+01
1.934601e+02
-1.893528e+01
3.458672e-04
-3.133394e+04
-4.835889e+05
2.146942e+05
3.336529e+05
6.940738e+04
1.366155e+05
-9.606036e+04
5.561998e+04
3.565489e+03
2.766279e+04
9.173047e+04
6.929738e+04
-5.164418e+04
-6.894642e+04
-4.500099e+04
1.807023e+03
-5.435214e+04
-1.243237e+04
-2.801378e+04
7.009825e+02
1.209139e+04
-7.769264e+03
2.848506e+04
-6.767976e+04
-1.277505e+02
-6.473060e+03
-2.833154e+04
2.399960e+04
1.720637e+04
-6.852566e+03
2.173566e+04
-3.897640e+03
-1.870582e+04
6.446751e+03
-4.407130e+03
-1.129715e+04
1.081737e+03
2.678907e+04
-5.568257e+03
-1.252324e+04
9.771417e+03
-6.553957e+03
-1.395773e+03
1.881858e+03
-1.740417e+03
3.466087e+03
-7.387792e+03
-3.315606e+03
6.800622e+03
-1.839908e+03
1.166089e+04
-2.451940e+03
-6.574977e+03
-1.437392e+03
8.567463e+02
-1.532990e+03
-3.468445e+03
5.338317e+02
5.873100e+03
4.269312e+03
1.747897e+03
-7.815184e+03
2.396994e+03
4.290196e+03
2.083192e+03
-2.450927e+03
5.382792e+02
-4.475431e+02
2.179899e+03
2.887127e+03
2.858580e+03
-3.648962e+03
4.684894e+01
-5.680521e+02
-1.035005e+02
-1.839256e+03
9.443228e+02
2.123202e+03
2.883284e+03
8.761268e+02
-7.866227e+02
-1.896474e+02
-1.020510e+03
-7.527219e+01
-1.037204e+03
2.546699e+03
1.530661e+03
-1.219206e+03
1.364299e+03
7.342574e+02
8.096409e+02
4.006886e+02
8.201363e+02
-6.492206e+02
-5.783582e+02
1.284514e+02
-1.195543e+03
7.122687e+02
-3.524765e+02
1.847154e+03
-6.315879e+02
3.568611e+02
7.170314e+02
-8.359803e+02
1.825077e+03
-5.629953e+01
8.343019e+02
-8.319969e+02
4.186313e+01
5.025743e+01
3.709449e+02
-1.509129e+02
1.496086e+02
-2.275652e+02
-5.044335e+02
-4.076868e+02
6.239425e+02
3.660251e+02
-3.318248e+02
7.638940e+01
4.207146e+02
-8.897130e+01
-4.185255e+02
3.224338e+02
1.497812e+02
3.136439e+02
1.666183e+02
-1.298414e+01
-6.665616e+01
6.919093e+02
-1.393039e+02
7.998271e+01
1.534228e+02
8.686573e+01
2.764226e+02
6.225639e+00
3.845641e+00
-9.710564e+01
9.942648e+01
1.732306e+02
-2.663184e+02
2.323851e+02
2.286590e+02
3.215099e+01
-5.479688e+01
3.506607e+02
1.038134e+02
-2.656154e+02
-2.720571e+01
6.524645e+00
2.686888e+01
-2.514594e+02
-2.013478e+02
6.524712e+01
-7.922119e+01
1.606170e+02
1.239126e+01
1.473657e+02
-3.715743e+01
1.205310e+01
5.173117e+01
3.458255e+01
2.011450e+02
8.224787e+01
1.138145e+02
-2.444604e+00
-3.457220e+01
2.798468e+01
-2.010843e+01
-6.245015e+01
-6.952323e+01
-6.789666e+01
-2.072968e+01
3.012162e+01
7.119080e+01
1.907558e+01
9.738583e+00
7.580028e+01
-1.464639e+01
9.686240e+01
-2.584237e+01
-1.711650e+01
4.342142e+01
1.918489e+01
4.754076e+01
-5.287214e+01
6.871791e+01
3.218464e+01
1.805753e+00
-5.299000e+01
-8.489837e+01
3.520017e-01
1.255938e+01
1.004117e+01
-5.100365e+01
-8.421339e+00
-2.404310e+01
5.658542e+01
1.683335e+01
-6.227962e-01
3.612205e+00
-1.014186e+00
1.194591e+00
9.682350e-02
-6.850918e-02
-8.151086e-02
-4.118865e-01
-1.740575e-01
-5.636874e-01
-5.198932e-01
-6.181737e-01
-8.134512e-02
1.297373e-01
-7.494749e-02
-1.061052e-01
-1.906376e-02
1.044141e-01
9.278116e-02
-2.512763e-01
2.365086e-01
-3.006844e-03
-9.550835e-02
-2.293946e-02
-2.564401e-02
4.927244e-02
-9.807534e-02
-1.356937e-01
1.609318e-02
