-2.140197e-01
1.339240e+00
-8.517699e-02
5.717333e+01
1.814777e+02
-1.127903e+01
3.627511e-04
-4.086344e+05
-1.085705e+05
9.087102e+05
2.805851e+04
4.371938e+05
-8.851538e+05
1.264331e+05
1.791242e+05
-5.986893e+04
2.365695e+05
-3.213445e+05
-9.672177e+04
9.023656e+04
3.998750e+04
-5.585192e+04
3.592993e+04
-8.232275e+04
-2.344854e+04
-1.657661e+05
4.566795e+04
-3.531660e+04
4.804589e+04
3.546027e+03
1.578221e+04
-7.394460e+04
4.174532e+04
-3.095279e+04
-5.550786e+04
1.383373e+04
5.516766e+04
1.201012e+04
-6.919320e+04
-1.360316e+04
-9.037004e+03
-2.231941e+04
-5.072371e+04
-1.069087e+04
1.404769e+04
-7.590217e+03
-6.897281e+03
-2.548594e+03
1.246149e+04
6.211326e+03
1.722744e+04
9.427253e+03
-2.094162e+04
6.293203e+03
-1.503177e+04
8.432157e+03
7.445580e+03
2.266936e+04
6.095116e+03
-2.414018e+04
-8.239739e+03
1.211026e+04
-6.039414e+03
1.168790e+04
-6.225722e+03
1.605597e+03
1.316037e+03
9.852058e+03
-1.028556e+04
6.876793e+03
-3.440151e+03
2.201423e+03
-3.046346e+03
-1.032482e+04
-4.416862e+03
2.697803e+03
-1.401583e+03
6.791567e+02
-2.513603e+03
-1.381262e+03
-8.054062e+02
-5.307800e+03
4.095065e+03
-6.268184e+02
4.968771e+03
-9.445599e+02
-3.254209e+03
-3.890472e+03
9.931971e-01
-7.749446e+02
1.382100e+03
-2.415071e+03
9.818068e+02
5.568944e+03
-1.514306e+03
-9.085975e+02
-6.412521e+02
-3.344784e+03
-2.029809e+03
-3.259620e+03
1.226541e+03
-1.237395e+03
-1.591086e+02
-3.530364e+03
-1.088432e+03
3.225368e+02
1.908003e+03
1.791052e+03
5.149346e+02
1.893839e+03
5.954657e+02
2.071090e+02
8.326507e+02
2.353527e+03
-7.175524e+02
-7.090272e+02
-2.973092e+03
-8.532512e+02
-1.545805e+03
7.005405e+02
-2.565963e+01
4.875272e+02
-1.147942e+03
4.949377e+02
2.451651e+03
-5.336986e+01
-2.644333e+02
-8.050316e+02
-9.765339e+02
-2.983457e+02
7.741253e+02
8.121619e+02
-3.241849e+02
6.040966e+01
-4.594670e+02
3.425426e+02
3.466144e+02
-2.009090e+02
-6.436841e+02
4.322910e+02
-5.465303e+02
-5.125576e+02
4.611262e+02
-2.614055e+02
-1.929083e+02
1.127283e+02
-1.606308e+02
-2.197426e+02
-2.424663e+02
8.789407e+02
5.029682e+02
4.856708e+02
-3.083174e+01
-3.926772e+00
1.198509e+02
-1.420360e+01
4.149235e+01
5.806611e+02
2.365521e+02
-1.034997e+02
7.125388e+01
-3.162779e+01
1.900383e+02
-1.416377e+02
-4.373905e+02
1.124127e+02
2.603647e+02
-1.630551e+01
-2.927502e+02
3.100652e+02
2.175420e+02
1.346654e+02
3.199655e+02
1.717733e+02
6.933396e+01
6.997045e+01
2.646610e+02
1.191652e+02
-9.885546e+01
-7.352907e+01
5.901155e+01
1.661371e+02
2.470392e+01
-1.817753e+02
7.308857e+01
7.960013e+01
9.026414e+01
6.972684e+01
-4.391690e+01
-8.111952e+01
-4.235113e+01
1.337713e+02
1.086252e+02
-4.503045e+01
-1.925042e+02
-7.750615e+01
-5.242268e+01
-1.010605e+01
2.820301e+01
2.203136e+02
3.870546e+01
-1.365365e+02
-9.677457e+01
-1.085274e+02
4.708535e+01
3.380422e+01
-7.704558e-01
1.364343e-01
-4.504226e-01
-5.562440e-01
-1.907049e-01
-4.420412e-01
-6.117681e-01
-2.429602e-02
-2.872672e-02
-2.904065e-01
1.059548e+00
-3.533857e-01
3.951271e-01
7.236414e-02
2.468033e-01
1.389899e-01
7.574342e-02
6.293160e-02
5.888424e-02
8.363686e-02
-2.105359e-01
9.595181e-02
8.761308e-02
-8.173131e-02
1.479950e-01
-9.262744e-02
7.856952e-02
-7.922020e-02
-1.831817e-01
