-7.825169e-02
-5.700302e-01
8.920181e-02
4.380444e+01
1.810729e+02
-2.448530e+01
3.553813e-04
-1.665912e+04
-2.956136e+05
-4.465516e+04
1.482318e+05
-1.474224e+05
-1.085660e+05
2.148262e+04
-1.140518e+05
-1.909306e+05
8.099264e+03
-1.328323e+05
2.536572e+04
1.933924e+04
1.758513e+04
1.559172e+04
1.860305e+04
9.959546e+03
5.744470e+04
-9.480920e+03
3.048521e+03
-3.039891e+04
-3.991321e+04
6.190878e+04
-7.401497e+04
1.270912e+04
-2.207695e+04
-4.730734e+04
5.091616e+04
2.755774e+04
4.346039e+04
3.723407e+03
4.338043e+03
-1.307297e+04
4.597973e+03
-7.420739e+03
-1.896213e+04
1.938495e+04
-6.995591e+03
-7.966478e+03
1.136799e+03
-3.116274e+03
1.351633e+04
5.837457e+02
3.318903e+03
2.926694e+03
-1.443927e+03
-6.400413e+03
-1.173785e+04
3.764371e+03
2.727974e+03
8.694169e+03
-4.605802e+02
-1.594216e+04
1.925794e+03
-2.642302e+03
-3.702730e+03
-7.670465e+03
6.170808e+03
2.516750e+03
3.230797e+03
-1.156441e+01
-5.337636e+03
2.541939e+03
7.198196e+02
-1.779893e+03
-3.512786e+03
3.388488e+02
1.750072e+03
3.400173e+03
3.140294e+03
1.134768e+03
-3.107770e+03
2.416597e+02
1.380267e+03
8.556163e+02
9.564487e+02
2.069707e+03
5.002252e+03
1.852231e+03
-1.910469e+03
-6.964378e+00
5.172471e+02
-9.283359e+02
-8.945032e+02
1.620382e+02
1.315436e+03
2.810051e+03
-3.755124e+03
1.231014e+03
-6.027683e+02
1.162259e+03
7.261679e+02
-9.515776e+02
-2.617996e+02
6.469428e+02
-5.255558e+02
-8.819962e+02
3.641473e+02
7.495948e+02
1.682421e+03
-1.028425e+02
-7.359143e+01
1.303526e+03
-1.339282e+03
1.474131e+03
-4.914951e+02
1.970233e+03
-1.783813e+02
-1.786400e+02
6.104353e+01
-1.767714e+02
3.590594e+02
5.827289e+02
-7.306936e+02
-6.821879e+02
-4.572891e+02
7.254222e+01
4.041334e+02
-2.804347e+02
-4.470567e+02
1.023084e+02
-6.995517e+00
-3.184223e+02
5.747078e+02
5.827593e+02
6.280875e+02
2.634447e+02
-6.085024e+02
2.306986e+02
3.602297e+02
-2.779834e+02
6.472840e+00
1.334542e+02
-3.961378e+02
-9.606358e+01
1.122684e+01
-9.679897e+00
-9.050861e+01
1.252151e+02
3.600309e+02
-2.107669e+02
2.592474e+02
1.538743e+02
-1.037159e+02
1.631210e+02
5.059224e+02
1.164680e+02
-3.476756e+02
-1.481300e+02
1.952677e+02
2.436725e+02
-1.169546e+02
-2.153577e+02
4.204245e-01
1.768611e+02
3.120333e+02
-2.507006e+01
1.675244e+02
-1.401670e+02
-8.195076e+00
-8.540904e+01
3.376703e+02
1.784051e+02
1.925395e+02
-4.148115e+01
-9.374296e+01
7.902596e+01
1.155786e+02
-2.898387e+01
-8.249516e+01
3.103575e+01
7.779519e+01
1.483145e+02
3.006470e+01
9.140312e+01
-1.138694e+01
6.802526e+01
9.382706e+01
2.394077e+00
2.216465e+00
-5.852606e+01
1.812031e+00
9.632811e+01
-1.390685e+01
6.027066e+00
-1.021970e+01
6.708914e+01
-2.123581e+01
4.150992e+01
-3.186792e+00
-6.076537e+01
5.116300e+00
2.751768e+01
1.045606e+01
-4.257473e+01
2.146262e+01
-1.769535e+01
4.775872e+01
3.839053e+01
-1.135420e+00
2.748284e+00
-5.982994e-01
5.608021e-01
-2.059500e-01
-1.865666e-01
9.693627e-02
-7.272126e-01
-1.958902e-01
-6.432415e-01
-3.767636e-01
-4.069149e-01
2.817944e-01
-4.193424e-02
-2.861289e-01
9.767896e-03
1.237166e-01
5.204795e-03
-7.793159e-02
-3.667704e-02
7.229327e-02
7.985210e-02
2.289257e-01
-2.063038e-02
-7.103907e-02
4.227082e-02
7.404290e-02
-1.844068e-01
-1.073930e-01
