-3.995768e-01
-9.644986e-01
8.001161e-02
5.347556e+01
1.929324e+02
-1.355766e+01
3.357542e-04
-4.988912e+04
-3.126806e+05
3.374492e+05
5.226672e+05
8.409103e+04
2.527117e+05
-2.051152e+05
7.395012e+04
5.872306e+04
1.103240e+05
8.419857e+04
9.203344e+04
-8.494593e+04
-8.280767e+04
-6.170982e+04
6.318298e+04
-4.330207e+04
-1.694119e+04
-1.249373e+05
-1.916035e+04
5.352588e+03
-7.662612e+03
6.704921e+04
-1.074232e+05
-2.184039e+04
2.940701e+04
-2.889115e+04
4.331607e+04
1.499771e+04
2.450952e+04
3.561116e+04
-2.571437e+04
-2.242137e+04
-1.668264e+04
-7.743743e+02
-1.232832e+04
4.865118e+03
2.185806e+04
-6.545555e+03
-1.030460e+04
7.685353e+03
-3.001427e+03
-4.861366e+03
4.012971e+03
7.419822e+02
-8.310313e+01
2.985672e+03
-5.905484e+03
2.969342e+03
-3.137030e+03
1.221198e+04
-1.079034e+04
-7.511456e+03
-2.392443e+03
-8.104169e+02
-1.747069e+03
-6.618506e+03
3.742148e+03
2.929869e+03
4.546176e+03
2.431338e+03
-6.607767e+03
3.223565e+03
7.104464e+03
4.892426e+03
-2.799980e+03
-8.275721e+02
-1.596396e+03
1.671031e+03
4.518838e+03
3.077931e+03
-4.811333e+03
-1.291288e+03
-9.315399e+02
-1.293627e+02
-3.999823e+03
-1.245312e+03
1.133884e+03
3.048949e+03
8.620961e+01
1.828606e+03
-6.405033e+02
-5.692609e+02
-8.927072e+01
-2.273344e+03
3.087886e+03
1.418174e+03
-1.297064e+03
2.170223e+03
2.073297e+03
1.138867e+03
4.947850e+02
1.043000e+03
-1.070350e+03
-1.849815e+02
-5.484509e+02
-1.157272e+03
1.304919e+03
-9.028963e+01
1.444020e+03
-7.156840e+02
4.119728e+02
4.155579e+02
-1.042606e+01
1.711558e+03
5.707325e+01
1.094631e+03
-8.641419e+02
-4.120116e+02
1.946434e+02
2.764118e+02
-3.906780e+02
1.731655e+02
-9.528748e+02
-1.098524e+03
-4.065513e+02
9.308141e+02
1.112263e+02
-4.611894e+02
2.339752e+00
7.922301e+02
1.382902e+02
-1.924913e+02
3.540598e+02
1.486116e+02
7.287457e+02
3.466564e+02
-1.185380e+01
7.496554e+00
7.982836e+02
7.621219e+01
1.130359e+02
1.892000e+02
2.788284e+02
2.752882e+01
-1.639914e+02
1.002193e+01
1.850793e+02
4.878692e+01
-2.969209e+01
-1.885278e+02
3.588440e+02
7.392837e+00
1.188384e+02
-1.239057e+02
2.243628e+02
3.953368e+02
-3.558556e+02
-1.742568e+02
1.669281e+02
2.763338e+02
-3.725450e+02
-1.031158e+02
2.866105e+02
-2.141775e+01
4.824955e+01
2.129166e+02
2.036915e+02
-1.074843e+02
-1.812593e+01
6.825053e+01
3.663359e+00
1.732443e+02
-2.248704e+01
1.322279e+02
-3.838042e+01
-2.970328e+01
4.783354e+01
-1.112199e+02
-7.663983e+01
-1.187808e+02
-2.282393e+01
-4.168986e+01
2.078149e+01
-2.790989e+01
9.223025e+00
6.146213e+01
3.954710e+01
-4.734765e+01
3.587426e+01
-5.090360e+01
-3.653566e+01
2.943630e+00
-1.188638e+01
2.518616e+01
-2.091517e+00
8.167687e+01
6.530501e+01
-1.304782e+01
-3.920443e+00
-5.941305e+01
1.381448e+01
1.010838e+01
3.306201e+01
-1.856421e+01
1.258876e+00
-5.510388e+00
2.812143e+01
1.107731e+01
1.231697e+00
2.168848e+00
-9.685789e-01
7.578333e-02
2.470547e-01
-3.701512e-01
-1.599903e-01
1.273141e-01
-3.075124e-02
-6.658216e-01
-5.873179e-01
-7.246362e-01
-2.193688e-02
6.612424e-02
-8.057497e-02
3.058329e-01
-8.601429e-02
1.633516e-01
1.777140e-01
-4.507957e-01
1.545890e-01
-7.893693e-02
-1.198682e-01
-6.064365e-02
-2.560984e-01
2.559706e-02
-1.672765e-02
-9.356182e-02
6.169216e-02
