-1.960690e-01
-6.986303e-01
8.069072e-02
5.063111e+01
1.969695e+02
-2.216213e+01
3.561222e-04
-1.927546e+05
-1.089227e+05
1.172918e+05
2.002823e+04
6.951191e+04
-9.497295e+04
-3.009353e+04
6.904612e+04
-1.641499e+05
1.405719e+04
-73741
3.089742e+04
-4.339139e+04
-2.779456e+03
3.549823e+04
4.540957e+03
8.888259e+03
2.316383e+04
6.837937e+03
2.015060e+04
-1.994318e+04
-2.285261e+04
1.092761e+04
-2.543128e+04
3.587989e+04
-1.501254e+04
-3.833921e+04
2.131008e+04
1.338972e+04
2.991646e+04
5.585669e+03
-2.147047e+03
-7.541810e+03
1.505857e+04
-1.828514e+04
-1.221094e+04
-3.980727e+02
1.102099e+04
-3.876670e+03
1.866669e+03
-4.063146e+03
1.584114e+03
-5.733561e+03
4.291962e+03
-4.147489e+03
8.097841e+03
-2.837953e+03
-8.459174e+03
1.081181e+04
5.031865e+03
9.082235e+03
-2.124587e+03
-1.054102e+04
-1.649715e+03
-1.052545e+01
-1.824074e+03
-7.670605e+02
2.210144e+03
1.744893e+03
1.747566e+03
4.573852e+03
-2.260607e+03
1.936567e+03
2.462538e+03
1.863963e+03
1.094108e+03
3.243142e+02
7.268948e+02
1.882377e+03
1.024054e+03
-2.017191e-01
-6.797900e+03
-6.295821e+02
-4.046709e+01
-2.544248e+02
-1.132535e+03
4.822534e+01
5.276146e+03
1.464233e+03
-2.665435e+03
-1.979643e+03
-5.762828e+02
2.825876e+02
9.647076e+02
1.314930e+02
1.813894e+03
1.852639e+03
-2.146375e+03
6.519081e+02
1.188583e+03
1.179909e+03
-2.085652e+02
-9.494105e+02
-9.135413e+02
-6.611869e+02
2.731258e+02
-1.299022e+03
9.967429e+02
-8.925264e+02
6.241030e+02
9.043978e+02
2.432284e+02
1.571186e+03
-1.129663e+03
1.661028e+03
1.081187e+02
7.985828e+02
-1.280339e+02
-5.257531e+02
-2.270183e+02
-5.034464e+02
-6.932200e+02
6.851234e+02
-2.654987e+02
-1.157705e+01
-9.039718e+02
3.297783e+02
2.885229e+02
-3.159829e+02
-1.115401e+02
-1.649141e+02
-1.154499e+02
-1.328435e+02
4.234772e+02
-4.200389e+01
4.821667e+01
4.172298e+02
-4.994968e+02
1.048752e+02
7.055004e+02
-3.923488e+02
-7.337711e+01
2.325708e+02
-3.187265e+02
-2.353581e+02
5.631652e+01
1.360975e+02
-2.269594e+02
2.570119e+02
5.554466e+01
-2.085390e+02
1.218069e-02
1.858396e+02
1.079057e+02
2.344434e+02
2.685539e+02
-2.640472e+01
-1.948133e+02
-3.260995e+00
-1.401171e+01
7.515220e+01
3.275471e+01
-7.609432e+00
1.221179e+01
5.947614e+00
1.454740e+02
-3.609159e+01
-1.348601e+01
-8.682098e+01
4.271640e+01
2.568893e+00
-2.828360e+01
2.933423e+01
1.092713e+02
9.535101e+01
6.458364e+00
1.050249e+02
-2.379327e+01
2.770974e+01
4.889240e+01
5.811546e+01
1.276850e+01
5.038085e+01
1.371051e+01
-4.007840e+00
3.277542e+01
-2.861110e+00
7.211721e+01
-3.060012e+00
1.288966e+02
2.545672e+01
-6.639512e+01
3.676410e+01
1.625207e+01
1.584521e+00
-1.501885e+01
2.270822e+01
-2.496172e+01
-1.755971e+01
-3.761179e+01
6.016386e+00
-9.702748e+00
5.966068e+01
2.709395e+01
-5.368776e+01
3.468258e+01
-3.258812e+01
2.670928e+01
3.159501e+01
-2.354629e+00
2.688337e+00
-6.663881e-01
6.384621e-01
-1.165738e-01
-1.481649e-01
-2.040983e-01
-1.165930e+00
-3.051815e-01
-4.063556e-01
2.902945e-02
-1.990362e-01
2.937823e-01
5.893888e-02
-1.594355e-01
1.262626e-01
9.818447e-02
9.625388e-02
5.202051e-02
-3.232848e-02
-1.427991e-01
7.215266e-02
4.693733e-02
-1.768045e-01
-6.766673e-02
-2.797175e-02
9.160079e-02
-6.494395e-02
-7.113971e-02
