-3.035033e-01
1.262817e+00
-4.909954e-02
5.518222e+01
1.833146e+02
-1.260517e+01
3.566420e-04
-1.968839e+05
1.300025e+05
2.677044e+05
-1.764275e+05
-4.407785e+04
2.158829e+05
-1.754513e+05
148040
-1.966788e+05
5.393696e+04
5.730060e+04
1.760319e+05
-4.723645e+04
-4.331120e+04
-4.431128e+04
7.240120e+04
5.906738e+04
3.093894e+03
-8.245902e+04
3.153960e+04
1.700556e+04
-1.843861e+04
2.603623e+03
-1.918693e+04
1.387181e+04
-4.411742e+04
-1.034431e+04
-5.895649e+03
1.010652e+04
2.213438e+04
2.737163e+03
-9.467876e+03
-1.020129e+04
-9.211293e+03
-1.702444e+04
6.758508e+03
-3.100777e+04
2.139746e+04
3.595841e+03
6.282094e+03
5.677621e+03
-1.453991e+04
-4.164548e+03
3.897136e+03
1.465254e+04
1.057984e+04
5.108103e+03
-3.265871e+03
1.375780e+04
-6.901987e+02
1.332368e+04
-3.097763e+03
-5.462970e+02
-8.934969e+03
4.899898e+03
-5.982808e+01
-5.019907e+03
5.812110e+02
-5.548032e+02
2.218448e+03
1.004483e+04
-2.588538e+03
-1.743607e+03
4.655595e+03
7.045029e+03
7.908837e+03
-1.455991e+03
-2.379250e+03
3.878604e+02
3.334140e+03
-9.271874e+02
-6.006200e+03
-3.304882e+03
-4.295060e+03
1.019398e+03
-2.756609e+03
2.453139e+02
5.127754e+02
7.076875e+02
-1.823457e+03
1.393186e+03
7.057263e+02
1.041176e+02
2.486143e+02
-1.220399e+03
4.105314e+03
8.463595e+02
2.702766e+02
1.502404e+03
3.866742e+03
8.271799e+02
-3.256720e+02
1.517181e+03
-2.043705e+03
-4.035287e+02
-7.456435e+01
-6.597648e+02
9.170959e+02
-8.172309e+02
3.061085e+02
8.203242e+02
1.302964e+03
1.204837e+03
1.524530e+03
7.697721e+02
-4.828021e+02
4.069916e+02
2.636859e+02
1.181236e+01
1.948229e+01
-2.658935e+02
-6.773201e+02
9.850023e+02
-3.100397e+02
4.587421e+02
-4.549265e+02
4.609738e+02
3.993809e+02
-7.337601e+02
-4.911429e+01
6.403412e+02
6.626474e+02
3.253495e+01
-3.122357e+02
1.705108e+02
-2.836380e+02
3.681438e+02
1.459633e+01
-1.303093e+02
4.504995e+02
3.742988e+01
-1.860212e+02
-1.749002e+02
-6.402467e+01
3.982091e+01
-3.014203e+02
3.742936e+02
-2.345029e+02
1.103498e+02
-9.455359e+01
9.831588e+01
-8.109286e+01
-6.028012e+01
1.945935e+02
-5.852768e+01
-1.648909e+02
1.858825e+01
1.822141e+02
5.696479e+01
1.091095e+01
2.048949e+02
-8.794148e+01
-1.174098e+02
2.953345e+02
-8.960430e+01
-1.703055e+02
1.605763e+02
-2.398241e+02
3.013164e+01
-1.287236e+02
2.608295e+02
-2.865874e+02
-1.369013e+02
-2.886735e+01
1.233022e+02
1.168425e+02
4.197844e+01
-1.062495e+02
-1.971541e+02
-7.854434e+01
-9.467292e+01
-1.950780e+02
-3.028386e+01
5.979133e+01
-4.947601e+01
-2.715198e+01
4.964943e+01
2.494139e+01
-8.762041e+01
9.409293e+01
2.902402e+01
-1.251261e+02
-7.504794e+01
2.072513e+01
3.234106e+01
3.169480e+00
-8.454764e+00
3.762996e+01
3.829613e+01
-3.012882e+01
2.632689e+01
-2.615213e+01
-2.509328e-01
6.350110e+00
-3.898225e+01
4.519651e+00
-3.173399e+01
-1.454334e+01
2.486770e+01
-3.361498e-01
-1.329277e+00
-5.969695e-01
-1.095254e+00
4.810879e-02
-5.673745e-01
-7.980524e-01
2.569659e-01
-1.333947e-01
-5.103215e-02
3.015716e-01
-1.368011e-01
-5.948457e-03
-1.783256e-01
4.147450e-01
3.062063e-01
-8.676436e-02
-2.873878e-02
-6.412873e-02
-2.888376e-01
-1.168423e-01
-1.648113e-02
-8.078247e-02
-1.821897e-01
-1.959925e-01
2.920823e-02
-3.933074e-02
3.133290e-02
8.406951e-02
