9.028076e-02
3.959602e-01
-7.986095e-03
4.323555e+01
1.646673e+02
-2.772399e+01
3.548850e-04
3.235860e+04
-6.357289e+04
5.448194e+04
-1.119163e+05
-9.913518e+04
-4.219672e+04
9.337093e+04
1.441808e+04
1.117908e+05
3.882764e+04
3.101251e+04
1.315016e+05
-5.646899e+04
1.471654e+04
3.605930e+04
-8.620129e+04
9.896823e+03
-4.662824e+03
4.113112e+04
-3.310314e+04
1.533813e+04
-1.962282e+04
1.612326e+04
-4.773878e+04
-2.163385e+04
-1.485327e+04
-2.049830e+04
-8.032588e+03
1.400193e+04
-7.934324e+03
2.905042e+03
4.079527e+04
-1.885925e+04
-1.050504e+04
-4.118376e+03
5.800423e+01
1.324550e+04
-4.997817e+03
-1.333609e+04
1.943919e+04
5.456646e+03
-1.563419e+04
-4.547671e+03
-8.733655e+03
1.402086e+03
-2.574087e+03
-4.976464e+03
3.570196e+03
-1.998333e+03
-1.066563e+03
4.984334e+03
3.361319e+03
-5.799829e+03
-8.745061e+03
-2.449309e+03
1.459424e+03
-9.586337e+02
-1.357579e+03
4.706897e+03
-2.512652e+03
-1.500818e+03
-2.087211e+03
1.919768e+03
3.180579e+02
-2.425551e+01
2.447405e+02
4.007806e+03
-1.621741e+03
8.380881e+02
-2.882350e+02
-8.180371e+02
-2.273136e+03
7.775753e+02
1.328252e+03
-2.524464e+03
6.075546e+02
1.156531e+03
-1.694008e+02
2.469249e+03
6.225128e+02
4.879914e+02
5.888511e+02
5.343379e+02
-8.835670e+02
6.658160e+02
4.925739e+02
1.143102e+03
-6.697101e+02
8.227559e+02
8.865722e+02
-1.014105e+03
-9.657289e+01
8.914373e+02
-1.803202e+02
1.751107e+02
1.644118e+02
-2.846258e+02
-3.046448e+02
-1.441894e+03
1.606629e+03
-1.144735e+02
1.480353e+03
7.291890e+02
-5.449204e+01
4.840839e+01
2.896359e+02
-1.955403e+02
-5.698674e+02
1.455929e+03
3.161186e+02
-8.124632e+01
-3.620018e+02
1.737560e+02
2.046993e+02
1.777245e+02
2.804924e+02
-4.250674e+02
-2.170717e+02
-3.263830e+02
4.148711e+02
4.162760e+02
-4.654102e+02
-3.108382e+02
4.276746e+02
1.792345e+02
2.421893e+02
-8.502916e+00
2.881625e+02
-4.003412e+02
-5.706509e+01
-1.837937e+02
-1.375206e+02
-1.682623e+02
-1.181198e+02
4.110076e+02
2.133841e+02
3.595330e+02
6.086179e+01
-1.740953e+02
-7.405394e+01
-4.140388e+02
1.039649e+02
2.459648e+02
-7.372990e+01
3.304305e+01
1.079192e+00
-1.423778e+02
-1.206712e+02
-1.536767e+02
9.873629e+01
-6.544595e+01
3.844048e+01
-3.398786e+01
-6.126460e+00
4.675739e+01
2.601772e+01
-6.249321e+01
-1.324766e+02
-8.105312e+01
-4.552026e+01
1.390401e+02
-2.952478e+01
-3.152198e+01
1.152794e+02
1.037533e+02
1.247075e+01
8.439906e+01
8.723012e+01
-1.258176e+02
7.162744e+01
3.638791e+01
-1.061781e+02
1.033331e+02
-9.487706e+00
6.697389e+01
1.536578e+01
-7.855238e+01
9.931219e+01
-1.888626e+01
2.830519e+01
1.506944e+01
-8.484169e+00
2.986421e+01
1.162923e+02
9.298189e+00
-8.221799e+01
-4.350236e+00
3.942350e+01
1.631526e+01
2.957949e+01
-3.101501e+01
9.660591e-01
-3.208797e+01
3.100049e+01
-2.595822e+01
-7.181982e+00
2.281712e+01
2.844732e+01
2.599349e+01
1.245593e-01
5.938124e-02
-5.534210e-01
1.909022e-01
1.488167e-01
3.754249e-02
2.970626e-01
5.458370e-01
4.704032e-02
2.365374e-01
2.786303e-01
1.824468e-01
7.775936e-04
-9.696133e-03
4.509033e-02
-4.445414e-02
-4.351599e-02
-6.973679e-02
-1.878719e-03
1.633759e-01
-1.612896e-02
3.325808e-02
-1.314355e-01
-5.483529e-02
1.931668e-01
7.235982e-02
-1.004847e-01
2.452270e-02
-2.112887e-02
