-1.656494e-01
-4.731406e-01
2.936302e-02
5.034667e+01
1.955234e+02
-2.614667e+01
3.525800e-04
-1.089869e+05
-1.031311e+05
-6.552821e+04
-1.854102e+05
-7.216792e+03
-3.446494e+04
-3.376326e+04
-7.184030e+03
-1.610590e+05
-6.673564e+04
-1.009474e+05
6.254224e+04
-4.542936e+04
1.865668e+04
2.696143e+04
-2.098029e+04
5.138954e+02
2.220542e+04
9.602029e+03
-4.035973e+04
-3.831820e+04
-3.185022e+04
-1.020865e+04
-3.541077e+04
-4.530180e+03
-7.497670e+03
-2.210324e+04
2.240100e+04
-1.117956e+04
4.333332e+03
-5.523699e+03
1.649081e+04
-3.077206e+03
1.974426e+04
-4.123381e+03
-3.162339e+03
-6.048546e+03
-5.725739e+02
9.172655e+03
1.213815e+04
1.664480e+03
-8.744052e+03
-2.450212e+03
9.296574e+01
-1.161945e+04
4.811810e+03
-3.190296e+03
-6.982435e+03
4.843715e+02
2.932108e+03
3.568823e+03
-1.041068e+03
-9.543541e+03
-4.248359e+03
3.486287e+03
1.148381e+03
-4.064311e+02
1.325247e+03
3.331511e+03
3.092081e+03
3.241571e+03
-1.501933e+03
2.414311e+03
1.439042e+03
2.663854e+02
-7.704487e+02
2.458938e+03
1.983200e+03
1.464165e+03
2.818406e+03
8.853870e+02
-4.423859e+03
-4.190127e+02
-6.352589e+01
3.750638e+02
-9.326763e+02
1.642318e+03
3.297718e+03
1.976862e+03
-1.591660e+03
-4.343904e+02
-2.113519e+02
3.872770e+02
2.621694e+02
6.731456e+02
1.338005e+03
1.161234e+03
-2.102911e+03
1.079308e+03
1.188075e+03
-1.223831e+02
1.718555e+02
-3.063455e+02
8.476275e+01
-1.641682e+02
1.516574e+02
-4.936486e+02
-1.015729e+02
7.861975e+01
9.902406e+02
9.693451e+02
5.364313e+02
8.802761e+02
-1.081649e+02
9.495716e+02
-4.712593e+02
5.028636e+02
1.266937e+02
-3.785378e+02
-7.004943e+02
-4.519386e+02
-5.136854e+02
4.883394e+02
-2.019827e+02
8.205878e+01
-3.070318e+02
1.353595e+02
2.090652e+02
-1.045128e+02
-2.209349e+02
2.157226e+02
-1.706608e+02
-4.039304e+02
5.179969e+02
4.877410e+02
8.976102e+01
2.891975e+02
-2.882385e+02
-7.081381e+01
2.570807e+02
-2.073669e+02
9.380841e+01
-1.782374e+01
-2.741998e+02
-1.318520e+02
1.861355e+01
1.433681e+02
-7.584898e+01
2.623331e+02
7.387273e+01
-8.850236e+01
2.913206e+01
1.662242e+02
-7.911542e+01
2.704813e+02
1.780897e+02
5.616744e+00
-4.881520e+01
-1.154824e+02
6.797073e+00
1.594641e+01
-1.730330e+01
6.800309e+01
-2.481052e+01
-2.587721e+01
1.082711e+02
-6.058994e+01
8.384706e+00
-4.340692e+01
-9.159200e+01
6.242040e+01
7.075757e+01
-5.751669e+00
7.047023e+01
2.180939e+01
2.460147e+01
7.664883e+01
8.071548e+01
-1.830234e+01
3.122273e+01
7.498923e+01
2.049153e+01
8.269723e+01
2.728333e+01
5.638094e+01
-4.862401e+01
1.517376e+01
3.211143e+01
-1.818814e+01
5.169901e+01
7.742307e+01
-6.485429e+01
2.198024e+01
6.526159e+00
5.430741e+01
-1.549979e+01
5.426270e+00
3.379113e+01
1.459006e+00
-3.560805e+01
8.055485e+00
-4.072760e+01
1.039682e+01
2.467434e+00
-6.327514e+01
4.430723e+01
-2.678502e+01
4.361364e+01
8.077874e+00
-2.368799e+00
1.529516e+00
-3.521925e-02
2.513266e-01
3.645575e-02
-4.965059e-01
5.664180e-02
-5.425255e-01
-8.271395e-02
-3.986970e-01
1.817511e-01
1.133799e-01
3.246530e-01
9.961949e-02
7.352609e-02
-1.263574e-02
5.024235e-02
1.492648e-02
-4.619699e-02
1.399592e-01
5.974235e-02
7.760151e-02
1.227820e-01
-9.803545e-02
1.486010e-01
9.365828e-02
1.045204e-02
-2.857821e-02
2.628675e-02
