-6.736540e-01
-1.503597e+00
6.154619e-01
5.859555e+01
1.780814e+02
-5.584044e+00
3.534200e-04
1.127305e+04
1.438401e+05
2.783595e+05
3.824525e+05
-2.339357e+05
3.323479e+05
-1.199753e+04
-1.234830e+05
-1.852304e+05
-1.186843e+05
-1.002901e+05
1.450204e+05
2.165617e+04
-7.632807e+04
-4.002101e+04
2.012761e+05
4.629088e+04
-4.843033e+03
-8.191866e+04
-5.891730e+04
1.381841e+05
-4.413765e+04
8.080743e+04
-7.831129e+04
8.102412e+04
-6.884131e+04
-9.276069e+03
5.088104e+03
2.015878e+04
9.486631e+04
1.501069e+03
-1.007970e+04
2.499715e+04
-4.164309e+04
2.681761e+04
-3.568641e+04
-8.032843e+03
2.120082e+04
-1.668596e+04
-2.415022e+04
2.604785e+03
1.215865e+04
-1.249313e+04
5.379439e+02
2.384128e+04
1.190482e+04
-1.032766e+04
-8.283260e+03
1.738504e+04
-3.818103e+03
1.570240e+04
-1.840510e+04
-3.561310e+03
2.492658e+03
5.022190e+03
-4.741802e+02
-1.565097e+04
7.965500e+03
-1.396020e+04
6.616637e+03
3.413468e+03
1.979356e+03
6.080316e+03
1.276805e+01
1.791231e+03
4.973933e+03
-4.484042e+03
-2.640524e+03
-3.694829e+03
7.061884e+03
-2.784406e+03
-3.381993e+03
-3.800341e+03
-5.201512e+03
3.625792e+03
-4.830897e+03
-3.170892e+03
-2.118747e+01
-6.520159e+02
-2.628688e+03
5.459381e+03
-1.934549e+03
-6.806225e+02
-1.325061e+03
1.143713e+03
7.882131e+03
2.380203e+02
-1.369548e+03
-1.925978e+02
3.643186e+03
3.384729e+02
2.802121e+03
2.528442e+03
-3.143702e+03
2.335215e+03
-2.543570e+03
-2.700877e+03
1.505960e+03
1.947863e+03
8.324884e+01
7.367336e+02
-4.713448e+02
1.252087e+03
3.148853e+03
1.325012e+03
-2.004831e+03
1.817807e+03
8.845927e+02
-1.748129e+03
1.100791e+03
-7.296133e+02
1.263637e+03
1.036251e+03
-1.994510e+02
-3.042536e+01
-6.386826e+02
9.070679e+02
2.637250e+02
-1.081213e+03
-3.458684e+02
7.906267e+02
1.044204e+03
6.208405e+02
-5.557531e+02
3.918593e+02
2.609086e+02
5.305826e+02
-1.348991e+02
2.592249e+02
9.222715e+02
-2.882224e+02
-9.557510e+01
4.085249e+02
-3.254679e+02
3.025133e+02
-1.093888e+03
4.188241e+02
1.063535e+01
4.379555e+02
-1.563221e+02
-1.184035e+02
8.577502e+01
-5.031815e+02
-2.296864e+01
1.348245e+02
1.974353e+02
3.828155e+02
-1.361847e+01
-2.926457e+02
4.958154e+02
5.417019e+02
-9.556754e+01
-3.160887e+02
4.214787e+02
7.947305e+01
-3.355475e+01
1.677646e+02
2.488852e+02
-2.364753e+02
-6.080665e+01
2.019991e+02
1.796031e+02
2.932479e+01
1.292404e+02
-1.861233e+02
-2.360806e+02
1.779348e+02
-9.825094e+01
-4.010623e+02
-1.705386e+02
-2.746141e+02
1.633430e+02
1.014075e+02
-8.154520e+01
-1.027408e+02
-1.447055e+02
9.961939e+01
8.222922e+01
-1.595074e+02
-1.228710e+02
-1.502964e+02
-1.174818e+02
7.879363e+01
-5.822017e+01
-3.603391e+01
-2.855452e+01
3.323240e+00
3.857330e+01
8.842431e+01
9.751210e+01
-2.380701e+01
1.908732e+01
-5.683265e+01
-8.817348e+01
8.567445e+01
7.529678e+01
1.292286e+02
-5.501147e+01
7.041695e+01
1.617450e+00
-2.813142e-01
-6.147617e-01
-8.884631e-01
3.893064e-01
-5.266917e-01
4.057143e-01
-2.668602e-01
-5.876741e-02
-8.005140e-01
-6.329984e-01
-6.846324e-01
1.114139e-01
3.185809e-02
-1.293915e-01
6.191275e-02
5.109933e-02
3.044599e-02
2.605247e-02
-3.530609e-01
-1.424881e-02
2.121501e-01
3.046156e-01
-2.132221e-03
-5.766138e-01
1.379219e-03
1.974558e-01
9.891164e-03
2.316044e-02
