-3.057790e-01
1.059255e+00
-3.756867e-01
5.233778e+01
1.907825e+02
-1.724340e+01
3.288163e-04
4.932826e+04
4.030282e+04
-5.242671e+05
-1.703555e+05
-2.056289e+05
-2.205269e+05
9.747741e+04
-6.411910e+04
-1.017688e+05
-68229
-2.136088e+05
1.367348e+05
-6.391737e+04
-1.190874e+04
-8.457263e+04
7.741915e+03
1.498801e+04
5.132755e+02
6.007181e+02
-6.734586e+04
2.703861e+04
-4.411710e+04
1.195358e+03
-7.194652e+03
2.167571e+04
-1.001622e+04
-1.618476e+04
3.975499e+03
-1.076350e+04
1.123564e+04
2.293299e+03
9.815396e+03
-5.327114e+03
-2.434968e+04
-1.607732e+04
-7.952597e+01
-5.410441e+03
1.073333e+04
-2.855156e+03
1.128240e+04
-4.847752e+03
2.126117e+01
-2.044026e+03
-6.569254e+03
-4.027297e+03
-2.987011e+03
8.237521e+03
-2.717532e+03
6.237556e+03
2.241104e+03
9.425721e+03
2.362821e+03
-1.352400e+03
-1.456060e+03
1.848679e+03
-1.158871e+03
-1.263307e+03
3.805205e+03
2.012833e+03
4.080910e+03
-2.386923e+03
-1.064670e+03
2.257400e+03
1.638797e+03
-2.928745e+03
-1.796057e+03
-7.764154e+02
-3.526676e+02
1.460537e+02
-1.630460e+02
1.437598e+03
-2.586906e+03
-8.252726e+02
6.703484e+02
1.992963e+03
4.362600e+02
8.542683e+01
3.918003e+03
-5.674971e+02
-2.049153e+03
-1.202665e+02
-2.032424e+02
1.037425e+03
-1.086193e+03
4.566842e+02
1.165342e+03
6.706383e+02
-1.838181e+03
5.987477e+02
9.405574e+02
4.656350e+02
4.918473e+02
2.103902e+02
-2.719560e+02
8.979635e+02
-2.614872e+02
-5.557258e+02
7.527566e+01
3.938972e+02
4.702065e+02
4.837824e+02
-2.122173e+02
1.295999e+03
-2.509801e+02
6.457896e+02
-5.184943e+02
5.324407e+02
3.524656e+01
2.052918e+02
5.329459e+02
-3.928652e+02
1.909623e+02
-1.594775e+01
-4.553433e+02
4.450334e+01
-2.181814e+02
-2.879396e+01
1.627058e+02
-1.211218e+02
-2.292991e+02
6.778158e+00
-2.541851e+02
6.643510e+02
4.698909e+02
7.430820e+02
2.816952e+02
2.645136e+02
-3.920453e+02
2.731179e+01
3.048748e+02
-2.110217e+02
2.538664e+02
1.114257e+02
-1.814504e+02
1.334141e+02
-3.359291e+01
1.196225e+02
-8.047013e+00
2.001657e+02
-1.286982e+01
-1.133947e+02
-5.206921e+01
9.766214e+01
-6.545536e+01
1.483820e+02
2.785562e+02
1.318680e+02
-2.679717e+02
-7.247033e+01
1.985327e+02
1.947748e+02
1.169748e+02
-2.039145e+02
-2.788215e+01
1.797815e+02
7.901384e+01
-3.152250e+01
7.122527e+01
-1.106561e+02
-7.613217e+01
1.272235e+02
1.083131e+02
4.290557e+01
3.103991e+01
-1.234818e+02
-5.982476e+01
9.409798e+01
1.135062e+00
-2.724134e+01
-4.052185e+01
-1.065225e+01
2.213209e+01
7.755009e+01
-8.909284e+01
1.678200e+01
4.690895e+01
5.674757e+01
1.003163e+02
-8.122568e+01
-3.512755e+01
-3.424644e+01
-7.587669e+01
4.123769e+00
5.063622e+01
1.428327e+00
-1.362476e+01
4.831215e+01
5.065528e+01
2.117439e+01
2.806131e+01
-2.652705e+01
-6.473004e+00
-2.943807e+01
-3.578297e-01
-2.253242e+01
6.873749e+01
4.293629e+01
1.274786e+00
2.144280e+01
-2.055280e+00
9.172467e-01
-6.676878e-01
9.311336e-02
3.226069e-01
-1.028352e-01
3.238184e-01
-1.163625e+00
-1.665972e-02
-5.828354e-01
-2.331765e-01
-1.749597e-02
-7.213926e-02
1.384510e-01
-1.702939e-01
3.000812e-02
6.616469e-02
-2.390468e-02
2.210325e-02
4.640180e-02
-6.159005e-02
1.244057e-01
2.176165e-01
-8.919555e-02
-2.643676e-02
1.088849e-02
7.825597e-02
-1.240929e-02
5.131006e-02
