-7.142521e-02
1.222633e+00
-1.913811e-01
5.518222e+01
1.740300e+02
-1.581578e+01
3.416394e-04
-3.257274e+04
-1.019999e+05
1.502360e+05
2.366428e+04
6.428087e+04
5.940633e+04
9.710351e+04
1.081827e+04
-3.620908e+04
-7.641648e+04
1.118820e+04
6.404217e+04
-7.797111e+04
-3.619137e+04
8.442126e+03
-1.118206e+04
1.883010e+04
1.004841e+04
-2.465208e+04
-2.708829e+04
4.508009e+04
-1.472295e+03
1.675342e+04
1.872848e+04
4.235854e+04
-1.431522e+04
-6.947366e+03
6.799346e+03
3.939831e+03
4.555405e+03
-1.563739e+04
1.055845e+04
-5.559168e+03
-2.426081e+03
-1.790863e+04
-1.138630e+04
-1.691421e+04
3.735445e+03
8.095530e+03
-5.463099e+03
5.041822e+03
-1.898015e+04
5.700135e+02
3.050836e+03
5.019475e+03
8.975204e+03
-1.381994e+03
2.547588e+03
7.260980e+03
5.449319e+03
3.050953e+03
-3.134543e+03
2.185660e+03
-3.621004e+03
7.229265e+03
3.246262e+02
-1.334038e+03
-3.363175e+03
9.079497e+02
4.585031e+03
1.246743e+03
-5.678344e+03
9.873237e+02
-5.677022e+02
4.742880e+02
1.803901e+01
1.972244e+03
5.201249e+02
-9.695272e+02
5.334955e+02
-1.443868e+03
-3.119321e+03
-1.703329e+03
-1.350969e+03
1.170171e+03
-5.617539e+02
2.207407e+03
1.015898e+03
2.636268e+03
-1.096170e+03
-1.611922e+03
-6.055013e+02
-6.078129e+01
-1.557159e+03
1.807799e+03
9.768992e+02
1.100080e+03
-1.145730e+03
8.668536e+02
1.842281e+03
-4.742321e+02
5.958896e+02
7.113425e+02
-2.494686e+03
6.796447e+02
-1.984450e+01
-6.603804e+02
6.229074e+02
-8.401711e+02
7.826082e+02
2.112300e+01
6.394505e+02
9.577167e+02
4.867627e+02
4.185423e+02
-4.046790e+02
5.242597e+02
1.881073e+02
-1.578343e+02
2.058274e+01
6.103086e+01
-3.633862e+01
2.709222e+02
7.313737e+02
5.809449e+02
-4.120362e+02
-4.414171e+01
3.557840e+02
-4.087220e+02
1.626201e+02
4.957462e+02
-2.239071e+01
-1.408227e+02
-6.642037e+01
3.143395e+01
3.094973e+02
1.820957e+02
4.717913e+00
-1.660939e+02
5.692641e+01
-2.517235e+02
-1.312382e+02
1.784208e+02
-1.419283e+02
1.329430e+02
-2.573549e+02
1.811643e+02
-7.777224e+01
-1.545553e+02
9.843572e+00
-7.603728e+01
-9.669846e+01
2.146404e+02
1.152715e+02
2.107440e+01
6.936139e+01
-1.307610e+02
1.377459e+01
1.088856e+02
5.642543e+01
-6.702624e+01
4.079661e+00
-1.997689e+02
7.853816e+01
-1.379919e+02
2.858689e+01
-3.217311e-01
-2.072792e+01
2.606994e+01
-2.409168e+01
1.295654e+02
-7.809142e+01
4.225454e+01
1.250526e+02
-1.105618e+01
-6.675916e+01
2.617640e+01
-1.044991e+02
-1.262156e+02
-2.559804e+01
-6.493706e+01
-3.813277e+01
2.707040e+01
-4.480775e+00
-1.141509e+01
-4.180487e+01
2.197005e+00
5.437162e+01
-2.364051e+00
8.447251e+01
4.842384e+01
-1.194617e+01
5.300061e+01
6.878478e+01
2.592032e+01
-7.720683e+01
-3.280332e+01
3.852041e+01
7.743213e+01
-2.563780e+00
-2.989533e+01
2.714064e-01
1.445788e+01
-6.182469e+00
-3.821776e+01
1.168191e+01
3.560269e+01
1.285468e+01
1.840718e+01
-2.521839e-01
8.412634e-01
-6.259496e-01
2.599601e-01
9.679524e-02
-1.565854e-01
-1.476462e-02
1.530131e-01
-2.717519e-01
-3.068575e-01
2.297589e-02
1.939268e-02
-3.300810e-02
-1.053658e-01
9.693663e-02
-1.925543e-01
-4.419052e-02
-1.869978e-02
5.003834e-02
-6.658747e-03
2.268842e-02
1.022531e-02
-2.412480e-02
-1.178175e-01
1.022390e-01
2.141518e-02
1.053035e-01
9.706609e-03
-3.627648e-02
