-5.304788e-01
-6.555604e-01
1.209373e-01
5.319111e+01
2.144206e+02
-2.079379e+01
3.521589e-04
-7.287562e+04
-3.022913e+05
3.036241e+05
-2.659526e+04
9.694613e+04
2.165585e+05
-1.475548e+05
7.209288e+04
-4.888725e+04
4.340086e+04
8.368625e+04
5.881948e+04
-2.397284e+04
1.905763e+04
5.308879e+04
-5.321310e+04
5.442638e+04
3.256291e+03
-6.272500e+04
-5.588753e+04
-1.604641e+04
-2.588817e+03
-2.161877e+03
-5.789732e+04
-3.766478e+04
-2.572749e+04
-3.551179e+04
4.275563e+04
6.231639e+03
-1.452718e+03
-3.052914e+02
1.126267e+04
-2.020905e+04
-2.904537e+03
-8.393856e+03
-1.935961e+04
1.815546e+04
5.068257e+03
5.276865e+03
7.046090e+03
1.936534e+04
-4.301827e+03
-4.541718e+03
1.099808e+04
4.357568e+03
-5.028008e+03
4.955149e+03
4.881526e+03
-8.660978e+03
3.316856e+03
1.525697e+03
-3.038280e+03
-3.002329e+03
-9.511771e+03
-1.360447e+03
-4.198826e+03
-3.069364e+03
-2.049395e+02
8.016327e+03
1.796110e+03
3.375443e+03
-8.609312e+03
-1.755444e+02
8.996760e+02
4.484491e+03
2.380811e+02
4.917176e+03
1.883961e+03
1.486617e+03
3.932961e+03
7.949545e+01
-3.686883e+03
-1.196900e+03
2.497472e+02
-1.506842e+03
-4.054821e+03
1.521636e+03
-1.815093e+03
5.030000e+03
1.368694e+01
9.724559e+02
-1.651534e+03
-1.849533e+03
3.860843e+02
-1.254774e+03
1.179594e+03
3.522016e+03
-5.682314e+02
2.368559e+03
1.816008e+03
4.421835e+02
1.638757e+02
1.533674e+02
-2.013835e+03
-1.165599e+03
1.336469e+03
-6.314866e+02
2.561371e+02
-7.760795e+02
1.311901e+03
-1.313567e+02
1.494538e+03
1.544327e+03
1.244586e+03
1.140360e+03
4.644431e+02
5.018540e+02
-7.529545e+02
3.707353e+02
-3.599795e+02
-1.473579e+02
-6.540535e+02
8.345351e+02
-3.083855e+02
2.443479e+02
-1.366172e+01
1.493190e+02
-1.834888e+02
-3.603157e+02
2.130812e-01
7.129073e+02
-1.354623e+02
-6.034702e+02
-2.091961e+01
3.858812e+02
3.248254e+02
1.019413e+02
1.164835e+02
-2.122495e+02
-3.712573e+02
4.122026e+01
-2.146474e+02
-4.450913e+02
2.069318e+01
6.206525e+01
9.330098e+00
3.180549e+02
2.773942e+02
-1.846841e+02
-2.975191e+01
-6.665925e+01
1.455451e+02
2.831414e+02
2.344148e+02
-1.496547e+02
-2.531357e+02
2.031353e+02
5.903630e+00
-1.781037e+01
-5.060542e+01
2.466647e+02
-2.676590e+02
6.681821e+00
2.777134e+02
-8.473801e+01
2.426274e+01
6.275678e+01
-1.635354e+02
-7.500692e+01
7.410366e+01
9.231738e+01
-1.028850e+02
2.177277e+01
3.684661e+01
1.783319e+02
1.303178e+02
-6.031505e+01
1.966209e+01
-1.614128e+02
-2.690726e+01
2.285343e+01
-1.725862e+02
6.625940e+01
1.084133e+02
1.102096e+02
-1.001625e+02
-1.905773e+01
2.618332e+01
8.551247e+01
6.650897e+01
7.962508e+01
-5.775147e+01
3.940649e+01
3.844646e+01
6.675684e+01
1.335462e+01
1.754594e+01
9.023914e+01
-1.583460e+01
-3.257479e+01
-4.931039e+01
1.125538e+01
9.620147e+00
4.125399e+01
-8.389127e+01
-5.647468e+01
-5.236396e+01
2.969135e+01
1.194017e+00
-9.662176e-02
5.829624e-02
1.093855e-01
-4.559565e-01
1.525059e-01
-8.689398e-01
-6.028156e-01
1.102631e+00
2.073274e-01
9.444503e-02
1.343941e-01
-1.580541e-01
2.862781e-02
1.273968e-01
3.670037e-01
-5.417044e-02
-1.144353e-01
1.218289e-01
1.649532e-01
-5.065090e-02
2.521704e-01
-1.443910e-01
-3.918338e-02
7.667749e-02
1.411316e-01
8.669025e-02
-9.556419e-02
-6.061463e-02
8.504755e-03
