2.706106e-01
8.623039e-01
-4.367649e-02
5.262222e+01
1.513162e+02
-1.988865e+01
3.445039e-04
8.017401e+04
-9.198032e+04
1.308089e+05
2.024562e+05
-7.086562e+04
1.233750e+05
-4.249213e+04
2.453223e+04
5.360782e+04
2.082583e+04
6.220764e+04
1.276410e+05
-1.269617e+04
-6.468156e+04
2.201846e+04
1.644411e+04
-7.007259e+04
1.317896e+04
-2.177783e+04
-4.542768e+04
-1.396945e+04
-2.689520e+04
-5.747452e+03
-1.795852e+04
-1.084029e+04
-2.080926e+04
5.643298e+03
-4.746115e+02
-1.022007e+04
-6.131231e+03
2.265329e+04
2.016851e+04
-1.269643e+04
3.673759e+03
7.900532e+03
-8.859593e+03
-1.055630e+04
1.570533e+04
-1.217188e+04
5.423790e+03
1.359160e+04
-7.279170e+03
3.898297e+03
-9.597896e+03
-5.914210e+03
1.757852e+03
-8.242444e+02
4.131585e+03
-2.316874e+03
-3.255858e+03
6.947695e+03
-2.940051e+03
-4.980825e+03
1.616695e+03
-2.588533e+03
2.082726e+01
-4.428040e+03
2.562638e+02
2.729635e+03
3.421400e+03
-4.430069e+03
-4.648115e+03
3.897047e+03
1.553703e+03
2.873079e+03
-1.041562e+03
1.674862e+03
-7.348837e+02
1.269510e+03
2.948297e+03
1.814102e+03
-2.821208e+03
-1.405187e+03
1.960597e+02
-1.267138e+03
1.501556e+02
4.881676e+02
1.632728e+03
2.798748e+03
4.104784e+02
-6.566512e+02
1.223757e+01
-3.251425e+02
-1.736554e+03
-8.646240e+02
1.283954e+03
2.502865e+02
-9.331018e+02
1.154092e+03
8.517868e+02
1.824975e+02
9.573091e+02
1.346792e+03
-6.795475e+02
7.296479e+02
-5.825683e+01
-6.631533e+02
-2.590257e+02
-9.706063e+01
1.073796e+03
-9.443629e+01
2.041984e+02
-3.967663e+01
-1.089849e+02
-1.233930e+02
-2.299601e+02
6.148256e+02
1.229982e+01
4.893255e+02
5.115838e+02
3.806356e+02
-1.980841e+02
3.992294e+02
-6.948018e+02
-7.548533e+02
1.090718e+02
1.312419e+02
-3.719661e+02
-1.067779e+01
2.056198e+02
7.305224e+02
-1.245105e+02
6.162320e+01
4.824911e+01
2.061902e+02
8.185105e+02
1.714449e+02
1.323688e+02
-2.056687e+02
3.323795e+02
-7.753595e+01
7.868979e+01
-3.793624e+01
2.499349e+01
4.085310e+02
6.993792e+01
1.757467e+02
1.746427e+02
-8.390308e+01
-5.233684e+01
-1.807804e+02
3.385450e+02
-1.599269e+02
-8.394273e+01
-6.621622e+01
1.369330e+02
5.735891e+01
-1.251451e+02
-2.281756e+02
1.217625e+02
6.636124e+01
-2.081376e+02
1.876341e+01
1.790438e+02
1.075551e+01
9.887390e+00
4.415901e+01
8.092783e+01
-9.749133e+01
-1.288325e+02
4.771669e+01
8.847004e+01
6.454936e+01
9.089356e+01
9.587746e+01
-8.793279e+01
8.753463e+00
1.565075e+02
-1.530545e+02
5.529244e+00
-1.477891e+02
-5.228564e+01
1.315676e+02
-1.064154e+01
1.730763e+01
2.004140e+01
5.595681e+01
3.748578e+01
-1.104270e+02
-3.751381e+01
-1.247958e+01
2.424925e+01
3.324572e+00
6.807694e+01
3.397457e+01
-4.755469e+01
1.920184e+01
8.997997e+01
-5.141184e-01
1.733646e+01
-4.113949e+01
1.377209e+01
-3.639992e+01
2.980943e+01
-1.206493e+00
3.233439e+01
2.938996e+01
3.287046e+01
1.422048e+01
1.146919e+00
1.188171e+00
-9.507002e-01
3.405494e-01
-1.347103e-02
-2.805838e-01
4.732441e-01
3.960136e-01
-2.057963e-01
-2.375037e-01
-2.981172e-01
1.249060e-01
1.445121e-01
3.464157e-03
-2.133276e-01
-3.312051e-02
-8.641125e-02
-6.257262e-02
-7.030641e-02
-5.818821e-02
-1.133366e-01
-1.919715e-02
-5.570643e-02
-4.373021e-02
2.513517e-02
1.178238e-01
-1.633345e-01
-5.496140e-02
5.604973e-02
