-3.885565e-01
-6.786727e-01
3.343199e-01
5.148444e+01
2.010179e+02
-2.078343e+01
3.431551e-04
-1.508960e+05
-1.529422e+05
1.641819e+05
1.046907e+05
-5.713105e+02
1.550695e+04
-1.399589e+05
2.931070e+04
-1.647664e+05
1.450297e+04
-1.614590e+05
6.796150e+04
-4.764417e+03
-9.338067e+04
3.866099e+04
1.070876e+04
-1.646577e+04
8.772933e+03
-2.606332e+04
-4.672923e+04
-8.021808e+03
-3.189622e+04
9.541219e+03
-2.989696e+04
1.089330e+04
1.361756e+04
-3.331965e+04
1.292441e+04
-2.986882e+03
1.119231e+04
-1.960124e+03
3.463424e+03
-4.973881e+03
-6.638879e+03
-4.072694e+03
2.395235e+02
3.396803e+03
1.018097e+04
-3.933868e+03
-1.704883e+03
1.271286e+03
-1.998448e+03
-2.905867e+03
8.709709e+03
-1.112278e+03
5.815715e+03
-3.713016e+03
-1.399568e+04
-1.781734e+03
7.132867e+01
4.869469e+03
-1.523947e+03
-1.229426e+04
5.550291e+02
-6.085260e+03
-3.261976e+03
-4.137999e+03
1.613986e+03
5.365481e+03
7.933075e+03
2.025313e+03
-4.518633e+03
1.556773e+03
1.640487e+03
3.372862e+02
-2.077908e+03
4.017581e+02
2.003131e+03
4.006229e+03
2.468244e+03
2.331718e+02
-4.672906e+03
-3.004761e+02
7.321870e+02
5.791058e+02
1.221643e+02
7.401146e+02
4.303203e+03
8.935286e+02
-2.611143e+03
-3.455218e+02
-1.363955e+03
1.185432e+03
-1.146858e+03
4.045160e+01
2.060207e+03
1.627242e+03
-2.560935e+03
3.096138e+02
1.264919e+03
9.825374e+02
1.138771e+03
-2.948910e+02
-3.313948e+02
2.744890e+02
-1.606713e+03
-9.289404e+02
1.123577e+03
4.899578e+02
4.632459e+02
3.059548e+02
4.362466e+02
1.212724e+03
-7.483907e+02
1.427563e+03
-7.800497e+01
1.162779e+03
7.825578e-01
-5.073415e+02
-6.484935e+01
-2.402733e+01
-4.163509e+02
2.836277e+02
-7.938187e+02
-1.187540e+02
-7.764954e+02
3.132204e+02
9.005321e+01
1.016271e+02
-1.070269e+02
3.990761e+02
-2.949726e+02
-2.124391e+02
2.372922e+02
2.133441e+02
4.076230e+02
2.300627e+02
-3.827033e+02
1.702842e-01
7.032687e+02
-2.740894e+02
2.229489e+02
4.298209e+02
-1.863281e+02
-1.155025e+02
-1.996567e+00
-3.417934e+01
-1.258697e+02
1.520796e+02
4.792477e+01
-1.597864e+02
1.892966e+02
2.015311e+02
-1.381051e+02
2.164246e+02
3.322679e+02
7.400758e+01
-3.646843e+02
-1.784274e+02
1.477682e+02
1.823587e+02
-1.535625e+02
-1.704153e+02
1.760583e+02
1.031503e+01
7.221197e+01
-5.784293e+01
1.030774e+02
-1.410970e+02
3.689013e+01
-4.932083e+00
1.327742e+02
1.822682e+02
1.619077e+02
8.633273e+01
-2.905898e+01
1.178423e+02
4.660549e+01
1.496747e+01
6.503647e+00
-1.710306e+01
4.234634e-01
5.206786e+01
1.279159e+02
-9.959987e-01
2.706374e+00
4.813538e+01
2.814921e+01
3.092297e+00
2.744201e+01
-1.030857e+01
-5.416203e+01
5.619331e+01
1.406668e+00
3.864030e+01
-1.714058e+01
1.469526e+01
2.800801e+01
-8.660964e+00
-3.098359e+01
-3.993469e+01
-2.758654e+01
3.621515e+01
1.496046e+01
-4.414352e+01
5.565693e+01
-4.705954e+01
3.352867e+01
3.077403e+01
-1.756422e+00
1.910556e+00
-1.058740e+00
5.710685e-01
-1.718268e-01
-1.042056e-01
3.491682e-01
-7.868925e-01
-1.492058e-01
-9.180740e-01
-2.131047e-01
-5.477473e-01
5.660317e-01
1.427514e-01
-1.152160e-01
1.012108e-01
8.515535e-02
1.388584e-02
1.232003e-02
-1.072293e-01
-3.347320e-02
7.120117e-02
-1.514567e-02
-5.568556e-02
-1.562800e-02
3.151236e-02
1.409467e-01
-9.659521e-02
-1.151379e-01
