-3.234803e-01
1.261307e+00
1.584086e-01
5.404445e+01
1.870397e+02
-1.103477e+01
3.432937e-04
-1.846808e+05
-4.708195e+05
2.067355e+05
2.746618e+05
1.389857e+05
1.858004e+04
-1.084033e+05
8.292601e+03
-1.099151e+05
3.424471e+04
-1.373756e+05
-1.151789e+04
-5.317114e+04
-5.962841e+04
-68507
1.283268e+04
-7.452591e+04
-1.921740e+04
-3.641008e+04
1.239682e+03
2.123135e+04
-2.840071e+04
-1.093621e+04
-1.398902e+05
-5.160666e+03
-1.485258e+03
-4.515649e+04
4.241786e+04
2.719520e+04
2.600989e+04
2.094277e+04
-7.881116e+03
-6.959383e+03
-1.612757e+04
4.302993e+03
-2.136473e+04
-1.017732e+04
2.150863e+04
9.785727e+03
-8.574322e+03
4.576152e+03
-1.596342e+04
-1.060973e+04
1.052762e+04
-3.350153e+03
5.701636e+03
-5.280560e+03
-1.322883e+04
9.846717e+03
4.635084e+03
1.189779e+04
-3.444199e+03
-1.408778e+04
-4.421850e+03
5.157440e+03
-1.415011e+03
-6.742559e+02
1.194435e+03
4.987281e+03
6.194306e+03
6.196992e+03
-4.510837e+03
4.046855e+03
3.900943e+03
2.579731e+02
-4.337588e+03
-3.024679e+03
1.380689e+03
2.253945e+03
1.214295e+03
1.691482e+03
-5.809350e+03
2.051103e+02
-9.943587e+02
1.523246e+03
-2.682640e+03
-1.534612e+02
3.927949e+03
9.560273e+02
1.200202e+03
-4.977830e+02
-1.195399e+03
-1.305661e+03
6.053145e+02
-8.850724e+02
2.614345e+03
1.535750e+03
-1.506302e+03
1.800293e+03
1.193098e+03
4.873588e+02
6.887552e+02
2.861890e+02
-1.738466e+02
-1.665421e+02
-1.707292e+03
-2.440838e+03
1.280997e+03
2.621266e+02
1.750979e+03
-2.597906e+02
7.745304e+02
8.087540e+02
-7.688491e+02
2.220073e+03
3.977559e+02
9.043580e+02
-4.436744e+02
-6.252231e+02
-2.765164e+02
-2.119891e+02
-4.523586e+02
-9.242307e+01
-2.075656e+02
9.227180e+01
-6.235150e+02
8.819593e+02
1.038799e+03
-3.059715e+02
-2.392071e+02
2.731104e+00
-2.126731e+02
-6.098987e+02
7.781650e+02
2.434572e+02
-1.493226e+02
1.158370e+02
-3.804720e+02
1.846491e+02
1.003119e+03
-3.556569e+02
9.057641e+01
5.056985e+02
4.609122e+01
-5.728125e+01
-3.662967e+00
-8.897209e+01
-1.745003e+02
2.318944e+02
2.355030e+02
-3.845735e+02
-1.411435e+02
3.692494e+02
-1.468306e+01
2.810715e+02
5.045112e+02
9.674744e+01
-1.969030e+02
-1.985247e+02
4.170338e+01
1.669018e+02
-2.902456e+02
-2.415492e+02
1.487144e+02
-8.079875e+01
2.444462e+02
-3.602771e+01
2.272859e+02
-1.973854e+01
2.463250e+01
3.766074e+01
-4.046016e+01
2.469344e+02
1.463554e+02
4.892689e+01
6.653394e+01
7.280891e+01
-1.257628e+01
4.454736e+01
-6.288358e+01
2.882813e+01
1.683469e+01
-7.441433e+01
4.074741e+01
1.323797e+02
7.375733e+00
-3.857688e+01
8.918772e+01
-5.649338e+00
1.100423e+02
-2.367345e+01
-6.573953e+01
7.266071e+01
-2.589658e+01
7.015058e+01
-3.068101e+01
7.134299e+01
-2.981588e+01
3.601097e+00
-7.926199e+01
-6.027309e+01
-1.842204e+01
2.298605e+01
-4.849997e+00
-7.632677e+01
2.260705e+01
-4.436032e+01
6.015501e+01
4.381904e+01
-2.811712e+00
4.057941e+00
-1.021383e+00
1.402785e+00
1.061841e-01
-1.011581e-01
3.497230e-02
-1.157245e+00
-8.208635e-02
-6.046458e-01
-2.314713e-01
-9.152086e-01
-4.989634e-02
2.133842e-01
-2.413693e-02
-1.297454e-01
-2.394025e-02
5.580680e-02
6.068536e-02
-1.273103e-01
2.001231e-01
1.944516e-01
-7.878429e-03
-3.679002e-02
6.481627e-03
6.420482e-02
2.506844e-02
-1.543616e-01
3.103992e-02
