-1.086998e-01
-8.006450e-01
-8.350784e-02
5.006222e+01
1.752042e+02
-1.769554e+01
3.369352e-04
1.673844e+05
-1.699112e+05
2.666202e+05
6.493256e+05
1.650299e+04
6.407567e+04
1.845990e+04
1.077352e+04
1.725024e+05
1.304228e+05
5.516225e+04
-1.781248e+04
-2.834535e+04
-3.976709e+04
-3.880395e+04
3.895366e+04
-5.185684e+04
2.567137e+04
-5.100659e+04
-2.436891e+04
1.686320e+04
-1.405350e+04
5.135132e+04
-5.011770e+04
-7.328086e+03
2.297622e+04
-3.020033e+04
1.558417e+04
5.260750e+03
9.464525e+03
1.754372e+04
-4.778312e+03
-2.435715e+04
-5.305663e+03
2.027579e+04
-2.240256e+04
7.641955e+03
2.555809e+04
-1.406851e+04
-1.838595e+04
1.345362e+04
2.452837e+03
1.183189e+03
-2.268732e+03
6.146485e+03
-1.128468e+03
3.556650e+03
-9.806938e+02
9.329379e+02
-4.901419e+03
8.258920e+03
-3.254926e+03
-7.350063e+03
7.317589e+02
-4.404140e+03
-1.231973e+03
-5.479591e+03
1.828083e+03
2.268772e+03
1.612304e+03
-8.675149e+03
-5.512979e+03
4.879538e+03
4.439941e+03
4.955190e+02
-5.407513e+03
2.503410e+03
-6.917050e+02
3.752701e+03
2.779304e+03
3.858940e+03
-2.716063e+03
-8.526605e+02
6.034564e+02
-1.680641e+02
7.071107e+02
1.582734e+02
1.414557e+03
2.856147e+03
-2.059394e+03
1.533512e+03
-2.028669e+02
-1.011945e+03
-9.409138e+02
-1.926156e+03
2.193696e+03
1.307184e+03
-9.295784e+02
6.385734e+02
-2.407877e+02
8.926921e+02
-2.453629e+02
1.076073e+03
-3.867917e+02
6.473207e+01
-4.623799e+01
-3.926427e+02
2.450567e+02
-4.583160e+01
1.046009e+03
-8.631841e+02
-7.690127e+01
4.595342e+02
-1.003382e+03
1.170393e+03
1.747614e+02
9.502960e+02
-8.591047e+02
-2.687922e+02
6.370795e+01
1.293696e+02
-1.421743e+01
7.137031e+01
-4.460166e+02
-9.945281e+02
-2.102481e+02
7.902307e+02
-2.739738e+02
-7.199119e+01
2.542193e+02
5.772486e+02
2.763562e+02
1.583668e+02
5.862798e+02
3.857379e+02
7.384132e+02
1.822896e+02
3.076700e+02
2.399392e+02
3.829891e+02
1.209582e+02
-8.150457e+00
1.512049e+02
2.034319e+02
1.097360e+02
-1.764843e+01
-1.773008e+01
1.427742e+02
3.289419e+01
-1.337025e+02
-1.514331e+02
4.282577e+02
8.863923e+01
-1.177298e+02
-2.143971e+02
2.723265e+02
2.657488e+02
-4.046368e+02
-1.428005e+02
3.730161e+02
1.005897e+02
-2.691169e+02
-8.026782e+01
1.865087e+02
5.780272e+01
1.149396e+02
1.417134e+02
2.152561e+02
-1.222847e+02
-1.509150e+01
-3.581471e+01
8.144629e+01
9.955979e+01
3.875390e+01
7.007319e+01
-1.049171e+02
-6.056200e+01
9.328822e+01
-3.115305e+01
-1.274411e+01
-7.164419e+01
-9.992608e+01
5.507082e-01
-4.933579e+01
3.475080e+01
7.298869e+01
4.871936e+00
-2.230690e+01
-5.878700e+01
-4.246615e+01
-9.408556e+01
7.710724e+01
2.830658e+01
1.360767e+01
-2.458390e+01
-9.556297e+00
7.222679e+01
7.963873e+01
-4.397992e+01
-6.337175e+00
-7.824724e+01
1.338093e+01
-1.225363e+01
2.428744e+01
-1.779311e+01
-2.582071e+01
3.026335e+01
3.720535e+01
1.061772e+01
2.531809e+00
-2.515574e-01
-1.529428e-01
1.792491e-01
5.712948e-02
-7.945008e-02
5.163935e-01
3.201471e-01
-1.025457e-01
-8.876865e-02
-9.679217e-01
-7.765693e-01
-7.040288e-02
1.571848e-01
-3.664556e-01
1.371932e-01
-2.007005e-02
1.409270e-01
1.458587e-01
-4.668275e-01
2.131536e-01
-7.067672e-02
-6.573955e-02
4.669183e-02
-3.108934e-01
-4.257913e-02
-8.810309e-03
-1.437541e-01
1.286417e-02
