-2.262577e-01
1.128523e+00
-5.262580e-01
5.091555e+01
1.805820e+02
-1.421931e+01
3.322197e-04
-4.926391e+05
2.573221e+04
3.271954e+05
-1.115711e+05
3.959357e+05
-1.532055e+05
-6.048298e+04
1.788321e+05
-1.664418e+05
9.725954e+04
-1.461549e+05
-1.024364e+05
1.429248e+05
-1.649297e+04
1.221656e+05
9.001733e+04
3.158553e+04
5.315313e+04
-1.432980e+04
1.109460e+05
-1.298076e+04
6.112091e+04
4.633066e+04
-3.176160e+04
-5.812721e+03
-1.757938e+03
-5.983017e+04
5.133099e+04
9.434841e+03
4.740407e+04
-9.309878e+03
-2.944271e+04
3.302143e+04
8.997836e+03
-2.973103e+04
-4.290566e+04
-3.062729e+03
-6.014510e+03
-2.353835e+04
1.519893e+04
3.933674e+03
-9.679051e+03
-1.018159e+04
2.383862e+04
-1.629451e+03
3.567476e+03
-6.876965e+03
-1.598923e+04
1.442563e+04
4.482006e+03
2.179960e+03
-2.952595e+03
-2.236719e+04
-4.543592e+03
-2.288642e+02
-2.954209e+03
-1.842318e+03
6.065280e+02
2.713407e+03
1.470956e+03
1.557020e+04
-5.913723e+03
8.610766e+02
-8.732401e+02
-9.555905e+02
2.658925e+03
-3.753863e+03
-6.260977e+02
-1.006334e+03
-1.604755e+03
-3.905708e+03
-6.877639e+03
5.724153e+02
-3.244459e+03
-4.879812e+03
4.624023e+02
-3.514669e+02
6.326864e+03
-2.138734e+02
-5.275161e+03
7.967096e+02
9.022173e+02
-1.672750e+03
1.456620e+03
1.801283e+03
7.899949e+02
3.595268e+03
-1.414716e+03
-1.654082e+03
1.443784e+03
8.485120e+01
-2.463248e+03
-8.090685e+02
-1.407422e+03
-1.639382e+03
-8.898514e+02
-2.775046e+03
1.203675e+03
-1.097277e+02
4.045423e+02
1.659093e+03
1.207050e+03
2.775267e+03
9.444211e+02
1.469722e+03
-9.187564e+02
1.068225e+03
7.439833e+02
-1.993992e+03
-2.433685e+02
-2.381958e+03
-1.388192e+03
1.030099e+03
6.672794e+02
7.830544e+02
-1.180954e+03
2.156934e+02
1.247953e+03
-7.456299e+02
-1.624750e+02
-1.137602e+03
1.488281e+01
-5.723169e+02
3.655469e+02
1.394560e+01
-6.055381e+02
1.303350e+02
-8.209738e+02
1.956479e+02
4.887881e+02
-8.413113e+02
-3.644400e+02
4.413369e+02
-4.302377e+02
-8.358787e+02
2.424878e+02
3.009771e+02
-2.332842e+02
-5.181237e+01
-1.520253e+02
-2.258999e+02
-1.033559e+02
5.050047e+00
6.762234e+02
5.169343e+02
8.312269e-01
-3.583070e+02
-1.923647e+02
1.297381e+02
2.037274e+02
2.053228e+02
-1.899333e+02
1.166173e+02
5.123047e+02
-5.768827e+01
1.569829e+02
-7.752200e+01
-3.321359e+02
-7.616440e+01
1.819245e+02
-2.207481e+01
-4.129106e+02
1.203772e+02
1.924678e+02
1.354547e+02
3.246324e+02
1.090035e+02
-4.909506e+01
-2.524430e+01
2.614183e+02
1.672663e+02
1.263051e+02
3.307346e+01
3.869945e+01
-4.167846e+01
-6.604257e+01
-1.394973e+02
9.744212e+01
-7.560243e+00
1.442720e+02
8.710105e+01
-2.260972e+02
9.003509e+00
1.701030e+01
1.638654e+01
6.120570e+01
-5.898217e+01
-1.233157e+02
-8.857826e+01
-2.297110e+01
9.915073e+01
-1.945441e+01
1.604502e+02
-4.214001e+01
-7.511362e+01
4.566748e+01
-7.422311e+01
-1.051224e+01
7.002145e+01
-3.947349e+00
-9.041995e-01
2.844087e-01
4.703984e-01
-4.686396e-01
-2.248959e-01
-5.255094e-01
-5.687281e-01
-1.329299e-01
2.192784e-01
1.301308e+00
-5.914112e-01
2.624060e-01
-4.402975e-02
-5.127693e-02
1.557750e-01
1.454191e-01
1.725952e-01
5.526908e-02
8.090964e-03
-2.725423e-01
5.039389e-01
-1.592202e-01
-5.640552e-02
6.477083e-02
-2.802914e-02
3.240665e-01
-3.599618e-02
-1.622800e-01
