-4.441085e-01
-1.095412e+00
1.030016e-01
4.835556e+01
1.901400e+02
-1.408872e+01
3.310930e-04
-2.812627e+05
2.102262e+05
6.752865e+04
-5.309018e+04
2.437532e+05
-9.694891e+04
-4.014630e+04
1.583902e+05
-2.017125e+05
-4.808018e+04
-1.530984e+05
-1.151045e+04
1.212930e+04
3.044380e+02
-4.820079e+04
4.269561e+04
3.429048e+04
-1.666458e+04
-3.247805e+04
2.633753e+04
-3.218769e+04
2.075177e+03
-7.432793e+03
-2.660264e+04
3.542818e+04
-3.713235e+02
-3.754851e+03
5.344566e+03
-2.192691e+03
1.375797e+04
2.004415e+04
-2.927534e+04
4.117029e+03
-1.399929e+04
-1.363415e+04
-1.696511e+04
-4.918109e+02
1.534348e+04
-1.128480e+04
1.366018e+04
-2.288688e+02
3.320576e+03
-3.415065e+03
1.527844e+04
4.147448e+03
2.288259e+03
1.126674e+04
-5.712263e+03
3.682713e+03
7.881617e+03
9.622994e+03
-1.446652e+03
-6.028920e+03
-2.988345e+03
4.022608e+03
8.559569e+02
4.380485e+02
2.939641e+02
5.059140e+02
2.678130e+02
5.529378e+03
-3.933772e+03
5.247198e+03
6.018109e+02
4.083854e+03
8.316207e+02
-3.094871e+03
-2.682493e+03
-2.089305e+03
-1.524580e+03
-1.791522e+02
-4.884988e+03
-6.869246e+02
-9.510120e+02
-1.401921e+03
-1.989555e+03
1.238304e+02
3.985510e+03
4.413256e+02
-2.692591e+03
-1.296852e+02
-1.595058e+03
3.080813e+02
1.932109e+03
-8.290250e+02
7.642728e+02
1.558423e+03
-1.253602e+03
-2.991423e+02
1.021993e+03
7.203860e+02
-1.194902e+03
-3.861134e+02
-8.323967e+02
-4.487132e+02
7.836185e+02
-4.173652e+02
1.371093e+02
-8.271375e+02
-2.292863e+02
1.731385e+03
4.035378e+02
1.640075e+03
2.890727e+02
1.014143e+03
-4.413845e+02
4.992260e+02
-2.066356e+02
-7.718395e+02
-3.569613e+02
-5.960123e+02
-5.310350e+02
3.399930e+02
2.630247e+01
3.761512e+02
-4.395857e+02
1.620523e+02
7.486095e+02
-1.540766e+02
-1.365499e+02
-6.304260e+02
-5.521461e+01
1.793905e+02
3.754745e+02
2.644838e+02
-4.563530e+02
2.341083e+02
-1.921383e+02
1.249709e+02
5.474530e+02
-7.783038e+01
2.343177e+02
-5.344787e+01
-9.697591e+01
-5.547192e+02
9.880728e+00
3.261034e+02
-1.436047e+01
3.852552e+02
-1.045272e+02
-6.866663e+01
-1.001022e+02
-4.826434e+01
3.794438e+02
2.121446e+02
-8.181665e+01
-8.070128e+01
-3.927978e+01
2.572277e+02
4.101471e+01
1.713652e+02
-4.716464e+01
7.981754e-01
1.606770e+02
5.830341e+01
-5.360783e+01
6.943130e+00
-1.621686e+02
-1.006438e+02
-5.789877e+01
8.313357e+01
-2.059429e+02
-2.862322e+01
6.466016e+01
4.297206e+01
1.218095e+02
5.273909e+01
-1.773266e+02
-8.260329e+00
8.968698e+01
9.615264e+01
-3.458687e+01
-8.532541e+01
-5.216497e+01
2.077523e+01
-1.609561e+01
-3.767151e+01
3.795918e+01
2.237239e+01
1.155471e+02
4.768598e+01
-1.610445e+02
-5.344294e+01
2.902957e+01
-6.965788e+00
4.423779e+01
6.831789e+01
-4.416693e+01
-4.604836e+01
-2.454271e+01
3.881985e+01
-1.467313e+01
3.138976e+01
3.007093e+00
-4.890646e+01
-5.242008e+00
-1.171587e+01
1.464106e+01
2.686501e+01
-2.158336e+00
-1.570742e+00
5.050651e-01
-5.864191e-01
4.905355e-02
-1.943443e-01
-7.487085e-01
-9.569559e-01
-1.621080e-01
1.726102e-01
4.710295e-01
-3.716644e-01
1.006661e-01
1.104164e-01
7.806168e-02
3.262474e-01
6.285083e-02
-1.188854e-01
-2.542201e-02
-1.323753e-01
-1.032885e-01
1.020130e-01
7.097640e-03
-1.117056e-01
-6.737202e-02
2.226448e-02
-4.329085e-03
4.541627e-02
-1.290052e-02
