-2.080881e-01
6.804653e-01
-3.082964e-02
4.693333e+01
1.928920e+02
-2.168340e+01
3.517984e-04
-7.481378e+04
6.840084e+03
-6.545619e+04
-1.270194e+05
-2.784807e+05
9.349708e+04
-2.068134e+05
1.630633e+05
-1.485402e+05
1.243758e+05
3.534349e+04
1.538051e+05
-1.368463e+05
-4.502643e+04
-4.647915e+04
7.502325e+04
3.579550e+04
-3.364738e+04
-4.973434e+04
1.628458e+04
-1.852059e+04
-3.644528e+04
-2.836864e+03
-5.847042e+04
-1.678889e+04
-8.288583e+03
-3.686700e+04
2.484562e+04
2.387130e+04
4.982010e+04
2.031494e+04
7.961417e+03
-1.584478e+04
-1.721346e+04
-1.015777e+04
-1.852230e+04
-2.821029e+04
9.501344e+03
-3.775247e+03
1.248676e+04
2.467697e+03
-1.615132e+04
-1.493909e+04
6.054866e+03
3.005656e+03
5.172644e+03
5.998030e+03
-1.350621e+04
1.242910e+04
4.423380e+02
1.448913e+04
-6.464394e+03
-7.665850e+03
-4.424425e+03
-3.421839e+02
1.274146e+03
-7.589161e+03
5.810579e+03
2.863157e+03
6.914016e+03
4.277928e+03
-1.749200e+03
3.056345e+03
7.964760e+03
1.404633e+03
1.997777e+02
-2.606470e+03
-1.769044e+03
3.482486e+02
3.082543e+03
4.323895e+03
-8.147172e+03
-1.960485e+03
-6.839930e+02
1.546543e+03
-3.362028e+03
8.541304e+02
3.666563e+03
1.233940e+03
-7.746238e+01
1.025402e+03
9.892966e+02
6.209937e+01
1.012050e+03
-1.991801e+03
2.636455e+03
2.722031e+03
-1.507279e+03
2.371666e+03
2.168354e+03
8.413608e+02
-7.295342e+02
6.301264e+02
-1.629917e+03
-1.766497e+02
2.146935e+02
-6.751816e+02
1.430819e+03
-4.768405e+02
1.200569e+03
-6.694122e+02
2.488120e+01
8.922043e+02
5.336127e+01
1.990505e+03
-9.882158e+02
4.427249e+02
6.626370e+01
-3.965840e+02
5.792258e+02
-3.304259e+02
-6.949800e+02
2.638492e+02
-1.089322e+03
-5.778572e+02
-1.339255e+02
4.568569e+02
5.286195e+02
-3.246216e+02
-1.671626e+02
1.605220e+02
5.969736e+01
-1.319090e+01
3.074604e+02
2.314694e+02
4.174212e+02
5.667858e+02
-3.615454e+02
5.913608e+01
8.486414e+02
-1.319171e+02
7.433158e+01
4.815233e+01
3.043979e+01
-1.014902e+02
-5.913350e+01
2.274598e+02
-2.631189e+01
6.367855e+01
-1.391328e+02
-3.373169e+02
1.443234e+02
3.921733e+01
-5.569510e+01
6.929142e+01
2.404892e+02
1.972132e+02
-2.042567e+02
-1.757274e+02
5.254029e+01
3.520389e+02
-3.335676e+02
-2.124472e+01
3.254223e+02
8.862594e+01
3.276794e+01
2.219902e+02
9.186285e+01
-7.101306e+01
-1.306912e+02
1.463056e+02
-3.920487e+01
-3.249620e+01
-7.284576e+01
1.274053e+02
3.515546e+00
6.855576e+01
-4.020769e+01
-6.593117e+01
-8.519940e+01
-8.616107e+01
-4.812772e+01
-4.501074e-01
-1.266890e+02
-6.146743e+01
4.458865e+01
8.371694e+01
9.540524e+01
-1.191505e+02
3.819387e+00
-4.237732e+01
-1.141178e+02
-1.900026e+01
2.238220e+01
1.044285e+01
-1.509431e+01
2.563622e+01
4.299183e+01
-1.259912e+01
-2.936860e+01
2.957459e+01
2.516386e+01
1.894547e+01
2.129262e+01
-2.222899e+01
6.893761e+01
1.354631e+01
-1.790346e+01
2.496515e+01
-1.421142e+00
2.127046e+00
-9.730341e-02
3.713730e-02
3.835669e-01
-2.192087e-02
7.599460e-02
-8.249675e-01
7.769220e-02
-1.914715e-02
-4.069635e-01
-1.455466e-01
-8.785037e-02
-1.369768e-01
-5.073044e-03
1.764590e-01
-2.941019e-04
8.120786e-02
-3.552612e-02
-2.334645e-01
-1.858053e-01
1.047717e-01
4.472166e-02
-9.638098e-02
-3.451081e-01
2.191706e-02
1.051886e-01
-9.339628e-02
1.057132e-01
