-1.400830e-01
-9.211359e-01
4.487708e-01
5.091555e+01
1.773184e+02
-2.073885e+01
3.416268e-04
-2.087558e+05
-1.602862e+05
2.013188e+05
7.254366e+04
9.516066e+04
1.803611e+04
-1.813734e+05
1.070571e+05
-1.499013e+05
7.356790e+04
2.624779e+04
1.968078e+04
-1.019160e+05
-4.226492e+04
6.061709e+04
-9.724367e+03
-4.783302e+04
-1.593254e+04
-4.444596e+03
7.630815e+02
-1.894753e+04
-3.179511e+04
-1.817072e+04
-4.922835e+04
-2.103509e+04
-2.488479e+03
-2.699170e+04
4.165498e+04
1.654600e+04
2.197363e+04
1.435299e+03
-9.106920e+03
-1.639195e+04
7.944870e+03
-1.910855e+04
-1.140762e+03
-3.962706e+02
8.289742e+03
7.245132e+03
9.322936e+03
6.361815e+03
-1.571924e+03
6.392116e+02
3.696558e+03
-4.932852e+03
1.129869e+04
-6.043463e+03
-7.609014e+03
4.708892e+03
2.741456e+03
1.129079e+04
-2.998841e+03
-1.212083e+04
-7.914841e+02
-2.631124e+03
4.499732e+02
-7.394021e+02
2.823833e+03
5.928542e+03
6.427247e+03
6.141589e+03
-2.034206e+03
3.487067e+03
6.889968e+03
3.540165e+03
-1.497581e+02
8.664517e+02
1.036317e+03
3.099095e+03
1.439715e+03
1.729211e+03
-6.832239e+03
-7.143665e+02
2.182096e+03
-6.029498e+02
-2.154134e+03
6.792653e+02
5.243068e+03
1.385325e+03
-8.224584e+02
-8.370141e+02
-6.016068e+02
1.111957e+01
1.157840e+03
-8.394656e+02
1.609201e+03
1.971631e+03
-2.386703e+03
7.489294e+02
1.204362e+03
1.433321e+03
-1.275768e+02
-8.724532e+02
-4.861653e+02
-1.112627e+03
-3.259145e+02
-7.808629e+02
1.333328e+03
-6.046456e+02
2.673711e+02
3.460638e+02
2.308491e+02
8.411584e+02
-1.354649e+03
1.644723e+03
-5.493014e+01
8.004294e+02
2.891057e+01
-3.223674e+02
-6.455566e+02
1.459444e+02
-6.272261e+02
3.849337e+02
-7.448327e+02
-1.585806e+02
-4.734490e+02
3.916600e+02
2.642776e+02
-1.730672e+02
-1.813866e+02
3.320624e+02
-3.522201e+02
-6.815048e+02
5.396299e+02
-6.504119e+01
8.845934e+01
2.043200e+02
-3.812100e+02
4.949935e+01
7.744993e+02
-2.707312e+02
5.622152e+01
2.611751e+02
-9.440361e+01
-2.155490e+02
2.633118e+02
2.458612e+01
-4.682432e+01
1.955110e+02
-2.111103e+01
-1.672346e+02
1.041945e+01
1.468451e+02
4.117095e+01
1.866694e+02
2.244319e+02
6.065401e+01
-1.962489e+02
-1.535914e+02
-5.642589e+01
2.474257e+01
-2.096929e+02
-2.972658e+01
7.834711e+01
7.084523e+00
4.341762e+01
1.997112e+01
-2.923704e+01
-5.509848e+01
-1.606238e+01
2.587755e+01
2.579391e+01
8.477853e+01
2.472953e+01
1.393969e+02
4.617417e+01
8.152213e+01
-2.176169e+00
2.948562e+01
-1.833291e+01
6.776089e+01
-3.339771e+01
-1.811679e+01
6.904152e+01
-1.007084e+00
4.106004e+01
5.026373e+01
5.189345e+01
8.197551e+00
6.826442e+01
2.409442e+01
-4.246415e+01
6.243758e+01
-4.508598e+01
6.248927e+01
2.847949e+01
2.812804e+01
-2.424138e+01
-4.935731e+01
-4.834371e+01
8.384188e+00
-3.480706e+01
4.737007e+01
3.120944e+01
-6.626855e+01
1.465547e+01
-5.601891e+01
3.232298e+01
1.194703e+01
-1.712306e+00
2.726678e+00
1.442665e-01
1.741231e-01
-9.616956e-03
-4.271659e-02
7.938122e-02
-7.280785e-01
4.728186e-03
-6.454468e-01
3.394952e-02
-3.878574e-01
4.047517e-01
1.663045e-01
-6.028888e-02
2.266211e-02
8.721288e-02
7.141735e-02
7.089546e-02
-2.525167e-02
-6.314227e-02
7.187393e-02
5.612206e-02
-1.022621e-01
-8.562653e-03
4.211853e-02
-3.027313e-02
-7.437525e-02
-6.614094e-02
