-2.381734e-01
-3.011607e-01
1.003293e-01
5.432889e+01
2.067055e+02
-2.538047e+01
3.601992e-04
-1.892398e+05
-4.465666e+05
2.040172e+05
-1.837291e+05
-2.083511e+04
1.977557e+05
-1.612398e+05
4.402558e+04
-2.330785e+05
7.094448e+03
1.657518e+03
3.882292e+04
-6.023897e+04
-2.370063e+04
2.436655e+04
-4.870563e+04
1.608008e+04
1.262835e+04
-3.463413e+04
-6.524573e+04
-2.437640e+04
-9.275612e+03
-8.041618e+03
-7.748034e+04
-2.111680e+04
-7.284087e+03
-4.368051e+04
4.474896e+04
9.446307e+03
1.822090e+03
8.296326e+03
1.552521e+04
8.696881e+03
2.799972e+04
-2.689816e+04
-1.193767e+04
-5.170148e+03
9.439131e+03
1.679547e+04
2.734281e+03
1.203407e+04
-1.586373e+04
-2.792184e+03
1.259501e+04
-8.414444e+03
5.454569e+03
-9.610440e+03
-4.565165e+03
3.524988e+03
2.100055e+03
7.008705e+03
-3.041370e+03
-1.149852e+04
-3.735364e+03
1.197314e+03
-3.604748e+03
-3.088083e+03
1.715386e+02
7.334198e+03
5.403669e+03
9.984837e+03
-6.005338e+03
1.334098e+03
1.595454e+03
9.566737e+02
3.509886e+02
2.754969e+03
5.006432e+03
1.793896e+03
5.315239e+03
1.397506e+03
-6.051151e+03
1.020998e+03
-1.155112e+03
3.861494e+01
-3.620925e+03
1.240916e+03
1.968330e+03
4.395868e+03
2.331213e+02
-2.057847e+02
-8.930596e+02
-1.106136e+03
8.274722e+02
1.068978e+03
2.426354e+03
3.344193e+03
-1.096345e+03
1.295052e+03
2.614633e+03
4.012089e+02
1.245003e+03
2.857288e+02
-9.173618e+02
-5.173740e+02
-4.093995e+02
-1.401578e+03
1.141328e+03
-2.042258e+02
2.076261e+03
6.713835e+02
9.837287e+02
1.590963e+03
3.692259e+02
2.314097e+03
1.211204e+02
4.856259e+02
9.632435e+01
-2.983472e+02
-3.279135e+02
-5.408542e+02
-5.759146e+02
2.921855e+02
-2.023164e+02
2.476143e+02
-4.983577e+02
6.751201e+02
1.314460e+02
-5.410181e+02
-3.802644e+02
4.446825e+02
-1.389946e+02
-1.041356e+03
1.081947e+02
2.324915e+02
-1.190568e+02
8.275496e+01
-4.555383e+02
-1.270241e+01
5.024748e+02
-4.216584e+02
5.705701e+01
2.494644e+02
-8.139826e+01
2.324557e+02
-6.046433e+01
9.460753e+01
-1.863734e+02
6.240709e+01
3.849305e+02
-1.197849e+02
3.772703e+00
3.649060e+02
3.534554e+00
2.120882e+02
5.700051e+01
5.573504e+01
-2.082500e+02
-1.109517e+02
-1.068062e+02
9.692151e+01
-2.815424e+02
-1.322059e+02
1.972931e+02
-1.094999e+02
1.348377e+02
-3.082629e+01
2.702674e+01
-5.241468e+01
8.010675e+01
3.874714e+01
-5.099989e+01
9.535493e+01
1.176766e+02
1.487138e+02
1.327778e+02
9.998925e+01
8.202728e+01
-6.123682e+01
-4.194732e+01
2.606019e+01
3.512610e+00
4.576793e+01
8.744659e+01
4.220147e+01
-7.434325e+01
3.399775e+01
7.125652e+01
3.150924e+01
1.298715e+02
9.737301e+01
-7.450180e+01
9.429268e+01
1.858460e+01
9.546816e+01
-4.112643e+01
1.095207e+01
3.423641e+01
-1.256115e+01
-8.400742e+01
-4.326389e+01
-2.150677e+01
2.186680e+01
-1.259483e+01
-9.564226e+01
2.833173e+01
-6.032576e+01
3.596648e+01
2.134922e+01
-3.458624e+00
3.424399e+00
-3.727965e-01
8.994900e-01
-2.197491e-02
-8.900884e-01
-1.352296e-01
-3.953611e-01
-5.222528e-02
-5.585132e-01
9.422285e-02
-3.252450e-01
-4.391294e-02
2.275653e-01
2.211719e-01
-1.454144e-01
-2.678250e-02
1.481310e-01
8.909518e-02
4.368994e-02
1.632370e-01
7.972834e-02
4.481474e-02
-6.655294e-02
2.696507e-01
9.185676e-02
1.014654e-02
-8.996379e-02
-3.007176e-02
