-8.810792e-02
-6.179339e-01
8.371676e-02
4.465778e+01
1.812176e+02
-2.327015e+01
3.343392e-04
-3.072361e+05
1.537513e+05
3.385743e+05
-3.408219e+05
1.296541e+05
-1.674091e+04
-1.387091e+05
1.598002e+05
-1.097414e+05
1.972712e+04
-5.290820e+04
8.031711e+04
-4.942516e+04
1.664418e+04
3.367616e+04
-3.939327e+04
1.588156e+04
-2.155987e+04
-3.051135e+04
-3.739854e+03
-3.609891e+04
-1.017533e+04
-1.579313e+04
-3.918363e+04
-2.571135e+04
8.091657e+02
-6.783652e+03
2.880336e+03
6.162800e+03
6.613387e+03
-6.858395e+03
2.663236e+03
-2.537047e+03
7.490843e+03
-2.230062e+04
7.363020e+02
-7.130430e+03
-2.566754e+03
1.174128e+03
2.416916e+04
6.344549e+02
-1.040099e+04
-3.038355e+02
1.120234e+04
-2.223558e+03
3.937467e+03
4.416794e+02
-2.513942e+03
1.145435e+02
5.769068e+03
3.163589e+03
1.956859e+02
-7.352111e+03
-7.464460e+03
1.143691e+03
5.611153e+02
-2.551893e+02
4.411628e+02
4.094160e+03
1.859564e+03
9.978450e+03
-2.944996e+03
1.617952e+03
2.927895e+03
5.628604e+03
3.899379e+03
-5.850568e+02
-1.584149e+03
-1.245527e+03
-4.183321e+02
-1.219859e+03
-5.711112e+03
-6.587934e+02
1.646330e+02
-1.147212e+03
-2.284555e+03
8.420577e+02
7.778245e+02
7.592047e+02
-1.193144e+03
5.547808e+02
-4.257851e+01
1.309309e+03
1.169155e+03
6.210212e+02
1.633662e+03
1.336815e+03
-5.475957e+02
5.470093e+02
2.440134e+03
-4.744789e+02
-7.703625e+02
-5.457626e+02
-1.280863e+03
-1.228159e+03
4.067785e+02
-9.419785e+02
1.051327e+03
-1.370480e+03
1.024195e+02
7.441501e+02
1.911944e+03
1.344548e+03
7.713566e+02
4.161510e+02
-1.350640e+02
1.209963e+02
-2.357760e+02
-2.676548e+01
-5.102356e+02
-2.632545e+02
-1.217444e+03
9.306575e+02
5.431679e-01
5.742893e+02
-3.705085e+02
2.204880e+02
3.520831e+02
-2.914678e+02
2.069437e+02
1.031819e+02
-4.295815e+02
-2.191145e+02
-3.968630e+00
4.720598e+00
-2.080450e+02
1.625208e+02
-2.735449e+02
-4.420846e+02
2.451069e+02
-8.455365e+01
8.215974e+00
5.144889e+01
-1.126385e+02
-3.258040e+02
1.135621e+02
3.278213e+02
-4.207740e+01
1.134141e+02
-2.280420e+02
-2.558643e+02
-1.254547e+02
2.598299e+02
4.051826e+02
2.098357e+02
-2.562230e+02
-7.092846e+01
-3.035706e+01
6.982737e+01
-1.109579e+02
1.310623e+02
-5.964744e+01
1.563675e+02
1.283723e+02
-4.536712e+01
-9.250622e+01
-9.766679e+01
-2.658237e+02
-1.649423e+01
1.001962e+01
1.880075e+02
-2.952938e+02
-9.354987e+01
-2.128100e+01
1.528393e+02
2.105307e+02
7.651739e+01
-1.024614e+02
-6.196167e+01
9.159436e+01
6.071485e+01
-8.222204e+01
-2.201186e+01
9.967867e+01
4.385118e+00
-3.737584e+01
-5.560218e+01
4.253268e+01
2.824072e+01
7.456136e+01
1.150048e+02
-1.329021e+02
-2.433185e+01
2.495580e+01
4.575279e+01
2.310291e+01
-1.666737e+01
1.045238e+01
-3.785026e+01
-3.276053e+01
4.636194e+01
-4.726511e+01
2.245894e+01
2.230625e+01
-4.843726e+01
1.184673e+00
-3.722013e+01
8.665389e+00
1.298634e+01
-1.571814e+00
-1.040242e+00
9.114496e-02
-5.424246e-01
1.344909e-02
-5.540810e-03
-6.611014e-01
-2.455132e-01
1.922883e-01
-8.422530e-03
8.015331e-01
-1.102936e-01
1.876927e-01
-5.522469e-02
2.543914e-01
2.440661e-02
-4.485635e-02
3.412559e-02
-1.190924e-02
7.470597e-02
-1.110797e-01
1.139273e-01
-1.407890e-01
-1.051221e-01
1.847867e-01
6.380726e-02
-6.630670e-02
1.063939e-01
-4.084183e-02
