-6.298751e-02
-1.157158e-01
-5.216161e-02
4.721778e+01
1.876910e+02
-2.829123e+01
3.474103e-04
-1.231287e+05
8.198867e+04
1.011955e+05
-3.030636e+05
2.025977e+04
-9.507212e+04
3.935141e+04
-7.195918e+03
-9.831109e+04
-68328
-1.198528e+05
8.312177e+04
5.034321e+03
2.743309e+04
5.135012e+04
-4.411291e+04
-3.086641e+03
3.358335e+03
1.880461e+04
-5.859448e+04
-4.958099e+04
-3.572368e+03
-2.397792e+04
-1.232212e+04
-3.220309e+04
-4.816991e+03
-1.590896e+04
1.019587e+04
-2.497792e+03
-9.998661e+03
-1.151650e+04
1.152811e+04
5.365535e+02
1.145186e+04
-1.401266e+04
-8.049373e+03
-5.763013e+03
-6.343017e+03
2.868519e+03
1.437157e+04
6.402646e+03
-1.092284e+04
3.061717e+03
9.040032e+03
-5.324204e+03
-9.667889e+02
4.008412e+03
-1.701789e+03
-3.218852e+03
6.020624e+03
1.678557e+03
2.018045e+03
-9.185048e+03
-6.414954e+03
4.113130e+03
1.653303e+03
-1.331038e+02
2.241506e+02
3.656407e+03
1.608363e+03
3.766591e+03
-1.144942e+03
4.026268e+03
-1.693894e+03
-8.529155e+01
3.252260e+01
1.486361e+03
1.687241e+03
-4.340377e+02
2.816509e+02
1.013732e+02
-3.626291e+03
-1.646473e+02
1.321208e+03
-1.651904e+03
-8.935303e+02
1.538277e+03
6.161995e+02
2.105743e+03
-5.551830e+02
5.726278e+02
-6.849810e+02
3.137207e+02
-1.927226e+02
1.663929e+03
5.507264e+02
1.463504e+03
-1.014788e+03
4.803351e+02
2.314690e+03
-1.339141e+03
-5.213062e+02
-7.720126e+02
-7.831369e+02
-2.218660e+02
1.889508e+02
-6.620964e+02
-6.605532e+02
-4.147646e+02
1.055688e+03
1.490948e+03
9.536615e+02
1.187833e+03
8.663175e+02
-3.700750e+02
-1.137048e+02
5.989536e+02
2.590763e+02
-3.838627e+01
-5.902173e+02
-1.435223e+02
-6.182968e+02
6.342664e+02
3.362935e+02
5.132472e+02
-9.790065e-01
1.814393e+01
4.084371e+02
-3.389523e+01
-4.079467e+01
1.515110e+02
-4.830988e+02
-3.861524e+02
2.904730e+02
4.103643e+02
-2.782606e+02
8.223608e+01
-6.706985e+01
-1.448924e+02
-2.958628e+01
-1.695820e+02
-5.261410e+01
-1.388238e+02
-2.682880e+02
-9.837803e+01
6.724414e+01
2.033651e+02
2.212267e+01
-3.786917e+01
-1.186505e+02
-1.040478e+02
-1.352430e+02
2.180499e+02
2.101001e+02
2.303136e+02
-1.963241e+02
-1.470880e+02
3.875161e+01
-5.753728e+01
-2.688831e+01
-2.416051e+01
1.792628e+01
1.163626e+01
4.186152e+01
-5.790242e+01
4.319130e+01
-1.336454e+02
-1.876546e+02
-5.875302e+01
-2.193959e+01
8.872755e+01
-1.243405e+02
-2.720156e+01
6.353427e+01
4.311514e+01
1.031675e+02
1.362438e+02
3.036481e+01
-6.711905e+01
1.164194e+02
9.207216e+01
-4.838916e+01
5.658932e+01
5.057471e+01
5.672792e+01
-3.373186e+01
-4.264714e+01
5.362580e+01
-7.521955e+00
2.806137e+00
1.242852e+02
-6.661391e+01
4.384415e+01
2.452364e+01
6.348254e+01
1.925420e+01
-3.308657e+01
3.885308e+01
-1.188899e+01
5.138936e+00
1.399325e+01
-3.242013e+01
-2.187266e+00
3.657758e+00
-5.266411e+01
1.170078e+00
4.662210e+00
1.351332e+01
1.025792e+01
-1.253942e+00
-4.407654e-01
-9.946548e-02
-4.732260e-02
-3.313764e-02
-1.090518e-01
-1.144729e-04
-6.638655e-02
2.267938e-02
-6.438597e-02
6.666242e-01
3.303239e-01
4.953573e-02
-4.471128e-02
1.847482e-01
-2.519888e-01
-3.349737e-02
5.889793e-02
-1.546302e-02
3.183979e-01
1.237645e-01
1.161054e-01
9.209963e-02
-2.345234e-02
3.092318e-01
9.852830e-02
-4.423069e-02
3.107994e-02
-3.737418e-02
