5.713457e-02
6.609719e-01
2.363608e-02
4.835556e+01
1.697014e+02
-2.525057e+01
3.489284e-04
4.038409e+04
-2.837845e+03
8.611843e+03
-3.801616e+04
-3.818880e+04
-1.151786e+05
7.001808e+04
-1.279550e+04
9.668477e+03
5.555447e+04
6.813240e+04
6.465503e+04
-1.459174e+04
2.679413e+04
-6.749616e+03
-3.400649e+04
-1.049732e+04
6.491695e+03
1.055170e+04
-3.976897e+04
4.719197e+03
-1.626793e+04
-2.899021e+04
2.848235e+04
-1.921269e+04
-6.953276e+03
-4.743781e+03
-2.231445e+04
-1.044157e+04
-1.412508e+04
3.605756e+03
2.298785e+04
-1.969312e+04
4.189211e+03
4.056666e+03
8.722627e+03
8.070431e+02
4.854337e+03
-8.270829e+03
9.590312e+03
8.523197e+03
-2.853611e+03
1.864648e+03
-4.023776e+03
4.447022e+02
-3.412872e+03
1.800067e+03
4.161731e+03
-2.048999e+03
3.163788e+02
6.060397e+03
1.296076e+03
-5.543387e+03
-4.686769e+03
8.361255e+02
6.823349e+01
1.397931e+03
1.447753e+03
2.609056e+03
-9.796168e+02
-4.471707e+03
-3.002990e+02
2.343605e+03
1.301122e+03
4.728566e+02
-8.794304e+02
2.885116e+03
-2.993461e+02
1.687764e+02
2.007827e+02
5.769747e+02
-2.709130e+03
-9.908469e+01
1.676436e+03
-9.077318e+02
2.190053e+03
1.972965e+03
4.948019e+02
1.540189e+03
-1.140908e+03
3.211858e+02
3.119497e+02
5.038017e+02
-8.980526e+02
3.007549e+02
9.178524e+00
5.025524e+02
-4.062567e+02
3.529285e+02
4.779803e+02
-3.549995e+02
2.365347e+02
-1.094987e+02
3.601104e+02
2.312273e+02
7.077634e+02
4.715597e+01
-6.140840e+02
-7.366973e+02
7.384308e+02
3.236930e+02
3.465790e+02
2.252635e+02
-1.535048e+02
-2.734863e+02
-3.975886e+01
3.486905e+02
-1.003725e+02
6.193074e+02
-1.171919e+02
1.042424e+02
-1.953490e+02
4.134829e+02
-1.094792e+02
1.851012e+02
1.847119e+02
4.783221e+01
-1.762851e+02
7.764942e+01
1.585268e+02
3.126748e+02
-1.228276e+02
1.549372e+02
1.677433e+02
4.266689e+02
2.454268e+02
6.931564e+00
2.710488e+02
-1.527234e+02
-1.198351e+02
8.511018e+01
5.929687e+01
-2.440608e+02
-2.023838e+00
3.265278e+02
5.625644e+01
1.300417e+02
1.312319e+02
-4.558394e+01
-6.155915e+01
-6.327338e+01
1.683693e+02
1.019586e+02
-5.433772e+01
1.816930e+01
-1.325018e+02
-8.041344e+01
-3.704537e+01
-9.235030e+01
1.015745e+02
-2.713525e+01
1.217317e+02
1.454240e+00
1.582339e+01
7.823722e+01
4.183980e+00
-3.365466e+01
-8.101258e+01
-2.855937e+01
-9.595992e+01
1.090350e+02
3.014092e+01
-4.224744e+01
6.597636e+01
2.727900e+01
-1.369987e+01
6.957797e+01
8.455494e+01
-8.917921e+01
7.633822e+01
2.762048e+01
-8.766725e+01
9.383743e+01
-4.685464e+01
6.791034e+01
2.130099e+01
9.035315e+00
3.005414e+01
-6.630589e+01
-5.836221e+01
1.553852e+01
-6.982294e-01
-2.656930e+01
5.821273e+01
2.170210e+01
-8.095930e+00
9.491175e-01
5.186660e+01
-3.134817e+01
2.937329e+01
6.884841e-01
-6.220347e+00
-2.211737e+01
4.701429e+01
-2.554556e+01
7.159192e+00
1.480034e+01
2.918803e+01
1.928402e+00
7.253325e-01
6.002334e-01
5.552864e-02
-2.716014e-01
-7.443918e-02
8.179494e-02
3.605955e-02
2.695611e-01
-1.042737e-01
-3.792384e-02
1.691367e-01
2.407756e-01
2.814909e-02
-8.917341e-02
-1.301308e-02
-7.713582e-02
-1.124470e-02
1.319110e-02
1.833383e-02
8.947882e-02
-1.012524e-01
2.224350e-03
2.295834e-02
-2.785264e-02
1.018359e-01
6.403969e-02
-1.096296e-01
2.547334e-02
6.741450e-03
