-3.719359e-01
-1.271426e+00
1.960714e-01
5.717333e+01
1.966026e+02
-1.304570e+01
3.619787e-04
-1.776130e+05
-1.422176e+05
3.389934e+05
2.621898e+02
-2.625090e+04
-1.219612e+03
-6.852646e+04
7.215181e+04
-1.653422e+05
8.067185e+03
-4.227639e+04
6.266114e+04
-4.547909e+04
-3.412278e+03
2.755414e+04
-7.913197e+03
1.359023e+04
2.425468e+04
-2.619562e+04
3.830014e+02
-3.918038e+04
-1.231305e+04
2.059247e+04
-3.930405e+04
4.976895e+04
-2.527910e+04
-3.905454e+04
2.776296e+04
1.897107e+04
2.739669e+04
9.788798e+02
2.373823e+03
-7.922663e+03
1.307388e+04
-8.613634e+03
-2.261515e+04
-7.568768e+03
1.170599e+04
-2.437393e+03
-8.674747e+03
-3.028190e+03
-7.764316e+03
-1.179093e+02
8.820991e+03
3.686440e+03
7.625439e+03
2.166590e+02
-8.513970e+03
6.218653e+03
5.779421e+03
5.185479e+03
-2.184209e+03
-8.168312e+03
-2.820899e+03
4.857430e+02
-4.445814e+02
-3.455762e+03
1.384862e+03
1.973387e+03
2.891829e+03
3.236235e+03
-5.019513e+03
3.104327e+03
1.937552e+03
2.490978e+03
7.286628e+02
1.125888e+03
1.284394e+03
1.327370e+03
2.280923e+03
1.057386e+03
-5.123237e+03
-1.592979e+03
-1.479881e+03
2.744962e+02
-2.301051e+03
1.279332e+03
3.611579e+03
3.806226e+03
-1.304120e+03
-4.918588e+02
1.528334e+02
-2.721796e+02
2.656199e+02
6.473397e+01
2.341158e+03
2.602416e+03
-1.909801e+03
7.005600e+02
1.913635e+03
9.221188e+02
1.676500e+02
-2.181322e+02
-1.881700e+03
-2.856550e+02
1.062868e+02
-1.295397e+03
5.519615e+02
-3.416017e+02
1.456678e+03
8.047281e+02
5.933716e+02
1.537815e+03
-2.404727e+02
1.841065e+03
-4.422630e+01
1.305449e+03
-1.452618e+02
-6.136700e+02
8.514185e+01
-1.577240e+02
-5.026144e+02
6.182448e+02
-1.579151e+02
7.645395e+01
-5.964376e+02
4.618171e+02
5.005420e+02
-3.368720e+02
-3.944656e+02
1.285522e+02
-2.099325e+00
-2.926028e+02
2.506587e+02
1.537998e+02
1.869892e+02
3.986157e+02
-4.302469e+02
1.393685e+01
6.429187e+02
-2.256179e+02
-2.714672e+01
1.818909e+02
-2.732792e+02
-1.155069e+02
-1.356815e+02
1.069325e+02
-2.207052e+02
8.845140e+01
4.829755e+01
-1.134848e+02
6.322324e+01
1.962803e+02
1.185685e+02
3.931402e+01
1.832630e+02
2.007794e+01
-1.299270e+02
1.770368e+01
-1.415790e+01
1.595839e+02
-1.051947e+02
-7.455672e+01
1.207435e+02
-3.292524e+01
1.397440e+02
2.356576e+01
4.864534e+01
-9.634935e+01
-1.120307e+01
2.675362e+01
-3.156220e+01
6.289707e+01
1.220002e+02
9.384470e+01
-2.545883e+01
9.277920e+01
-7.583105e-01
-3.868833e+01
-4.250364e+01
7.290942e+00
1.774794e-01
5.027098e+01
-8.676324e+00
1.029613e+01
-2.569200e+00
1.233912e+01
8.136932e+01
1.455896e+01
1.306174e+02
3.980694e+01
-5.172363e+01
4.516589e+01
4.535977e+01
3.208370e+01
-2.101372e+01
-7.326370e+00
8.580994e-01
2.334169e+01
-1.861486e+01
-2.648662e+01
2.824857e+01
1.957108e+01
-2.103005e+00
-4.771259e+01
2.138850e+00
-7.902043e+00
2.281890e+01
3.366444e+01
-1.557384e+00
2.383381e+00
-6.723503e-01
7.670171e-01
-3.281809e-02
-4.205551e-01
-3.222657e-01
-7.467445e-01
-8.662323e-02
-4.512769e-01
3.062729e-02
-1.372656e-01
1.221786e-01
5.920732e-02
2.310975e-02
9.991328e-02
2.499851e-02
5.218879e-02
6.653938e-02
-7.987051e-02
-3.001666e-02
8.673180e-02
2.094332e-02
-1.204087e-01
-3.311617e-02
-5.113889e-04
9.217761e-02
-8.967131e-02
-6.715059e-02
