-1.786105e-01
-1.474134e+00
4.809335e-01
5.489778e+01
1.652489e+02
-1.134960e+01
3.370255e-04
-7.184616e+04
3.881495e+05
-3.000179e+05
1.701202e+05
1.115857e+05
-7.788842e+04
-1.126624e+05
1.170234e+05
-1.138954e+05
1.128413e+05
-1.384519e+05
-3.963934e+04
-7.913057e+04
-2.921673e+04
-4.805878e+04
1.250460e+05
-3.768123e+04
-3.756938e+04
1.106547e+04
5.208877e+04
-2.929960e+03
-1.332090e+04
-5.280105e+04
6.242119e+04
7.115876e+04
2.050770e+04
4.826192e+04
-1.452979e+04
-2.810445e+04
4.633104e+04
4.277596e+04
-1.435990e+04
1.252962e+03
-1.047026e+04
1.766363e+04
-6.435848e+03
-2.889911e+04
1.182226e+04
6.099866e+02
5.191479e+03
5.889677e+03
2.127239e+03
-1.299100e+04
5.189042e+03
1.259004e+03
1.200164e+04
2.053154e+04
-5.199675e+03
2.593376e+03
6.514538e+03
5.996599e+03
-1.154586e+04
2.158820e+03
-2.019406e+03
5.169269e+03
9.127372e+03
2.477813e+03
2.387544e+02
-6.144270e+03
7.552175e+02
-6.503958e+03
-1.653450e+02
5.666609e+03
7.630476e+03
4.217398e+03
-1.844899e+03
-1.402177e+03
-5.292768e+03
-5.535768e+03
-4.358709e+03
3.294370e+03
-3.975454e+03
-4.492755e+03
9.659258e+02
5.328951e+02
2.906383e+03
-2.434009e+02
7.006896e+03
5.890225e+02
-1.664369e+03
-1.400447e+02
1.242513e+03
4.121240e+01
4.770947e+02
-1.894758e+03
-7.187620e+02
-3.252732e+02
-1.872981e+03
8.460367e+02
-3.400918e+01
1.246533e+03
-1.240476e+03
1.901884e+02
-6.143955e+02
9.556064e+02
6.038990e+02
2.008726e+01
-5.506962e+02
1.649148e+02
-9.659359e+02
1.689330e+03
-1.059870e+03
-7.239011e+02
-4.141640e+02
8.958644e+01
-1.148223e+03
1.037929e+03
8.134567e+02
-8.969727e+02
-8.858173e+01
1.572125e+02
-4.701983e+02
9.758920e+02
-8.962565e+02
9.324637e+00
-3.546447e+01
3.016768e+02
3.935683e+02
3.369602e+02
-5.097126e+02
-1.934066e+02
7.151717e+01
7.212340e+02
3.373304e+02
2.927180e+02
2.385110e+02
3.763523e+02
-3.448514e+01
1.029087e+02
3.240521e+02
1.486920e+02
1.493954e+02
-3.247581e+02
-1.302145e+02
-5.195132e+02
-8.791227e+01
-1.333508e+01
1.853332e+02
4.706218e+02
-1.798346e+02
2.053386e+02
1.017225e+02
-4.151789e+02
3.710313e+01
-1.390222e+01
-4.235522e+01
1.730700e+02
7.756603e+01
-3.387519e+01
2.234216e+02
2.455594e-01
-4.638599e+01
1.056248e+02
-5.771180e+01
1.446447e+01
-3.465606e+01
1.134848e+02
1.818576e+02
-1.051170e+02
-2.888531e+02
4.982346e+01
1.060450e+02
-9.623681e+01
-3.982491e+01
-8.871087e+01
-2.308011e+02
1.232636e+02
-1.318306e+02
4.875570e+00
3.813889e+01
-5.443285e+00
1.666458e+01
-1.027001e+01
-1.473122e+02
3.332716e+01
-5.346007e+00
1.208630e+02
-2.387513e+01
-8.503970e+01
-2.091159e+00
7.168949e+00
-5.323279e+01
-1.493909e+02
7.322226e+01
-1.992946e+00
9.570016e+01
5.953986e+01
-8.420269e+00
-1.821426e+01
7.888102e+00
4.192434e+01
4.102444e+01
-1.071278e+01
8.741274e+01
1.559424e+01
5.953782e+01
4.163301e+01
3.869427e+00
1.018135e+01
9.839059e-02
-1.294375e-01
1.296127e-01
-9.320009e-01
-7.414384e-01
1.997053e-02
-2.675170e-01
-7.077365e-01
-3.504023e-01
-7.625638e-02
9.335081e-02
2.916894e-01
4.304147e-01
2.669229e-05
-3.493192e-01
2.002175e-01
1.406004e-01
-3.962319e-02
1.497773e-02
-9.434280e-03
-2.699202e-01
-1.081530e-01
4.167786e-02
-2.831443e-01
-3.554586e-01
-1.452435e-02
1.201470e-01
5.537046e-02
1.022909e-01
