-1.317069e-01
-1.345134e+00
1.458892e-01
5.802667e+01
1.789169e+02
-1.222859e+01
3.525590e-04
2.232452e+04
-2.107322e+05
-4.644565e+04
9.043505e+04
-7.239332e+04
-6.861754e+04
2.576952e+04
-3.711555e+02
-3.862743e+04
4.635238e+04
3.092258e+03
1.043151e+05
-4.122975e+04
-2.620275e+04
-3.456530e+04
3.033849e+04
-1.939822e+04
3.176506e+03
-6.851239e+03
4.135567e+03
-1.069911e+03
-1.707346e+04
-2.661075e+03
-2.184886e+04
-2.331595e+04
-2.093837e+04
-2.344659e+04
6.062981e+02
-6.837799e+03
1.721616e+03
3.153140e+03
9.666771e+03
-1.437945e+04
-2.684441e+03
4.129897e+03
-1.103198e+04
-7.765099e+03
9.961344e+03
-1.095266e+04
-1.739344e+03
7.095546e+03
-6.067726e+03
1.033825e+02
-5.121375e+03
-1.332801e+03
2.341557e+02
-1.175860e+03
-5.110368e+03
4.427890e+03
-1.111082e+03
9.521469e+03
2.292191e+03
-9.400510e+03
-2.144862e+03
9.997368e+02
-2.451999e+03
-2.808015e+03
1.890338e+03
4.044804e+03
3.776297e+03
-2.994150e+03
-4.412016e+03
2.998466e+03
2.492232e+03
3.754562e+02
-2.860924e+03
1.250961e+03
2.787878e+02
1.920561e+03
1.702412e+03
2.282374e+03
-3.812333e+03
-7.753420e+02
3.180091e+02
3.546018e+02
7.955137e+02
2.169381e+03
2.794163e+03
1.076042e+03
-9.597136e+02
-4.724275e+02
1.057817e+02
2.229556e+02
-8.921556e+02
-3.975112e+02
1.351631e+03
1.581200e+03
-1.501466e+03
9.383580e+02
2.909294e+02
-1.273723e+02
4.368613e+01
5.653722e+02
-3.326269e+02
4.479483e+02
4.012259e+02
-6.596788e+02
-1.894342e+02
-2.261222e+02
1.344926e+03
-8.206084e+01
2.478118e+01
5.445705e+02
-6.486374e+02
1.161762e+03
-4.242096e+02
1.133672e+03
1.079955e+02
-9.250637e+01
-4.344855e+01
-5.570280e+01
2.131978e+01
2.392093e+02
-2.532079e+02
-2.656056e+02
-1.646491e+02
1.380488e+02
4.711344e+02
-9.953976e+01
4.629483e+01
1.678511e+02
-1.673883e+02
-1.784967e+01
4.808500e+02
4.954064e+02
2.866333e+02
1.812311e+02
-4.339067e+01
-3.211892e+01
3.484527e+02
-1.078415e+02
1.053103e+02
-5.764765e+01
-1.595334e+02
1.566252e+02
4.359248e+01
3.846494e+01
5.604657e+01
5.746225e+01
9.232166e+01
-1.874497e+02
1.883605e+02
1.280550e+02
-1.221872e+02
4.501369e+01
2.013766e+02
1.414353e+01
-1.776102e+02
-1.156688e+02
1.425202e+02
5.371883e+01
-7.792170e+01
-1.405949e+02
7.639754e+01
7.423811e+01
1.018376e+02
4.415088e+00
5.906851e+01
-2.135137e+01
-1.028308e+02
3.934408e+01
8.129128e+01
1.021400e+02
9.040623e+01
4.183097e+01
-3.815180e+01
3.954363e+01
5.985626e+01
-5.642260e+01
-5.486364e+00
-3.134625e+00
-6.800055e+01
2.955486e+01
-5.013420e+01
8.636638e+01
1.896113e+01
1.406777e+01
6.017349e+01
-6.537090e+01
3.379340e+01
-5.959983e+00
-2.085818e+01
4.708583e-01
4.409723e+01
1.650381e+01
-3.568514e+01
1.348863e+01
3.050708e+01
5.516810e+00
-2.222939e+00
-2.410054e+01
7.487665e+00
1.093163e+01
1.548777e+01
-4.453175e+01
3.216857e+01
5.564820e+00
3.709880e+01
2.295134e+01
-8.261674e-01
1.722363e+00
-4.170532e-01
6.455925e-01
1.961062e-02
-1.257975e-01
2.625130e-01
-3.183869e-01
-1.008495e-01
-2.685225e-01
-2.043124e-01
-2.533768e-01
7.829885e-02
9.911532e-03
-8.058189e-02
1.383030e-02
3.415971e-02
4.637958e-02
3.136390e-02
-7.048999e-02
3.576602e-02
8.850265e-02
3.927013e-03
-4.449623e-02
-5.605328e-03
5.418932e-02
-2.781114e-02
-1.401702e-01
2.749261e-02
