-5.016351e-02
-1.104225e+00
-4.122100e-01
5.120000e+01
1.732180e+02
-1.490948e+01
3.465358e-04
-3.259834e+04
5.333404e+03
-1.331639e+04
-5.520267e+04
-69131
-5.592328e+04
-3.581569e+04
8.834942e+04
-1.241222e+05
-7.488799e+04
-1.776052e+05
5.622220e+04
-1.049698e+05
-2.511193e+04
-9.213821e+03
-1.020311e+04
6.335864e+03
6.104105e+03
7.859478e+02
-5.934525e+04
-4.057420e+04
-1.840518e+04
-2.906983e+03
2.607240e+04
4.429811e+04
1.123222e+04
-2.313337e+04
2.137136e+04
9.746822e+02
-9.056774e+03
1.320951e+04
-1.061007e+04
5.638860e+03
1.376132e+04
-1.305597e+03
-2.278684e+03
-8.962192e+03
1.656711e+04
6.375542e+03
7.658252e+02
-2.498475e+03
1.493768e+03
-6.638975e+02
1.165149e+04
2.102954e+02
6.300938e+03
6.387295e+03
-7.368968e+03
2.906733e+03
2.165458e+03
5.159636e+03
-3.828787e+03
-7.582424e+03
-1.411136e+02
-1.824128e+03
2.060366e+03
-2.453399e+03
3.289044e+03
3.787069e+03
4.538680e+03
-2.490205e+03
-1.576916e+03
5.584414e+03
2.500706e+03
-4.497170e+02
6.603307e+01
4.771305e+02
4.660611e+02
1.317126e+03
1.080494e+03
3.134079e+03
-3.502565e+03
-3.197293e+03
5.893597e+02
1.190543e+03
-3.420515e+02
4.652524e+02
4.001690e+03
2.134658e+03
-1.780189e+03
-1.011000e+03
4.624144e+01
1.436093e+03
8.560687e+02
-3.082403e+02
1.565954e+03
1.678230e+03
-1.785321e+03
6.477197e+02
1.644278e+03
6.681481e+02
3.428598e+02
-9.515654e+02
-7.317594e+02
-3.755696e+02
5.600831e+02
2.338388e+02
-5.455372e+01
-2.233182e+02
4.811854e+02
7.151226e+02
-2.932674e+02
1.358128e+03
-1.957859e+02
7.793710e+02
-7.195895e+02
8.006717e+02
-2.553836e+02
-2.351452e+02
-1.022128e+02
2.263089e+02
5.292773e+01
4.409070e+02
-3.925883e+02
-4.684114e+01
-3.972011e+02
2.995281e+02
-4.529309e+01
2.425244e+02
-1.616020e+02
1.711200e+02
-1.577695e+02
5.565125e+01
2.369314e+02
3.350169e+02
2.666489e+02
4.571588e+02
-1.555560e+02
6.160127e+01
4.514676e+02
-5.104240e+01
1.108444e+02
2.116055e+02
-9.246156e+01
5.076490e+01
-3.028249e+01
-6.095056e+01
-1.562285e+02
3.268969e+02
-5.640517e+01
2.506921e+01
2.127872e+01
1.747907e+02
1.408861e+01
5.872713e+01
1.622471e+02
7.908266e+01
-1.843555e+02
2.659308e+01
1.298709e+01
2.170666e+01
-8.673141e+01
-3.368920e+01
-7.449597e+01
-4.653601e+01
1.266254e+02
-3.709583e+00
1.126031e+02
-1.450264e+02
-5.165235e+01
9.406543e+00
6.966970e+01
-3.683055e+01
1.297984e+00
3.773503e+01
-8.978508e+01
7.895612e+01
-3.550876e+00
5.423364e+01
2.958958e+01
3.917527e+01
-2.449654e+01
4.211106e+01
3.481885e+00
-1.220315e+01
1.390313e+01
9.459862e+01
2.006397e+01
5.240661e+00
3.798698e+01
3.731090e+01
1.240107e+01
4.725594e+01
1.184984e+01
3.082480e+01
1.222322e+00
1.319864e+01
2.334896e+01
-1.004812e+01
-3.230624e+01
-2.750250e+01
2.237651e+01
4.088585e+00
1.306307e+01
-2.166383e+01
-4.075752e+00
1.434590e+01
1.006496e+01
9.074731e+00
-6.881793e-01
1.623543e+00
-5.319149e-01
4.494962e-01
6.833637e-02
1.942056e-01
1.290114e-02
-7.486134e-01
-1.068482e-01
-5.074927e-01
-4.690831e-01
9.202055e-02
1.562575e-01
-6.755874e-03
-5.927828e-02
9.527041e-02
6.034259e-02
1.013356e-01
6.880371e-02
-1.999570e-02
6.505316e-02
-6.109296e-02
1.662758e-01
-6.971999e-02
-1.359118e-01
-9.093002e-02
1.192255e-01
-3.248260e-03
-2.945573e-02
