-1.527478e-01
8.503441e-01
-3.610695e-01
4.920889e+01
1.760252e+02
-1.856985e+01
3.271578e-04
-2.654161e+05
3.422234e+04
3.050204e+05
2.337058e+04
1.954064e+05
2.667903e+04
-1.433862e+05
1.728585e+05
-6.324445e+04
1.428549e+05
-2.138678e+04
-5.136903e+04
-3.521029e+04
-3.085166e+03
-9.024118e+04
3.808762e+04
-4.539090e+04
5.591864e+03
-6.840116e+04
1.459210e+04
-2.747021e+04
2.679282e+03
-3.032947e+04
-5.874223e+04
9.415388e+02
1.392329e+04
3.163588e+03
3.426443e+04
-1.341111e+03
1.490997e+04
2.971244e+04
-2.499965e+04
-3.456035e+03
-8.552884e+03
-1.540684e+04
-9.982511e+02
-7.152778e+03
9.495650e+03
-6.491222e+01
8.631048e+03
6.809097e+03
-1.328511e+04
-2.520169e+03
1.600070e+04
-2.186066e+03
2.923501e+02
8.741792e+03
-5.183894e+03
2.147714e+02
2.285635e+03
7.469785e+03
-4.993532e+03
-8.174729e+03
-6.869447e+03
3.174272e+03
1.934511e+02
-1.943882e+02
1.718241e+03
-8.059824e+02
1.570517e+03
8.185218e+03
-2.999457e+03
1.997809e+03
5.651928e+03
3.606841e+03
8.243931e+02
-6.705909e+02
-8.769523e+02
5.212622e+02
7.177397e+02
5.378903e+02
-5.932110e+03
5.189290e+02
-1.365898e+03
-1.066961e+03
-6.498642e+02
-6.563265e+02
2.824618e+03
1.213679e+03
-7.142317e+02
8.544299e+02
9.704111e+01
3.463156e+02
6.240194e+02
-1.147977e+03
7.165135e+02
1.279857e+03
1.181009e+02
8.946863e+02
1.851432e+03
-5.429489e+01
-5.672142e+02
5.824050e+02
-3.213640e+02
-8.171156e+01
3.871647e+02
-1.375766e+03
7.303152e+02
-6.985159e+02
3.453398e+02
1.070032e+03
1.258892e+03
7.874220e+02
5.195513e+02
8.111876e+02
1.550294e+02
6.008732e+02
-1.264558e+02
-7.169275e+02
-2.583624e+02
-3.842667e+02
-9.990198e+02
5.269700e+02
-2.357322e+02
2.249415e+02
-5.093735e+02
5.714332e+02
5.512339e+02
-4.339927e+02
-1.406507e+02
-2.237594e+02
1.392507e+01
-9.137061e+01
2.210852e+02
1.057140e+02
-5.532156e+01
3.728279e+01
-1.491071e+02
7.975532e+01
3.738089e+02
-1.117156e+02
3.113639e+01
2.281155e+01
1.854556e+02
-2.986669e+02
-6.953624e+01
3.104762e+02
-3.107565e+01
1.234490e+02
-9.587530e+00
2.062754e+01
-7.728799e+01
-4.368609e+01
2.803577e+02
1.428742e+02
-1.963862e+02
-3.919278e+01
-6.396858e+01
7.535795e+01
6.440401e+01
1.491349e+02
-1.878204e+02
2.060775e+01
2.722765e+02
-1.041676e+01
-4.078217e+01
3.674625e+01
-8.751614e+01
-4.019725e+01
-2.609478e+01
1.174655e+02
-3.250829e+02
3.878541e+01
1.067371e+01
1.547830e+02
1.667317e+02
9.794547e+01
-8.057114e+01
-4.402438e+01
5.930631e+01
9.755767e+01
-9.447884e+01
-1.103309e+02
-1.374900e+01
6.465427e-03
-6.896572e+01
-3.312019e+01
3.169151e+01
-1.067817e+01
1.311161e+02
6.914915e+01
-1.250726e+02
-3.536165e+01
4.784455e+01
2.784662e+01
1.045662e+01
2.174233e+01
2.298406e+01
-3.524092e+01
-5.488898e+01
3.578839e+01
-4.380202e+01
5.647317e+01
3.530988e+01
-5.508994e+01
1.803545e+01
-3.557010e+01
1.667575e+01
2.755072e+01
-1.413563e+00
-1.910356e+00
6.883039e-01
1.863419e-01
-2.339073e-01
-6.415378e-01
-8.702872e-01
1.031527e-01
-6.941669e-02
3.903747e-01
5.632451e-01
-2.350732e-01
1.112100e-01
3.056870e-03
2.782692e-01
1.675044e-01
-7.554960e-02
-6.988514e-02
-4.243136e-02
-1.420588e-01
-1.716738e-01
-2.919261e-02
-1.873772e-01
-2.791202e-01
9.135163e-02
4.891952e-02
-5.815848e-02
-3.035774e-02
-1.494604e-02
