1.067548e-01
-3.467748e-01
-1.176931e-01
4.010667e+01
1.573344e+02
-2.536683e+01
3.463666e-04
-8.459365e+04
-2.012810e+05
2.901188e+05
3.374251e+05
-5.192565e+04
-6.819742e+04
6.290178e+03
-6.701445e+03
-2.381450e+05
7.479212e+04
-4.542849e+03
-3.123769e+04
-3.460024e+04
-3.697133e+03
-7.360677e+04
1.967538e+04
-1.378922e+04
1.652503e+04
-1.040752e+04
4.354420e+04
3.169030e+03
-3.829387e+04
9.105602e+03
-5.419072e+04
6.538202e+04
-4.020105e+04
-3.926018e+04
3.739104e+04
2.649014e+04
3.911862e+04
7.928214e+03
-3.678642e+03
-1.769932e+04
1.235992e+04
1.495350e+04
-2.579185e+04
-1.230326e+04
1.374998e+04
-8.081172e+03
-1.381868e+04
2.567079e+03
2.644490e+03
2.913188e+02
1.537658e+04
1.187450e+04
7.667168e+03
-2.538856e+03
-9.166438e+03
1.157212e+04
5.639151e+03
1.163468e+04
-3.481764e+03
-9.923737e+03
-3.724061e+02
-5.983875e+02
-7.760143e+02
-5.938633e+03
3.221452e+03
1.140539e+03
4.112739e+03
-9.848788e+02
-2.825817e+03
5.120558e+03
4.055344e+03
4.591817e+02
-2.767461e+03
-2.045873e+02
3.381261e+02
1.429071e+03
2.534680e+03
1.478069e+03
-4.891377e+03
-1.137235e+03
-1.118241e+03
2.344532e+03
-6.237700e+02
1.858726e+03
5.042917e+03
1.480307e+03
-1.632512e+03
-5.073346e+02
4.554778e+02
-1.548901e+03
3.615686e+02
-1.356130e+03
2.384800e+03
2.303396e+03
-2.415062e+03
1.203821e+03
4.997255e+02
1.415029e+03
1.230913e+02
-6.457176e+02
-1.361341e+03
2.671724e+02
-4.649329e+01
-1.046891e+03
7.048987e+02
3.713267e+01
8.720392e+02
-8.037311e+00
3.162371e+01
1.153875e+03
-1.317277e+03
2.120404e+03
-2.887633e+02
1.850004e+03
3.971794e+01
-8.382794e+02
-1.117516e+02
-1.208693e+02
3.215986e+02
4.995011e+02
-2.376484e+02
-3.331133e+02
-6.370013e+02
6.329358e+02
7.969255e+02
-4.490242e+02
-3.319711e+02
8.697402e+01
3.016100e+02
-3.124549e+02
4.963878e+02
3.829089e+02
2.842028e+02
3.753738e+02
-4.695959e+02
4.378127e+02
6.392441e+02
-1.761864e+01
4.868268e+00
1.939402e+02
-1.448908e+02
-1.823708e+02
-1.258648e+02
8.649500e+00
-1.015000e+02
2.299420e+02
1.282072e+02
-1.480529e+02
1.187715e+02
5.574520e+01
1.085033e+02
4.519633e+01
4.442596e+02
1.035310e+02
-4.957719e+01
3.935049e+01
1.198800e+02
1.770510e+02
-2.149628e+02
-2.367265e+02
1.540966e+02
3.076217e+01
2.187540e+02
7.599089e+01
1.178063e+02
-9.327242e+01
-8.682005e+01
1.515222e+01
8.356860e+01
1.366088e+02
1.355881e+02
-3.037089e+01
-1.087534e+02
5.302634e+01
-3.972961e+01
-8.383034e+01
-1.167600e+02
-3.530602e+01
-8.900919e+00
5.564060e+00
-9.937637e+01
1.182348e+02
-1.028317e+01
7.187592e+01
6.350613e+01
-1.740946e+01
5.661015e+01
-5.283045e+01
-3.374153e+01
6.284470e+01
-1.240266e+01
-5.450304e+00
-2.793084e+01
8.771438e+01
-3.742039e+01
2.626331e+01
-3.208867e+01
-4.556679e+01
1.735459e+01
1.327549e+01
-9.876519e+00
-4.605986e+01
-1.845601e+01
-6.210655e+00
4.944224e+01
3.977611e+01
-3.935120e-01
2.832262e+00
1.346610e-01
4.657286e-01
-8.604620e-02
-8.391322e-02
-2.674825e-01
-1.062172e+00
-1.808004e-01
-7.532199e-01
-4.944876e-01
-6.886347e-01
3.989179e-02
5.566160e-02
-3.466920e-01
1.654762e-02
4.381640e-02
-2.952786e-02
-1.571286e-02
-2.272458e-01
2.566087e-02
8.002485e-02
1.361474e-01
-5.902410e-02
-2.720685e-01
9.205800e-03
2.881755e-02
-1.647701e-01
-5.471518e-02
