-7.339287e-04
1.354966e+00
7.652852e-02
5.120000e+01
1.659843e+02
-1.106288e+01
3.342030e-04
-3.471758e+05
-2.211771e+05
1.626359e+05
3.136757e+05
2.369993e+05
2.536194e+05
-1.330979e+05
-2.926881e+05
-8.536890e+04
1.751907e+05
9.121402e+04
2.514056e+05
-3.334869e+05
-1.045004e+04
-1.254998e+03
-6.216971e+04
5.001768e+04
-5.217122e+04
-1.464216e+04
-3.674079e+04
5.443944e+04
6.663032e+03
1.008790e+05
-1.543299e+05
-5.742549e+04
7.611166e+04
-7.879270e+03
-6.520232e+03
6.498641e+04
2.774419e+04
5.058043e+04
2.866612e+03
4.603123e+03
-5.397606e+04
-5.704855e+04
7.545474e+03
4.350979e+04
-3.794423e+04
-1.136717e+04
-2.526985e+03
-7.820505e+03
-1.689740e+04
-3.426863e+04
2.520417e+04
-2.341304e+04
6.963938e+03
-8.319576e+03
-1.941596e+04
1.528582e+04
-6.439319e+02
1.463617e+04
-2.303495e+04
-6.234273e+03
-1.987962e+04
1.435459e+04
-2.345499e+03
-8.072322e+03
8.277373e+03
2.047587e+03
1.734137e+03
1.983692e+04
-6.333192e+03
4.285488e+03
2.461199e+03
-4.674452e+03
1.738101e+03
4.300674e+02
-4.833438e+03
-4.049916e+03
4.115613e+03
1.984565e+03
-5.737677e+03
1.507133e+03
-4.263593e+02
-6.344157e+02
-6.563456e+03
-2.427837e+03
-4.893335e+02
2.187905e+03
7.115854e+03
6.661751e+02
-8.550553e+02
2.477546e+03
3.050582e+03
4.073971e+02
5.784423e+02
2.364433e+03
-2.607264e+02
2.161667e+03
5.917733e+03
-1.712064e+03
4.130306e+02
7.495209e+02
-4.984149e+02
3.959419e+02
-2.065464e+02
-6.802657e+02
2.975795e+03
-1.634494e+03
4.517102e+03
-1.300698e+03
1.031338e+03
1.068477e+03
8.015453e+02
1.265277e+03
8.582296e+02
-1.248324e+03
-1.000547e+03
1.226868e+03
1.343955e+02
-4.083517e+02
-1.324455e+03
5.315935e+02
-1.860422e+02
2.687498e+02
-3.161866e+02
9.122927e+01
1.144958e+03
-6.725576e+02
-2.379648e+02
-3.758065e+02
-6.007818e+02
-1.083703e+03
6.922440e+02
-9.617892e+02
6.544611e+01
-6.962560e+01
-2.990316e+02
-7.296012e+02
8.729875e+02
-5.013430e+02
2.365960e+02
-2.078964e+02
2.101775e+02
1.264617e+02
-2.880410e+01
3.191707e+02
-4.517031e+01
-2.945007e+02
9.184032e+01
-1.499409e+02
-1.371747e+02
4.477654e+02
7.563794e+01
2.199788e+02
-2.320845e+01
1.028942e+02
-1.810152e+02
2.238149e+02
-1.092026e+02
1.885266e+02
-2.661319e+02
-1.992893e+02
-1.428643e+02
-2.397081e+02
-2.119696e+01
-5.041333e+01
4.537386e+01
-9.693387e+01
1.061061e+02
1.593928e+02
-1.342733e+02
6.485511e+00
2.767955e+02
2.329569e+02
1.523427e+02
2.209420e+02
-1.470313e+02
7.754272e+00
7.490130e+01
5.343857e+01
1.584482e+01
-2.296920e+01
1.713804e+02
6.401058e+01
-1.135427e+02
-2.608285e+01
1.936520e+02
2.380197e+02
2.261314e+02
4.685875e+01
-2.158727e+02
6.398543e+01
9.316006e+00
-1.085763e+01
6.981599e+00
3.698887e+01
6.603332e+00
5.056036e+01
-1.345466e+02
-1.195668e+02
1.364392e+01
7.128858e+01
9.420625e+01
-5.140207e+01
5.903811e+01
-5.985064e+01
8.816641e+00
7.986409e+01
-3.457672e+00
-9.388655e-01
-1.809567e+00
-1.814937e-01
-1.860968e-01
-9.444201e-01
-5.305840e-01
-2.144246e-01
-1.923213e-01
5.580178e-01
8.736355e-01
-6.076882e-01
1.686859e-01
-1.409514e-01
5.654233e-01
2.269149e-01
-3.875425e-02
2.130513e-01
-1.358561e-01
2.615471e-01
1.991139e-01
-6.826022e-02
-3.413437e-02
-4.455762e-01
2.419971e-01
1.648477e-01
1.092995e-01
7.475243e-02
7.012007e-02
