-4.299457e-01
9.776736e-01
-6.429583e-02
5.489778e+01
2.029237e+02
-1.467457e+01
3.569612e-04
-1.197130e+05
5.613660e+04
2.378776e+05
-3.517941e+04
-1.660074e+04
1.398883e+05
-1.192766e+05
1.139379e+05
-1.073957e+05
1.083088e+05
1.236595e+05
5.810166e+04
-6.593813e+04
4.316691e+03
-4.356206e+04
3.671435e+04
-8.449343e+03
-1.071216e+04
-6.893766e+04
-8.999851e+03
1.371893e+03
-3.795454e+03
2.591721e+04
-3.370542e+04
-1.978318e+04
1.819012e+04
-1.145877e+04
7.963151e+03
6.396653e+03
1.886690e+04
2.573250e+04
-1.390605e+04
1.354630e+03
4.081453e+03
-1.714070e+04
1.402754e+03
-1.674395e+04
1.082626e+04
-7.978551e+02
4.110700e+03
1.040567e+04
-1.002725e+04
-5.888767e+03
8.953304e+03
9.137987e+03
4.361897e+03
3.503970e+03
-1.983615e+03
1.083055e+04
-2.502049e+03
1.219059e+04
-6.938662e+03
-3.204517e+03
-6.891356e+03
3.236850e+03
-6.120393e+02
-4.780309e+03
3.469294e+03
-1.601079e+02
3.566850e+03
6.041947e+03
-2.235975e+03
1.307669e+03
5.063938e+03
3.648151e+03
2.036836e+03
-4.342886e+02
-2.199606e+03
-1.072254e+03
3.195678e+03
1.200674e+03
-5.645827e+03
-4.877650e+02
-1.088853e+03
4.580117e+02
-1.869217e+03
9.963458e+02
1.462163e+03
1.723996e+03
-5.739890e+02
1.183234e+03
8.020445e+02
9.119106e+01
1.684851e+03
-6.162110e+02
2.613010e+03
1.107289e+03
4.655134e+02
1.142443e+03
2.284951e+03
2.018067e+02
-2.354870e+02
5.291520e+02
-8.107806e+02
-4.086640e+02
3.465183e+02
-1.084636e+03
1.149911e+03
-7.917552e+02
8.874477e+02
5.780111e+02
7.939241e+02
7.442667e+02
6.697822e+02
1.154228e+03
-5.726675e+02
3.127160e+02
-1.550427e+02
-1.791811e+02
-3.183189e+02
-8.994135e+01
-6.910431e+02
5.890099e+02
-2.885185e+02
1.378730e+02
-1.793440e+02
7.027670e+02
1.857246e+02
-3.813148e+02
1.848807e+02
2.439987e+02
3.397508e+02
-5.471139e+01
-4.619324e+01
5.591774e+01
-1.922271e+02
1.050564e+02
5.838783e+01
-1.499181e+02
4.004630e+02
5.639996e+01
3.994287e+00
-1.019032e+02
1.579008e+02
-5.614724e+01
-7.212428e+01
2.013913e+02
-1.447014e+02
1.275301e+02
-7.335871e+01
5.713871e+01
3.966415e+01
-6.040032e+00
1.228227e+02
4.169077e+01
-2.066500e+02
1.399362e+02
-1.640539e+02
2.829371e+01
2.558622e+00
1.150187e+02
-1.699687e+02
3.161888e+01
1.735443e+02
8.360948e+00
-6.987767e+01
1.238367e+02
-9.191386e+01
4.156496e+01
-5.651908e+01
1.836555e+02
-2.089592e+02
-4.491954e+01
7.913263e+00
1.428400e+02
9.707255e+01
-4.974946e+00
-2.984672e+01
-1.001418e+02
-8.207803e+00
-3.680394e+01
-1.203461e+02
-8.622289e+01
2.130946e+01
2.843701e+01
-9.714140e+00
4.463158e+01
-2.094051e+01
-1.973839e+01
8.030317e+01
4.631054e+01
-1.086273e+02
-5.573184e+01
3.176018e+01
5.516805e+01
3.768043e+01
2.825558e+01
3.720486e+01
-3.308165e+01
-2.375325e+01
-8.920722e+00
-1.807694e+01
9.606033e+00
4.394291e+01
-4.408875e+01
8.247835e+00
-1.729085e+01
-9.741324e-01
1.284852e+01
3.389121e-01
-1.520261e+00
3.501880e-01
-1.234187e-01
-1.345202e-01
1.252553e-01
-4.311746e-01
1.827840e-01
-1.221343e-01
8.176189e-02
2.871458e-02
-2.171680e-01
-2.684420e-02
-1.963916e-01
2.064239e-01
2.804517e-01
-8.353654e-02
7.410181e-02
3.746260e-02
-1.476258e-01
9.555992e-02
-1.058842e-01
-6.137855e-02
-1.770192e-01
-8.716576e-02
-7.026150e-03
-5.143229e-02
3.833042e-02
2.002398e-02
