-2.575039e-01
-6.181216e-01
-1.288560e-01
5.091555e+01
1.978552e+02
-2.063236e+01
3.191430e-04
-3.475003e+05
1.847056e+04
-1.145616e+05
-5.076294e+05
-1.183789e+04
1.601749e+05
-2.274871e+05
9.407631e+04
-348772
5.045735e+03
-1.256278e+05
2.485815e+04
-8.256148e+04
-3.109534e+04
-6.429285e+03
-1.216458e+04
2.403009e+04
1.152197e+04
1.097701e+03
-4.288350e+04
-2.577084e+04
-1.435845e+04
-5.692655e+04
-5.138564e+04
-3.326616e+04
2.374377e+03
-2.045616e+04
3.844844e+04
-1.308137e+04
-1.951083e+04
1.392458e+04
-1.709446e+03
2.044192e+04
-5.401727e+03
-3.938241e+04
5.747336e+03
-8.533272e+03
5.026474e+02
9.492002e+03
1.843806e+04
-1.823313e+03
-2.053280e+04
-7.120453e+03
1.220045e+04
-8.943896e+03
8.061902e+03
-2.847351e+03
-5.392455e+03
5.592109e+03
1.316087e+03
8.174726e+03
-2.159959e+03
-1.065262e+04
-6.578365e+02
4.590502e+03
-3.783227e+03
-1.785607e+03
2.754931e+03
4.710515e+03
8.115639e+03
1.341213e+04
-2.859666e+03
-5.539152e+02
2.800870e+03
-6.467940e+02
3.081952e+03
-1.265690e+03
2.411265e+03
-1.671572e+02
2.263161e+03
1.569690e+00
-7.117623e+03
1.272275e+03
-2.241874e+03
1.019735e+03
-2.323781e+03
9.537955e+02
2.809175e+03
5.717941e+02
-1.464904e+03
1.038030e+03
-8.448602e+02
8.937850e+02
1.559144e+03
2.099491e+03
1.696243e+03
1.551769e+03
-7.057657e+02
2.432726e+02
2.772882e+03
1.628278e+01
1.983143e+02
5.564932e+02
-8.419187e+02
-2.960967e+02
-3.159153e+01
-1.722365e+03
1.530387e+03
-5.070256e+02
3.089677e+02
1.002643e+03
1.039960e+03
1.941111e+03
7.571741e+02
1.796229e+03
-3.416464e+02
-2.775264e+02
1.197577e+02
-6.151195e+02
-1.901048e+02
-8.959759e+02
-8.728643e+02
5.776944e+02
-9.255921e+00
1.146936e+03
-7.446975e+02
4.528217e+02
4.266655e+02
-3.298847e+02
-1.288567e+02
-3.172399e+02
-2.036718e+02
-2.354802e+02
3.825397e+01
2.624024e+02
-5.159726e+02
-1.482228e+01
-6.614374e+02
-3.309117e+02
4.814995e+02
-4.561138e+02
3.933453e+02
2.553017e+02
-1.159045e+02
-1.713539e+02
5.624569e+01
3.473436e+02
-2.579199e+02
1.164646e+02
1.020155e+02
-1.877166e+02
-1.868967e+02
1.805489e+02
2.725309e+02
4.380858e+02
-9.132454e+01
-1.099174e+02
-3.153861e+02
-3.603123e+01
-1.381218e+02
8.336249e+01
-9.167637e+01
3.050865e+01
2.280020e+02
2.834234e+01
-3.831443e+01
-8.334330e+01
-1.060588e+02
9.160293e+00
6.466685e+01
1.657521e+02
-2.736389e+02
2.025229e+01
6.736866e+01
8.938039e+01
2.830269e+02
6.480659e+01
-1.215569e+02
6.211445e+00
6.125830e+01
1.071454e+02
4.070218e+01
-6.496624e+00
1.243902e+02
8.342157e+00
-5.846186e+01
-5.946256e+01
8.494177e+01
3.747634e+01
1.102545e+02
8.755852e+01
-1.941050e+02
-2.984304e+01
1.823959e+01
7.406316e+01
-1.369418e+00
1.623998e+01
1.511987e+01
-6.039218e+01
-1.005393e+02
2.759150e+01
-7.715707e+01
5.748579e+01
-2.918958e+00
-1.030843e+02
8.996051e+01
-7.420462e+01
-1.418699e+00
3.903495e+01
-5.519319e+00
-1.822078e+00
9.860697e-01
1.074576e+00
2.837849e-01
-5.122654e-03
-3.717241e-01
-1.217831e+00
-7.525433e-02
1.562374e-01
5.016484e-01
-4.797912e-01
7.025709e-02
1.704590e-01
5.617697e-01
1.476901e-01
1.739976e-03
1.120329e-01
8.654122e-02
-1.872154e-02
5.569989e-02
1.367192e-01
-4.121172e-02
-7.041538e-02
3.409993e-01
7.245467e-02
1.926521e-02
4.359562e-02
-1.483453e-02
