2.482279e-02
-3.620433e-01
-1.587109e-01
3.868444e+01
1.673474e+02
-2.454426e+01
3.475721e-04
-1.670624e+05
4.417500e+04
2.379996e+05
3.093129e+04
1.036675e+05
7.420959e+04
-1.302928e+05
1.037967e+05
-118002
-8.194832e+04
-7.799647e+04
9.326366e+04
-6.809807e+04
-3.895057e+04
9.378846e+03
5.834420e+04
-5.754342e+03
4.064704e+04
-6.678486e+04
-2.184415e+04
-4.414751e+04
-2.301230e+04
3.170335e+04
-9.210733e+03
1.391826e+04
2.321543e+03
-1.157882e+04
-1.221766e+03
3.053627e+03
-3.955937e+02
1.069152e+03
-1.898881e+04
5.641232e+03
-4.656813e+03
4.247917e+03
3.649200e+03
-1.082508e+04
3.486788e+03
-7.759013e+03
-9.225074e+02
-5.663613e+03
2.219600e+03
6.659934e+01
1.205709e+03
3.723804e+02
9.952336e+03
4.690130e+03
-1.418720e+04
2.831180e+03
2.781700e+03
1.046758e+04
-6.046159e+03
-1.003661e+04
-3.999606e+01
-8.051198e+02
4.686758e+02
-3.936999e+03
-2.177225e+02
7.634069e+02
2.627189e+03
2.040041e+03
-5.546127e+02
4.578325e+03
3.256175e+03
3.191726e+03
1.084087e+03
-3.102798e+00
8.222171e+02
-2.673937e+02
3.277366e+03
1.263162e+03
-4.120712e+03
-2.403555e+03
-5.844664e+02
2.217572e+02
-1.419827e+03
4.482154e+02
2.292156e+03
1.582318e+03
-2.983380e+03
8.556136e+02
-7.277839e+02
1.149578e+03
-3.030812e+02
2.447690e+01
2.352015e+03
1.075874e+03
-9.915330e+02
1.180421e+03
2.225592e+03
-1.476205e+01
3.309873e+02
-7.889933e+01
-1.705213e+03
-2.014682e+02
-5.090686e+02
-5.284018e+02
-1.111045e+01
4.279218e+02
8.836709e+02
1.318361e+03
-2.644639e+01
7.403106e+02
4.200306e+02
3.178677e+02
-3.031447e+02
9.901619e+02
6.806452e+01
-6.453564e+02
1.367653e+01
2.118806e+02
-3.322772e+02
6.023852e+02
-4.762417e+02
-5.516343e+01
-7.581331e+02
5.580552e+02
1.914872e+02
1.004762e+02
-4.873846e+02
1.253521e+02
1.033422e+02
1.663336e+02
-7.007432e+01
4.442831e+02
1.295363e+02
3.263882e+02
-1.975784e+02
-1.755568e+01
5.338074e+02
2.059084e+02
1.115201e+02
8.194950e+01
-1.545702e+02
-2.444580e+02
-1.434305e+02
8.545856e+01
-9.895139e+01
1.995832e+02
-7.108186e+01
2.990080e+01
1.054701e+02
3.591370e+01
1.103121e+02
5.303567e+01
-6.595499e+01
8.377831e+01
2.478020e+01
-5.433558e+01
3.394765e+01
2.252375e+02
-1.087314e+02
-1.277287e+01
1.686602e+02
-3.331346e+01
-1.000620e+02
2.158496e+01
3.381937e+01
-6.373013e+01
-1.051088e+02
1.096948e+02
-3.413525e+01
2.950207e+01
8.259544e+01
3.464468e+01
-1.257211e+01
1.117533e+02
1.299635e+01
-4.764497e+01
-2.382860e+01
-1.689249e+01
-4.013514e+01
4.224517e+01
4.186412e+01
-8.795813e+00
-1.574700e+00
3.390609e+01
3.577134e+01
-6.968810e+01
-4.448219e+01
6.293178e+00
-7.216755e+01
-6.742271e+01
-4.230061e-01
9.309988e+00
3.906182e+01
-9.270501e+00
3.852222e+01
-1.701331e+01
1.531111e+01
1.788625e+01
-4.084316e+00
6.060117e+00
2.374337e+01
-1.739715e+01
1.988241e+01
-2.294486e+01
1.386446e+01
2.108196e+01
-4.491628e-01
8.403342e-01
-3.418072e-01
-1.864547e-01
-1.302415e-01
-1.201465e-01
-1.441780e-01
-3.353525e-01
-6.014103e-02
-3.700024e-01
1.205254e-01
-2.079725e-01
4.106899e-01
-9.038568e-03
-4.059870e-02
2.439696e-01
9.857091e-02
-8.794852e-02
-8.766971e-02
-1.816571e-01
-1.611350e-01
5.542924e-02
-4.299645e-02
-1.596206e-02
-1.495989e-01
2.701656e-04
8.581073e-02
-1.825407e-02
-4.001883e-02
