-2.234689e-01
-1.301615e+00
-1.095895e-01
5.347556e+01
1.786030e+02
-1.192121e+01
3.441869e-04
-6.351320e+04
4.454719e+04
1.492524e+05
4.573959e+04
6.846629e+04
4.691216e+04
-8.156745e+04
1.530017e+05
1.511870e+04
-3.904569e+03
-1.939245e+04
4.499973e+04
2.570777e+04
-3.175703e+04
-5.355842e+04
4.365275e+04
9.083294e+03
-2.506599e+03
-4.623502e+04
3.202486e+04
-2.283997e+04
-1.209375e+04
5.616278e+03
-9.351214e+03
1.894519e+04
-1.147136e+03
1.043439e+03
-1.966116e+04
6.765091e+03
-9.158395e+03
1.056912e+04
-1.916015e+04
5.242955e+03
-5.936022e+03
5.638541e+03
-5.115682e+03
1.034877e+03
1.500899e+04
-1.771720e+04
3.876926e+03
4.650307e+03
-4.210811e+03
-3.540793e+02
4.385772e+03
8.890602e+03
6.919611e+02
7.307913e+03
2.186906e+03
4.856284e+02
-1.808707e+02
3.114121e+03
-1.143550e+02
-1.930948e+03
-4.472559e+03
1.438427e+03
3.517902e+03
-2.571280e+03
4.448889e+02
1.993841e+03
-6.190912e+02
-8.149080e+02
-2.295018e+03
1.989586e+03
4.948144e+03
4.209273e+03
-5.478629e+01
-1.145369e+03
-3.309517e+03
-1.019611e+03
-2.694023e+02
-6.087631e+02
-2.021484e+03
-1.815622e+03
9.793800e+01
-1.446898e+03
7.851725e+01
9.478490e+02
1.848194e+03
9.553893e+02
-4.993000e+02
-2.742296e+01
-4.442560e+02
7.558763e+02
2.438385e+01
-1.294460e+03
1.356391e+03
4.670014e+02
-5.262236e+02
2.265981e+02
3.855298e+02
-7.351603e+02
-3.819195e+02
-1.108745e+02
-1.240312e+03
-2.496014e+02
1.274282e+03
-3.579384e+02
-9.028439e+01
-9.382248e+02
-4.781145e+01
1.617719e+02
1.044236e+03
6.045064e+02
1.587550e+02
6.482511e+02
-5.844111e+02
5.530366e+02
-9.707457e+02
-2.171314e+01
-2.650901e+02
3.473185e+02
-1.850085e+02
7.612163e+02
-2.759934e+02
7.082127e+01
-7.747894e+01
1.712705e+02
1.505815e+02
1.555226e+01
2.572929e+02
-4.684496e+01
1.457195e+01
1.694127e+02
-9.945749e+01
2.810389e+02
1.128801e+02
2.286011e+02
1.724335e+02
-3.558978e+02
1.966637e+02
2.610310e+02
6.186438e+01
-3.091165e+02
7.239157e+01
-1.816657e+02
-5.363487e+01
7.888050e+01
-5.239763e+00
1.187406e+02
-1.900208e+02
-1.793633e+02
1.040353e+02
-4.199873e+01
1.984821e+02
-7.491835e+01
-2.706957e+01
5.291459e+01
-1.144602e+02
7.825199e+01
1.017257e+02
1.476781e+02
5.165532e+00
6.938081e+01
1.124072e+02
6.262012e+01
-5.335760e+01
5.435308e+01
-5.784660e+01
-6.177595e+01
-8.324374e+01
1.048691e+02
-1.111019e+02
-4.664035e+01
2.395845e+01
1.060952e+02
-8.451169e-01
-9.269535e+00
-1.098290e+02
-1.859952e+01
3.848478e+01
2.920992e+01
-1.307995e+02
-3.459238e+01
2.236884e+00
2.513473e+01
3.773624e+00
1.500914e+01
2.343177e+01
-1.245358e+01
2.784221e+01
1.617076e+01
-6.702941e+01
-7.396871e+01
7.680462e+01
2.728617e+01
1.086551e+01
2.901653e+01
1.820802e+01
-1.747348e+01
-8.016902e+00
-1.572310e+01
2.883804e+00
-2.085755e+01
3.512578e+01
-1.889751e+00
-1.724239e+01
-7.138188e+00
3.116611e+01
3.526111e+00
6.138899e-01
-6.618277e-01
-6.461824e-02
-3.077264e-01
-2.836584e-03
7.026897e-02
-4.974185e-01
8.716503e-02
6.790347e-02
1.280572e-01
-1.710039e-03
-2.818854e-01
2.243752e-01
-5.786370e-02
1.484362e-02
1.663239e-01
-6.806524e-03
-2.745149e-03
3.767173e-02
-1.885064e-01
-2.652140e-02
2.685369e-02
-1.023314e-01
-2.616491e-02
-1.014791e-01
-1.982246e-02
-3.057776e-02
-2.269485e-02
-1.551366e-03
