3.854101e-01
-1.473807e+00
-1.463731e-01
5.489778e+01
1.544618e+02
-1.192815e+01
3.404805e-04
-1.638306e+05
-8.071585e+04
-8.038819e+04
1.701963e+05
2.952694e+05
-2.408488e+05
-4.799731e+02
4.851337e+04
-1.008856e+05
7.477149e+04
-2.996054e+05
-6.945459e+04
1.779486e+04
-7.324276e+04
-5.032859e+04
1.210766e+04
-3.505770e+03
8.180229e+03
-7.624927e+03
-2.224600e+04
-3.608659e+03
2.698698e+04
-7.566456e+03
1.287108e+04
1.096243e+03
3.919607e+04
-2.685505e+04
-8.725842e+03
-2.382483e+04
-8.753285e+03
1.933582e+04
-1.889707e+04
2.915953e+04
1.655835e+04
1.568080e+04
-8.084768e+03
2.907064e+03
1.584675e+04
3.794664e+03
3.010212e+03
1.566340e+03
1.237045e+04
4.451555e+02
2.058856e+04
-7.429200e+03
1.085204e+03
3.177695e+03
-7.069787e+03
-3.543838e+03
3.805271e+03
4.716652e+03
-2.178710e+03
-1.312239e+04
4.987156e+02
-1.398999e+03
-1.330883e+03
2.201364e+03
-8.294492e+02
4.617265e+03
-1.932701e+03
-8.464738e+02
-5.552243e+03
8.142437e+03
4.041772e+02
2.950450e+02
-3.262220e+03
-2.250937e+03
-2.992026e+02
8.525042e+02
-1.436555e+03
2.086106e+03
-1.955383e+03
-5.874538e+02
-5.717423e+02
-1.146720e+03
2.627641e+03
-6.204390e+02
4.088562e+03
1.519631e+03
-3.440641e+03
-1.035931e+03
-3.233345e+02
3.800972e+02
5.205441e+02
-1.579833e+02
7.392581e+02
1.260616e+03
-9.472707e+02
-4.105287e+02
3.583709e+02
-1.219068e+02
-2.727905e+02
-9.761055e+02
7.308154e+02
-1.863040e+02
2.598640e+02
-6.684217e+02
-5.402659e+02
5.334945e+01
1.826515e+02
9.694169e+02
1.542814e+02
1.557693e+03
-3.669080e+02
3.274180e+02
-2.052350e+02
1.124559e+03
-1.605393e+02
-4.336868e+02
-7.137015e+02
-3.722263e+02
-2.010570e+02
3.412043e+02
-6.132710e+01
-1.259937e+02
-8.915605e+02
3.541848e+02
5.929844e+02
-2.991459e+01
-1.071980e+02
-2.800965e+02
-3.704200e+02
8.944211e+01
3.290481e+01
6.256003e+02
6.594347e+01
2.225235e+02
-7.296047e+01
1.437923e+02
2.809041e+02
-1.577254e+01
1.537646e+02
1.430896e+02
-3.701411e+01
-2.114851e+02
2.331628e+02
-9.538789e+01
-8.492757e+00
2.081338e+02
9.333827e-01
7.062559e+01
1.734337e+02
2.397280e+02
3.016598e+02
1.551052e+02
-3.938781e+00
1.567202e+02
-1.997516e+02
-8.518764e+01
1.670031e+02
2.757586e+02
-9.229592e+01
-2.219232e+02
4.322263e+01
-6.241531e+01
1.222982e+02
-1.489833e+02
4.385686e+01
-1.831218e+02
-2.906666e+01
-3.863211e+00
-9.884210e+01
1.463534e+02
5.177486e+01
5.150913e-01
-8.000506e+00
1.160699e+02
1.698855e+01
-3.357733e+01
1.585127e+02
5.207175e+01
1.289777e+01
3.167842e+01
1.818023e+01
6.495132e+01
-2.876389e+00
2.460160e+01
3.307374e+01
3.749422e+00
2.697770e+01
3.865186e+01
-2.720762e+01
-4.542059e+01
1.476561e+01
3.147117e+00
4.414935e+00
8.738007e+01
-1.455934e+01
-6.122179e+01
-4.117550e+01
-3.061196e+01
-9.396398e+00
4.043467e+01
1.757059e+00
-3.100119e+01
-1.038693e+01
-4.657154e+01
5.017535e+01
1.599972e+01
-1.509063e+00
1.453968e+00
2.278208e-02
-9.693440e-01
3.132005e-02
3.931492e-02
1.832851e-01
-4.698406e-01
1.981632e-01
-6.619183e-01
3.313761e-01
-5.670013e-01
4.346901e-01
1.708423e-01
-1.591967e-01
1.950799e-01
6.857831e-02
-4.470643e-02
-3.188498e-02
-3.866001e-02
-5.315983e-02
-7.637808e-02
-7.780788e-02
-1.244210e-01
-3.276335e-02
-1.086862e-01
1.160216e-01
-5.093634e-02
-1.249647e-02
