-1.809619e-01
4.583204e-01
-2.926800e-01
4.579556e+01
1.873276e+02
-2.304941e+01
3.463268e-04
-8.167723e+04
-1.166662e+05
4.508292e+05
3.810641e+05
-7.910666e+04
8.044696e+04
6.961944e+04
-1.558507e+05
-3.049668e+05
3.837056e+04
-1.293831e+05
-4.035003e+04
2.426767e+04
-1.460419e+04
9.561090e+03
-4.978929e+04
1.831544e+04
-2.255750e+04
-3.650502e+04
9.259694e+03
5.310124e+03
-2.083044e+04
4.627366e+04
-6.944744e+04
6.135692e+04
-1.669154e+04
-3.812788e+04
6.271990e+04
3.858137e+04
4.961953e+04
2.191740e+04
2.527480e+03
1.640592e+04
1.407548e+04
7.516276e+03
-3.171719e+04
-5.881986e+03
-6.000533e+03
4.614514e+03
-1.049691e+04
1.371300e+04
-6.540934e+03
-9.786022e+02
2.549450e+04
1.255213e+03
6.860268e+03
-7.420949e+03
-4.897464e+03
7.709226e+03
6.182381e+03
3.825578e+03
-3.350869e+03
-1.101550e+04
-1.439542e+03
-1.898555e+03
3.723990e+03
-5.415429e+03
6.375252e+03
2.376293e+03
5.289367e+03
1.405118e+03
-3.376109e+03
5.908702e+03
-4.354802e+02
-1.140061e+03
-3.826832e+03
8.707992e+02
1.065383e+03
-1.759255e+02
2.855552e+03
1.079336e+03
-2.660648e+03
3.287544e+02
-1.698714e+03
-6.073883e+01
-1.408034e+03
1.604660e+03
3.851773e+03
2.111884e+03
-5.681736e+01
1.239054e+03
7.595706e+02
-2.642910e+03
8.994543e+02
-4.203741e+02
2.455946e+03
3.099362e+03
-2.436898e+03
8.208559e+02
1.918790e+03
1.069589e+03
8.403225e+02
6.137355e+01
-8.309639e+02
1.010670e+02
-1.466968e+03
-1.329200e+03
3.083222e+02
7.934198e+02
1.629040e+03
1.647896e+02
4.064753e+02
1.588920e+03
-2.608192e+02
1.889027e+03
-8.009749e+02
1.646372e+03
4.937127e+01
-3.449554e+02
4.701041e+02
-3.868960e+02
6.154977e+02
4.639756e+02
-3.446352e+01
-4.225833e+01
-2.065187e+02
7.885096e+02
6.917533e+02
-4.587107e+02
-4.093671e+02
4.114843e+02
3.278491e+02
-6.705395e+02
4.929171e+02
4.096200e+02
3.285367e+02
5.544186e+01
-3.971038e+02
2.422628e+02
4.049901e+02
-2.802415e+02
-1.790066e+01
1.568664e+02
-2.419955e+02
2.454483e+02
-1.504647e+02
4.198974e+01
-1.582411e+02
3.710332e+01
3.348859e+02
-5.859494e+01
2.630996e+02
-1.382989e+01
1.563814e+01
2.333830e+01
2.614367e+02
1.897397e+02
-2.415434e+02
-6.484843e+01
3.468119e+01
3.084208e+02
-2.883110e+02
-2.447266e+02
2.031871e+02
1.683578e+00
3.064570e+02
4.825023e+01
1.062083e+02
-2.148548e+02
-5.953484e+01
-5.805126e+01
1.438242e+02
1.796338e+02
1.515159e+02
-6.054568e+01
-1.518161e+02
1.691932e+02
1.639123e+01
-1.194025e+02
-7.278313e+01
-3.454496e+01
7.151804e+01
3.495436e+01
-7.588739e+01
5.191477e+01
-5.825780e+01
1.042401e+02
4.238943e+01
1.936861e+01
3.466469e+01
-2.291808e+01
-1.445046e+01
1.432945e+02
5.235386e+00
2.369379e+01
-2.834159e+01
6.547841e+01
-2.861259e+01
3.969683e+01
-1.282466e+01
-9.081487e+01
2.049599e+01
3.893276e+00
-1.417962e+01
-4.725201e+01
-3.197183e+01
4.164170e+01
3.526165e+01
2.337604e+01
1.689696e-01
1.077247e+00
-2.371883e-01
9.408215e-02
-1.045611e-01
-5.676883e-01
3.579431e-01
-1.915937e-01
2.634842e-02
-7.231723e-01
-1.532753e-01
-4.564033e-01
-9.436143e-02
6.996299e-02
-7.395975e-02
5.637143e-03
1.243962e-01
4.870015e-02
-4.335957e-02
2.053310e-02
2.323312e-01
1.321310e-02
2.818159e-01
-1.390943e-01
-2.626508e-01
5.396140e-03
1.114142e-01
-1.204359e-01
-5.615455e-02
