-1.959926e-01
8.021945e-01
1.117233e-02
4.579556e+01
1.837590e+02
-1.821839e+01
3.192948e-04
-301659
-2.657263e+05
6.050859e+05
-1.255606e+05
1.849066e+05
-1.432512e+05
2.238828e+04
1.252705e+05
-1.528644e+05
-1.289820e+04
-6.120442e+04
1.786714e+04
1.065123e+05
2.118766e+04
-3.916409e+04
-6.119577e+04
-7.113805e+04
-7.389123e+04
-2.204498e+04
2.548504e+04
-2.141771e+04
-5.167134e+03
-3.270902e+04
-7.740719e+04
3.208408e+03
-6.505664e+04
-1.067529e+03
1.671200e+04
1.785775e+04
2.533394e+04
1.371595e+04
1.663504e+04
-9.343597e+03
1.697896e+04
-1.383072e+04
-2.211909e+04
-1.861799e+04
1.226089e+04
8.763872e+03
4.535768e+03
1.711001e+04
-1.404117e+04
2.284984e+02
2.033212e+04
-1.110070e+03
-1.339377e+03
3.061477e+03
3.647427e+03
6.873727e+02
8.323240e+03
6.825892e+03
-5.286271e+02
-9.518383e+03
-4.931190e+03
7.536541e+03
-3.252776e+03
3.397309e+03
-4.098813e+03
2.492635e+03
-1.172620e+03
9.918459e+03
-5.329147e+03
5.788100e+02
-5.676425e+02
2.940864e+03
1.075425e+03
-8.165919e+02
-5.100538e+02
9.565046e+02
-9.855676e+02
-1.489149e+03
-2.944748e+03
5.371295e+02
-1.825630e+03
-5.861521e+02
-6.326884e+02
8.783737e+02
2.809375e+03
1.958664e+03
1.268530e+03
-2.034649e+03
3.678098e+02
-1.542136e+03
1.411467e+03
-5.075916e+02
1.424907e+03
7.871959e+02
-3.275046e+02
2.714556e+02
1.237910e+03
-7.698369e+02
-9.738770e+01
-5.858294e+01
-2.312597e+02
-1.620217e+02
9.484875e+00
-2.044696e+03
-5.626483e+02
-9.155131e+01
4.562981e+02
1.199347e+03
1.434261e+03
7.633409e+02
6.351457e+02
4.857252e+02
2.655388e+02
1.002679e+03
-6.481664e+00
-1.941254e+02
-3.790337e+02
-3.082861e+02
-8.360453e+02
4.738019e+02
4.068671e+02
2.149216e+02
-1.758327e+02
2.499755e+02
1.082176e+03
-5.569551e+02
-2.225127e+02
-1.322367e+02
-3.374929e+02
-6.589785e+02
3.037340e+02
2.440381e+02
-5.482365e+02
-1.299440e+02
-8.004044e+01
2.332988e+02
1.526651e+02
-2.654908e+02
4.194744e+01
-4.318818e+01
-1.229701e+02
1.942262e+01
2.931889e+01
1.049024e+02
-2.038912e+02
3.370892e+01
3.156433e+02
-8.462693e+01
-2.499072e+02
3.740187e+01
3.088686e+02
9.358431e+01
6.700830e+00
-6.472096e+01
1.681347e+02
6.819649e+01
-8.300800e+01
1.844296e+02
-1.613697e+01
-2.270127e+02
1.501671e+02
-8.145985e+01
9.819156e+01
-1.834515e+02
-1.824991e+02
-6.560763e+01
-3.389847e+01
3.986178e+00
-2.661809e+02
1.386962e+02
1.142787e+02
4.812453e+01
1.479971e+02
1.357137e+02
5.487452e+01
-6.296811e+01
3.947202e+01
4.662963e+01
-7.419509e+01
-6.066394e+01
-9.328490e+00
1.446087e+02
-8.975853e+01
-3.944467e+01
4.864716e+01
-2.266995e+00
1.646841e+02
1.080905e+02
-9.443251e+01
6.043777e+01
2.066564e+01
7.727956e+01
-5.649449e-01
7.023284e+00
-2.970132e+01
1.398066e+01
-5.350446e+01
-3.615133e+01
-2.197930e+01
1.118911e+01
-1.035922e+01
-6.184605e+01
-4.610766e+01
-2.483631e+01
5.342975e+01
1.384441e+01
-1.649379e+00
2.320029e+00
-5.047405e-01
3.672943e-02
9.256872e-03
-7.918038e-01
-1.130958e+00
-2.105119e-01
8.731610e-02
-2.641655e-01
9.494530e-01
-1.629405e-01
-2.618895e-01
-1.162408e-01
1.815631e-01
-3.234312e-01
-6.509636e-02
7.293831e-02
-2.598332e-02
1.852249e-01
1.506497e-01
1.509555e-01
3.652066e-02
-2.373365e-01
2.814171e-01
1.589735e-01
-2.236118e-01
-8.911952e-02
2.864473e-02
