-7.422584e-02
-4.927408e-01
-6.189842e-02
4.380444e+01
1.800666e+02
-2.582629e+01
3.508643e-04
-1.035373e+05
2.290077e+04
-3.179384e+04
-3.700635e+04
5.355648e+04
-4.232691e+04
-8.220573e+04
6.263955e+04
-8.145463e+04
2.206576e+03
-9.228844e+04
5.070931e+04
1.800018e+03
-9.923636e+03
-5.556287e+03
1.967757e+04
1.831924e+03
8.064756e+03
-1.947249e+04
1.129585e+04
-1.807498e+04
-1.360421e+04
-1.837402e+04
-1.588733e+04
-6.368306e+03
6.309078e+03
-4.851344e+03
7.262688e+03
5.717372e+03
-4.508030e+01
2.652558e+03
-2.582553e+03
-5.701650e+03
-1.005852e+04
8.562911e+03
-1.026785e+03
-1.038115e+03
4.426913e+03
-1.028086e+04
8.653688e+03
-2.110310e+03
6.015405e+02
-2.920026e+03
5.054773e+03
-5.640860e+02
-2.173441e+02
5.729232e+03
-4.718461e+03
-6.422613e+02
6.072448e+03
5.909875e+03
2.701087e+02
-7.179205e+03
-1.177561e+03
8.069899e+02
1.549040e+03
-2.240279e+03
2.340580e+03
2.295947e+03
2.407295e+03
-3.278574e+02
-2.977370e+02
3.053054e+03
2.779354e+03
1.923378e+03
-2.547155e+03
-2.367054e+03
-1.553767e+03
-1.945921e+03
-5.333618e+02
3.232814e+02
-3.716192e+03
-1.189415e+03
8.665859e+02
-5.970611e+02
2.686223e+02
1.283992e+03
2.164078e+03
-3.723497e+02
-1.728420e+03
1.150659e+03
-4.934184e+02
5.091620e+02
-8.122890e+01
-5.015296e+02
1.063527e+03
1.029212e+03
-1.730469e+03
6.426307e+02
7.201337e+02
-1.584714e+02
-9.659962e+02
-5.368920e+02
-6.304150e+02
-7.324790e+02
4.768713e+02
-3.031021e+02
-2.634810e+02
-5.291249e+02
6.955483e+02
7.159417e+02
4.610777e+02
7.655778e+02
2.540385e+02
5.746938e+02
-5.539095e+02
8.100989e+02
-4.006722e+02
-4.170073e+02
-3.084926e+02
-1.509195e+02
-2.522489e+02
5.281806e+02
-2.503444e+02
2.586436e+02
-2.187949e+02
3.053080e+02
5.123463e+02
1.480575e+02
-1.723206e+01
-1.195689e+02
-8.732596e+01
1.043666e+02
3.749765e+02
4.247271e+02
4.785548e+01
1.762011e+02
-1.344941e+02
-1.430736e+02
3.971367e+02
4.453452e+01
1.334966e+02
-5.321931e+01
-2.011277e+02
-2.321731e+02
-3.683156e+01
1.969422e+02
8.252148e+01
2.333421e+02
-1.044525e+02
-2.394319e+02
4.495371e+01
5.381629e+01
1.232609e+02
1.659322e+02
4.137614e+01
-5.158011e+01
-9.935140e+01
-3.243647e+01
7.380634e+00
4.779177e+01
-2.093652e+01
6.142004e+01
5.852710e+01
4.419994e+01
4.331013e+01
2.308496e+01
-5.581522e+01
-6.402095e+01
-1.036919e+02
9.817325e+01
-2.924441e+01
1.339276e+01
1.632269e+01
1.633589e+01
5.390984e+01
5.745288e+01
-4.840318e+01
-2.453509e+01
5.338685e+01
8.212712e+01
-3.002748e+01
2.256893e+01
1.098525e+01
4.865876e+01
1.696782e+01
3.514742e+00
4.644183e+01
-3.967450e+01
-7.006025e+00
2.328317e+01
-6.201256e+01
-5.828115e+01
3.484919e+01
3.247728e+01
2.264684e+01
1.329818e+01
3.550993e+00
-3.117552e+01
9.244906e+00
2.528281e+01
-1.093287e+01
5.350828e+00
3.762128e+01
-2.863578e+01
2.150447e+01
-3.218541e+00
2.328215e+01
1.370200e+01
-1.022661e+00
6.916654e-01
-5.011166e-01
6.009763e-02
-2.151660e-01
1.545606e-01
-1.023557e-01
-5.747359e-01
-1.671790e-01
-6.208653e-02
9.950748e-02
-1.370502e-01
1.927336e-01
1.579311e-01
-2.628495e-02
1.376237e-01
1.093931e-01
7.098076e-03
-3.128511e-02
-9.383447e-02
-7.992367e-02
1.608907e-01
4.617904e-02
2.368137e-02
-6.543877e-02
1.394102e-02
4.085684e-02
-1.289674e-04
7.265860e-03
