-1.878846e-01
-1.454656e+00
-1.021594e-01
5.603556e+01
1.817958e+02
-1.012910e+01
3.548307e-04
-1.044141e+05
-7.876466e+04
7.451103e+04
-7.912071e+04
-4.585369e+04
2.968789e+03
-6.204107e+04
2.168074e+04
-1.713818e+05
5.317002e+04
-6.459226e+04
8.508270e+04
-1.219594e+05
-3.800671e+04
1.636585e+04
-1.431294e+04
2.453555e+04
7.817583e+03
-1.734394e+04
3.756379e+02
-1.414107e+04
-1.601988e+04
-1.450045e+04
-1.797215e+04
-1.327654e+04
-1.638932e+04
-3.761991e+04
1.980932e+04
-2.475171e+03
9.421401e+03
7.680716e+03
1.288019e+04
-2.977659e+03
1.468099e+04
-7.342237e+03
-1.030697e+04
-1.845938e+04
8.539947e+03
1.040170e+04
-6.907786e+02
-3.982844e+03
-5.468920e+03
-1.450743e+03
2.257128e+03
-1.098422e+03
9.836510e+03
-4.133697e+02
-7.106817e+03
6.066741e+03
3.083586e+03
6.569359e+03
-2.605506e+03
-2.841389e+03
-2.588872e+03
2.750290e+03
6.734293e+01
-6.271357e+02
3.366608e+03
4.643371e+03
2.666302e+03
4.136065e+03
-6.900668e+03
2.249069e+03
2.613486e+03
1.958347e+03
1.152095e+03
1.252905e+03
2.026161e+03
1.943825e+03
2.173577e+03
1.444363e+03
-5.402826e+03
-1.855149e+03
-1.105746e+03
-5.584713e+02
-1.906429e+03
1.453810e+03
2.025671e+03
3.218930e+03
-1.161741e+03
-1.238022e+03
6.464802e+02
1.155189e+01
2.317415e+02
9.833349e+02
2.004299e+03
2.192042e+03
-1.724828e+03
1.168620e+03
1.680961e+03
5.932709e+02
-3.101010e+01
-3.600909e+02
-1.048746e+03
-3.081113e+02
-2.043174e+02
-6.312162e+02
1.337021e+02
-2.649589e+02
1.571893e+03
8.544415e+02
5.460864e+02
8.161427e+02
-2.419347e+02
1.189572e+03
-3.300085e+02
6.499471e+02
2.178423e+02
-2.063701e+02
-2.347512e+02
-4.839341e+01
-5.264095e+02
6.182310e+02
-5.922962e+00
1.744278e+02
-4.903078e+02
2.733484e+02
2.982905e+02
-2.913156e+02
-2.481619e+02
4.634593e+02
-8.624986e+01
-3.905010e+02
2.073255e+02
3.246207e+02
9.035837e+01
3.349897e+02
-2.063143e+02
-3.097537e+02
3.838571e+02
-2.917809e+02
-3.602697e+01
9.566323e+01
-2.958911e+02
-1.191468e+00
3.655893e+01
1.286222e+02
-1.755583e+02
9.685935e+01
4.919801e+01
-1.088315e+02
1.170631e+02
3.187992e+02
6.882498e+01
3.870628e+01
4.590415e+01
4.286435e+01
4.275527e+00
-5.837690e+01
3.533599e+01
-6.462465e+01
-7.180230e+01
-2.993327e+01
-7.248420e+00
-6.150513e+01
9.640818e+01
4.375086e+01
2.246829e+01
-4.313927e+01
-9.870925e+01
8.103024e+01
-6.272999e+00
-2.000410e+01
6.882436e+01
1.105108e+02
-3.359662e+00
2.722590e+01
2.072635e+01
-7.977705e+01
-6.158342e+01
-4.886864e+01
-1.318276e+01
6.537357e+01
5.616291e+01
3.066848e+01
-2.095349e+01
2.937143e+01
5.860696e+01
-1.137414e+01
1.018282e+02
5.487174e+01
-1.870653e+01
2.833690e+01
1.035790e+01
3.948388e+01
-2.000856e+01
1.925402e+01
7.281931e+00
1.424964e+01
-3.077985e+01
-3.784835e+01
-1.126965e+01
2.160484e+01
-3.371416e+00
-5.890548e+01
1.943991e+01
-2.785316e+01
2.289296e+01
9.493806e+00
-1.489595e+00
9.636085e-01
-2.650535e-01
1.177340e-01
2.376341e-01
-3.892099e-01
-3.060183e-02
-2.954285e-01
-2.422178e-02
-4.475518e-01
1.283017e-01
-1.214693e-01
1.080584e-01
4.144440e-02
-6.670536e-03
-1.398132e-04
4.564835e-02
9.649617e-02
8.297721e-02
-2.671987e-02
8.815829e-02
1.855431e-02
-2.079280e-02
-9.466530e-02
5.612192e-02
2.525657e-02
4.955982e-02
-6.207719e-02
1.999278e-02
