-1.313707e-01
-1.542659e+00
-5.436971e-02
5.575111e+01
1.796319e+02
-9.466310e+00
3.559241e-04
-5.491447e+04
-4.685722e+04
2.625917e+04
-6.033263e+04
2.490988e+04
-6.387639e+04
-5.331690e+04
3.019879e+04
-3.278654e+04
5.161527e+04
-1.316985e+04
6.525312e+04
2.340102e+04
-1.024004e+04
5.237895e+03
7.249202e+03
1.956453e+04
7.306448e+03
-3.872808e+04
-3.501999e+04
-3.712596e+04
-1.411365e+04
-7.031167e+03
1.538874e+04
-1.905831e+04
-3.102288e+03
2.682861e+03
-7.002354e+03
-3.522957e+02
1.044028e+03
-1.555421e+03
6.285561e+03
6.005018e+03
-1.142072e+04
-8.830026e+03
7.671595e+02
2.289436e+03
-5.352399e+03
-4.031546e+03
8.303638e+03
1.346612e+03
-4.718656e+02
2.145874e+03
4.359769e+03
-3.597485e+03
-3.793548e+03
6.680096e+03
-2.066016e+03
-4.713478e+03
1.844461e+03
2.146751e+03
1.132267e+02
-4.791979e+03
-5.698511e+03
-1.631034e+02
1.482267e+03
-4.525882e+02
3.887169e+03
4.351008e+03
1.770481e+03
-3.601671e+02
-4.091235e+03
1.399024e+03
1.633583e+03
5.557105e+02
-1.907513e+03
1.530509e+03
9.033945e+02
-3.445515e+02
6.746080e+02
6.440733e+02
-2.055459e+03
-1.325277e+03
1.674793e+03
-1.359755e+03
3.709948e+02
9.486395e+02
1.604464e+03
1.475834e+03
-6.998185e+02
-9.650418e+01
-1.142875e+03
1.293687e+03
-4.828227e+02
-2.050669e+02
-1.226687e+02
1.546955e+03
-1.227795e+03
4.762172e+02
6.497821e+02
-4.551943e+02
-1.255448e+02
-4.151644e+02
-6.082941e+02
1.570283e+02
7.754120e+02
-3.885943e+02
-2.774854e+02
-2.132532e+02
3.599570e+02
4.309159e+02
2.778472e+02
4.339803e+02
2.008672e+02
-1.522009e+02
-2.162744e+02
7.890264e+02
-2.415849e+02
1.486872e+02
-1.235410e+02
-1.164330e+02
-4.816843e+02
5.170079e+02
-3.195286e+02
1.019133e+02
-1.234986e+01
-4.903805e+01
6.832697e+01
2.548777e+01
-9.297645e+01
-7.627001e+01
-2.668867e+02
-1.510216e+02
-1.188070e+01
5.180765e+02
4.125869e+02
2.161347e+02
-7.977926e+01
-1.900819e+02
-1.031938e+02
-5.854490e+01
1.014077e+02
-3.725949e+02
-1.741385e+02
-2.213198e+01
-1.732404e+01
7.027480e+01
9.653690e+01
8.772296e+00
6.199470e+01
-6.796055e+01
2.099044e+02
1.227081e+02
2.751836e+01
-1.612641e+01
-7.480696e+01
7.975157e+01
-9.111427e+01
2.916054e+01
9.380442e+01
1.380145e+02
7.666029e+01
3.033393e+01
7.630326e+01
1.184203e+01
-9.360826e+00
8.165944e+01
-5.435494e+01
-4.607167e+01
-3.817882e+01
9.600727e+01
-1.121496e+01
3.258401e+01
6.219895e+01
1.186849e+02
-1.565065e+01
5.167625e+01
3.418344e+01
-3.965412e+01
7.049508e+01
6.202858e+01
-7.199704e+01
3.033626e+01
3.566091e+01
5.022966e+01
-4.454767e+01
2.499735e+00
3.211747e+01
-1.038397e+01
-6.738043e+00
6.429163e+01
-3.330809e+01
-3.542603e+01
3.229361e+01
4.115136e+01
3.737100e+01
8.262175e+00
4.086160e+01
-2.257463e+01
1.865610e+01
1.170480e+01
-1.077923e+01
1.259508e+01
4.303062e+01
-3.661190e+01
2.477583e+01
-2.326450e+01
2.269331e+01
-4.806165e+00
-5.044883e-01
5.657375e-01
-1.121129e-01
-5.062763e-02
-1.201519e-02
-1.821457e-01
-9.516043e-02
3.353637e-02
5.203367e-03
-3.295306e-02
2.105669e-01
6.503231e-02
3.071787e-01
4.094878e-02
6.279897e-02
8.069242e-02
4.873535e-02
-1.294066e-03
-6.037648e-02
2.888350e-02
-4.882444e-02
2.491898e-02
3.244554e-02
4.234805e-02
9.035479e-02
4.114303e-02
-1.407121e-03
-2.899534e-02
-1.829872e-02
