-1.946342e-01
-6.347823e-01
1.110736e-01
4.608000e+01
1.842503e+02
-2.037117e+01
3.415319e-04
-3.017722e+05
-1.570191e+05
2.977029e+05
2.239948e+05
8.533717e+04
3.808244e+04
-2.633573e+05
9.792164e+04
-2.442373e+05
9.213554e+04
-4.290341e+04
5.267636e+04
-4.507352e+04
-8.008379e+04
-6.824664e+04
6.837930e+04
-1.059634e+04
1.519844e+04
-4.827075e+04
6.742478e+04
-4.115244e+04
-3.530997e+04
-8.250627e+03
-7.179170e+04
3.840496e+04
-3.754342e+04
-2.907876e+04
2.082755e+04
1.349357e+04
3.701536e+04
4.492021e+03
-3.001719e+04
-1.715270e+04
-1.800896e+04
-2.083042e+04
-2.895636e+03
-4.321667e+03
2.923488e+04
-6.271338e+03
-5.305276e+03
-2.103929e+03
-1.311424e+03
-1.092711e+03
7.403596e+03
-1.010360e+04
5.749074e+03
-1.230479e+03
-1.303641e+04
4.137792e+03
2.298885e+03
1.206852e+04
-1.740497e+02
-9.905929e+03
-1.222722e+03
-3.632842e+03
-1.484102e+03
-5.355963e+03
4.385597e+02
4.425200e+03
3.390097e+03
9.155121e+03
-8.209786e+03
-1.202360e+02
5.727865e+03
6.850549e+03
2.110863e+02
-3.040305e+03
-7.414933e+02
3.757101e+03
5.558464e+02
5.742792e+02
-6.133666e+03
-1.759859e+03
-1.871511e+03
-1.407413e+02
-2.457678e+03
-3.204111e+02
5.077244e+03
4.193051e+02
-2.077488e+03
-1.262162e+03
-1.138940e+03
6.943909e+02
3.071636e+02
-2.245168e+03
2.468026e+03
2.032797e+03
-2.425688e+03
4.259890e+02
1.483170e+03
1.275065e+03
1.042334e+02
2.140416e+02
-1.012724e+03
-8.067153e+02
2.731186e+01
-1.200641e+03
1.575598e+03
-5.646213e+02
3.144846e+02
3.508093e+02
7.325974e+02
9.633233e+02
-7.016788e+02
1.814544e+03
-4.108855e+01
8.859433e+02
-5.064390e+02
-7.746416e+02
-3.977551e+02
-1.969370e+02
-6.191460e+02
7.269142e+02
-8.997445e+02
-3.980117e+02
-1.000547e+03
5.732287e+02
6.127486e+02
-2.919931e+02
-2.269200e+02
2.123174e+02
-8.843864e+00
-2.456674e+02
3.646671e+02
1.352613e+01
3.945921e+02
5.501851e+02
-6.000249e+02
7.639608e+01
1.077967e+03
-1.827961e+02
2.342410e+02
4.565089e+02
1.696955e+01
-3.365371e+02
-9.133233e+00
1.893380e+01
-1.479258e+02
3.169559e+02
7.185918e+01
-2.799755e+02
5.947620e+01
1.193862e+02
2.792435e+02
6.420915e+01
4.147141e+02
1.370907e+02
-2.198537e+02
2.871847e+01
5.354028e+01
2.884696e+02
-1.230004e+02
-1.558157e+02
2.190415e+02
7.921867e+01
1.205319e+01
1.238263e+02
3.590081e+01
-8.774559e+01
-3.365829e+01
3.358079e+01
-1.154889e+02
1.439185e+02
7.087695e+01
1.835083e+02
7.323663e+01
5.759497e+01
-9.843639e+01
-2.929055e+01
-2.017345e+01
-1.097836e+01
2.139112e+01
-3.694777e+01
7.750940e+01
-3.847730e+01
2.262951e+01
2.049199e+01
7.586195e+01
-1.173687e+01
1.139522e+02
9.155065e+00
-1.093242e+02
-1.167670e+01
-4.824260e+01
1.028522e+01
-4.166225e-01
7.426606e+01
-2.822134e+01
4.253201e+00
-6.924942e+01
-5.259519e-01
-1.759830e+01
4.546162e+01
1.668870e+01
-2.411149e+01
4.274952e+01
-9.026333e+01
4.710792e+01
3.238003e+01
-1.949264e+00
2.624619e+00
-8.176548e-01
-1.514952e-01
-1.454949e-01
-3.244279e-01
-6.443523e-01
-1.031662e+00
-1.738468e-03
-6.802108e-01
1.847461e-01
-8.377112e-01
3.564303e-01
2.282922e-01
-1.096806e-01
2.163940e-01
1.105978e-01
-1.437592e-01
-3.444603e-02
-4.167177e-01
-2.527274e-01
1.167447e-01
-1.377608e-01
-7.941566e-02
-2.558927e-01
2.611685e-03
-1.506947e-02
-8.880662e-02
-2.113325e-02
