-1.671964e-01
-1.509457e+00
-9.839724e-03
5.745778e+01
1.811027e+02
-7.801317e+00
3.256025e-04
-1.432275e+04
-1.250372e+05
-1.036942e+05
1.216132e+05
1.755418e+05
1.369713e+05
-1.527643e+04
5.079323e+03
2.571651e+04
-2.742631e+04
-6.874767e+03
1.828377e+04
1.162317e+05
-6.742674e+04
3.627230e+04
2.108202e+04
-1.356910e+04
3.084518e+04
1.939417e+04
2.353852e+03
2.238374e+03
-9.493169e+03
2.781974e+03
1.645425e+04
8.152306e+02
-1.532905e+04
3.233992e+03
7.826630e+03
-6.940056e+03
-2.830554e+04
-5.890371e+03
1.421379e+03
1.058602e+04
-3.385924e+03
7.309320e+03
7.497235e+03
7.879174e+03
4.821862e+03
-1.265712e+04
5.433486e+03
1.074923e+04
4.388502e+03
6.624110e+03
-7.217673e+02
1.412823e+03
-3415
8.215739e+02
6.815395e+03
-2.703824e+03
-2.447449e+03
5.011784e+02
1.289941e+03
-3.491354e+03
-3.419621e+02
-1.319315e+03
-2.624115e+02
-1.122718e+03
-3.905779e+02
4.100114e+03
1.491026e+03
-4.342052e+02
-3.811785e+03
1.034725e+03
6.652548e+01
2.688521e+02
1.793304e+02
2.132287e+03
1.331083e+02
1.223503e+03
2.264287e+02
-7.988301e+02
-1.790754e+03
-6.430457e+02
5.557709e+02
-1.639395e+03
1.761992e+03
2.535850e+02
1.175452e+03
1.036645e+03
-1.649971e+03
2.147736e+02
-7.666646e+02
3.601704e+02
-1.286463e+03
1.292390e+03
1.686333e+02
4.848725e+02
-1.012971e+03
1.023169e+02
3.356413e+02
2.477839e+00
-2.263237e+01
3.722498e+02
-3.939472e+02
3.218870e+01
8.939224e+02
-6.668179e+02
-3.731412e+02
-5.065577e+02
-7.875126e+01
5.990981e+02
3.693704e+02
7.529333e+02
5.094358e+02
-4.208555e+02
-3.077548e+02
6.723983e+02
-8.791004e+01
-9.365002e+01
1.044758e+02
-2.755741e+02
-9.496234e+01
5.210506e+02
1.857081e+02
2.278316e+02
-2.712751e+02
2.558164e+01
-5.399994e+01
-3.172878e+02
2.652262e+02
3.230196e+02
-1.254896e+02
-1.042989e+01
-5.526378e+01
4.033852e+02
2.155544e+02
-1.989337e+01
-4.366522e+01
-7.511938e+01
-1.148970e+02
-1.465052e+02
-6.587180e+01
-2.151350e+02
-1.033236e+02
1.247644e+02
9.740031e+01
1.490580e+02
1.019305e+02
-7.610371e+01
-9.473337e+00
-1.874538e+02
9.449601e+01
1.963075e+01
1.673528e+02
8.200405e+01
-7.157513e+01
-5.587437e+01
-6.310381e+01
-6.219001e+01
1.031780e+02
-3.422451e+01
3.353814e+00
-9.117889e+01
1.007466e+02
-2.329649e+01
-4.455883e+01
-3.098217e+01
-6.859595e+01
-5.435710e+01
5.932207e+01
1.126661e+02
-9.683029e+01
7.870952e+01
4.549311e+01
3.600663e+01
5.430316e+01
1.030563e+01
3.880516e+01
-9.676762e+01
7.803984e+01
7.804835e+00
-6.741634e+01
7.185568e+01
6.035191e+01
3.226007e+01
-2.558392e+01
-2.795953e+01
4.553121e+01
-5.041712e+01
8.499745e+00
5.002576e+01
-9.567405e+00
1.203288e+01
5.988977e+01
2.723135e+01
-3.039027e+01
5.305181e+00
3.973275e+01
-7.613644e+00
7.688035e+00
1.894082e+01
-3.300369e+01
4.815687e+00
-3.700015e-01
-9.879385e+00
4.218214e+00
-7.176079e+00
2.912026e+01
2.781571e+00
-5.854659e-01
3.150201e-01
-5.853125e-02
2.267734e-01
1.155720e-01
-3.552352e-01
5.938402e-02
3.672009e-01
7.110664e-02
1.331617e-02
2.326910e-01
3.420386e-02
1.207116e-01
7.809133e-02
-1.746221e-02
-1.172198e-01
8.018524e-04
-1.129242e-01
-6.253138e-02
-4.708900e-03
-2.838472e-02
4.953045e-02
-7.834762e-02
6.638030e-03
1.829045e-01
-3.024101e-03
-8.812802e-02
-1.212675e-02
-9.489588e-02
