-2.825398e-02
-1.017796e+00
-7.929815e-02
4.949333e+01
1.784251e+02
-1.992135e+01
3.563892e-04
-2.486932e+04
1.633801e+05
-2.203277e+05
-2.719902e+05
7.007624e+03
1.451402e+05
1.413530e+04
-3.238178e+04
-4.204251e+04
-1.009380e+05
6.508917e+02
1.612676e+05
-3.519703e+04
6.902202e+03
2.152878e+04
-1.163136e+03
3.809162e+04
1.218086e+04
3.110140e+04
-6.030222e+04
-1.915446e+04
-2.262564e+04
-3.161376e+04
4.131641e+04
-5.814611e+03
2.545930e+03
1.903794e+04
-4.125641e+04
-2.465555e+04
-3.820536e+04
-2.068217e+04
1.747986e+04
-1.630587e+03
-2.560942e+04
-2.031372e+04
2.820432e+04
-6.552562e+02
-9.162397e+02
7.211349e+03
1.774634e+04
6.369434e+03
-1.080067e+04
-4.386644e+03
-7.731479e+03
-3.114149e+03
3.696526e+02
6.766305e+03
8.493193e+03
-2.440483e+03
-1.357709e+02
1.203667e+03
1.702856e+02
1.942719e+03
-3.870293e+02
9.167681e+03
-2.329482e+02
2.483853e+02
-2.819742e+03
2.067575e+03
1.214346e+03
3.978723e+02
-2.966679e+02
7.135747e+02
1.833583e+03
3.400240e+03
3.651300e+03
3.535257e+03
-2.318605e+03
-3.378662e+03
1.773781e+03
-9.753384e+02
-3.601802e+03
-2.822779e+02
5.752319e+02
-4.835416e+02
-7.690480e+02
1.499321e+03
4.574587e+02
1.177329e+03
-9.153287e+02
7.924293e+02
-2.222652e+03
2.860201e+03
-8.047424e+02
1.954211e+03
2.675288e+02
-5.968832e+02
-8.726173e+02
8.879029e+02
2.037495e+03
-7.683431e+02
6.352606e+02
2.103373e+02
-1.239738e+03
5.525563e+02
1.542255e+03
8.342533e+02
-8.541740e+02
-6.570094e+02
-6.082007e+02
1.796115e+03
6.385212e+02
6.108299e+02
1.291928e+03
-7.816418e+02
-3.449532e+02
-2.125950e+02
3.338520e+02
4.906113e+02
-7.763988e+01
-8.217097e+01
-3.246874e+02
5.922700e+02
2.031346e+02
1.075810e+03
-1.353081e+01
-4.058245e+02
-2.705244e+02
4.627571e+01
1.798329e+02
4.081793e+02
-3.545222e+02
2.137975e+02
-2.412511e+02
3.248879e+02
-2.851083e+01
4.576424e+01
1.247221e+02
-5.319070e+02
4.696209e+01
-7.407996e+01
2.314803e+02
-4.630799e+02
-6.755888e+01
2.454593e+02
-2.345432e+02
2.974735e+02
1.148769e+01
-2.294910e+01
-7.990473e+01
-3.374500e+01
-3.084736e+01
2.326694e+01
5.116461e+01
1.906397e+02
-4.094877e+02
-2.358546e+02
-4.446355e+01
-4.538306e+01
-3.183774e+01
-1.180744e+02
2.208306e+02
7.577927e+00
2.160685e+01
5.206721e+01
-2.579354e+02
-3.871700e+00
-1.973110e+02
4.477246e+01
-5.496001e+01
2.352826e+02
-1.395475e+02
-1.718858e+02
-8.416605e+00
6.174602e+01
2.882209e+01
7.379472e+01
-6.187231e+01
-1.417340e+02
9.113633e+01
5.784792e+01
-9.604175e+01
7.041850e+01
4.619389e+01
-2.157059e+01
-2.951804e+01
1.466343e+01
4.863309e+01
-1.400202e+01
-2.280853e+01
6.452691e+01
-8.594580e+01
-1.119801e+02
6.304998e+01
4.623654e+01
-4.975280e+00
-5.592349e+01
7.149507e+01
-7.127165e+00
5.156364e+01
4.281856e+01
-1.330889e+01
-3.289676e+01
3.716998e+01
-3.030607e+01
5.490716e+01
2.342293e+01
3.131062e+00
5.863973e+00
-8.863140e-01
-4.893345e-01
7.914658e-02
-5.468906e-01
1.572924e-01
-8.530796e-02
-1.642095e-01
-5.882178e-03
8.525935e-03
1.162885e-01
4.824150e-01
3.110614e-01
2.024155e-01
-1.917992e-02
9.380767e-02
-3.053394e-02
3.554076e-02
3.237499e-02
-5.128201e-04
5.504521e-02
-5.378931e-02
9.061001e-02
-4.160439e-02
-4.017908e-03
1.804014e-01
2.784810e-02
-3.138147e-02
1.395717e-01
-1.599965e-02
