-2.029123e-01
7.331805e-01
1.285677e-01
4.892445e+01
1.920437e+02
-2.147179e+01
3.545162e-04
-8.384028e+04
-2.943053e+05
-8.375091e+04
3.960951e+04
9.617041e+04
-6.794588e+04
1.787929e+04
-1.099837e+05
-1.696631e+05
-6.361617e+04
-1.016492e+05
1.015757e+05
1.146332e+05
2.833963e+03
1.089307e+04
-1.341501e+04
4.201296e+04
-3.373555e+04
-2.702557e+04
-4.514877e+04
1.468459e+04
-1.640630e+02
5.066204e+04
-3.059897e+04
1.195480e+04
-1.495447e+04
-4.450947e+03
-4.881800e+01
1.678185e+04
1.603198e+04
3.782395e+02
4.142911e+03
9.273698e+03
-4.954182e+03
-1.215094e+04
-1.395615e+04
3.501413e+03
-5.347744e+03
5.784125e+03
7.751958e+03
8.465620e+03
2.220439e+03
-3.559103e+03
1.469662e+04
6.945293e+02
3.848667e+03
2.334185e+03
-4.452289e+03
1.627737e+03
9.510438e+03
4.423015e+03
-2.579460e+03
-6.622989e+03
-1.593815e+03
7.009264e+03
2.890700e+02
-4.076877e+02
1.954912e+03
3.662937e+03
2.339252e+03
2.192391e+03
-3.832888e+03
3.610968e+03
-3.039262e+03
-2.717303e+03
-3.026928e+03
-1.347225e+03
-7.426030e+02
-1.575647e+03
1.078911e+03
6.248665e+01
-5.541334e+02
1.259828e+02
1.563360e+03
5.682712e+02
-8.282360e+02
1.471395e+03
3.409737e+03
1.190948e+03
-3.208179e+02
-1.014838e+02
-7.053854e+02
-1.102958e+03
9.211490e+02
1.155395e+02
1.085035e+03
1.335968e+03
-1.539881e+03
-1.825543e+02
6.144449e+02
5.893469e+02
7.172683e+02
-9.605153e+02
-1.287248e+02
4.284206e+01
-9.007422e+01
-1.077024e+03
-4.954594e+02
1.189607e+03
1.048492e+03
6.295538e+02
-1.886536e+02
1.161554e+03
-4.064100e+01
5.951361e+02
-2.948203e+02
1.456328e+03
-4.078432e+01
4.381138e+02
3.343142e+02
-8.817778e+01
-1.176148e+02
3.504263e+02
-9.514887e+01
-1.893113e+01
2.086639e+02
3.690500e+01
5.406935e+02
-4.894441e+01
-2.721842e+02
-3.171762e+01
-1.848088e+02
-7.105007e+01
2.442528e+02
7.016342e+02
-1.242540e+02
9.506164e+01
-2.315520e+02
9.160299e+01
1.825501e+02
-1.247523e+01
2.967685e+02
-2.928251e+02
-2.844169e+02
9.778941e+01
-8.321505e+01
3.697248e+01
-1.945793e+01
1.254305e+02
3.265538e+02
1.423290e+02
1.028255e+02
1.504660e+02
4.164828e+01
-9.671404e+00
1.595912e+01
1.177174e+02
-1.441626e+02
1.302239e+02
3.880336e+00
3.295178e+02
-2.527088e+01
-3.263057e+02
2.582179e-01
-1.578862e+01
1.718470e+02
-9.602547e+01
1.677464e+01
-9.834702e+01
-9.878217e+00
4.507268e+01
1.882183e+02
1.798015e+02
1.134035e+02
-9.692860e+01
-6.186801e+01
8.705026e+01
6.468275e+01
-1.043740e+01
-3.698787e+01
-3.413946e+01
-1.012611e+00
4.423434e+01
-4.860723e+01
1.445526e+02
3.239971e+00
5.176487e+01
6.505855e+01
2.269871e+01
3.221246e+01
-8.751125e+00
-1.031760e+02
1.531145e+01
1.336572e+01
8.151196e+01
2.842061e+01
6.043560e+01
-3.079872e+00
8.604636e+00
3.350019e+01
-6.793122e+01
7.342923e+00
-3.479229e+01
2.540962e+01
-6.582297e+01
-1.421584e+01
-2.528240e+00
3.955006e+01
1.232388e+00
-1.416640e+00
3.612010e+00
-1.100030e+00
-1.201893e-02
-2.835031e-01
-3.751969e-02
-2.703446e-01
-8.411088e-01
4.153862e-02
-6.777123e-01
-3.654449e-02
-1.365397e-01
1.640419e-01
-3.908411e-02
4.745155e-02
-3.623584e-02
1.416034e-01
4.899818e-02
-5.031655e-02
1.217016e-01
1.364434e-01
-7.258546e-03
2.680494e-01
-2.350041e-02
2.812884e-02
6.496528e-02
-2.015573e-02
-6.546842e-02
5.237815e-03
