-1.483812e-01
9.272019e-01
-6.988186e-02
4.892445e+01
1.816764e+02
-1.709907e+01
3.372507e-04
4.040525e+04
1.400294e+05
1.683443e+05
3.208031e+05
-4.690214e+04
2.036583e+05
-1.110088e+05
4.049986e+04
1.350541e+05
1.257022e+05
1.030806e+05
4.332958e+03
-2.349622e+04
-3.823848e+04
3.595193e+04
7.920698e+04
-1.804460e+04
5.384916e+04
-5.029537e+04
-1.639748e+04
7.707536e+03
-9.489092e+03
4.302759e+04
-3.782782e+04
-5.752065e+03
4.013663e+04
-7.393507e+03
4.225224e+04
1.492494e+04
1.971896e+04
6.033792e+03
-7.075497e+03
-1.614037e+04
-2.022673e+04
-1.706546e+04
-1.865649e+03
1.414597e+04
3.044385e+03
-1.847652e+04
-6.459211e+02
8.888313e+03
4.818743e+03
-2.847388e+03
8.445958e+02
1.135709e+04
-1.349039e+03
7.892439e+03
-1.651109e+03
2.169056e+03
-3.928631e+03
1.105050e+03
-4.481343e+03
-6.499884e+03
-2.918270e+03
-7.854605e+03
-3.196623e+03
-1.023212e+04
6.560343e+03
6.794067e+02
3.336910e+03
-1.668328e+03
-2.442487e+03
1.946136e+03
4.466241e+03
2.346695e+03
-1.916197e+03
8.981544e+02
-5.888605e+02
9.259688e+02
9.628982e+02
-1.791415e+03
-5.415729e+03
-1.319170e+03
1.996898e+03
-1.676147e+03
-1.121986e+03
-2.268072e+01
1.413937e+03
1.045461e+03
-2.917105e+03
2.329358e+03
-6.383197e+02
1.440448e+02
-1.008102e+03
-1.393139e+03
7.559711e+02
8.471065e+02
-8.844175e+02
5.503594e+02
1.809874e+03
1.381090e+03
-5.190223e+02
1.181877e+03
-1.594640e+03
-3.798812e+02
-1.365015e+02
1.806140e+01
1.714452e+03
-8.569163e+02
5.335375e+02
-6.475775e+02
7.750566e+02
7.081292e+02
-7.593640e+01
5.904277e+02
-3.008333e+02
-5.397066e+01
-6.121678e+02
-5.124784e+02
3.080019e+02
2.498045e+02
-2.459272e+02
4.827593e+02
-4.208669e+02
-5.816229e+02
-2.644283e+02
5.013062e+02
-5.347549e+02
-1.362813e+02
3.403271e+02
5.541661e+02
1.149511e+02
1.845957e+02
1.056706e+01
-1.253963e+02
5.586792e+02
3.476905e+02
2.682563e+02
-1.246072e+02
4.243425e+02
-1.257197e+02
-1.648078e+02
3.632295e+02
2.037462e+02
-2.593551e+02
-1.132873e+02
2.107259e+02
3.346265e+02
-8.015012e+01
-4.191275e+02
-1.723940e+02
2.872781e+02
-1.597418e+02
8.623750e+01
-5.851613e+01
8.584576e+01
6.627881e+01
-3.854510e+02
-4.376723e+01
3.931094e+02
1.581184e+01
-3.411730e+02
1.289664e+02
2.832104e+02
4.702198e+00
-3.388254e+01
1.444871e+02
7.255574e+01
-1.305146e+02
5.577055e+00
4.149623e+01
-1.383925e+01
-6.455428e+01
-2.661991e+01
1.832915e+02
-1.601063e+01
-3.601639e+00
-5.327914e+01
-8.183719e+01
4.193212e+01
-7.791497e+00
-2.048391e+01
7.617270e+00
2.516966e+01
-1.427927e+02
2.304330e+01
6.553908e+01
1.625452e+01
-2.470816e+01
-6.641422e+01
-3.165891e+01
-1.765634e+01
4.085771e+01
2.338249e+01
-5.493526e+00
4.255100e+00
3.300152e+00
9.005389e+01
-4.266266e+01
3.645002e+01
1.243357e+01
8.444512e+00
-5.481198e+00
-3.008151e-01
1.339999e+01
2.412347e+01
3.999426e+01
-1.052632e+01
2.189712e+01
1.742217e+00
-1.961051e+00
1.653289e-01
8.953764e-02
-1.136746e-01
2.643476e-02
2.500675e-01
3.432685e-01
-6.878467e-02
1.120246e-01
-2.538078e-01
-2.485934e-01
-4.624568e-02
1.781346e-01
-1.596627e-01
2.594468e-02
-1.005902e-02
1.551283e-01
1.903432e-01
-2.354500e-01
1.084430e-01
5.828715e-03
-2.047641e-01
-1.711472e-02
-1.743565e-01
-5.621093e-02
2.275959e-02
-1.414196e-02
-7.596169e-02
