-2.061137e-01
1.295258e+00
-6.174333e-02
5.660444e+01
1.897111e+02
-1.474026e+01
3.615322e-04
-1.053949e+03
1.791047e+04
-2.105612e+05
-2.362048e+05
-1.920005e+04
-5.200871e+04
1.114198e+05
-6.015910e+04
-4.776911e+04
-6.205959e+04
-7.730981e+04
1.245119e+05
1.033803e+04
1.121301e+04
5.275426e+04
-4.189077e+04
8.022931e+04
-1.831475e+03
2.633702e+04
-1.123145e+04
2.074335e+04
-3.453168e+03
2.539762e+04
3.122412e+04
8.200842e+03
-2.959409e+04
-1.007103e+04
-1.279201e+03
8.732339e+03
-3.668556e+03
-2.249294e+04
2.516094e+04
1.147880e+04
-2.004682e+03
-1.309751e+04
4.179049e+02
-1.258615e+04
-8.655506e+03
1.602572e+03
1.318749e+04
1.674835e+01
-7.007312e+03
-1.753894e+02
-2.182938e+03
7.274408e+03
2.792417e+03
3.077456e+03
7.708838e+03
4.329219e+03
1.919756e+03
3.260838e+03
2.120800e+03
9.907062e+02
-7.372688e+03
3.976410e+03
3.717005e+03
-6.943746e+02
-5.849356e+02
4.009830e+03
7.470475e+02
6.100211e+02
-3.332343e+03
7.904034e+02
-1.838921e+03
-1.300872e+03
2.649807e+03
2.111870e+03
-1.867297e+03
-1.670101e+03
-1.077590e+03
-2.168558e+03
-6.807108e+02
-1.091678e+03
-3.370946e+02
-8.269313e+02
5.234016e+02
1.203746e+03
1.298607e+03
8.236354e+02
-8.229417e+02
-6.190992e+01
1.242172e+03
2.188792e+02
-2.403337e+02
2.334581e+03
8.993306e+02
8.479932e+02
-1.218285e+03
1.886228e+02
9.523325e+02
-3.144053e+02
-3.017003e+02
-6.398660e+02
-1.019641e+03
1.034280e+02
8.113815e+02
-2.560689e+02
-4.498012e+02
-5.172025e+02
4.861897e+02
6.238235e+02
5.058160e+02
1.046837e+03
5.749428e+02
-5.447599e+02
-6.969937e+02
9.528223e+01
-1.850918e+02
7.877559e+02
2.795038e+02
-5.802213e+02
-2.048495e+02
5.810542e+02
6.333937e+02
6.126636e+02
1.924237e+02
-4.057376e+02
1.926862e+02
-2.971810e+02
1.216807e+02
2.885376e+02
-1.929635e+02
-8.363099e+00
2.145156e+01
4.414214e+02
5.582430e+01
7.853574e+01
-6.051191e+00
-3.300164e+02
-1.811243e+02
-2.573174e+02
-2.220224e+02
-3.901637e+02
-4.086560e+02
2.005918e+02
7.134151e+01
1.662870e+02
-7.629668e+01
-1.136268e+02
1.124412e+01
-1.505887e+02
-6.376289e+01
2.698463e+02
1.030116e+02
-1.022596e+01
2.369567e+00
-1.966253e+01
4.201201e+01
2.522080e+01
4.251265e+01
-2.439216e+01
2.396460e+02
-1.201631e+02
-6.793549e+01
-3.424678e+01
3.868456e+01
-1.455118e+01
-1.987876e+02
-7.295448e-01
-1.272062e+01
2.003780e+02
-4.874260e+01
-3.253803e+01
3.573460e+01
-6.150008e+01
-4.871511e+00
2.264743e+01
-2.401682e-01
-1.071986e+02
1.409587e+01
-1.096899e+01
-5.748947e+01
1.008679e+02
-6.230279e+00
5.623013e+01
1.431893e+00
1.095264e+01
9.110130e+01
-2.465363e+01
2.943454e+01
7.007085e+01
-3.793609e+01
1.937458e+01
7.631390e+01
3.685860e+01
-2.966597e+01
3.131063e+00
1.486951e+01
4.640416e+01
3.376265e+01
-1.084838e+01
-1.570975e+01
-2.834887e+01
-7.524656e+00
-3.856091e+01
-3.215341e+00
2.732538e+01
6.028627e+00
-7.837683e+00
-1.102310e+00
5.350105e-01
-5.346044e-01
-4.051369e-01
2.951356e-01
-2.059127e-01
-5.814897e-03
-9.348309e-02
2.332262e-01
-6.974780e-02
3.852959e-01
2.916169e-01
-1.755610e-01
-1.016427e-01
-6.541233e-03
-1.549671e-01
-5.548177e-02
4.053919e-02
1.620656e-02
1.963844e-01
5.503089e-02
7.882812e-02
7.857267e-02
-6.003075e-02
1.648010e-01
-1.721706e-02
2.587976e-02
6.383148e-02
-2.378623e-02
