-3.975963e-01
1.290226e+00
-3.614560e-01
5.774222e+01
1.818755e+02
-9.867742e+00
3.433606e-04
-7.992212e+04
4.777252e+04
161716
-4.632259e+03
-2.320867e+04
2.411607e+05
-1.355765e+05
9.337480e+04
1.550393e+03
1.189972e+05
1.579465e+05
7.445786e+04
-2.147835e+04
-4.467880e+03
-5.529157e+04
8.732816e+04
-8.307677e+03
1.436964e+04
-8.713024e+04
2.574189e+04
6.613414e+03
7.172990e+03
2.972478e+04
-6.948469e+04
-4.232321e+04
2.004793e+04
-6.505302e+03
7.015921e+03
8.994585e+03
1.480833e+04
1.907867e+04
-2.461262e+04
7.673057e+03
3.777710e+03
-2.033661e+04
3.429557e+03
-1.038508e+04
1.015678e+04
-9.311802e+03
2.258077e+03
1.355369e+04
-5.489815e+03
-1.558865e+03
6.436551e+02
5.577846e+03
-2.143091e+03
5.730430e+03
2.686607e+03
9.297745e+03
-6.542347e+03
9.282295e+03
-5.417309e+03
-3.262082e+03
-5.691163e+03
1.487656e+03
-3.886724e+03
-6.330508e+03
2.680708e+03
-5.357452e+02
9.324268e+02
7.484780e+03
-1.447095e+03
-1.340804e+03
5.365900e+03
5.038873e+03
3.006312e+03
-7.691918e+02
-1.514834e+03
-1.359898e+03
2.454898e+03
-1.897776e+02
-5.561686e+03
-1.014371e+03
-1.212480e+03
-1.071149e+03
-1.969820e+03
-1.691757e+03
5.316294e+02
1.079076e+03
-8.110103e+02
1.768746e+03
-6.854655e+00
3.371736e+02
1.441478e+03
-1.195369e+03
3.019608e+03
4.965789e+02
1.325107e+03
8.323704e+02
2.675475e+03
-1.249359e+02
-6.924877e+01
1.030299e+03
-8.061345e+02
-7.270164e+02
8.154167e+02
-1.329880e+03
1.384572e+03
-1.219280e+03
4.574544e+02
2.728477e+02
1.333547e+03
8.114816e+02
1.132093e+03
7.461525e+02
-2.615177e+02
-3.123452e+02
-3.686860e+02
-7.022898e+01
-6.610023e+01
-1.076446e+02
-7.220339e+02
6.632100e+02
-1.759193e+02
-2.111749e+02
-2.517085e+02
8.137477e+02
-1.773060e+02
-5.678925e+02
3.314710e+02
2.284194e+02
2.811954e+02
1.210960e+02
-1.671472e+02
-1.944502e+01
-1.501651e+02
2.122300e+02
1.775785e+02
-2.746654e+02
3.462882e+02
-1.168211e+01
-8.617820e+01
8.197800e+01
2.752613e+02
-5.245411e+01
-6.782113e+01
2.023756e+02
2.410986e+01
1.762768e+01
-1.023375e+02
-1.264832e+02
2.615481e+01
-1.075553e+02
2.280539e+02
-5.615082e+01
-1.747524e+02
1.383436e+02
-1.800694e+02
2.615818e+01
1.198836e+02
1.667194e+02
-2.072726e+02
2.411838e+01
2.139153e+02
-5.587689e+01
-1.244491e+02
6.900024e+01
-1.227231e+02
2.815855e+01
2.082067e+01
1.838352e+02
-3.310735e+02
-1.067276e+02
-1.091937e+02
1.924443e+02
1.443490e+02
-1.132103e+01
-5.991721e+01
-1.279526e+02
2.892967e+01
-3.410828e+01
-1.517285e+02
-6.770815e+01
5.134172e+01
-7.593346e+01
-6.391579e+00
4.579770e+01
2.551002e+01
-6.769263e+01
2.649473e+01
4.402642e+01
-9.035983e+01
-4.154450e+01
2.293062e+01
2.509251e+01
4.748179e+00
3.009825e+01
5.531682e+01
-3.240545e+01
-2.065868e+01
-7.221263e+00
-3.286574e+01
-1.394753e+01
1.705112e+01
-2.140254e+00
9.428161e+00
-1.146054e+00
-7.086160e+00
1.431452e+01
6.406626e-01
-1.499724e+00
1.392975e-01
-9.440181e-02
7.858771e-02
1.424442e-01
-3.922513e-01
3.037862e-01
2.902128e-02
2.653452e-01
6.969018e-02
-2.655310e-01
-1.778501e-01
-1.029522e-01
1.121200e-01
2.024441e-01
-1.383429e-01
9.820712e-02
7.826770e-02
-2.325155e-01
7.611386e-02
-2.299994e-02
-2.062767e-01
-1.687290e-01
-6.634019e-02
-1.344036e-03
-1.281429e-01
5.086214e-03
6.653044e-02
