-8.772636e-02
7.842042e-01
-1.920934e-02
4.608000e+01
1.845880e+02
-1.968237e+01
3.426186e-04
-4.631628e+05
-7.452040e+04
5.048869e+05
-4.056679e+05
-1.770300e+04
1.587829e+05
-3.854118e+05
1.234544e+05
-2.093146e+05
6.629942e+04
-1.961455e+05
3.049233e+05
-2.909205e+04
-1.088121e+05
1.250329e+05
5.290042e+03
-1.504620e+04
2.217478e+04
-8.784838e+04
2.181234e+03
1.688996e+04
2.621766e+04
1.842474e+04
-8.979330e+04
-1.595554e+04
2.489711e+03
-5.431512e+04
1.999122e+04
6.419265e+04
5.311446e+04
-1.767098e+04
1.824484e+03
3.592216e+04
1.227516e+04
-5.235445e+04
-2.411110e+03
-3.642784e+04
-2.658116e+03
1.761761e+04
-9.227150e+03
-1.314372e+03
-2.957501e+04
-7.107944e+03
1.657991e+04
-1.715848e+04
6.433091e+03
-9.502968e+03
-1.144199e+04
1.211871e+04
-1.610692e+03
6.917625e+03
-6.660174e+03
-1.337029e+04
-8.117658e+03
5.354612e+03
2.625290e+03
1.310452e+03
-2.207126e+03
4.726777e+03
6.347364e+03
2.488017e+04
-7.494278e+03
-6.942368e+03
-3.013489e+03
2.029693e+03
8.884577e+03
-5.518760e+03
-1.752877e+03
2.061652e+03
-2.287308e+02
-1.356552e+03
-6.122865e+03
-1.282740e+03
-6.963438e+03
1.118908e+03
-5.476030e+03
-1.331758e+03
-1.941040e+03
-1.341420e+03
-4.362894e+02
6.230740e+02
1.804507e+03
1.663174e+03
1.692935e+03
1.950008e+03
4.855769e+03
2.321285e+03
-1.900223e+02
1.340531e+03
5.808598e+03
-1.978427e+02
-2.393257e+02
1.263307e+03
-1.165665e+03
-1.522046e+03
-1.138565e+03
-2.020956e+03
2.434888e+03
-2.179861e+02
1.695612e+03
-1.647415e+02
2.924842e+03
2.984999e+03
2.201673e+03
2.135572e+03
2.820355e+02
-7.770865e+02
-2.197798e+02
-3.482378e+02
-2.243915e+02
-1.436980e+03
-1.431468e+03
7.301124e+02
-2.580985e+02
7.386951e+02
-4.086075e+02
3.135876e+02
7.118011e+02
-4.475374e+02
4.966947e+02
4.177601e+02
-1.682305e+02
-7.667657e+02
4.076373e+02
-3.694612e+02
-2.611326e+02
4.596392e+02
-7.364270e+02
-7.113646e+02
1.422228e+03
-6.905513e+02
-8.359164e+01
9.800369e+02
-4.119603e+02
1.986901e+01
-7.626945e+01
1.570291e+02
-6.988868e+02
-1.293934e+02
4.798942e+02
-2.702783e+02
-2.276971e+02
6.595734e+02
1.667163e+02
2.586440e+02
2.584630e+02
-3.532578e+01
-1.974074e+02
-1.296979e+00
-2.476360e+02
3.009527e+02
2.054099e+01
6.575270e+01
1.774203e+02
-1.640468e+02
8.161926e+01
2.392429e+01
-1.343501e+02
2.005141e+00
7.966132e+01
1.091083e+02
-4.158392e+02
1.526663e+02
4.561310e+01
2.431285e+02
3.496774e+02
1.856057e+01
-1.081130e+02
7.724473e+00
3.481352e+01
5.673456e+01
-3.163658e+01
-9.093996e+00
2.920199e+02
-1.027989e+02
6.568074e+00
-5.469185e+01
2.610518e+01
6.232164e+01
3.233622e+02
1.290650e+02
-1.301903e+02
6.390803e+01
-3.232949e+01
6.000134e+01
-6.038554e+01
-1.083324e+02
-4.299128e+01
6.715372e+01
-1.891067e+02
-8.058475e+00
-5.351284e+01
7.106266e+01
-1.037931e+00
-1.021837e+02
5.056482e+01
-7.908036e+01
-1.608801e+00
2.674360e+01
-4.204099e+00
-2.628598e+00
-3.900092e+00
1.380840e+00
1.056948e+00
-3.405292e-01
-4.491190e-01
-6.031024e-01
-5.187404e-01
-2.440281e-01
5.185257e-01
-4.034784e-01
-2.336977e-01
-7.062961e-02
8.061579e-01
9.582140e-02
-1.736722e-01
6.278744e-02
9.355080e-02
-2.971686e-01
1.305525e-01
1.477273e-01
-1.142291e-01
-5.329443e-01
1.186535e-01
1.161161e-01
5.966176e-02
-5.613671e-02
1.069335e-01
