1.777221e-01
1.147922e+00
-6.763199e-02
5.745778e+01
1.603415e+02
-1.974537e+01
3.692794e-04
-2.401080e+04
1.308870e+04
-8.158060e+04
-1.781850e+05
-1.705830e+05
-1.385190e+05
4.781298e+04
-1.145411e+04
-1.418566e+05
-1.251332e+04
4.598036e+04
1.337019e+05
-4.988438e+04
-1.445256e+04
-4.281841e+04
1.557851e+04
1.385546e+04
-2.510033e+03
4.515536e+04
2.937479e+03
1.205965e+04
-2.291708e+04
-2.324899e+04
1.864023e+04
9.517844e+02
-3.118845e+04
-6.530899e+03
-3.942446e+04
5.137070e+02
6.437563e+02
-1.742481e+04
1.267722e+04
-1.070491e+04
-2.196963e+03
-3.419379e+03
-2.018914e+03
-1.392891e+04
1.189230e+04
-1.081862e+04
6.985080e+03
4.632554e+03
-1.316013e+04
-8.516158e+02
-7.739218e+03
-1.876197e+03
6.302807e+03
-5.959424e+03
1.538755e+02
8.324189e+03
1.967363e+03
1.136955e+04
6.386185e+03
-2.260311e+03
-4.662290e+03
5.874604e+03
2.584070e+02
-3.882536e+03
-4.381121e+02
6.354010e+02
4.020542e+03
-1.441602e+03
-2.733197e+03
2.992201e+03
2.216833e+03
2.006448e+03
3.114569e+02
-3.616656e+02
-1.558577e+03
-1.025515e+03
-4.091867e+00
6.707491e+02
-3.465605e+03
-7.816854e+02
9.827264e+02
3.777751e+02
9.801559e+02
3.036435e+03
2.409174e+03
-1.108345e+01
-6.474124e+02
-1.304087e+03
-6.120104e+02
1.185400e+03
-8.686735e+02
7.332109e+02
1.389773e+03
1.157715e+03
-1.352792e+03
2.262384e+02
3.901295e+02
-6.911637e+02
-2.258410e+02
1.629271e+02
-9.000394e+02
1.410653e+02
9.913206e+02
-1.970350e+02
-9.241089e+00
-8.186992e+02
1.040952e+03
4.635169e+02
-6.431530e+01
2.957747e+02
-3.056377e+02
5.051974e+02
-4.705225e+02
8.044000e+02
3.948700e+02
3.755828e+02
-4.202985e+02
-1.133950e+02
-3.232963e+01
5.048540e+02
2.182574e+02
4.708457e+02
2.328716e+02
-1.171448e+02
6.260648e+02
-1.473267e+00
3.127767e+02
3.719568e+01
-1.521383e+02
1.509137e+02
1.735383e+02
4.144114e+02
-6.593452e+01
5.735265e+01
-5.622794e+01
-1.752163e+02
4.085057e+02
-1.787415e+02
1.291882e+02
-9.309351e+01
-3.185909e+02
1.974755e+02
-3.518791e+01
1.581677e+02
-7.451731e+01
8.943533e+01
-4.801378e+01
-2.658684e+02
-6.197058e+01
1.628190e+02
-3.377027e+01
1.230691e+02
1.365408e+02
-4.560087e+01
6.087919e+00
-3.404584e+01
-2.740818e+00
3.206870e+01
1.592254e+02
-1.678770e+02
-3.680404e+00
8.904975e+01
-1.949508e+01
6.788569e+01
-9.502889e+01
6.740060e+01
-1.403707e+02
1.599246e+02
2.708623e+00
5.695529e-02
9.456998e+01
1.548514e+01
-3.457865e+01
6.392846e+01
-4.802249e+01
-6.035308e+01
1.254595e+00
1.248297e+00
-7.478525e+01
3.847836e+01
-5.531016e+01
1.004622e+02
4.091682e+01
9.379782e+00
6.120758e+01
-4.380744e+01
1.046413e+01
2.102999e+01
-6.591565e+01
-4.577927e+01
4.745108e+01
3.484763e+01
-3.752931e+01
1.240496e+01
5.602749e+00
2.155545e+01
2.530874e+01
9.909840e+00
-1.210162e+01
-8.745091e+00
1.837551e+01
-3.920104e+01
4.695805e+01
8.403298e-01
2.261717e+01
1.406392e+01
-8.230938e-01
8.950125e-01
3.377552e-02
3.100163e-01
1.107908e-01
4.282931e-01
7.121141e-02
-5.130041e-01
-1.841695e-02
-1.641603e-01
2.494273e-01
-1.513970e-02
2.400013e-02
4.194164e-02
-6.215115e-02
-1.634372e-01
5.970892e-02
-3.105796e-02
-3.709999e-02
9.844355e-02
-7.108867e-02
1.534551e-01
4.436434e-02
-1.302794e-02
1.963041e-02
2.728974e-02
-3.483020e-02
-3.817078e-02
2.235232e-02
