1.668908e-01
-3.404041e-01
1.445491e-01
3.612444e+01
1.529434e+02
-2.572030e+01
3.204456e-04
-2.562930e+05
7.079778e+04
1.531284e+05
-2.213198e+05
5.830907e+04
1.298061e+05
-1.977152e+05
4.262443e+04
-1.713402e+05
2.010348e+03
-1.812402e+04
1.187648e+05
8.931757e+03
-4.664845e+04
7.349725e+04
2.863617e+03
2.088077e+04
2.800473e+04
-2.416985e+04
1.304748e+04
-9.467668e+03
-2.586099e+04
-3.692804e+04
-1.058014e+04
1.163871e+04
-2.561142e+04
-6.606691e+03
1.653422e+04
1.272427e+04
7.491963e+03
-5.989646e+03
-1.196011e+03
7.060931e+03
-1.105021e+04
-1.977168e+04
1.827709e+04
-7.485493e+03
-6.814320e+03
7.407259e+02
1.196896e+04
4.963301e+02
-7.359650e+03
-1.546278e+03
-1.565141e+03
-4.795260e+03
1.672872e+03
-1.707005e+03
3.068669e+02
2.833899e+03
3.309381e+03
4.236356e+03
-1.126635e+03
-5.608330e+03
-5.611951e+03
-7.594772e+02
1.582266e+03
-9.089254e+02
1.927254e+02
2.354711e+03
3.246575e+03
9.018244e+03
-2.668317e+03
-3.599876e+03
1.633563e+03
4.316244e+03
4.945063e+03
-3.618075e+02
5.171896e+02
-3.016819e+02
-4.362625e+02
-2.785758e+03
-5.158473e+03
-1.194154e+03
-1.525902e+03
-9.044434e+02
-2.017292e+03
3.579600e+02
1.892452e+03
-4.932879e+02
-1.702479e+03
3.782505e+02
-4.669096e+02
1.515788e+03
-2.103750e+02
5.924992e+02
1.539576e+03
1.280562e+03
-1.154252e+03
2.219187e+02
2.212745e+03
3.398905e+02
2.544043e+02
-3.174054e+02
-1.305375e+03
-7.346449e+02
5.071068e+02
-1.111981e+03
1.167041e+03
-9.144095e+02
-1.365560e+02
1.162153e+03
1.573333e+03
1.213421e+03
8.761909e+02
5.375336e+02
-1.345089e+02
7.783503e+01
-1.422146e+02
2.575490e+01
2.148725e+02
-4.182206e+02
-6.392916e+02
8.819611e+02
-1.109295e+02
7.034413e+02
-3.094731e+02
1.741351e+02
1.222131e+01
-2.548460e+02
9.463204e+01
1.784091e+02
-1.975271e+02
-1.958477e+02
-1.137523e+02
7.628563e+01
1.237483e+02
2.024290e+02
-3.119706e+02
-3.686381e+02
3.680760e+02
-3.843043e+02
-2.269285e+01
2.858637e+01
-3.208438e+02
-4.878714e+00
9.530557e+00
2.754045e+02
-3.188071e+01
5.006563e+01
3.005343e+01
-2.999162e+02
-4.677210e+01
3.782944e+01
1.662648e+02
2.330342e+02
-6.610750e+00
-7.222961e+01
-1.085640e+01
-2.615743e+01
-1.308504e+02
5.871559e+01
5.939485e+00
9.470275e+01
1.232901e+02
-3.066957e+00
-1.161439e+02
5.700251e+01
-2.025699e+02
6.790321e+00
-5.593669e+00
1.901211e+02
-1.402075e+02
5.805892e+00
6.039059e+00
1.084350e+02
1.430372e+02
5.229124e+01
-1.040476e+02
-9.671339e+01
2.646861e+01
6.346439e+01
-2.763388e+01
6.001227e+01
1.366464e+02
-4.162513e+01
-5.824944e+01
-9.288476e+00
6.400708e+01
3.037367e+00
7.085090e+01
9.513372e+01
-8.737116e+01
1.648728e+00
1.241611e+01
3.982380e+01
-2.441806e+01
-2.612576e+01
-4.111074e+00
1.504691e+01
-1.555864e+01
6.540631e+01
-5.393864e+01
3.723622e+01
9.797099e+00
-2.813772e+01
4.656155e+01
-2.995331e+01
3.785041e+00
3.567792e+00
-2.023380e+00
-6.646902e-01
-6.890965e-01
5.539771e-01
6.604733e-02
-2.842333e-01
-5.617426e-01
-7.177362e-02
1.533919e-01
1.091420e-01
7.834297e-01
2.076892e-01
2.421609e-01
1.705273e-01
2.610660e-01
-3.748981e-02
-5.434609e-03
-8.003873e-02
-3.679741e-02
5.336064e-02
-1.986579e-01
2.236350e-01
-5.142395e-02
-1.144107e-01
1.195085e-01
7.169948e-02
-6.766146e-03
5.966456e-02
-5.418276e-02
