-4.053220e-01
-7.880396e-01
1.510529e-02
5.575111e+01
2.124434e+02
-2.117643e+01
3.703604e-04
2.153649e+04
-2.106833e+04
-6.964641e+04
-3.147929e+05
-5.140088e+04
1.077784e+05
9.073523e+04
9.447146e+03
2.720645e+04
-8.818443e+04
3.767952e+04
1.457400e+05
6.850580e+04
1.155152e+05
5.528472e+03
-7.292038e+04
2.858398e+04
-3.645074e+04
-1.159208e+04
-1.733907e+04
-1.896326e+04
5.160818e+03
2.563006e+04
-2.283201e+04
1.492808e+03
-3.887422e+04
-3.858489e+03
-1.769097e+04
-8.473048e+03
1.233615e+04
-1.249837e+04
4.281815e+04
-2.299263e+03
-1.003598e+03
7.341951e+03
-1.015234e+04
-3.195908e+04
1.723147e+04
1.356947e+04
1.143460e+04
5.071628e+03
-3.241377e+04
-9.521768e+03
7.456703e+03
1.024557e+04
4.890148e+03
6.438473e+03
7.191939e+03
6.362645e+03
4.425010e+03
5.056292e+03
-3.027327e+03
8.092700e+03
-9.794903e+03
1.060518e+04
4.977705e+03
1.197107e+03
5.551938e+03
1.138409e+03
-3.056116e+03
-2.540854e+01
5.631735e+03
5.649665e+03
1.204645e+03
-2.964844e+03
-4.792371e+02
1.287047e+03
-4.374602e+03
-6.848509e+03
-5.062583e+02
1.089974e+03
-1.528476e+03
1.110703e+03
-1.133690e+03
5.155276e+02
-7.897859e+02
1.157393e+03
-6.397740e+02
9.122228e+02
7.701478e+02
2.055118e+03
2.981796e+03
-1.686898e+03
1.964518e+03
9.902612e+02
2.406383e+03
-1.683935e+03
7.676815e+02
1.099069e+03
1.909492e+03
-1.737604e+03
-6.288562e+02
-6.935192e+02
-8.972666e+02
4.860730e+01
1.373400e+03
-1.872286e+03
-1.693478e+03
4.261135e+02
5.417290e+02
1.208028e+03
1.163199e+03
4.668826e+02
1.187622e+03
1.341087e+01
-1.408144e+03
-1.051044e+02
-1.751335e+02
2.263911e+02
3.152393e+02
-8.136986e+02
-5.039964e+02
5.906923e+02
2.452437e+02
3.548236e+02
9.167186e+02
-9.821082e+01
4.182867e+02
-2.693560e+02
2.512213e+02
-7.384250e+01
2.000553e+02
5.551680e+01
1.945490e+02
5.111023e+02
-5.351199e+02
1.135350e+02
1.000493e+02
-1.954650e+02
1.528426e+02
3.091114e+02
9.952748e+01
-8.953009e+02
1.736066e+01
1.430201e+02
-3.626984e+02
6.461540e+02
-1.068628e+02
5.138837e+01
-1.242686e+02
1.442424e+02
-3.324700e+01
-1.791783e+02
-2.116865e+01
-6.197746e+01
-2.523204e+02
-4.135286e+01
-1.386925e+02
9.924655e+01
5.318057e+01
-1.183071e+02
1.411712e+02
8.394640e+01
-1.900485e+01
9.015540e+01
1.210055e+01
3.542552e+01
-1.842047e+02
-2.368267e+01
-1.906039e+02
3.580285e+02
-1.286369e+02
-1.850920e+02
-5.865084e+01
-6.239515e+01
6.175824e+01
4.072001e+01
9.029086e+01
-1.343614e+02
9.294989e+00
1.260508e+01
-1.746381e+02
-3.607807e+00
-2.144756e+02
2.224706e+02
-8.684449e+00
-2.952138e+01
-3.005789e+00
-9.711497e+01
6.129384e+01
5.900219e+01
-1.389639e+02
-7.042942e+01
1.051087e+02
9.837157e+01
3.172200e+01
-1.394498e+01
6.796667e+01
-1.180770e+01
8.929256e+01
3.124529e+00
-3.387822e+01
-1.120738e+02
2.635760e+01
-4.064117e+01
4.623071e+00
1.058700e+02
1.509519e+01
-1.174595e+01
-6.412823e-01
1.938872e+00
-3.485406e-01
-1.005124e-01
6.234868e-03
-8.058295e-02
-1.908814e-01
-4.931868e-01
1.298164e-01
-5.492052e-02
-9.293139e-02
3.422791e-01
-1.081591e-02
-2.363628e-01
9.956160e-02
-9.055770e-02
-3.638617e-02
6.715168e-02
1.941795e-02
1.028701e-01
9.714072e-02
8.666278e-02
1.045327e-01
-1.086229e-01
1.090400e-01
7.707407e-02
-6.201711e-02
1.173064e-01
7.396142e-02
