5.737202e-02
-6.330576e-01
-9.381177e-02
4.295111e+01
1.620963e+02
-2.283750e+01
3.433283e-04
-2.539736e+05
2.266837e+04
3.841474e+05
-9.817457e+04
-1.153666e+04
-1.534806e+04
-2.120208e+05
1.656591e+05
-2.042976e+05
7.805495e+04
1.995124e+04
-1.269162e+04
-8.460587e+04
-4.342070e+03
-4.783402e+04
4.865550e+04
-3.559946e+03
2.713466e+04
-6.908671e+04
1.735327e+04
-5.666273e+04
-5.852564e+04
-4.624074e+04
-4.949166e+04
1.348521e+04
-1.040966e+04
-8.970626e+03
-1.360974e+03
2.516309e+04
8.080751e+03
2.867171e+04
-6.452066e+03
2.561040e+03
1.386569e+04
-5.345125e+03
-1.588052e+03
1.450602e+03
-9.592950e+03
4.278598e+03
9.000387e+03
-7.222580e+03
6.647939e+03
-4.053319e+03
1.296734e+04
-3.603746e+03
-3.337830e+02
5.712746e+03
-8.551396e+03
4.824663e+03
5.862972e+03
8.290386e+02
-7.325405e+03
-8.927364e+03
-4.288271e+03
-6.920673e+02
-1.854530e+03
-2.465288e+03
4.409238e+03
1.203835e+03
9.460388e+02
6.818553e+03
-3.033277e+03
2.840359e+03
5.245615e+03
5.668000e+03
3.375368e+03
-1.663588e+03
1.520084e+03
2.612125e+03
4.094586e+03
1.402475e+03
-5.909703e+03
-3.009532e+03
1.352174e+03
-7.324283e+02
-2.406534e+03
-5.113091e+02
2.610919e+03
3.632979e+03
-7.393697e+02
-3.648928e+02
-1.458263e+03
1.546229e+03
1.639408e+03
-1.564500e+03
1.169402e+03
1.443658e+03
-7.156668e+02
9.373891e+02
2.048641e+03
5.877338e+02
5.030690e+02
7.523043e+01
-4.488752e+02
-8.909092e+02
8.329498e+02
-4.763602e+02
1.174699e+03
-1.039396e+03
8.341544e+02
1.832232e+02
7.772581e+02
8.980807e+02
3.587521e+02
8.066441e+02
4.486505e+01
5.273707e+02
-5.301965e+02
5.520200e+01
-5.816998e+02
6.148655e+01
-8.543083e+02
1.043642e+03
-6.174305e+02
7.717730e+00
-7.514813e+02
7.518406e+02
-2.015691e+02
-6.231761e+01
-6.381732e+02
-1.027546e+01
-7.147221e+01
-2.894295e+02
-1.641681e+02
4.357191e+02
2.185679e+02
4.378065e+02
-1.690810e+02
-5.916022e+01
9.912794e+01
-1.394455e+02
-3.002634e+00
-4.903911e+01
1.104091e+00
-2.257910e+02
-8.308383e+01
1.277846e+02
-3.545939e+01
2.059376e+02
-1.013705e+02
-1.473256e+02
1.026054e+01
8.550877e+01
3.163290e+02
9.719373e+01
-2.170989e+02
1.464705e+02
1.168009e+02
8.394379e+01
-8.099174e+01
2.964447e+02
-1.114840e+02
7.534091e+01
1.810842e+02
-2.714021e+01
1.974935e+01
8.827324e+01
3.025659e+00
-7.139713e+01
-6.094554e+01
8.012801e+01
-8.832281e+01
-1.112469e+02
1.889311e+01
2.275094e+02
-1.814189e+01
6.371760e+00
-7.397449e+01
-9.567195e+01
3.884564e+01
5.966908e+01
1.886052e-01
-8.736522e+00
7.238978e+01
6.161878e+00
-1.020039e+02
3.471209e+01
1.196142e+02
6.355452e+00
2.328739e+01
3.010771e+01
-7.941155e+01
-4.139155e+01
-5.019339e+00
4.604884e+01
3.282992e+01
5.263754e+01
1.418446e+01
-1.050181e+01
-3.967676e+01
1.843480e+01
7.413499e-01
3.247241e+01
3.750843e+01
-1.266178e+01
1.295318e+01
-8.290301e+01
9.623560e+00
1.314489e+01
-5.849915e-01
1.270300e+00
6.204495e-01
-1.034310e+00
-2.357486e-01
-5.182576e-01
-9.341891e-01
-2.187686e-01
-4.878156e-02
-1.695639e-01
4.059025e-01
-2.080608e-01
5.489753e-01
1.663565e-01
1.497380e-01
2.900414e-01
7.182224e-02
-1.371100e-01
5.253405e-02
-1.316335e-01
-2.680039e-01
-4.288286e-03
-1.555362e-02
-2.961307e-03
-5.930841e-02
6.328589e-02
-3.478336e-02
-1.917052e-02
3.607390e-02
