-7.401282e-03
-9.228187e-01
-1.706393e-02
5.176889e+01
1.725569e+02
-2.257012e+01
3.689885e-04
-1.111928e+05
1.244895e+05
4.366413e+04
-1.172666e+05
6.151423e+04
-1.847779e+05
3.369654e+04
1.853605e+04
-147442
-2.612450e+04
-1.305700e+05
4.993686e+04
-2.775776e+04
1.137602e+04
-2.715005e+04
1.262989e+04
2.753048e+04
8.207829e+03
-1.861798e+04
-3.211116e+02
-2.426420e+04
-3.506316e+04
-5.619007e+04
1.818900e+03
-2.662668e+04
-1.726493e+04
-7.341834e+03
-2.700436e+04
-8.145020e+03
-4.782700e+03
-1.092975e+04
-5.311701e+02
1.764925e+04
5.554827e+03
-2.039321e+03
-1.439929e+04
-1.063193e+04
3.202178e+03
-3.233012e+03
2.094100e+03
6.081059e+03
6.766269e+03
2.807261e+03
5.056397e+03
-4.100485e+03
-4.531194e+03
8.091985e+03
9.262669e+02
-2.169845e+03
9.939314e+02
2.725804e+03
2.596812e+03
-7.044031e+03
-2.352810e+03
-4.006390e+02
-2.379207e+03
-3.037943e+02
2.604613e+03
3.542114e+03
8.358770e+02
3.724841e+02
-9.474248e+02
3.646985e+03
1.797130e+03
4.280441e+03
-4.780166e+01
-1.501705e+03
-1.645359e+02
-7.918319e+02
8.662443e+02
4.800852e+02
-2.312044e+03
-1.741780e+03
1.325548e+03
-7.224749e+02
-9.789080e+02
6.179960e+02
2.222787e+03
-2.774863e+01
-1.843917e+03
-1.308149e+03
-1.625363e+03
9.754146e+02
9.968916e+02
-1.088622e+03
1.518687e+03
1.198754e+03
-9.454809e+02
4.326188e+02
8.113110e+02
-1.660703e+03
-1.745515e+00
-1.181659e+03
-6.462045e+02
-1.174429e+03
1.041312e+03
-4.572158e+02
-5.785550e+02
-5.701361e+02
1.035520e+02
5.350613e+02
5.808207e+02
1.155619e+03
3.412991e+02
8.599438e+01
-9.230774e+02
1.795616e+02
-5.650297e+02
-3.031132e+01
-1.043101e+03
-2.265397e+02
-2.836527e+02
6.613925e+02
4.117968e+01
3.030377e+02
-4.736702e+02
2.994664e+02
1.399825e+02
3.832087e+02
-2.020776e+02
-3.478642e+02
-3.774760e+02
2.881751e+02
6.165149e+01
6.145060e+02
-2.731656e+02
3.048730e+02
-5.364493e+01
-2.434526e+02
-3.336367e+01
5.106038e+01
2.204989e+01
-9.450514e+01
-1.762055e+02
-1.879916e+02
1.301472e+02
3.993666e+01
2.965418e+01
2.106361e+02
-2.306036e+02
-1.937397e+02
-5.515591e+01
2.098037e+02
1.907413e+02
9.736192e+01
-6.683730e+01
1.134718e+02
4.753980e+01
2.182934e+01
-2.761852e+00
2.331578e+02
1.011142e+02
6.203030e+01
1.546519e+01
-2.040975e+01
7.575024e+01
-1.074747e+02
-1.271862e+02
-4.539863e+01
-5.798346e+01
5.831932e+01
-6.464119e+01
-9.729572e+01
4.196299e+01
7.961878e+01
4.744697e+00
-1.067757e+00
-7.481594e+01
-1.578726e+01
1.218497e+02
8.634647e+01
-5.964802e+01
3.623778e+01
5.469818e+01
1.132879e+02
-2.005948e+01
3.885088e+01
5.454787e+01
-1.113326e+01
-4.784243e+01
6.300786e+01
-5.225796e+01
-4.287029e+01
-1.226140e+01
2.730099e+01
5.613873e+01
2.268358e+01
-1.540440e-01
-4.784307e+01
-3.411310e+01
-1.313389e+01
-1.315949e+01
-4.030193e+00
3.472147e+01
-3.492297e+01
5.596600e+00
-1.953573e+01
2.301613e+01
-3.214597e+00
-2.409497e-01
-1.447720e-01
-1.055516e-01
-8.940884e-01
-3.514846e-01
3.402089e-01
-2.183183e-01
-3.834370e-01
5.744842e-02
-1.709002e-01
3.213463e-01
-1.910749e-01
3.082764e-01
-8.853996e-02
1.842175e-03
1.303302e-01
2.627518e-02
1.719866e-02
5.811885e-02
4.357280e-02
-2.117087e-02
6.441484e-02
1.005766e-01
1.788869e-02
-5.876069e-02
2.220847e-02
-4.810239e-03
-6.782664e-03
3.647848e-02
