-2.688164e-01
-1.327284e+00
-4.680929e-02
5.660444e+01
1.863870e+02
-1.019864e+01
3.581530e-04
-161857
-2.030747e+05
2.486170e+05
7.371047e+04
2.286246e+04
2.088836e+05
-1.159576e+05
6.549048e+04
-2.293099e+05
4.632943e+04
-1.793137e+04
4.576422e+04
4.758897e+04
-4.616589e+04
5.067276e+03
1.415591e+04
5.257308e+04
2.755766e+03
-6.913761e+04
2.042915e+03
-1.478829e+03
-1.141905e+04
2.581902e+04
-9.583658e+03
3.946826e+04
-5.645100e+04
-2.949993e+04
2.282878e+04
-2.924692e+03
1.888060e+04
-4.499131e+03
-2.493897e+03
9.896899e+03
1.033279e+04
-6.791827e+03
-9.324498e+03
-1.911215e+04
2.635489e+04
2.147280e+03
-7.646199e+03
1.967769e+03
-1.108888e+04
3.758771e+03
1.099173e+04
1.037714e+04
9.634121e+03
-6.545079e+03
1.635947e+01
9.467551e+03
-4.731527e+02
6.909454e+03
-1.817451e+02
-4.173156e+03
1.261790e+03
-4.365482e+03
2.602997e+02
-2.506081e+03
2.760285e+03
2.474660e+03
4.745170e+03
3.848605e+03
-3.427011e+03
-9.843607e+01
2.883779e+03
1.380917e+03
2.274827e+03
1.431949e+03
9.539179e+02
2.232218e+03
4.020354e+03
7.012229e+02
-4.304429e+03
-1.484400e+03
-3.398025e+03
1.147870e+03
-6.952463e+02
1.971509e+03
2.738760e+03
1.176389e+03
-4.307698e+03
3.843246e+02
1.183356e+03
-8.994851e+02
-6.022781e+02
-6.294941e+01
3.537068e+03
1.525799e+03
-9.859164e+02
-3.312553e+02
1.979478e+03
1.591088e+03
6.433132e+02
2.949462e+02
-1.604553e+03
-1.146279e+02
-6.115367e+01
-1.704260e+03
8.894362e+02
3.892397e+02
-1.796839e+02
2.629002e+02
1.048653e+03
1.887146e+03
1.920085e+02
1.881664e+03
-6.958448e+02
1.462467e+03
7.245354e+01
-7.610575e+02
3.419085e+02
-4.738174e+02
-3.187357e+02
7.072883e+02
-2.712178e+02
4.617311e+01
-7.983578e+02
6.182797e+02
7.102662e+01
-6.537324e+02
-5.745303e+01
6.047725e+02
5.319277e+02
6.936722e+01
-8.246413e+01
4.126792e+02
2.673163e+02
2.517494e+02
-6.036671e+02
8.893021e+01
4.389319e+02
-6.264644e+01
1.488877e+02
1.441669e+02
-6.459219e+01
6.818359e+01
-1.856266e+02
2.163054e+02
-2.548899e+02
5.796377e+01
7.867410e+01
6.259916e+01
1.628693e+02
2.547893e+01
6.445728e+01
-7.706340e+01
9.101989e+01
8.702558e+01
-2.350323e+02
-8.841463e+00
1.041399e+02
2.148158e+02
-1.379140e+02
-2.455048e+02
2.929885e+02
2.718268e+01
3.166636e+01
5.005712e+01
-1.663242e+01
-6.860968e+01
3.938214e+00
1.368675e+02
-4.728117e+01
1.410346e+02
6.851873e+01
2.219221e+00
2.952284e+01
6.124170e+01
1.245820e+01
-1.260238e+02
-1.193081e+02
-1.133186e+02
-8.179949e+01
2.783701e+01
-3.384169e+01
-1.137783e+01
2.240989e+01
1.814589e+01
2.704134e+01
-6.858863e+01
1.146752e+02
1.637485e+00
-8.158792e+01
1.183921e+01
3.690817e+01
2.036167e+01
-5.084152e+01
1.555701e+01
2.574740e+01
2.185363e+01
-2.704337e+01
-9.783528e+00
-3.627947e+01
4.303081e+00
-1.747318e+01
-5.272600e+01
1.672279e+01
-2.214356e+01
2.349883e+01
1.686297e+01
-1.310156e+00
2.377435e+00
-4.735581e-01
-8.342656e-03
7.338192e-02
-5.256498e-01
-3.847907e-01
-4.557191e-01
-2.060085e-02
-6.211893e-01
-1.498233e-01
-5.011582e-01
1.873983e-01
-3.776565e-03
2.340973e-02
1.991107e-01
4.621406e-02
-5.765459e-02
-4.238008e-02
-2.956301e-01
-5.320090e-02
3.693126e-02
4.329124e-03
-1.101454e-01
-1.095983e-01
-1.225452e-02
8.057275e-02
-5.010158e-02
-8.931372e-02
