1.054770e-02
8.715113e-01
-2.774349e-02
5.290667e+01
1.710867e+02
-2.238499e+01
3.550366e-04
-1.577880e+04
1.900149e+05
-1.737270e+05
-1.697504e+05
-1.690310e+04
3.049365e+04
8.148351e+04
2.844566e+04
-2.411864e+04
-1.203875e+05
2.776142e+04
1.939668e+05
3.075290e+04
-1.216036e+04
2.360607e+04
5.877114e+04
5.795832e+04
2.623869e+04
4.911697e+04
6.448829e+04
8.650088e+04
-3.115516e+04
-2.895345e+04
7.526754e+03
8.821214e+03
-6.061154e+04
-1.482566e+03
-2.118763e+04
5.629033e+03
-1.075561e+04
-1.739755e+04
2.777482e+04
-6.945574e+03
-1.277948e+04
-7.584480e+02
-5.540578e+03
-2.403569e+04
1.094087e+04
-2.293595e+04
1.750612e+04
3.964572e+03
-7.844322e+03
1.138908e+03
-1.181313e+04
1.221196e+04
7.542913e+03
-4.938548e+02
5.958254e+03
1.310307e+04
1.468520e+01
8.212761e+03
4.165526e+03
-3.130019e+03
-4.367906e+03
9.931208e+02
-3.585374e+03
-5.449224e+03
1.264256e+03
7.349354e+02
-7.841479e+02
1.211582e+03
4.618006e+01
-1.223263e+03
-4.833847e+02
2.218890e+03
6.171764e+03
-7.768002e+02
-4.174548e+03
-1.457495e+03
-2.645355e+02
-3.440422e+03
-4.592768e+03
-1.504110e+03
-1.914974e+03
1.573321e+03
9.963477e+01
2.149946e+03
7.592197e+02
-2.575294e+03
-3.782166e+03
9.396892e+02
1.476926e+03
5.910734e+02
6.042130e+02
1.003865e+03
3.216438e+03
-1.454034e+03
1.289655e+02
-2.127981e+02
1.576136e+03
-6.958923e+02
-7.956902e+02
1.166062e+03
-1.745556e+03
-1.019245e+03
1.111646e+03
-8.490922e+02
7.112000e+02
-1.543994e+03
-2.953105e+02
5.440836e+02
1.313485e+03
1.752333e+03
7.735834e+02
5.838124e+01
-1.117505e+03
-5.085549e+02
9.560162e+01
4.855222e+02
7.919736e+02
-1.026110e+03
-1.781482e+02
9.607343e+02
8.881800e+02
4.077840e+02
-6.430224e+01
7.784432e+01
-1.444188e+02
-3.396587e+02
5.942050e+02
1.930671e+01
1.236721e+02
6.014963e+02
2.944824e+01
2.274708e+02
-6.479369e+02
3.307948e+01
3.429923e+02
-2.824692e+02
3.496732e+02
-1.469075e+02
-1.852258e+02
-1.738295e+02
-2.993383e+02
8.328332e+01
-1.791636e+01
6.644962e+02
-9.297696e+01
-2.427080e+01
-4.398177e+02
-3.339406e+02
-1.284496e+02
-1.413708e+02
2.314408e+02
9.322465e+01
1.748614e+01
-2.551713e+02
5.474051e+01
-2.456526e+00
6.598491e+01
-3.911615e+01
9.487040e+01
-3.327792e+00
1.995134e+02
7.840234e+01
-7.524649e+01
-5.148117e+00
-3.572789e+02
9.802645e+00
-1.130251e+02
2.916302e+02
-2.187418e+02
-1.976611e+02
-3.037850e+01
-5.826532e+00
8.414793e+01
-5.218479e+01
-1.328810e+02
-1.524292e+02
2.919841e+01
-2.871132e+01
-9.834018e+01
6.414380e+01
1.826148e+00
2.908056e+01
4.253628e+01
-1.991003e+01
6.558073e+01
-1.117643e+02
2.075664e+01
-1.651145e+01
-1.077564e+02
-3.495644e+01
6.085216e+01
-3.080449e+01
-5.687026e+01
-6.275413e+00
1.793978e+01
1.681678e+01
4.567486e+01
5.574985e+01
-3.462206e+01
-3.214836e+01
-2.799801e+01
3.988678e+00
3.952102e+01
6.622338e+01
-2.323991e+01
2.709586e+01
-3.126550e-01
-1.280309e+00
-3.670153e-01
-6.708118e-04
3.041465e-01
4.988798e-01
-2.365853e-01
-3.239978e-01
1.162505e-01
2.828179e-01
2.667156e-01
6.266483e-03
-1.527304e-01
-7.173146e-02
-8.074722e-02
-5.859082e-02
-7.687543e-02
1.898554e-03
2.532430e-02
-1.059594e-01
-4.189615e-02
3.258271e-01
-8.163257e-02
-5.048125e-03
-1.061455e-01
2.758601e-02
-8.354053e-02
8.255284e-02
7.121346e-02
