-1.417462e-01
-8.182080e-01
1.357013e-01
4.721778e+01
1.863177e+02
-2.059764e+01
3.425911e-04
-2.490520e+05
-1.416182e+05
4.648401e+05
6.447784e+04
5.015444e+04
-2.244035e+05
1.901997e+04
-1.579244e+05
-2.519838e+05
1.208695e+05
-1.008594e+05
5.913836e+04
6.040300e+03
7.471529e+04
5.733799e+03
-3.581289e+04
2.738399e+04
4.713391e+04
-3.963831e+04
-3.806216e+04
-4.448068e+04
-2.234000e+04
-4.177628e+04
-5.628164e+04
-1.107304e+04
-1.236008e+04
-3.058711e+04
3.655623e+04
1.637768e+04
2.558117e+04
-1.234421e+04
1.238027e+04
-2.430859e+04
8.973241e+03
-1.492381e+04
-1.234629e+04
-1.148022e+04
-1.222193e+04
-3.195080e+03
-1.765862e+03
-4.741418e+03
-1.294054e+04
5.150019e+03
1.493186e+04
-9.339961e+03
9.652117e+02
-4.140574e+03
-1.402366e+04
-3.339007e+03
1.188197e+04
5.891716e+03
2.274857e+03
-1.709622e+04
-4.594839e+03
2.448010e+03
1.226693e+03
-4.096739e+03
2.843738e+03
2.768626e+03
4.337871e+03
5.514374e+03
-2.043008e+03
3.831080e+03
-7.222508e+02
-6.958473e+02
-2.768765e+03
2.851848e+02
2.782026e+03
7.583281e+02
2.235984e+03
1.756985e+03
-5.150652e+03
7.614420e+02
-9.774889e+02
3.402688e+02
-1.414196e+03
2.258970e+03
1.618319e+03
1.021436e+03
-1.015572e+03
2.007757e+03
4.097094e+02
8.319877e+02
9.196816e+02
-2.990665e+02
1.471276e+03
2.835152e+03
-1.782316e+03
6.455513e+02
2.570649e+03
-5.444447e+02
-1.901339e+02
-1.564123e+03
-6.618798e+02
-6.608617e+02
1.224104e+02
-1.191445e+03
1.370832e+03
-7.392867e+02
1.996467e+03
4.765862e+02
1.335070e+03
1.555514e+03
-1.247328e+02
1.071072e+03
4.591133e+02
1.035579e+03
-2.166574e+02
-1.592541e+02
-3.413273e+02
-4.054281e+02
-7.912563e+02
7.044324e+02
-1.133030e+02
6.225951e+01
-4.192536e+02
5.882236e+02
6.793126e+02
-9.890206e+00
-4.539852e+02
-1.606731e+02
-3.261094e+02
-7.153725e+02
6.379832e+02
3.740608e+02
3.164862e+02
7.041960e+00
-5.212774e+02
3.527190e+01
5.521768e+02
-1.432958e+02
3.699696e+00
9.733488e+01
-3.273384e+02
-1.018794e+02
9.052669e+01
3.061443e+02
-6.711204e+01
-4.790562e+01
7.894137e+01
-8.835330e+01
6.824143e+01
3.772994e+02
8.337242e+01
2.261968e+02
3.465910e+01
-5.976736e+01
-1.227092e+02
7.430569e+01
-1.016870e+02
2.875970e+02
-1.662080e+02
-7.415009e+01
1.273141e+02
9.736376e+00
1.457197e+02
-4.726023e+00
-1.049394e+02
-3.490728e+01
-2.722574e+01
5.392900e+01
-1.992395e+01
9.135342e+01
2.133281e+02
1.089517e+02
8.817216e+01
1.793330e+02
1.810326e+01
-1.728708e+01
-3.123420e+00
4.622721e+01
1.676540e+01
4.580394e+01
4.476329e+01
7.342288e+01
-3.650473e+01
-2.560815e+01
6.818501e+01
7.166049e+01
5.305871e+01
5.272156e+01
-9.920791e+01
4.132520e+01
-3.632125e+01
1.844197e+01
-3.114231e+01
2.334817e+01
-8.310261e+00
-9.676017e-01
-2.132494e+01
8.620069e-01
-2.006436e+01
5.439432e+01
2.958147e+01
-8.573303e+01
3.887180e+01
-1.691897e+01
2.241411e+01
3.578418e+01
-1.978970e+00
2.036253e+00
-8.716396e-01
8.541266e-01
-5.776244e-02
-2.495703e-01
-3.342111e-01
-9.901699e-01
-3.192753e-01
-3.255190e-01
2.917195e-01
-1.613003e-01
1.345461e-01
1.074567e-01
1.415084e-01
8.294958e-03
1.021834e-02
-7.404336e-02
-1.066875e-01
1.191311e-01
-1.082047e-01
1.467761e-01
1.250823e-01
-1.055797e-01
1.008610e-01
8.134148e-02
4.630583e-02
-6.377262e-02
-3.996671e-02
