4.773766e-02
-5.315052e-01
7.830939e-02
4.579556e+01
1.740944e+02
-2.761881e+01
3.705182e-04
4.368446e+03
3.172752e+04
2.304975e+05
-7.748145e+04
-7.360332e+04
-1.971508e+05
1.648536e+05
-3.654261e+04
3.415925e+04
-5.612830e+04
-81983
1.328702e+05
-5.979917e+03
3.743127e+04
3.423229e+04
-4.906902e+04
-4.656812e+03
5.000403e+03
3.983240e+03
-1.304858e+04
1.239302e+04
-9.318860e+03
2.960515e+04
-2.382373e+04
2.578514e+03
-1.438569e+04
-3.077598e+04
-1.366753e+04
-8.038829e+02
3.198327e+04
-2.566762e+04
2.570586e+04
-2.145246e+04
7.802771e+03
5.950573e+03
-2.495548e+04
-2.337224e+04
1.754711e+04
-1.601974e+02
-6300
6.194478e+03
-1.912513e+04
5.865888e+02
-6.464454e+03
1.419725e+03
9.719547e+03
-4.479524e+03
1.145842e+03
2.743445e+03
2.270655e+03
5.959156e+03
2.324372e+03
-2.891605e+03
-9.016207e+03
5.836860e+03
2.748974e+03
8.002564e+02
1.976275e+02
9.649355e+02
-1.166968e+03
-1.434666e+03
-1.348407e+03
5.537396e+03
-3.012986e+02
1.326178e+03
4.155812e+02
1.701200e+03
-1.432809e+03
-6.419771e+02
3.507635e+02
7.958102e+02
-1.730070e+03
4.981913e+02
-1.892106e+02
-1.587819e+03
-7.557440e+02
7.219059e+02
4.805117e+02
1.050781e+03
-1.902673e+02
1.343604e+02
9.079360e+02
-4.781256e+02
-3.387114e+01
1.202190e+03
3.165802e+03
1.033182e+03
-4.794070e+02
9.634566e+02
9.259658e+02
-1.288436e+03
-5.759854e+02
-7.476719e+02
-7.417145e+02
7.916875e+01
-2.835086e+01
-8.880580e+02
-1.008366e+03
-1.825169e+02
1.779714e+03
9.695024e+02
9.611166e+02
7.001919e+02
-1.824510e+02
1.774474e+02
-9.049088e+01
3.974545e+02
9.748993e+01
1.856612e+02
-3.726635e+02
-2.092250e+02
-1.843687e+02
5.398824e+02
4.553006e+02
7.233676e+01
1.612113e+02
-5.514791e+01
6.309691e+02
-1.416358e+02
3.000778e+02
4.335126e+02
-1.434300e+02
-9.534731e+01
4.877493e+02
3.736142e+02
5.716436e+01
1.416598e+02
5.764389e+01
-1.352263e+02
4.201403e+02
3.866964e+00
-1.874109e+02
-4.330330e+01
-3.281893e+02
1.657709e+02
-2.549617e+01
9.326044e+01
-2.102293e+02
4.084258e+01
-2.053720e+02
-1.726034e+02
7.597418e+01
3.035491e+02
-1.473646e+02
7.962640e+01
1.168594e+02
-1.978090e+01
-7.479757e+01
-1.273404e+02
6.291897e+01
-1.386717e+01
5.550917e+01
-1.460180e+01
-8.847778e+01
-1.501366e+01
1.455005e+02
-6.751691e+01
-8.285801e+01
-3.566256e+01
-1.408091e+02
7.536959e+01
2.478937e+00
-6.777267e+01
1.430306e+02
5.352874e+01
-6.802341e+01
1.057576e+02
7.901659e+01
-3.426179e+01
3.478774e+01
-1.630659e+01
-9.502122e+01
9.272736e+01
-6.260755e+01
1.069059e+02
4.751944e+01
-4.164738e+00
2.439836e+01
-5.008738e+01
2.882780e+01
4.776591e+01
3.890355e+01
4.700566e+01
2.845837e+01
3.783282e+01
-2.581727e+01
-2.381553e+01
2.864001e+01
2.843519e+01
3.845278e+01
-4.606771e+01
-1.123346e+01
-3.514611e+01
-5.267113e+00
-5.110736e+01
-1.468087e+01
6.434876e+01
3.624819e+01
9.138903e+00
6.721945e-01
1.123490e-01
-9.087620e-01
6.863302e-01
5.619983e-03
2.545311e-01
3.021046e-01
-5.717717e-02
1.822784e-01
-3.440729e-01
3.130957e-02
3.488039e-01
-9.054998e-02
-1.380391e-01
-5.826196e-03
-1.666894e-01
-7.693018e-02
-5.867132e-02
-1.778166e-02
1.897801e-01
6.093955e-02
4.658638e-02
8.766317e-02
-1.192822e-01
3.303719e-02
3.357065e-02
-4.795136e-02
-2.566243e-02
2.337481e-02
