-6.525629e-02
-5.476683e-01
1.685884e-01
4.522667e+01
1.764967e+02
-2.444907e+01
3.486971e-04
-1.195067e+03
-2.307950e+05
-4.812217e+04
1.765987e+05
1.333031e+04
-2.816814e+04
2.073814e+04
-5.240080e+04
-3.099690e+04
3.063268e+04
-4.727728e+04
7.252251e+03
1.120093e+03
3.197480e+02
-1.833238e+04
2.791892e+04
-1.205942e+04
4.277781e+04
5.379028e+03
-5.005453e+03
-3.276970e+04
-2.872858e+04
6.173794e+03
-4.882670e+04
-1.761971e+03
-5.582481e+03
-1.757713e+04
1.841868e+04
8.397141e+03
4.150612e+03
1.230556e+04
6.642917e+03
-1.243009e+04
1.289180e+03
1.504827e+03
-8.840729e+03
8.318733e+03
3.585125e+03
1.891867e+03
3.181876e+03
1.962329e+03
8.938742e+01
-4.419774e+03
1.528772e+03
-1.047822e+04
5.268776e+02
2.048283e+03
-8.479146e+03
3.365541e+02
3.211964e+03
3.925178e+03
-3.261279e+03
-7.535667e+03
-2.351680e+02
3.232701e+03
-9.160470e+02
-1.601876e+03
3.222903e+03
4.064603e+03
5.236320e+02
-1.078849e+03
-5.024826e+03
2.677077e+03
3.495625e+02
-9.551217e+02
-3.187932e+03
1.098121e+03
1.892472e+03
1.618925e+03
1.830636e+03
1.947588e+03
-4.125879e+03
-4.102412e+02
1.426561e+03
-2.535554e+02
-1.789617e+02
5.389595e+02
2.408206e+03
2.640491e+03
-2.892918e+02
-4.311084e+02
-9.022351e+02
2.045577e+02
-2.938647e+02
-1.827343e+02
3.654066e+02
1.170416e+03
-1.649100e+03
1.342647e+03
1.625833e+02
5.819399e+02
-1.115245e+02
-9.279620e+01
-2.539194e+02
1.432722e+02
4.700755e+02
-5.567474e+02
-2.895255e+02
-2.691795e+02
1.481572e+03
3.040065e+02
-1.068733e+02
3.901955e+02
-5.853493e+02
3.290198e+02
1.064652e+02
9.531431e+02
-2.378058e+02
-1.759344e+02
-4.547767e+01
-2.041528e+02
-4.387286e+02
6.652030e+02
-1.827117e+02
-3.838094e+02
-1.591024e+02
3.569135e+02
5.513264e+01
-7.309104e+01
-3.798314e+01
1.950848e+02
-1.280944e+02
-1.749287e+02
4.089936e+02
5.095450e+02
4.455215e+02
2.734112e+02
-8.352358e+01
1.918432e+01
2.106140e+02
-2.344455e+02
-2.349541e+00
-7.043244e+01
-5.455416e+01
2.625682e+01
-5.593268e+01
1.090837e+02
8.571357e+00
1.156796e+02
1.325202e+02
-1.699545e+02
1.885320e+02
1.683210e+02
-2.601320e+01
5.624810e+01
1.228770e+02
4.991164e+01
-1.139815e+02
-6.631700e+01
8.724569e+01
6.615794e+01
-3.712187e+01
-1.413349e+01
2.557655e+00
3.821424e+01
1.543102e+02
5.103394e+01
1.661083e+02
-4.952076e+01
-3.051598e+01
1.362008e+01
4.345525e+01
5.156554e+01
8.897486e+01
9.188509e+01
-4.681027e+01
6.302205e+00
8.091129e+01
-3.557729e+01
6.611037e+00
1.203259e+00
-1.956452e+01
6.730987e+01
3.615200e+01
7.976778e+01
5.861111e-01
-6.963979e+00
6.323785e+01
-7.312373e+00
1.535632e+01
6.414744e+00
7.637152e+00
3.959341e+01
1.984716e+01
2.480584e+01
-3.884940e+00
4.471460e+01
4.559329e+01
-8.218024e+00
1.088549e+01
-2.009114e+01
-1.800120e+00
5.344635e+00
3.653640e+01
-2.466870e+01
2.814619e+01
-1.189255e+01
3.561094e+01
3.875730e+00
-6.131274e-01
2.329708e+00
-2.115999e-01
5.643172e-01
1.708110e-01
-2.575052e-01
-1.438167e-01
-2.771213e-01
-2.301438e-01
-2.147536e-01
-1.253698e-01
-3.942763e-02
1.922951e-01
1.101786e-01
-1.361044e-01
-1.122171e-01
4.839212e-02
-2.034772e-02
-2.940955e-02
-3.560574e-02
-6.847541e-03
-2.072962e-03
2.217573e-02
-2.155887e-02
2.972253e-02
7.017776e-02
-5.024390e-02
-1.004153e-01
3.472372e-03
