8.331398e-02
7.695975e-01
1.189989e-01
4.721778e+01
1.713102e+02
-2.322825e+01
3.419680e-04
-3.491921e+04
-4.158856e+04
-2.734925e+05
-2.125415e+05
-1.131466e+05
-5.048364e+04
-1.732210e+04
5.672582e+03
-1.525038e+05
1.837907e+04
-1.454712e+04
1.076799e+05
5.137757e+03
-4.842510e+04
-4.855046e+04
4.468719e+04
3.015875e+04
-1.527268e+04
-8.362220e+03
7.283266e+03
2.374255e+04
-8.431752e+03
-1.470032e+04
-8.944035e+03
-2.920844e+04
-5.511461e+03
-1.307054e+04
-6.365167e+03
-1.565187e+04
-1.715464e+04
1.153624e+03
1.113280e+03
-2.229796e+03
2.287663e+03
-3.621781e+02
1.482646e+04
1.856683e+03
6.968132e+03
-8.282253e+03
1.274245e+04
-5.824065e+02
2.408527e+03
1.308835e+03
-4.686595e+03
-3.210865e+03
9.355377e+01
-6.834931e+02
2.333779e+02
6.977187e+02
2.523286e+03
8.293804e+03
5.445766e+03
-2.749890e+02
-1.927760e+03
-1.153835e+03
-4.220808e+03
-1.914393e+03
2.077548e+03
2.784943e+03
2.149578e+03
9.060988e+02
-3.794349e+03
1.359415e+03
1.545244e+03
3.675216e+03
-4.322653e+01
-5.268785e+01
3.468177e+02
-1.666554e+03
-3.649189e+02
-1.287551e+03
-3.335325e+03
-5.626830e+02
2.659695e+02
-2.635682e+02
2.527564e+02
1.062662e+03
1.719333e+03
1.391373e+03
-8.637401e+02
-3.644223e+02
-1.056664e+03
4.803184e+02
-3.783733e+02
-4.836295e+01
1.195238e+03
5.589892e+02
-9.792583e+02
5.408259e+02
6.468916e+02
-5.965391e+02
3.308105e+02
4.170905e+02
-1.951973e+02
4.128304e+01
6.655557e+02
-5.175052e+02
-1.371011e+02
-8.651243e+02
3.957609e+02
7.978121e+02
6.214160e+02
5.114507e+02
2.475980e+02
2.170118e+02
-2.147228e+02
3.416228e+02
2.679205e+02
2.726484e+02
9.242157e+01
-2.475368e+01
-2.688511e+01
1.565432e+02
3.620437e+02
2.242199e+02
-2.070188e+02
5.420330e+01
3.025868e+02
-3.261175e+02
1.131346e+02
1.751340e+02
-1.344362e+02
3.639529e+02
-7.380663e+00
5.046440e+02
-5.943658e+01
3.953508e+01
3.137747e+01
-3.045592e+02
-1.000535e+02
-9.190260e+01
3.382290e+01
-1.320215e+02
-2.039661e+02
1.859828e+02
7.326003e+01
2.334031e+01
1.323136e+02
1.479614e+02
9.569165e+01
-3.125474e+02
-9.000663e+01
1.516729e+02
2.401913e+02
1.425145e+02
7.263267e+01
1.252182e+02
3.950488e+01
-8.098690e-01
7.281837e+01
7.095386e+01
-1.862881e+00
-1.626781e+02
-1.050795e+01
-2.466021e+01
1.536960e+01
-6.700304e+01
-7.439347e+01
-1.129229e+01
-6.969789e+01
1.490817e+02
-3.354360e+01
-9.377570e+00
-1.263839e+01
9.194116e+00
1.322742e+01
3.979010e+01
-3.176493e+01
-9.458847e+01
3.372712e+01
-4.133361e+01
-1.919362e+01
7.076154e+01
2.086007e+01
1.347709e+01
7.046719e+00
5.653148e+01
8.950832e+01
-1.093445e+02
-3.416803e+01
6.673624e+01
-6.157379e+01
-2.962397e+01
4.475327e+01
3.328451e+01
-3.336232e+01
4.875164e+01
2.099794e+01
8.117854e+00
1.950747e+01
-5.179779e+00
-1.398371e+01
-1.970942e+01
7.938303e+00
-2.015759e+01
3.416962e+01
-5.313335e+00
1.939437e+01
2.577569e+01
-1.283832e+00
5.551827e-01
-2.092847e-01
2.805409e-02
1.839114e-01
8.396804e-02
1.117370e-01
-2.150147e-01
-9.174341e-02
-4.374400e-01
2.857397e-01
2.277537e-02
-2.591131e-01
1.625002e-02
8.674941e-02
-7.928922e-02
2.549030e-02
-7.531354e-02
-8.292481e-02
9.784083e-02
-4.809355e-02
2.360083e-02
-2.712840e-02
-4.951093e-02
1.222057e-01
1.595712e-02
-3.282097e-02
-4.694333e-02
5.209223e-02
