2.968113e-02
9.090773e-03
2.446339e-01
3.384889e+01
1.619294e+02
-2.469511e+01
3.362386e-04
4.310529e+04
-4.154303e+05
3.684559e+04
3.861129e+05
-5.359516e+04
1.887590e+05
-5.658496e+04
5.380021e+04
-8.492431e+03
1.985437e+04
6.202095e+04
6.805585e+04
-4.053364e+04
-7.149016e+04
-8.048475e+04
5.946652e+04
-2.468811e+04
1.584491e+04
-4.782279e+04
2.872745e+04
3.680150e+04
-3.639120e+04
3.369555e+04
-8.590466e+04
4.968107e+02
-2.897876e+04
-44644
2.540125e+04
1.253632e+04
8.520495e+03
1.172646e+04
-5.828077e+02
-1.160150e+04
-2.119074e+04
9.282078e+03
-1.504670e+04
1.421532e+03
2.987517e+04
-1.724651e+04
-9.716312e+03
5.718733e+03
-1.441457e+03
-1.344976e+03
-1.884843e+03
1.409214e+03
-1.610792e+03
-8.049531e+03
-4.432020e+03
9.873339e+03
-4.604995e+03
1.386122e+04
-2.289620e+03
-8.462395e+03
1.329202e+03
-3.775117e+03
-5.232312e+03
-7.427490e+03
2.883861e+03
4.616434e+03
4.502789e+03
-3.144054e+02
-6.578665e+03
4.726217e+01
4.061179e+03
5.939394e+02
-2.639261e+03
-3.726951e+02
6.530294e+02
4.070061e+03
4.342110e+03
2.239992e+03
-4.522509e+03
2.655885e+02
-1.983012e+03
8.831638e+02
-8.815221e+02
2.014797e+02
2.541798e+03
1.831902e+02
-1.710768e+03
1.636196e+02
-1.504076e+02
-3.808668e+02
-3.433618e+02
-1.446369e+03
2.952033e+03
1.445667e+03
-1.662975e+03
1.010026e+03
5.172725e+02
7.485009e+02
8.015253e+02
1.147822e+03
-4.812300e+02
-7.845597e+01
-3.741929e+01
-1.269963e+03
1.200766e+03
-5.034888e+02
1.219503e+03
-9.608577e+02
4.958113e+02
8.862144e+02
-6.185682e+02
2.007433e+03
-2.731879e+02
7.346038e+02
-5.854686e+02
-1.388713e+02
5.398978e+02
-2.934497e+02
3.462003e+02
1.502593e+01
-2.922797e+02
-5.779987e+02
-6.420568e+02
6.749027e+02
3.162920e+01
-5.837452e+02
2.370619e+02
2.036682e+02
2.007537e+02
-1.458114e+02
3.312018e+02
4.184959e+02
4.974074e+02
3.221242e+02
-3.267734e+01
2.151091e+02
7.992790e+02
-2.018286e+02
1.021854e+02
1.842603e+02
1.711040e+02
2.828806e+02
-9.299560e+01
1.927243e+02
-3.878088e+00
8.034733e+01
1.570498e+02
-3.395703e+02
3.179001e+02
-2.391492e+00
-1.102116e+02
5.879885e+01
4.286805e+02
7.330691e+01
-3.551267e+02
-9.280846e+01
2.441966e+02
1.769236e+02
-2.353317e+02
-2.315667e+02
2.342225e+02
1.528680e+02
1.073414e+02
1.188246e+02
1.462370e+02
-5.820853e+01
1.697116e+01
6.631881e+01
1.179192e+01
1.364449e+02
9.304436e+01
1.035015e+02
1.183787e+01
-8.865834e+01
2.361164e+01
-1.100455e+02
-8.427169e+01
-7.779524e+01
-7.661703e+01
-1.030957e+01
-2.367801e+01
3.490694e+01
1.294655e+01
-6.513774e+00
7.096225e+01
-6.650689e+01
4.602838e+01
-1.047944e+02
-2.140245e+01
3.208815e+01
6.296797e+00
-2.342879e+01
-8.276503e+01
8.534901e+01
1.783731e+01
8.368759e+00
-2.813351e+01
-4.451513e+01
-1.532120e+01
1.652476e+01
-1.797516e+01
-4.249854e+00
2.563295e+01
-4.583627e+00
3.573391e+01
2.915914e+01
-8.921307e-01
2.644729e+00
-5.827897e-01
1.008558e+00
2.409133e-01
-3.972455e-01
1.859405e-01
-4.513007e-01
-4.665944e-02
-3.355461e-01
-7.106942e-01
-9.710473e-01
-5.610120e-02
1.636588e-01
-4.168285e-01
8.382548e-02
-2.986321e-03
1.221005e-03
4.286519e-02
-5.190632e-01
5.539990e-02
1.532248e-01
-1.096683e-01
5.192931e-02
-2.663158e-01
3.936963e-02
-6.782937e-02
-1.689903e-01
3.804377e-02
