-4.572750e-01
7.681132e-02
1.565516e-02
5.575111e+01
2.228053e+02
-2.376308e+01
3.574401e-04
-1.502830e+05
-275282
3.878008e+05
3.619087e+05
1.331594e+05
-1.592394e+04
-1.151307e+05
-1.899710e+03
-1.543265e+05
1.156938e+05
-6.263414e+04
3.693937e+04
-3.464033e+04
-3.939923e+04
-1.802134e+05
3.169837e+04
-4.443760e+04
-2.284474e+04
-8.683382e+04
-3.225276e+03
-2.773386e+04
-1.176570e+04
-2.553028e+04
-9.934376e+04
-2.660491e+04
3.149895e+04
-1.854762e+04
-2.113648e+03
3.461471e+03
1.374825e+04
4.935927e+04
-4.321668e+04
-1.463735e+04
-3.616103e+04
-4.736132e+03
-2.046360e+04
3.010688e+02
3.204212e+04
-3.561928e+03
-1.430915e+04
2.459894e+04
-1.226535e+04
3.329841e+03
1.241213e+04
2.078451e+03
-2.655156e+03
6.662494e+03
-1.296774e+04
-4.155712e+03
-1.021906e+03
1.409418e+04
-1.882075e+03
-1.340159e+04
-1.258681e+04
9.188079e+03
3.768124e+02
-1.952637e+03
2.006617e+03
4.074412e+03
4.128694e+03
4.682992e+03
-7.919419e+03
7.607705e+03
4.720990e+03
3.781190e+03
-7.452385e+03
-1.052825e+03
-1.194036e+03
8.084193e+02
2.312903e+03
3.692616e+03
-3.602930e+03
9.690172e+02
9.845941e+02
-7.730873e+02
-2.908472e+03
1.214600e+03
3.334595e+03
2.732592e+03
1.923639e+03
7.275714e+02
-2.416831e+03
-1.205256e+03
5.622139e+02
-3.731984e+03
2.850331e+03
1.787347e+03
-8.580152e+02
1.207729e+03
1.898228e+03
-1.101251e+03
7.249709e+02
3.312778e+02
-2.551098e+02
5.676236e+01
-6.145505e+00
-1.518669e+03
4.250636e+01
4.143594e+02
2.093764e+03
3.488791e+02
1.003493e+03
3.300582e+02
-2.876891e+02
1.912883e+03
5.999747e+01
1.598197e+03
-8.755439e+02
-8.642383e+02
-8.283206e+02
3.893893e+02
3.399649e+00
3.739365e+02
-6.047766e+02
-1.547938e+02
-3.679396e+02
1.030024e+03
1.468315e+03
-1.130361e+02
-3.985895e+02
-1.608941e+01
-1.693771e+02
-6.533668e+02
6.220416e+02
5.524013e+02
1.038347e+02
4.799529e+00
1.399175e+02
-5.903819e+01
7.876852e+02
2.639460e+02
2.633946e+02
2.249116e+01
3.002492e+02
5.354790e+01
-2.224052e+02
-1.228801e+02
-2.559741e+01
2.850668e+02
5.911128e+01
-3.451093e+02
3.825154e+02
8.013955e+01
1.361405e+02
2.438647e+01
1.333988e+02
2.488567e+02
-1.855106e+02
-1.386356e+02
1.690752e+02
2.454247e+02
-3.104812e+02
-1.330212e+02
3.354969e+02
4.921616e+01
7.331250e+01
3.676883e+01
1.238426e+02
-8.467419e+01
-5.583504e+01
3.711122e+01
-8.057475e+00
2.059039e+02
1.134246e+02
1.415026e+02
8.005090e+01
1.587343e+02
-9.928122e+01
1.889106e+01
-5.728452e+00
5.623783e+01
-5.482943e+01
-1.432283e+02
-8.868320e+00
1.066255e+02
-5.021691e+01
3.293188e+01
4.467111e+01
4.610236e+01
2.774933e+01
-3.701300e+01
-1.036943e+02
-1.095496e+01
-4.019547e+01
1.045050e+02
5.178610e+01
7.432497e+01
7.915844e+00
-4.878290e+00
-5.341901e+01
-1.036946e+02
4.558499e+00
3.105409e+01
2.848947e+01
-9.978385e+01
-2.511217e+01
-2.400815e+01
7.444126e+01
3.643768e+01
-2.641804e-01
1.035544e+00
-4.000621e-01
2.348167e-01
-1.027485e-01
-1.748187e-01
-4.887134e-01
-2.512289e-01
-1.204729e-01
-2.736222e-01
8.255398e-02
-9.054676e-01
4.299456e-03
4.297449e-02
7.635807e-02
-1.241825e-01
-9.201097e-02
1.731616e-01
9.489993e-02
-1.957324e-01
3.207580e-01
1.815194e-01
1.622729e-02
-7.025033e-02
-5.315292e-02
5.854907e-02
-9.855241e-02
-1.545305e-01
2.650313e-02
