-4.990934e-01
-1.543269e+00
1.614029e-01
5.688889e+01
1.895825e+02
-6.854211e+00
3.547812e-04
-2.029572e+05
3.226150e+04
3.558044e+05
-2.018671e+05
1.576528e+04
1.261989e+04
-9.930527e+04
5.554641e+04
-1.791867e+05
6.827252e+03
-3.942820e+04
6.204194e+03
-5.851535e+04
2.304084e+04
3.939512e+04
-3.742078e+03
2.593210e+04
2.483829e+04
-6.147145e+04
-5.257995e+04
-3.475204e+04
-2.507971e+04
-5.364046e+03
-3.359701e+04
-1.394397e+04
1.681825e+04
-1.911894e+04
3.047348e+04
5.373469e+02
4.860751e+03
-2.998263e+02
-5.352077e+03
-3.058403e+03
2.308587e+04
-2.830659e+04
-7.659865e+03
-2.155950e+03
-8.150388e+03
2.493121e+03
7.665101e+03
5.001652e+03
1.280902e+03
2.241760e+03
7.642003e+03
3.673821e+03
4.099359e+03
1.684406e+03
-6.330401e+03
1.717251e+03
2.308328e+03
3.208264e+03
-4.193277e+03
-1.194892e+04
-6.253438e+03
-2.084247e+03
-6.311673e+02
-3.647024e+03
2.893894e+03
2.434096e+03
5.862073e+03
8.016340e+03
-3.213376e+03
1.181287e+03
1.777946e+03
3.324469e+03
2.094505e+03
1.445873e+03
3.561174e+03
1.233870e+03
4.441206e+03
-3.311947e+02
-5.960934e+03
-1.163379e+03
9.911136e+02
-1.282319e+02
-2.985783e+03
1.669445e+03
2.070319e+03
3.252885e+03
-1.523691e+03
9.993449e+02
-1.359622e+03
6.093089e+02
2.869496e+02
5.242295e+02
1.277625e+03
2.503111e+03
-1.138025e+03
9.571312e+02
2.765491e+03
2.808253e+02
9.461404e+01
-6.545328e+02
-1.498144e+03
-9.486400e+02
-1.533213e+02
-6.202668e+02
1.093933e+03
-6.797432e+02
1.211274e+03
1.128555e+03
1.187575e+03
1.852611e+03
7.827855e+02
9.572628e+02
-1.843281e+02
6.583994e+02
-9.460860e+01
-5.844634e+02
-4.387723e+02
-6.589030e+01
-8.863642e+02
9.378987e+02
-5.420296e+01
3.928462e+02
-5.940001e+02
7.620326e+02
-2.063385e+02
-2.231214e+02
-3.743972e+02
2.238371e+02
-2.159613e+01
-4.983745e+02
-7.183495e+01
3.934302e+02
-4.989255e+01
2.312296e+02
-1.567499e+02
-1.616981e+02
-6.089350e+00
-1.734575e+02
-1.562510e+02
1.748908e+01
-2.036353e+02
-2.451838e+02
-8.657635e+01
7.123619e+01
2.936321e+01
9.645472e+01
-1.173265e+02
-1.397050e+01
-1.044048e+01
2.861382e+02
1.745207e+02
2.005054e+02
-2.135685e+02
3.703078e+01
-4.866302e+01
-9.015583e+00
-4.655223e+01
8.689931e+01
-1.076232e+02
1.112781e+02
2.165229e+02
-1.402037e+02
5.481332e+01
-5.832880e+01
-4.679183e+01
-5.412349e+01
8.508090e+01
5.416889e+01
-3.864779e+01
-7.765868e+01
8.374855e+01
1.631289e+02
2.582668e+01
8.662949e+01
-1.402153e+01
-3.110427e+01
3.951204e+01
5.568360e+01
-1.466092e+01
2.941703e+01
1.477448e+02
-3.611390e+01
-7.828199e+01
3.635678e+01
3.848279e+01
3.275631e+01
1.844950e+01
8.386151e+01
-9.128388e+01
4.803873e+01
5.988447e+00
6.416877e+01
5.399102e+01
-2.378439e+01
5.770061e+01
-3.184604e+01
-3.187632e+01
9.220230e+00
-1.625758e+01
3.842721e+01
5.776746e+00
-6.003317e+01
1.109745e+00
-4.594808e+01
2.238736e+00
1.055352e+01
-1.402533e+00
-7.284548e-01
5.845131e-01
-7.319086e-02
-2.307835e-01
-8.100781e-01
-1.876936e-01
9.811066e-02
-3.670707e-02
-2.622918e-01
4.736382e-01
7.397012e-02
2.905419e-01
7.630192e-02
3.410326e-01
1.518053e-01
4.056848e-02
1.547495e-01
4.431560e-02
8.466781e-02
1.307031e-01
5.083458e-02
6.277650e-02
-3.681090e-02
1.790445e-01
4.464955e-02
6.539165e-02
-1.175449e-02
-7.946468e-02
