-5.965584e-02
-2.880785e-01
-2.117442e-03
4.408889e+01
1.819718e+02
-2.363694e+01
3.549620e-04
-1.813791e+05
2.829508e+05
2.622102e+05
1.228981e+05
1.050700e+05
1.142269e+05
-7.406470e+04
7.857681e+04
-1.474938e+04
3.865023e+04
-1.059960e+04
3.906313e+04
-1.038546e+05
3.461776e+04
5.484012e+04
6.445859e+04
-8.543627e+04
4.363272e+03
-5.336006e+04
-5.301900e+03
-5.629297e+04
-2.879855e+03
5.421081e+04
-7.041928e+04
-2.443204e+04
4.560357e+04
-2.827107e+04
5.929831e+04
7.534270e+03
5.450215e+04
2.170827e+04
-2.232376e+04
-2.195549e+04
-1.389866e+04
1.289112e+04
-5.136844e+03
-1.425707e+04
5.770167e+03
1.838162e+03
1.378181e+04
-6.714268e+02
-7.238467e+03
-5.641204e+03
2.437195e+03
5.808500e+02
6.237927e+03
9.976176e+03
-1.708838e+04
1.222918e+04
9.064427e+02
1.022668e+04
-1.269175e+04
-1.294211e+04
-6.200498e+03
5.995432e+03
1.957146e+03
-4.987906e+03
9.095911e+03
-2.120215e+03
8.308528e+02
4.676139e+03
2.447590e+03
3.391395e+03
6.086890e+03
2.611192e+03
4.735996e+02
-6.627924e+02
-1.549993e+03
-1.403618e+03
1.831630e+03
3.073328e+03
-8.235746e+03
-1.759047e+03
1.086603e+03
-4.695537e+02
-1.516657e+03
-1.950349e+03
1.999889e+03
1.792572e+03
-1.836558e+03
4.763583e+03
5.941077e+02
-8.283641e+02
4.725759e+02
4.644984e+02
2.576864e+03
5.225925e+02
-9.445798e+02
1.862673e+03
3.615162e+03
7.947064e+02
-1.665919e+03
1.437422e+02
-1.804100e+03
-5.256815e+02
-1.239148e+03
-1.739476e+03
5.880419e+02
2.474366e+02
7.571354e+02
2.173431e+03
-2.472799e+02
6.997094e+02
9.994056e+02
4.958656e+02
-1.938944e+02
1.293540e+03
5.795141e+02
-1.572682e+03
3.626342e+02
-4.110532e+02
-9.886852e+02
5.999470e+02
-8.510143e+02
-2.533851e+02
-5.109863e+02
8.318209e+02
5.792708e+02
-4.093113e+02
-1.770358e+02
2.646030e+02
2.213390e+02
8.415018e+01
5.937881e+02
2.064202e+02
6.809832e+01
2.504133e+02
-2.048356e+02
2.151085e+02
7.415661e+02
-2.294223e+01
3.991057e+01
1.590909e+02
1.198824e+02
-5.643439e+02
-5.061464e+01
2.957513e+02
1.108488e+02
1.395624e+02
-3.633134e+02
-6.521294e+01
7.624138e+01
-3.524343e+02
2.553651e+02
2.642235e+02
-1.619746e+02
8.800932e+01
-1.485713e+02
-3.179653e+02
1.893539e+02
1.168205e+02
-2.524239e+02
2.395383e+02
2.736169e+02
3.877065e+01
-9.475669e+01
1.564109e+02
2.378096e+01
-8.082680e+01
-6.287895e+01
1.412912e+02
-1.985433e+02
-1.925457e+01
-2.501125e+01
5.827017e+01
5.984275e+01
1.723135e+02
6.536557e+01
-9.823620e+01
8.494356e+01
4.937820e+01
-6.831961e-01
1.255524e+00
-3.439467e+01
-8.715627e+01
4.390173e+01
9.306870e+00
2.171210e+01
-1.128691e+02
-3.477352e+01
2.130956e+00
-1.231343e+02
-3.849617e+01
1.663758e+01
2.035800e+01
1.124615e+02
-1.679898e+01
3.615975e+01
-7.875804e+01
8.970924e+01
6.475321e+01
-2.166564e+01
3.955873e+01
4.402022e+01
-2.811545e+00
3.872889e+01
3.604601e+01
-2.785924e+01
3.287262e+01
4.791127e-01
-1.206723e+00
3.640634e-01
7.588115e-02
1.889575e-02
9.986452e-02
-3.174168e-02
-3.437888e-01
-2.799923e-01
-9.676386e-02
2.411235e-01
8.726197e-02
1.977305e-01
-1.122290e-01
-4.982048e-03
1.267706e-01
-1.846448e-02
9.496143e-02
1.321946e-02
-8.632901e-02
-1.124773e-01
1.235522e-01
-6.496866e-02
-1.823952e-01
-1.521968e-01
1.884780e-02
4.298920e-02
9.311815e-02
3.254982e-04
