-1.923866e-01
-1.310243e+00
9.961072e-02
5.518222e+01
1.768082e+02
-1.268537e+01
3.457024e-04
-3.588613e+05
-1.194579e+05
7.231576e+05
1.062009e+05
2.288439e+05
-2.056803e+05
-3.753025e+04
1.641162e+05
-3.450641e+05
7.994625e+04
-1.329266e+04
-1.595090e+05
-6.309751e+04
-3.646714e+04
-6.090137e+04
-1.517878e+04
-2.334706e+04
2.846796e+04
-4.923156e+04
2.378417e+04
-8.979776e+03
-1.431844e+04
-3.671047e+04
-2.376781e+04
2.374729e+04
2.965813e+02
-2.462315e+04
1.754334e+03
-2.489811e+04
-2.394135e+03
1.696673e+04
-1.095054e+04
-1.809152e+03
3.717744e+04
-1.246762e+04
-1.078972e+04
-1.031763e+04
1.987747e+04
2.689226e+03
-1.212958e+04
6.248984e+02
7.282049e+03
-1.385720e+00
2.264110e+04
-2.435236e+03
1.308580e+04
-1.058766e+04
-2.001425e+04
4.723762e+03
3.865679e+03
6.536817e+03
-6.290839e+03
-1.458379e+04
5.069226e+03
1.869384e+03
-1.088498e+04
1.079367e+03
-2.339740e+03
2.694729e+03
9.055341e+02
9.248729e+03
-6.480547e+03
7.121448e+03
4.413040e+03
6.290884e+03
2.082565e+03
2.507474e+02
1.826881e+03
5.467439e+03
4.659080e+03
-4.261516e+02
-7.150615e+03
-9.142177e+02
-2.142519e+03
1.535149e+03
-1.134388e+02
2.030994e+03
6.377223e+03
4.057112e+03
-3.859454e+03
-3.573186e+03
-1.958163e+03
-1.387043e+02
1.763358e+03
-5.376637e+01
2.070327e+03
1.621120e+03
-6.382255e+02
-9.083955e+02
2.982718e+02
6.096198e+02
6.684125e+02
6.498911e+02
-5.399092e+02
-9.987429e+02
5.809950e+02
-1.861370e+03
1.171044e+03
-1.066299e+03
3.398941e+02
1.469925e+03
6.020349e+02
1.979843e+03
-4.986390e+02
2.208070e+03
2.763794e+02
1.093454e+03
4.681325e+01
-6.251872e+02
-1.292911e+03
-3.888186e+02
-6.746848e+02
4.530743e+02
7.574346e+02
5.900485e+02
-1.260871e+03
1.309874e+03
2.965685e+02
-1.915724e+02
-7.719077e+02
-3.340890e+02
-1.950176e+02
-3.176326e+02
9.212668e+01
3.636573e+02
-3.724808e+02
-3.742871e+01
-2.047986e+02
1.733481e+02
4.161985e+02
-4.229247e+02
2.073825e+02
1.180097e+02
-2.956107e+02
-1.144599e+02
-1.210595e+02
-3.378290e+01
-3.213320e+02
3.331417e+02
8.106394e+01
7.141841e+01
-2.245455e+02
3.520364e+02
3.763640e+02
2.264673e+02
-1.430720e+02
1.199040e+02
-2.085142e+02
7.439097e+01
-1.282766e+02
1.836854e+02
-4.176070e+01
-3.490490e+02
2.629080e+02
-8.055151e+01
1.551211e+02
-1.118409e+02
3.238100e+01
-6.444332e+01
1.377754e+01
1.094406e+01
-2.131972e+02
5.918571e+01
1.198177e+02
1.822764e+02
1.873247e+00
9.198058e+01
-9.826284e+01
6.329557e+00
5.139677e+01
8.360107e+01
3.744133e+01
-1.052922e+02
7.227192e+01
1.102658e+02
-9.471203e+01
-3.062456e+01
8.162149e+01
5.841972e+01
1.997843e+02
1.670813e+01
-2.828396e+01
9.046642e+00
-1.517267e+01
6.413413e+01
-2.160663e+01
5.447279e+01
-2.921847e+01
-5.569413e+01
-1.310663e+02
-8.195820e+00
-1.064304e+01
9.591833e+01
-2.427053e+00
-1.039152e+02
-1.158941e+01
-1.249325e+02
4.552439e+01
3.257807e+01
-1.874843e+00
2.237991e-01
1.925184e+00
-3.415299e-01
-1.669749e-01
-4.885108e-01
-5.568863e-01
-5.759770e-01
1.651550e-01
-4.941628e-01
4.883112e-01
-9.721131e-01
3.761244e-01
2.588637e-01
1.899369e-01
3.634205e-01
7.019684e-02
6.190639e-02
2.112769e-01
-2.218817e-01
5.270481e-02
-3.091718e-02
-6.508745e-02
-1.230428e-01
7.996949e-02
-5.020609e-02
8.997244e-02
-9.105457e-02
-7.912052e-02
