-7.976576e-02
1.509626e+00
-1.247918e-01
5.148444e+01
1.744993e+02
-8.438986e+00
3.334375e-04
-2.917864e+05
1.481254e+04
4.578929e+05
-3.844939e+05
-2.239468e+04
-1.635836e+04
-1.159675e+05
4.648210e+04
-2.516921e+05
6.575509e+04
-2.629523e+04
1.021154e+05
-9.747405e+04
7.216895e+04
4.519732e+04
-1.111379e+05
9.887626e+03
-2.213038e+04
-1.487105e+04
-4.790513e+04
-8.117652e+04
-1.284385e+04
-1.632106e+04
-6.868335e+04
-6.084539e+04
3.185942e+03
-2.994343e+04
2.333279e+04
1.108442e+03
1.963598e+04
-6.757807e+03
9.091814e+03
-2.746049e+04
2.784375e+04
-2.215106e+04
-2.701726e+03
-1.310975e+04
3.999267e+03
5.705917e+03
1.916157e+04
1.264479e+04
-1.924324e+04
-5.108974e+03
1.256002e+04
-1.472075e+04
6.023857e+03
-3.506662e+03
-6.759974e+03
-4.457851e+03
4.952105e+03
9.176866e+03
-4.519386e+03
-9.380349e+03
-8.920983e+03
2.676679e+03
4.755610e+02
-4.483630e+02
-8.075147e+02
6.706628e+03
2.945987e+02
9.737605e+03
-6.064210e+02
3.136037e+03
7.915709e+02
5.594715e+03
2.206630e+03
1.793328e+03
8.382001e+01
2.864155e+01
2.778936e+03
3.217853e+02
-5.568057e+03
5.934391e+02
4.422708e+02
-1.568009e+03
-4.719685e+03
-1.565981e+02
8.440093e+02
3.220843e+03
1.383409e+03
6.629656e+02
-4.468927e+02
-3.851818e+01
1.281194e+03
-3.456942e+02
1.809576e+03
2.399653e+03
-6.959266e+02
8.265406e+02
2.735550e+03
-5.772260e+02
-2.426654e+02
-1.178206e+03
-6.642966e+02
-1.173608e+03
3.236334e+02
-1.221616e+03
5.978160e+02
-1.125076e+03
1.639614e+03
6.408629e+02
1.631537e+03
8.754886e+02
8.473225e+02
2.230266e+02
3.669161e+02
6.670448e+01
-4.759604e+02
1.985751e+02
-8.108301e+02
-7.999694e+01
-1.322735e+03
6.779443e+02
-4.473763e+01
2.117960e+02
-9.986545e+01
4.237507e+02
2.189447e+02
6.301710e+01
6.210830e+00
3.496836e+02
-4.754379e+02
-6.455958e+02
2.354439e+02
8.932734e+01
1.306587e+01
1.505450e+02
-1.592540e+02
-3.462816e+02
2.102452e+02
-5.223996e+01
-1.713624e+01
-3.338206e+01
-1.408946e+02
-4.574402e+01
1.807628e+02
1.012519e+02
-3.803503e+00
3.928660e+01
-8.569955e+01
-2.069933e+02
-7.140611e+01
1.684336e+02
2.553092e+02
2.579921e+02
-2.169277e+02
6.616320e+01
8.805907e+01
-5.654833e+01
-3.007827e+02
2.393574e+02
-1.072066e+02
7.485438e+01
7.535719e+01
-8.725692e+01
1.255365e+01
-1.030543e+02
-2.220801e+02
-2.940041e+01
-2.906822e+01
9.044167e+01
-1.377350e+02
-1.666811e+01
1.087662e+02
2.043039e+02
1.496519e+02
1.060358e+02
6.224715e+01
-6.834332e+01
9.344688e+01
2.696115e+01
-4.602781e+01
5.787816e+01
8.409999e+01
7.500486e+01
-1.793094e+01
-4.828793e+00
5.949870e+01
1.136299e+01
4.783660e+00
1.261204e+02
-1.323549e+02
3.406768e+01
-4.147636e+01
8.943898e+01
3.912082e+01
-7.767134e+00
-1.557488e+00
-5.290604e+01
-1.203421e+01
4.010514e+00
-3.289610e+01
8.992908e+00
6.052936e+01
-6.870417e+01
-1.818445e+00
-5.876313e+01
1.665512e+01
6.586699e+00
-6.940567e-01
1.319718e+00
-4.888807e-01
-3.490799e-01
-1.138680e-01
3.719372e-01
-2.787770e-01
1.075964e-01
-1.401510e-01
-3.652593e-01
8.724796e-01
3.093406e-01
1.062339e-01
-1.804590e-01
3.946817e-01
-9.028126e-02
-9.144897e-02
5.899397e-02
5.208538e-02
3.775711e-01
2.860299e-02
-2.532856e-02
-2.492085e-02
-1.670046e-01
2.199825e-01
1.287270e-01
-1.261947e-01
9.031177e-02
5.528169e-02
