-1.224966e-01
-9.973135e-01
1.233552e-01
5.319111e+01
1.749573e+02
-1.619925e+01
3.344415e-04
-8.472909e+04
-1.847863e+05
5.255888e+05
3.521333e+05
9.704253e+04
1.361191e+05
-1.601403e+05
1.399916e+05
-5.722034e+03
1.751220e+05
1.341019e+05
-1.804979e+04
-3.894894e+04
-2.323584e+04
-5.856632e+04
1.772992e+04
-4.097262e+04
-1.731475e+04
-8.487543e+04
1.640014e+04
-2.517730e+04
-1.017752e+04
1.866764e+04
-7.245395e+04
-4.007504e+04
2.194173e+04
-1.508902e+04
2.226077e+04
1.755344e+04
7.179912e+03
2.563406e+04
-1.955422e+04
-1.773999e+04
1.510665e+04
1.219588e+04
-1.304460e+04
-1.258807e+03
1.375471e+04
-1.800053e+04
-1.432322e+03
1.229179e+04
3.469845e+02
1.651980e+03
8.643077e+03
4.155156e+03
3.429463e+02
1.574870e+03
-5.088150e+03
2.527992e+03
-1.664720e+03
7.751920e+03
-2.466032e+03
-8.836903e+03
-5.096904e+03
-5.083747e+02
-2.218846e+02
-7.447526e+03
3.246327e+03
2.350439e+03
3.296298e+03
4.159949e+02
-3.242933e+03
2.011115e+03
5.888913e+03
4.976446e+03
-2.583753e+03
-5.431949e+02
-1.055892e+03
2.080699e+03
4.245680e+03
1.401162e+03
-4.161404e+03
-3.493820e+02
9.588714e+02
-5.360895e+02
-1.416356e+03
1.274330e+03
6.358307e+02
2.169845e+03
5.552256e+02
1.070271e+03
-5.694972e+02
-3.898788e+02
6.086752e+02
-2.410907e+03
2.425161e+03
1.975738e+03
-6.484249e+02
1.189479e+03
6.586269e+02
3.407179e+01
-8.994147e+02
5.708177e+02
-5.458846e+02
-8.445680e+02
2.438614e+02
-5.003132e+02
8.844964e+02
-1.049960e+03
1.237073e+03
-4.167822e+02
6.964346e+02
3.163106e+02
-1.639878e+02
1.715041e+03
1.532722e+01
9.573607e+02
-1.066284e+03
-5.343002e+02
-5.699509e+02
2.764907e+02
-5.765495e+02
2.684737e+02
-4.094355e+02
-4.628067e+02
-1.970867e+02
9.467078e+02
2.726683e+02
-1.222818e+02
2.279256e+02
2.645642e+02
1.775955e+02
-3.858016e+02
3.057597e+02
1.206746e+02
2.788856e+02
8.688817e+01
2.047011e+02
-1.282736e+02
4.643745e+02
1.816087e+02
-4.389364e+01
-1.056159e-01
2.026973e+02
-1.281291e+02
7.077196e+00
1.050073e+02
4.558820e+01
1.691873e+02
-6.419307e+01
-2.368250e+02
2.299707e+02
7.672286e+01
6.580563e+01
-3.857966e+01
9.560984e+01
1.596666e+02
-1.370339e+02
-2.141892e+01
7.630931e+01
1.336412e+02
-3.328553e+02
1.026148e+02
2.746545e+02
-5.417576e+01
3.822569e+01
1.351809e+02
-1.302697e+01
-2.227259e+01
-7.142477e+01
5.952705e+01
-9.590059e+01
5.337360e+01
9.416099e+00
1.935188e+02
8.057214e+01
-2.584368e+01
7.338038e+00
-3.255953e+01
-1.536531e+01
-7.496945e+00
-1.317543e+02
-1.048566e+02
1.663511e+01
4.391584e+01
1.236363e+01
2.079360e+01
-1.572704e+01
-8.317386e+00
4.791328e+01
6.257435e+00
-4.354348e+01
-1.599187e+01
2.004093e+01
4.297018e+01
-1.045427e+01
4.108110e+01
3.432183e+01
-5.907177e+01
-4.695946e+01
-3.394405e+01
-4.213772e+00
2.789756e+01
4.345577e+01
-4.601716e+01
-2.284309e+01
-3.311483e+01
3.974546e+01
3.474298e+00
1.188889e+00
1.475304e-01
3.056992e-01
5.995882e-01
1.037154e-01
1.677403e-01
-2.739743e-01
1.326543e-01
-1.527964e-01
8.686788e-02
-4.462829e-01
-6.332133e-01
5.659572e-02
5.296452e-02
-1.013778e-02
1.386977e-01
-6.640746e-02
2.498859e-02
6.633578e-02
-3.352167e-01
1.606460e-01
-7.668892e-02
-1.300647e-01
1.241902e-02
-1.574908e-01
4.285235e-02
-9.208990e-02
-1.250507e-01
3.725832e-02
