1.251612e-01
-7.987032e-01
-1.209527e-01
4.693333e+01
1.671463e+02
-2.468302e+01
3.513547e-04
2.655425e+04
-7.384294e+02
-3.868945e+05
-5.293130e+04
4.874678e+04
-2.472840e+05
9.457312e+04
-1.241513e+04
6.516953e+04
3.678553e+04
-1.651931e+05
3.859182e+04
-5.770526e+04
-3.064853e+04
3.496250e+04
1.116064e+04
-3.652164e+04
2.680854e+04
6.188692e+04
-2.014367e+04
-2.909496e+04
1.919441e+04
4.262615e+03
1.819764e+04
-3.042614e+04
1.293495e+04
-3.054238e+04
-3.516441e+03
-5.301306e+03
-4.352467e+03
9.373779e+03
7.968585e+03
1.244153e+04
-3.612716e+02
-4.079374e+03
-5.686386e+03
3.825343e+03
-8.532061e+03
-2.262836e+03
6.055246e+03
-1.312173e+03
6.440666e+03
-4.297655e+03
-2.339534e+03
-7.471084e+03
-5.874839e+03
7.896315e+03
-5.290450e+03
-1.954052e+02
2.726228e+03
4.431811e+03
9.009687e+02
-7.959813e+03
-3.509062e+03
-7.779570e+02
-3.082958e+02
1.942944e+03
-9.282124e+02
5.092257e+03
-2.367219e+03
-3.102855e+03
-6.371874e+03
4.495069e+03
-1.461899e+03
-1.143694e+03
-3.882370e+03
1.148597e+03
2.934248e+02
1.461325e+03
-3.503002e+03
2.720711e+03
-2.454102e+03
-7.675672e+02
2.591794e+03
-3.053218e+03
2.755915e+03
-1.293190e+03
2.198579e+03
2.651943e+03
-1.442625e+03
-1.377647e+03
5.233299e+02
8.671910e+01
-5.952968e+02
1.647208e+03
-1.244015e+03
1.625203e+03
-1.818670e+03
5.643547e+02
-3.824023e+02
-5.563066e+02
-7.148793e+02
-9.713787e+01
2.226325e+02
8.188831e+02
2.278596e+02
-4.310604e+02
-1.322377e+03
-3.680463e+02
1.179498e+03
1.447177e+03
-3.429536e+02
7.313521e+02
-6.529811e+02
-7.115845e+02
-1.668684e+02
6.207291e+02
2.366873e+02
2.373725e+02
-5.145440e+02
-2.639661e+02
-4.217120e+02
2.442018e+02
-8.803600e+01
-1.153398e+02
-2.991047e+02
-4.103165e+02
3.580080e+02
6.736509e+01
6.968653e+01
2.907869e+01
-6.841692e+02
1.811857e+02
5.607897e+02
5.491393e+02
2.474727e+02
2.656202e+02
7.468609e+00
-1.089824e+02
-2.766304e+00
-2.448195e+02
-6.350727e+01
-1.092687e+02
-4.041208e+02
-1.845022e+02
4.446462e+02
-7.792175e+01
1.169047e+02
2.895579e+01
-3.017323e+01
-2.330140e+02
1.024506e+02
3.135497e+02
1.331380e+02
1.546647e+02
6.368362e+01
1.358181e+01
-9.149185e+01
-9.124527e+01
2.451277e+02
-1.201127e+02
9.158423e+01
8.643448e+00
-2.508043e+02
-2.392689e+01
1.560686e+02
-1.399874e+02
2.021918e+01
-6.442143e+01
-3.086856e+01
2.585312e+01
1.905597e+01
6.444331e+01
7.520824e+01
7.789278e+00
-3.175389e+01
1.098118e+01
8.678899e+01
-2.870304e+01
1.750151e+02
6.094308e+01
-5.095851e+00
1.194988e+02
2.141480e+01
1.055947e+02
3.444839e+01
-5.944546e+01
1.115474e+02
-6.325948e+01
-1.944242e+01
9.172918e+01
2.805648e+01
1.624801e+01
5.331403e+01
8.796948e+00
2.408395e+01
3.096565e+01
1.657842e+00
-2.449561e+01
1.441608e+01
-1.447922e+01
-9.736987e-01
8.955763e+00
2.385191e+01
-1.706229e+01
2.371613e+01
-4.812328e+00
3.796534e+01
1.984074e+01
-1.239411e+00
2.524541e-01
-5.695058e-01
-8.054664e-02
1.936772e-02
1.303105e-01
5.201352e-01
-1.682210e-01
-1.931251e-01
1.212219e-02
3.419653e-01
1.361367e-01
-1.566875e-04
-1.084717e-01
-3.005508e-01
-1.810046e-01
3.218191e-03
3.913607e-02
1.180497e-02
2.185565e-01
-2.860874e-02
-5.440892e-02
-4.681656e-02
-3.572961e-02
1.841331e-01
3.736006e-03
1.486237e-02
-5.914233e-02
-2.225966e-02
