2.059987e-02
4.073440e-01
-1.361569e-01
4.010667e+01
1.682619e+02
-2.281793e+01
3.304622e-04
-2.522850e+05
-1.838434e+05
2.266695e+05
3.243972e+04
7.785683e+03
-6.132554e+04
-5.741489e+04
5.908332e+04
-2.096313e+05
3.726408e+04
6.045179e+03
9.998294e+04
1.692893e+04
-2.750170e+04
-5.742605e+04
3.486864e+04
1.912421e+04
9.909643e+03
-2.096593e+04
5.793229e+04
4.141582e+03
-3.711700e+04
-5.501971e+02
-6.600852e+04
3.908968e+04
-5.672045e+04
-2.959108e+04
2.498322e+04
2.858878e+04
2.754913e+04
-6.425597e+03
-1.098567e+04
-1.522609e+04
-2.236351e+04
-1.759597e+04
-8.699563e+03
-6.464096e+03
1.077994e+04
-1.660709e+04
3.758509e+03
-3.890706e+03
-1.017916e+04
-1.840968e+03
3.996757e+03
3.456608e+03
2.241267e+03
-5.279258e+03
-5.754277e+03
1.179438e+04
4.788966e+03
1.415037e+04
3.883351e+03
-1.077954e+04
-4.907630e+03
7.491658e+01
-2.470756e+03
-4.716821e+03
-2.755303e+02
2.688323e+03
4.237220e+03
7.738481e+03
-4.065441e+03
-2.239572e+02
2.873106e+03
2.177468e+03
1.230379e+03
-1.725267e+03
-1.116647e+03
9.321957e+02
-2.257888e+02
-1.330242e+03
-5.073985e+03
-6.648997e+02
-2.706458e+03
4.195724e+02
-2.095284e+03
1.000767e+03
3.731640e+03
-6.498124e+02
-1.739844e+03
-1.770644e+02
6.928005e+01
4.992130e+02
5.107398e+02
-6.145480e+02
2.109538e+03
2.324347e+03
-1.796302e+03
3.498906e+02
1.401471e+03
7.330034e+02
5.229011e+01
-2.738869e+01
-1.315115e+03
-5.650106e+02
-1.309583e+01
-1.613999e+03
1.266540e+03
-6.246533e+02
7.265748e+02
2.586430e+02
9.063729e+02
1.271132e+03
-2.637738e+02
1.603992e+03
-8.441014e+00
8.224774e+02
-1.057094e+02
-3.094058e+02
3.350196e+02
-7.400759e+02
-3.344982e+02
3.582997e+02
-1.103168e+02
2.675344e+02
-5.385035e+02
2.016197e+02
8.075660e+02
-5.343719e+02
-4.553382e+01
-2.189010e+02
-4.680774e+01
-1.932249e+02
4.360937e+02
1.703205e+02
-4.445381e+01
2.328610e+02
-6.085238e+02
2.019378e+02
7.487555e+02
-2.670004e+02
9.157563e+01
2.334476e+02
-1.820941e+02
-1.081602e+02
2.492002e+01
2.337061e+02
-6.809231e+01
5.286278e+01
1.259501e+02
-3.203354e+02
-1.134984e+02
1.108242e+02
2.496903e+02
1.753995e+02
3.097710e+02
-7.479191e+01
-4.242457e+01
8.983928e+01
1.609759e+01
2.680200e+02
-3.596100e+01
-2.209647e+02
2.234295e+02
1.218909e+02
3.833169e+00
6.978696e+01
-1.344356e+02
-1.037539e+01
-1.033825e+01
1.443661e+02
-1.517968e+02
1.359691e+02
1.267572e+02
5.822074e+01
1.306231e+02
8.588383e+01
-5.850951e+01
-6.993749e+01
-6.210256e+01
1.444770e+01
-8.250353e+00
-1.372144e+01
-3.520660e+01
3.738858e+01
1.156744e+01
-2.333683e+01
1.109779e+02
-2.293975e+01
1.121330e+02
8.028971e+00
-1.530687e+02
1.269589e+01
1.345795e+01
-9.000598e+00
-5.787619e+01
3.255746e+01
-6.433013e+01
2.574094e+01
-7.428970e+00
2.459963e+01
-1.251837e+01
3.692669e+01
-1.514598e+01
-4.528352e+01
2.147602e+01
-2.788070e+01
2.390503e+01
4.396600e+01
-2.389268e+00
2.666458e+00
-5.389000e-01
8.744490e-01
3.176340e-01
-1.212933e-01
-4.728087e-01
-1.059638e+00
-3.176920e-02
-3.786477e-01
2.944844e-01
-4.979058e-01
5.055305e-02
1.241134e-02
-1.153190e-02
1.436827e-01
1.555135e-02
-1.176012e-01
-1.082605e-01
-1.145667e-01
-2.513225e-01
2.728285e-01
-2.438829e-02
-9.585420e-02
-8.261079e-02
3.226544e-03
-4.116090e-02
-8.902279e-02
-5.823164e-02
