3.834482e-02
-7.208428e-01
4.970350e-02
4.721778e+01
1.718604e+02
-2.295890e+01
3.501984e-04
-1.324840e+05
-1.504554e+05
-4.173648e+04
1.155360e+05
6.024167e+04
-8.714998e+04
-2.281820e+03
-3.350748e+04
-1.269592e+05
-1.508735e+04
-1.169429e+05
6.221973e+04
-1.955655e+04
-4.336214e+04
-2.939272e+04
5.720691e+04
-3.654488e+03
3.018511e+04
-8.248848e+03
1.256265e+03
-3.278111e+03
-2.833641e+04
9.709127e+02
-3.471641e+04
1.660302e+04
-1.135248e+04
-3.025104e+04
2.645490e+04
4.359336e+03
1.129829e+04
1.311058e+03
-1.716350e+04
-8.920294e+03
-1.450793e+04
-1.680231e+04
-1.785326e+03
1.086149e+03
1.008146e+04
-7.686603e+03
1.776265e+03
-1.570196e+03
6.366641e+02
-2.367485e+03
2.069974e+03
-1.678123e+03
9.130341e+02
-1.205587e+03
-9.032800e+03
5.485140e+03
1.081548e+03
1.068295e+04
4.077750e+02
-1.181400e+04
-1.574917e+03
-1.088574e+03
-1.975629e+03
-4.843932e+03
1.027362e+03
2.230439e+03
5.474252e+03
3.869558e+03
-4.124825e+03
1.882115e+03
2.017787e+03
1.201733e+03
-1.379003e+03
-8.948832e+02
5.756173e+02
1.852703e+03
6.230217e+02
7.636569e+02
-5.464881e+03
-9.531691e+02
-7.060998e+01
8.113121e+01
-8.504044e+02
3.654410e+02
4.907026e+03
2.274478e+02
-2.185633e+03
-4.738489e+02
-1.309004e+03
1.552546e+03
-1.865348e+02
-3.506207e+02
1.334336e+03
2.076228e+03
-2.560503e+03
7.243073e+02
1.183007e+03
9.091735e+02
-2.425391e+00
-6.669428e+02
-6.559130e+02
-5.844369e+01
-1.995266e+02
-6.588629e+02
6.759726e+02
-7.541934e+01
9.799201e+02
9.456652e+02
-1.051327e+02
1.223872e+03
-4.900183e+02
8.965153e+02
1.653843e+02
9.281335e+02
1.138878e+02
-4.081967e+02
-6.804769e+00
-3.217641e+02
-3.920777e+02
3.815421e+02
-3.730834e+02
8.876680e+01
-6.183838e+02
2.913523e+02
5.141589e+02
-1.914136e+02
-1.731836e+02
4.326661e+01
-2.034299e+02
-4.446392e+01
5.289595e+02
1.794394e+02
7.866385e+01
2.150412e+02
-4.698847e+02
1.492601e+02
7.097905e+02
-3.934288e+02
1.780120e+02
2.995905e+02
-1.983218e+02
-1.050045e+02
2.452784e+01
4.980775e+01
-2.641657e+01
1.782722e+02
8.827975e+01
-2.235949e+02
3.097698e+00
2.431029e+02
6.104693e+01
2.235690e+02
2.920907e+02
-5.325050e+01
-1.908917e+02
-5.174040e+01
8.225846e+01
8.918392e+01
-2.836261e+01
-1.728760e+02
4.188383e+01
5.677119e+01
5.731536e+01
-7.545013e+00
-2.747453e+00
-6.244182e+01
1.342706e+01
3.889143e+01
-1.675044e+00
1.439093e+02
8.224100e+01
4.948538e+01
3.242294e+01
1.319654e+02
-3.511009e+00
-1.775121e+01
-3.355940e+00
4.619434e+01
7.245411e+00
2.770504e+01
3.717200e+01
-7.085053e+00
2.172361e+01
3.584155e+01
6.396899e+01
-8.284007e+00
6.110543e+01
2.389658e+01
-7.127020e+01
3.106618e+01
1.571253e+00
-6.399522e+00
-1.580277e+01
2.872497e+01
-8.359422e+00
-4.316696e+00
-2.242435e+01
5.783175e+00
-2.224061e+01
4.126406e+01
5.783241e+00
-4.276907e+01
4.598763e+01
-1.779269e+01
2.856561e+01
2.994108e+01
-2.058066e+00
2.284601e+00
-6.926687e-01
7.701773e-01
-1.999364e-01
-1.393830e-01
-3.634291e-02
-9.616481e-01
-2.515559e-02
-5.225285e-01
8.648214e-02
-2.939254e-01
1.984593e-01
1.288791e-01
-9.213402e-02
-1.248961e-02
3.234045e-02
3.390492e-02
-3.102691e-02
-4.733156e-02
-1.513725e-01
1.691927e-01
4.074483e-02
-8.556683e-02
-1.123735e-02
2.185380e-03
4.377833e-02
-7.174521e-02
-9.143485e-02
