4.532081e-02
-1.420602e-03
6.448977e-02
3.953778e+01
1.669182e+02
-2.721531e+01
3.360005e-04
-2.204587e+05
1.476277e+05
-3.111409e+04
-1.886599e+04
8.980775e+04
7.038083e+04
-4.991228e+04
1.211299e+05
-1.845611e+05
5.520503e+03
-1.920834e+03
1.570969e+04
-1.073134e+05
-2.860353e+04
-7.974552e+04
7.163204e+04
1.122668e+04
3.431714e+04
5.247459e+04
5.291829e+04
4.329795e+04
-5.378257e+04
-4.988457e+04
-6.981655e+03
4.100529e+04
-7.097133e+03
-1.534837e+04
-7.558244e+03
2.855140e+03
-6.488400e+02
-2.302077e+03
-3.444993e+03
-1.417725e+04
-3.107385e+04
-1.711458e+04
-3.470148e+02
-1.324727e+04
3.161648e+04
-1.307678e+04
8.339198e+03
3.342784e+02
-1.604506e+04
-1.619828e+04
1.292205e+03
1.796382e+03
1.061963e+04
-4.211741e+03
-8.255063e+03
1.465912e+04
4.184923e+03
1.649224e+04
-1.656318e+03
-7.508292e+03
-1.874949e+03
6.679589e+03
-5.389228e+02
-2.445587e+03
-1.462279e+03
-1.069119e+03
3.763866e+03
7.980812e+03
-1.619201e+03
-4.149403e+02
5.879790e+03
2.380280e+03
3.775194e+03
-1.522724e+03
-1.529151e+03
-3.818751e+01
-1.967966e+02
-6.840892e+02
-9.314157e+03
2.671146e+02
-2.573439e+03
1.280680e+03
-1.556143e+02
1.327348e+03
4.081135e+03
-1.488348e+03
-3.711517e+03
4.782098e+02
-1.787744e+03
2.208177e+03
2.409115e+02
9.201557e+02
8.169114e+02
4.874229e+02
-6.285289e+02
7.117715e+02
1.790415e+03
1.392241e+03
-1.066002e+03
3.214839e+02
-1.347644e+03
-3.890467e+02
9.941144e+02
-1.074118e+03
1.826500e+03
-1.915408e+03
-1.163629e+02
1.069186e+03
7.629860e+02
1.315062e+03
1.757603e+02
9.231110e+02
1.245041e+02
-8.189716e+01
2.406766e+02
-3.827596e+02
3.190262e+02
-6.296973e+02
-6.058805e+02
8.267231e+02
3.064594e+02
1.053249e+03
-7.471033e+02
6.793376e+02
2.752024e+02
-3.631363e+02
3.907277e+02
-4.429923e+02
2.938358e+02
1.750588e+02
1.733296e+02
-1.122228e+02
-5.075023e+02
2.333326e+02
-2.729192e+02
9.539793e+01
8.426252e+02
-3.122596e+02
1.789513e+02
1.118434e+02
7.711045e+00
-1.136426e+02
-2.778285e+01
5.034280e+02
-2.143887e+02
1.231675e+01
-1.479003e+02
-2.342865e+02
-2.005930e+02
5.581055e+01
2.433673e+02
4.658788e+02
-6.556390e+01
-2.824003e+02
-1.677869e+02
3.506478e+01
-1.662347e-01
5.712649e+01
1.505788e+02
-1.230158e+02
2.270573e+02
1.928305e+02
-1.160031e+02
9.928522e+01
-1.880472e+02
6.669300e+01
2.906828e+01
1.996860e+02
-3.627445e+02
-1.903150e+01
1.579768e+02
9.875360e+01
1.012531e+02
2.672900e+01
-1.914765e+02
-3.262178e+01
4.439375e+01
3.910124e+01
-6.491750e+01
-4.768488e+01
4.931665e+00
-1.140680e+01
4.408366e+01
-7.277280e+01
4.400143e+01
-3.151354e+01
8.040460e+01
-5.656665e+01
-1.412193e+02
-8.516237e+01
4.660256e+01
-5.111609e+01
-2.710934e+01
1.332693e+01
-3.337572e+01
-3.356927e+01
-2.335321e+01
8.870059e+01
-4.522233e+01
6.540558e+01
9.953723e+00
-1.726669e+01
5.904940e+01
-3.784911e+01
-8.150644e+00
3.728421e+01
-2.501705e+00
-3.595029e-01
7.614405e-01
2.380303e-01
-2.641157e-02
-6.431264e-02
-1.184897e-01
-6.732434e-01
-2.134780e-01
1.596665e-01
5.884619e-01
-4.126441e-01
1.541359e-01
-2.924152e-02
-1.082823e-01
1.891154e-01
6.720480e-02
2.031185e-02
5.449078e-02
-2.950187e-01
-3.346023e-01
3.085375e-01
-1.231251e-01
-1.649109e-01
-1.383670e-01
-4.993549e-02
5.051035e-02
2.628094e-02
-7.054376e-02
