-2.004361e-01
1.169058e+00
-2.616466e-01
5.461333e+01
1.800093e+02
-1.448399e+01
3.473847e-04
-3.099872e+05
-2.819182e+05
6.645304e+05
-6.494875e+04
1.283088e+05
-6.941490e+02
-7.356062e+04
1.487363e+05
-2.674155e+05
-3.802647e+04
1.399387e+04
3.711252e+04
-1.425938e+05
1.499821e+04
2.824092e+04
-3.544425e+04
1.078714e+04
-5.944234e+03
-4.873383e+04
7.229335e+03
3.180804e+04
-1.487972e+04
-3.150009e+03
-6.937869e+04
2.506872e+04
-2.285012e+04
-4.587456e+04
1.462758e+04
1.762036e+04
2.394684e+04
5.781984e+01
9.483353e+03
-1.366127e+04
2.978933e+04
-5.245766e+03
-2.691298e+04
-2.551017e+04
1.290808e+04
1.361895e+04
-1.195990e+03
5.451191e+03
-2.198436e+04
-8.901729e+03
1.125535e+04
4.312494e+03
2.450461e+04
-1.703378e+04
-1.030744e+04
1.360235e+04
4.996863e+03
1.443603e+04
-5.432153e+03
-1.360275e+04
-6.051337e+03
8.069095e+03
-1.591158e+03
-1.025895e+03
-1.015814e+02
1.511982e+03
7.382483e+03
1.189667e+04
-5.515631e+03
2.580823e+03
3.202772e+03
3.675151e+03
3.296890e+03
-8.189967e+02
-5.658835e+02
1.900487e+02
4.403627e+03
-3.568779e+02
-6.154534e+03
-3.408793e+02
-3.701373e+03
3.302371e+03
-3.800778e+03
3.588559e+03
3.270710e+03
2.061991e+03
-5.517145e+02
-4.328775e+02
1.090081e+03
-1.660871e+03
1.797791e+03
8.864793e+02
3.933064e+03
2.090586e+03
-8.384703e+02
1.120420e+03
2.449553e+03
1.655515e+02
-3.431821e+01
1.558578e+02
-1.404332e+03
-8.271082e+02
-6.166534e+02
-2.074892e+03
1.559192e+03
-5.301740e+02
1.644457e+03
1.407641e+02
1.109087e+03
1.645797e+03
-1.792146e+02
2.646208e+03
-4.483466e+02
8.514443e+02
1.918601e+02
-8.105447e+02
-6.752336e+02
-7.057749e+02
-4.517317e+02
7.998895e+02
9.392875e+01
4.657038e+02
-6.199852e+02
7.175109e+02
7.693203e+02
-4.088800e+02
-1.124792e+02
7.242507e+01
1.999621e+02
-7.435912e+02
1.341019e+02
-5.810929e+01
-3.201665e+02
1.229267e+02
-4.749297e+02
-9.900574e+01
8.101207e+02
-1.381010e+02
-6.929280e+01
2.949679e+02
-1.665932e+02
7.910529e+00
-1.215235e+02
2.200152e+02
-4.675922e+02
1.987856e+02
8.660094e+01
-1.610472e+02
-8.389197e+01
2.827157e+02
1.209443e+02
2.524838e+02
2.238073e+02
1.282726e+01
-5.609412e+01
3.701806e+00
-1.996460e+02
1.721700e+02
-1.975762e+02
-2.572232e+01
2.462167e+02
-4.685695e+01
1.753971e+02
-2.443586e+01
-4.228305e+01
9.403290e+01
2.465647e+01
8.909094e+01
-8.798801e+01
4.989009e+01
2.042720e+02
5.453421e+01
1.006854e+02
1.933674e+01
-8.310996e+01
-4.011342e+01
-1.072434e+02
-7.552074e+00
-9.355093e+00
-1.188017e+01
6.245461e+01
1.210975e+02
-5.777743e+01
-1.354121e+01
4.094726e+01
6.426627e+01
1.566548e+02
-2.147365e+01
-1.116475e+02
3.484650e+01
7.244799e+00
6.817163e+01
-2.085185e+01
2.898545e+00
-3.062055e+01
9.337220e+00
-9.873419e+01
-3.692696e+01
-6.741207e+00
5.231110e+01
1.604240e+01
-1.117075e+02
-6.523810e+00
-4.976897e+01
3.459014e+01
3.924716e+01
-2.224519e+00
1.469900e+00
-2.736546e-01
9.492930e-01
1.543528e-01
-2.659010e-01
-6.522424e-01
-6.978168e-01
-4.833655e-01
-5.156106e-01
-1.569162e-01
-6.497554e-01
3.675008e-02
-8.706509e-02
3.428683e-01
2.049074e-01
-1.598125e-02
1.798103e-01
4.546460e-02
-1.321238e-01
1.559851e-01
6.848381e-02
6.749243e-02
-1.308806e-01
-3.193832e-02
3.680376e-02
8.057912e-02
-5.653050e-02
1.703278e-02
