-4.492195e-01
1.333187e+00
-8.756178e-02
5.603556e+01
1.960458e+02
-1.015356e+01
3.569534e-04
-2.500009e+05
-444116
-3.379132e+04
9.274805e+03
2.889426e+05
79465
-2.641751e+02
-6.212553e+04
-2.231333e+05
-8.476336e+04
6.059451e+04
6.704812e+04
-5.518200e+03
4.293994e+04
5.944802e+02
-1.895650e+04
2.802462e+04
1.777677e+04
-3.962924e+03
-2.682023e+04
-1.988501e+04
5.365304e+04
9.003525e+04
-9.890717e+04
-2.461040e+04
1.651015e+04
-6.788787e+04
3.530949e+04
-4.949146e+03
1.013882e+04
1.825703e+04
4.829799e+03
9.155909e+03
1.224159e+04
-1.461350e+04
-2.142217e+04
1.155324e+04
1.977665e+04
9.505363e+03
5.624802e+03
1.892908e+03
-5.214088e+03
-1.723127e+04
2.202017e+04
-1.825622e+04
4.465931e+03
-1.222599e+04
-1.866988e+04
1.423762e+04
8.894625e+03
1.500788e+04
-1.476843e+04
-1.373800e+04
-9.817206e+01
9.388631e+03
-4.983792e+03
-1.717483e+03
5.260322e+03
3.608774e+03
-2.768246e+03
1.387757e+04
-5.541301e+03
1.047907e+04
1.033353e+03
-1.197728e+03
-1.544666e+02
-3.178164e+02
4.592202e+02
-3.846120e+03
5.065638e+03
1.643759e+03
-7.740064e+03
2.839164e+03
-3.601277e+03
-6.873174e+02
-4.115004e+03
9.496617e+02
2.635050e+03
3.481473e+03
-1.888971e+03
2.935453e+02
-6.843419e+02
-3.441335e+03
3.395394e+03
2.431070e+03
1.916514e+03
1.796438e+03
-5.766273e+02
1.250586e+03
3.079851e+03
-1.113757e+02
-5.291508e+02
-9.871862e+02
-1.404868e+02
-4.680356e+02
-4.293283e+00
-2.489295e+03
-1.723227e+02
2.016250e+02
1.821601e+03
2.385889e+03
2.031448e+02
1.992038e+03
4.242430e+02
1.992777e+03
-1.094875e+02
7.817693e+02
7.966706e+02
-7.871393e+02
1.979133e+02
-1.174475e+03
-9.837629e+02
-5.891119e+01
6.544966e+02
1.534683e+02
-5.284786e+02
5.988719e+02
1.089094e+03
-9.944448e+02
-6.405107e+02
-6.756696e+02
1.735787e+02
-6.424413e+02
4.285227e+02
4.788839e+02
-8.348383e+02
1.725548e+02
-5.951739e+02
1.368386e+02
6.955807e+02
-4.008828e+02
2.492164e+02
-3.549421e+02
2.367076e+00
-7.407333e+01
-2.952689e+01
3.236744e+02
-2.463120e+02
1.565945e+02
3.690880e+02
1.172183e+02
8.806287e+01
1.353367e+02
3.788672e+02
3.943800e+02
-1.246163e+02
4.849386e+01
-2.556799e+02
5.590797e+01
-1.016902e+02
2.222246e+02
-1.759468e+02
-1.337334e+02
1.589754e+02
-5.619819e+01
2.176476e+02
-3.100014e+00
-5.558090e+01
-7.342191e+01
8.349285e+01
9.780885e+01
-1.722103e+02
1.123884e+02
1.733033e+02
-9.221125e+00
2.080161e+02
7.811078e+01
1.117590e+02
-7.828356e+01
8.277545e+01
5.380910e+01
7.355836e+01
6.273191e+01
-8.856851e+01
1.303557e+02
-3.126551e+01
-9.748483e+01
1.007323e+02
-1.250239e+01
1.695200e+02
6.122375e+01
-1.899567e+02
-1.772425e+00
-2.231191e+00
6.782430e+01
6.030376e+01
8.087338e+01
-1.466553e+01
-7.664825e+01
3.884023e-01
1.298085e+01
-1.199768e+01
4.003682e+01
-1.694000e+00
-1.058622e+02
2.706139e+01
-4.143596e+01
4.163885e+01
4.114089e+01
-3.836509e+00
3.284031e+00
5.632568e-01
6.099059e-01
2.090381e-01
-4.520186e-01
-3.137047e-01
-9.911875e-01
2.565701e-02
-5.091729e-01
1.901903e-01
-4.815618e-01
-1.842493e-02
1.854488e-03
3.102220e-01
1.501003e-01
3.663843e-02
1.394939e-01
-6.371755e-04
-1.093189e-02
6.565912e-02
7.605263e-02
7.859075e-02
-9.515088e-02
1.513417e-01
8.223468e-02
1.172747e-02
-5.293015e-02
2.713539e-02
