-3.374804e-01
-1.394860e+00
4.443409e-01
5.802667e+01
1.859061e+02
-1.110759e+01
3.566992e-04
-1.358795e+05
-1.625452e+05
2.642493e+05
1.739272e+05
-3.577343e+04
2.878925e+04
-4.486779e+03
-3.810679e+04
-2.363493e+05
-5.039843e+04
-1.363926e+05
-3.655488e+03
-7.394115e+04
3.487268e+03
6.201673e+04
9.514376e+03
1.277117e+04
2.569980e+04
-1.946054e+04
-5.567146e+03
-8.709422e+03
-3.775443e+04
4.172257e+04
-5.649516e+04
4.876620e+04
4.947521e+02
-5.094540e+04
4.507376e+04
2.331583e+04
4.966201e+04
-3.559950e+03
2.741163e+03
-1.611827e+03
6.493597e+03
3.225381e+03
-2.269912e+04
-4.053688e+03
2.776631e+03
9.852334e+03
-1.249856e+04
-1.619589e+03
-3.210530e+03
-6.933864e+03
1.085314e+04
5.271242e+03
1.455163e+04
-7.690617e+03
-1.385590e+04
7.906030e+03
3.523693e+03
6.506622e+03
-5.874080e+03
-1.260476e+04
2.384468e+03
-2.804500e+02
-1.986172e+03
-7.829006e+03
4.209317e+03
-7.589235e+02
8.033882e+03
2.946412e+03
-2.919324e+03
3.612736e+03
2.111446e+03
2.532558e+02
-1.373786e+03
7.411656e+02
1.747283e+03
1.232649e+03
4.004709e+03
2.534625e+03
-5.767072e+03
-8.322561e+02
-1.301273e+02
1.803649e+03
-6.918328e+02
1.300555e+03
5.504239e+03
2.191601e+03
-2.608302e+03
8.532704e+01
2.970572e+02
-7.197070e+02
5.334797e+02
6.960063e+02
2.635224e+03
2.719330e+03
-3.059940e+03
1.141362e+03
1.176286e+03
1.694318e+03
5.893091e+02
-6.316200e+02
-1.334897e+03
-1.452364e+02
-1.164233e+03
-1.673339e+03
9.581386e+02
8.494165e+02
1.333878e+03
6.296677e+02
-1.847416e+02
1.577278e+03
-8.112072e+02
1.851522e+03
-4.371427e+02
1.631386e+03
2.553785e+02
-9.630355e+02
8.647980e+01
-3.092975e+02
-3.075059e+01
6.036142e+02
-4.852415e+02
-6.840978e+00
-7.862236e+02
7.610883e+02
3.403621e+02
-2.132664e+02
-4.321967e+02
1.754300e+02
2.344924e+02
-2.704693e+02
4.746508e+02
1.863710e+02
2.720856e+02
3.034271e+02
-6.715281e+02
2.230532e+02
8.070609e+02
-3.322867e+02
7.933500e+00
3.554792e+02
-3.529231e+02
-1.595472e+02
-1.705577e+02
-4.849395e+01
-3.106013e+02
1.836558e+02
1.611211e+02
-1.061471e+02
1.086511e+02
1.773013e+02
-1.066492e+02
2.438853e+02
3.422538e+02
1.717428e+02
-3.641871e+02
-1.570349e+02
1.557526e+01
2.150451e+02
-1.443017e+02
-1.433948e+02
9.944128e+01
6.489273e+01
2.579682e+02
-3.345401e+01
1.829607e+02
-9.073545e+01
8.172503e+01
-6.008364e+01
1.832852e+02
1.519951e+02
1.442103e+02
-1.798756e+01
-1.457742e+02
1.422884e+02
2.576216e+01
2.254817e+01
-9.283232e+01
6.542723e+00
7.695895e+01
4.001463e+01
3.851775e+00
3.829615e+01
-2.808297e+00
6.782764e+01
5.668981e+01
1.310723e+01
3.758019e+01
-5.137407e+01
-6.740154e+00
9.374967e+01
8.280692e-01
2.085003e+01
-4.912034e+00
5.253603e+00
-2.632682e+01
8.680619e+00
-1.701684e+01
-4.010736e+01
3.010316e+00
4.773791e+01
5.883812e+00
-4.381220e+01
2.554071e+01
-2.023611e+00
2.782419e+01
3.267556e+01
-1.507232e+00
3.195147e+00
-4.198296e-01
6.302772e-01
-3.918095e-01
-2.519771e-01
1.870809e-01
-1.147617e+00
-4.108276e-02
-8.715360e-01
-3.155922e-01
-4.691454e-01
3.804437e-01
-4.922596e-02
-2.264367e-01
5.158063e-02
6.325266e-02
1.921404e-01
7.184131e-02
-9.994715e-02
7.344949e-02
1.233964e-01
2.220060e-01
-1.384669e-01
-1.909011e-01
-3.581502e-02
2.330597e-01
-1.068773e-01
-1.572256e-01
