-2.409930e-01
5.753698e-01
-4.136518e-01
4.721778e+01
1.846351e+02
-2.376087e+01
3.537422e-04
-1.592359e+05
-8.833790e+04
2.832927e+05
3.454086e+05
2.074898e+05
2.030753e+04
-1.263844e+05
3.739913e+04
-1.243545e+05
1.326441e+05
1.746840e+03
9.027009e+04
3.504984e+04
-8.660033e+04
-8.131136e+04
8.177724e+03
1.763441e+04
-18642
-3.597355e+04
4.007562e+04
4.034320e+04
-9.719107e+03
-2.456946e+04
-4.257662e+04
3.846595e+04
-1.754013e+04
-1.300906e+04
-3.909381e+04
2.565879e+03
1.333577e+04
1.503466e+04
-5.610739e+02
1.071489e+02
-2.467350e+04
2.252379e+03
-1.195667e+04
-9.109978e+03
2.863516e+04
-3.105923e+03
-9.013832e+03
1.546178e+04
-7.964007e+03
-2.053330e+03
1.415643e+04
-8.274432e+02
3.485584e+03
4.048816e+03
-2.085585e+03
-4.680967e+03
6.408279e+03
1.014608e+04
2.531890e+03
-2.366448e+03
-3.492720e+03
1.212870e+02
2.877723e+03
1.835677e+03
-3.829079e+03
5.304646e+03
-6.397002e+02
1.436932e+03
-9.322304e+03
3.846836e+03
3.610349e+03
4.003815e+03
-4.537702e+02
-2.079204e+03
-4.130023e+03
-1.089175e+03
-1.177857e+03
-1.783431e+03
-3.535797e+03
-1.790546e+03
-1.508866e+03
7.596054e+02
-2.156892e+02
2.554765e+03
2.671602e+03
-5.982566e+01
-1.406663e+03
-8.330569e+02
1.802927e+02
-3.818748e+02
9.330915e+01
-2.609652e+03
1.622549e+03
2.392309e+02
2.053138e+02
-6.543284e+02
1.245800e+03
3.385076e+02
4.372520e+02
8.756528e+02
-9.479080e+02
-1.195364e+02
3.416979e+02
-5.844044e+02
8.183181e+02
-7.976032e+02
7.569749e+01
-5.373876e+02
1.557471e+03
4.984079e+02
-3.699283e+02
1.318869e+03
5.119943e+01
5.893077e+02
-5.083700e+02
3.044933e+02
6.277686e+01
9.300282e+01
-3.983798e+02
5.904042e+02
-1.339263e+01
1.474647e+02
-3.302910e+02
3.591724e+02
6.754879e+02
-1.189825e+02
1.242355e+02
-1.390643e+02
-4.621411e+01
1.020954e+02
1.316989e+02
1.836905e+02
1.654343e+02
1.805278e+02
7.253034e+01
-1.773372e+02
4.652230e+02
9.366126e+01
1.784619e+02
1.824617e+01
1.860388e+02
4.013324e+01
-1.960649e+01
1.867453e+02
-8.787466e+01
1.967494e+02
-1.787943e+00
-1.595033e+02
1.140626e+02
1.070215e+02
2.958025e+02
-1.841410e+02
2.009858e+02
1.434326e+02
-1.010708e+02
1.537669e+02
1.910348e+02
2.697719e+02
-7.522231e+01
-1.618176e+02
2.878164e+02
-5.844814e+00
-1.065455e+00
6.732564e+01
-8.301424e+01
-1.082820e+02
-7.658405e+01
1.003601e+02
-2.462467e+02
1.071469e+02
4.784289e+01
5.565782e+01
6.747818e+01
-2.261904e+01
-1.748766e+02
-7.047416e+01
2.447427e+01
-6.279955e+01
-1.261534e+02
-5.553400e+01
2.524188e+01
8.787491e+01
-1.184108e+01
2.068105e+00
1.150481e+01
-6.495521e+00
1.245764e+02
-1.894604e+01
-8.192847e+01
-5.538076e+01
6.647216e+01
2.041736e+01
-2.496689e+01
8.879538e+01
2.436911e+01
6.992902e+00
-6.320784e+01
-5.600854e+01
-7.377036e-01
-5.296052e+00
4.050459e+01
-4.640870e+01
-1.989429e+01
-3.456604e+01
5.266516e+01
2.553322e+01
-4.287519e-01
-1.666601e-01
-1.195685e+00
-4.148808e-01
2.057919e-02
-9.074845e-02
-5.542789e-01
-4.379837e-01
-4.972279e-02
-1.697174e-01
5.086177e-02
-9.111229e-01
-6.944085e-02
2.335512e-02
-1.252236e-01
1.561159e-01
-3.748689e-02
1.421846e-03
-8.152642e-03
-3.452841e-01
5.616185e-02
3.966325e-02
-1.327497e-01
-1.681416e-01
-2.069805e-01
1.877116e-02
-4.412600e-02
-5.135579e-02
1.097863e-01
