3.223171e-01
6.948486e-01
1.756511e-01
4.608000e+01
1.429139e+02
-2.401575e+01
3.389360e-04
5.447489e+04
-5.896786e+04
-2.983573e+05
1.962710e+05
-4.906872e+03
1.318541e+04
3.943284e+04
-5.048048e+04
-1.024653e+04
4.956906e+04
6.103465e+04
3.967101e+03
6.479325e+04
-3.604071e+04
-4.647360e+04
6.700499e+04
-3.979479e+04
2.974921e+04
6.041959e+04
3.319652e+04
1.305649e+04
-2.468556e+04
-3.162267e+04
9.166772e+03
1.744826e+03
-1.207948e+04
-6.471074e+03
1.620040e+04
-1.187642e+04
-1.581709e+04
2.105394e+03
-1.865245e+03
-2.485618e+04
-1.562631e+04
3.421371e+03
2.105364e+04
7.254282e+03
1.412551e+04
-2.064900e+04
9.415027e+03
1.485569e+04
-2.419128e+03
-3.475541e+03
-3.212675e+03
-7.668597e+03
-3.213261e+03
9.314252e+02
1.557718e+03
-3.087140e+02
-5.114297e+02
7.420058e+03
5.523602e+02
-5.818682e+03
-3.208703e+02
-2.718894e+03
-1.207937e+02
-3.694352e+03
-1.415155e+03
2.231618e+03
-2.881682e+02
-3.359708e+03
-7.673217e+02
-1.534895e+03
2.530761e+03
-2.953133e+01
-2.466615e+03
1.830505e+03
2.434003e+01
1.238768e+03
-1.670176e+03
6.742186e+01
-4.314616e+03
3.367383e+02
9.981105e+02
-8.259092e+02
2.958565e+03
-3.416474e+01
3.265382e+03
-3.328104e+02
-1.971764e+03
-5.910859e+02
-7.441226e+02
7.260729e+02
-1.022940e+03
-6.105377e+02
-1.192828e+03
3.054503e+02
-1.412318e+03
5.937900e+02
-9.253618e+00
4.574095e+02
-1.185757e+02
5.520995e+02
-2.229363e+02
-5.127110e+01
6.991371e+02
-2.570513e+02
2.042025e+02
-1.134566e+03
-6.614201e+01
6.379618e+02
2.108751e+02
1.152160e+02
-5.864911e+02
-4.971508e+02
2.037295e+02
3.176609e+02
-1.579424e+02
2.277532e+02
2.968567e+02
-3.298155e+01
-1.059308e+02
4.115142e+02
-1.156825e+02
-3.440970e+00
-1.381602e+02
1.774097e+02
-1.146822e+02
8.377306e+00
4.800219e+02
2.689088e+02
-3.939607e+01
1.788063e+02
3.858569e+02
2.376161e+02
3.938027e+02
3.121625e+01
1.124225e+02
1.280629e+02
1.450565e+02
-2.405012e+02
9.828921e+01
-6.353856e+01
1.366161e+02
9.754980e+01
1.299885e+02
6.109873e+01
1.868953e+02
-8.960967e+01
7.201249e+00
-2.295324e+02
1.168616e+02
-9.640026e+01
1.016737e+02
2.545213e+02
5.553122e+01
-1.121335e+02
-1.687903e+02
-6.886530e+01
1.516762e+02
-2.764243e+01
-3.738561e+00
-1.386161e+02
1.024885e+02
1.790032e+02
1.183831e+01
4.164807e+01
-5.323329e+01
-4.363459e+01
-2.202065e+01
5.366887e+01
-4.475142e+01
9.309450e+01
7.163667e+01
4.761422e+01
-3.823425e+01
8.985091e+01
3.730053e+01
-9.777953e+01
6.503070e+01
1.831377e+01
-4.989977e+01
5.678709e+01
-3.214540e+01
6.055887e+00
7.058460e+01
3.971571e+01
3.467817e+01
-8.544127e+01
-2.211748e+01
9.496314e-01
-2.619816e+01
3.136898e+00
3.153701e+01
-2.290841e+01
-4.807031e+01
5.289309e+01
2.067099e+01
-2.809372e+01
3.533601e+01
3.248169e+01
-3.489224e+01
3.832550e+00
4.474472e+01
1.049108e+01
4.537877e+01
-1.019516e+01
3.750222e+01
1.496064e+01
1.029136e-01
1.303437e+00
8.858769e-02
-6.121356e-02
-2.740267e-01
1.050773e-01
2.590354e-01
1.637951e-01
-1.992960e-01
-9.170125e-02
2.272724e-01
8.036029e-02
1.666654e-02
9.775583e-02
-2.408992e-01
-1.545388e-01
7.818810e-02
-1.496956e-01
-1.430518e-01
-7.470166e-02
-2.558756e-01
1.420896e-02
-1.257300e-01
-4.313949e-02
-2.713011e-02
-1.662766e-02
-1.082561e-01
-3.877894e-02
-6.501779e-02
