-1.325182e-01
-1.165841e+00
1.748142e-01
5.034667e+01
1.748019e+02
-1.513455e+01
3.315677e-04
-2.567986e+05
7.765016e+04
4.701755e+05
-8.686227e+04
1.228481e+05
-2.137761e+05
1.021827e+04
8.628013e+04
-1.822806e+05
3.966518e+04
-1.326963e+05
-3.410760e+04
1.374618e+05
-3.297622e+04
-4.039934e+04
3.338161e+04
1.580904e+04
1.665533e+04
-5.916490e+04
3.008308e+04
-3.365323e+03
-2.510590e+04
-3.338726e+04
1.510832e+04
9.227601e+03
-3.510584e+04
-1.096157e+03
2.359535e+03
-8.698675e+03
1.448170e+03
-1.457496e+04
-1.993961e+04
1.274814e+04
1.642386e+04
-2.008742e+04
-5.719376e+02
-1.173888e+04
2.142609e+04
2.505312e+02
6.061633e+03
1.953708e+03
3.963017e+03
7.707506e+03
1.289726e+04
-6.194556e+02
2.554368e+03
-6.066601e+03
1.950540e+03
7.818423e+02
-1.276701e+03
2.429942e+03
4.652365e+03
-3.773893e+03
3.275188e+03
6.435308e+02
-1.112536e+03
-5.302022e+01
1.992583e+03
1.306998e+03
2.547277e+03
9.132804e+03
-3.619925e+03
1.365839e+03
3.166321e+03
5.991584e+03
4.033623e+03
-2.030436e+03
-2.021122e+03
1.983903e+03
3.305666e+03
-2.775008e+03
-2.330910e+03
-1.164717e+03
-9.133785e+02
-1.876202e+03
3.873272e+02
-4.196066e+02
4.163460e+03
-4.908458e+02
-2.848670e+03
-1.277030e+03
-9.585199e+02
2.062407e+03
1.050727e+03
6.854835e+00
2.273298e+03
9.806296e+02
-5.176837e+02
-1.097870e+03
3.259892e+02
-5.005958e+01
6.296302e+02
-1.194064e+03
-2.194148e+02
-3.454930e+02
5.709818e+02
-1.328515e+03
9.118510e+02
-2.770322e+02
-1.109089e+03
1.146741e+03
1.364256e+03
1.233243e+03
1.042531e+03
6.114569e+01
-3.234065e+02
3.473622e+02
-1.806993e+02
-3.781069e+02
-7.423184e+02
-4.835030e+02
-6.129874e+02
8.173223e+02
3.360498e+02
6.403754e+02
-8.009571e+02
5.862184e+02
5.650889e+01
-7.436483e+01
-1.406933e+01
-1.377224e+02
-1.675341e+02
-2.471010e+01
-3.382150e+02
3.438401e+02
-2.083416e+02
1.878242e+01
-3.093916e+02
-1.826697e+02
2.794594e+02
-3.296236e+02
-8.223071e+01
1.827350e+02
-1.919474e+02
-1.180636e+02
2.259389e+01
-7.471954e+01
-2.732530e+02
2.104853e+02
2.372218e+01
-1.720146e+02
-1.325861e+02
1.482741e+02
3.034193e+02
2.764884e+02
-6.635252e+01
2.350457e+01
-3.858015e+01
5.819306e+01
2.848449e+00
2.065634e+02
1.276291e+02
-1.013336e+02
1.451072e+02
7.445881e-01
9.921889e+00
-4.878956e+01
-2.122870e+02
-5.760472e+00
7.415556e+01
3.382066e+01
-2.111286e+02
-6.236022e+00
9.530428e+01
1.348969e+02
1.080298e+02
2.959198e+01
-5.672017e+01
-1.359383e+01
5.417942e+01
2.240579e+01
-2.784468e+01
-6.331252e+00
1.262868e+02
-8.152511e+00
-3.766882e+01
3.788749e+01
2.930084e+01
8.371326e+00
4.753931e+01
8.138783e+01
-5.798742e+01
1.405102e+01
-2.278085e+01
5.483985e+01
2.226709e+01
-4.856023e+00
-4.343163e+01
-2.948996e+01
-5.005477e+01
1.905788e+01
-5.494872e+01
5.667033e+01
-1.563941e+01
-3.011851e+01
1.276783e+01
-5.948909e+01
1.439953e+01
-3.875822e-01
-6.118886e-01
-4.565251e-01
2.454116e-01
-2.405433e-01
-7.202635e-02
-1.850794e-01
-6.682394e-01
-1.326401e-01
1.754552e-01
-1.562882e-01
6.370085e-01
-1.272730e-01
4.750356e-01
-1.814512e-02
1.972549e-01
1.102165e-01
5.055356e-02
-1.356445e-01
7.617609e-02
-2.609513e-02
-1.165249e-01
1.006887e-01
-2.604392e-03
-1.001637e-01
3.978985e-02
1.832367e-03
-8.742261e-03
1.273506e-02
-7.630625e-02
