-5.136944e-02
1.262360e+00
4.405339e-02
5.091555e+01
1.715429e+02
-1.322899e+01
3.279996e-04
-2.115013e+05
2.466265e+05
6.966559e+04
-2.298208e+05
-1.065773e+05
-1.061642e+05
2.099702e+04
1.209311e+05
-2.451065e+05
8.502749e+03
-1.667524e+05
1.150172e+05
2.273303e+04
-5.838212e+04
-5.729507e+04
2.902166e+02
3.534995e+04
1.011759e+04
1.283680e+04
-8.879555e+03
4.099157e+04
-3.940918e+04
-3.837236e+04
1.315891e+04
7.403684e+04
-4.645042e+04
-2.994883e+04
-4.321762e+03
-2.232176e+04
6.364332e+03
-2.274678e+04
5.133163e+03
-2.020470e+04
-2.067319e+04
-9.551889e+03
1.704896e+04
-3.225666e+04
2.632870e+04
-1.062800e+04
1.242144e+04
4.129963e+03
-2.603727e+04
-7.671495e+03
-1.949852e+03
3.995101e+03
7.031060e+03
-4.623762e+03
-4.534803e+03
5.886278e+03
1.504543e+03
1.207135e+04
7.162179e+03
-1.041142e+04
-2.406945e+03
-2.283488e+03
1.085995e+03
-2.080834e+03
-6.311899e+03
4.181861e+03
5.263214e+03
2.623015e+03
-1.249285e+03
-8.342191e+02
3.268088e+03
1.577614e+03
4.125250e+03
-6.421992e+01
-1.301294e+03
1.979874e+03
-1.829750e+03
-2.219870e+03
-6.773885e+03
-1.990303e+03
-4.150142e+03
1.983152e+03
1.328681e+03
1.881837e+03
3.958594e+03
-2.107058e+03
-5.553287e+03
4.465664e+02
7.106534e+02
7.841064e+02
-1.241154e+03
1.715734e+02
2.180294e+03
5.023733e+02
-1.567875e+03
-5.285829e+02
2.808040e+03
1.073330e+03
4.059445e+01
4.944867e+02
-1.046905e+03
-9.697408e+01
-4.916254e+02
-1.167043e+03
1.128326e+03
-1.051138e+03
-5.129976e+02
5.639596e+02
1.360594e+03
1.513120e+03
1.379344e+02
1.041505e+03
-6.340470e+02
6.292982e+02
5.032320e+02
-1.872399e+02
6.428737e+02
-8.439182e+02
-2.247208e+02
5.545462e+02
-2.479164e+02
9.211192e+02
-5.142617e+02
1.346478e+01
4.781642e+02
-2.755183e+02
1.750620e+02
1.773172e+02
5.494737e+01
5.344412e+02
6.083134e+01
2.581709e+02
1.738001e+02
1.694088e+02
-5.862539e+02
-6.982870e+00
4.927242e+02
-2.579495e+02
2.247387e+02
2.623142e+02
-1.449325e+02
2.017056e+02
-3.320433e+01
4.454748e+02
-1.994268e+02
6.679498e+01
-7.380814e+01
-1.411136e+02
-1.874135e+02
7.025996e+01
1.113423e+02
2.927872e+02
1.127324e+02
-6.392802e+01
-2.485343e+02
-2.227316e+01
1.072755e+02
3.377220e+02
1.091669e+02
-1.976772e+02
3.283304e+02
1.906334e+02
-1.215537e+02
-7.460112e+00
-1.751281e+02
-4.792018e+01
-2.615130e+01
2.403599e+02
-2.476145e+02
4.360589e+01
1.366696e+02
-5.214038e+01
6.337192e+01
1.437616e+02
-7.518759e+01
-1.323396e+02
1.101690e+01
-3.844119e+01
-4.863312e+01
2.595444e+00
-7.433472e+01
-4.085306e+01
5.678321e+01
-4.152463e+01
3.539909e+01
-8.083880e+01
7.736531e+01
-1.651685e+01
-1.557044e+02
-3.956847e+01
5.613578e+01
-3.707687e+01
-9.755395e+01
2.147334e+01
1.621493e+01
2.327224e+01
-2.409635e+01
5.996715e+01
-2.748990e+01
4.964590e+00
2.751653e+00
-5.224707e+01
5.626321e+01
-5.327879e+00
-5.300527e+00
5.485980e+01
-2.382567e+00
-1.656849e+00
-7.999932e-01
-2.259611e-01
2.910382e-01
-3.184144e-01
-1.368422e-01
-6.858343e-01
-3.620153e-01
-1.743830e-01
4.664888e-01
-3.343570e-01
-1.317880e-01
1.746142e-02
-1.770772e-02
2.826574e-01
3.978592e-02
-2.396724e-01
-1.473273e-01
-2.093642e-01
-3.467677e-01
2.550555e-01
-6.290318e-03
-1.913623e-01
-7.063574e-02
-5.513770e-02
1.398567e-01
5.490256e-02
-1.971010e-02
