-1.053540e-01
8.943090e-01
-4.664351e-02
5.233778e+01
1.866958e+02
-2.405379e+01
3.590029e-04
5.310089e+04
8.675475e+04
-3.056871e+05
-2.136445e+05
-1.401313e+03
-1.849971e+05
2.282520e+05
-4.185271e+04
3.988069e+03
-3.522190e+04
-1.033386e+05
7.087714e+04
-7.273958e+03
1.651791e+03
-4.206997e+03
-5.045655e+03
4.319082e+04
7.846564e+03
1.501503e+04
-3.459296e+03
3.955954e+04
-4.341794e+03
-1.795694e+04
5.516650e+04
-2.317247e+04
-2.509067e+04
-2.277703e+04
-6.700696e+03
-1.289143e+04
-1.517258e+04
-1.217584e+04
1.509832e+04
1.034572e+04
2.773693e+03
-8.761397e+03
-1.650217e+03
-1.836167e+04
7.515234e+02
9.780971e+03
1.136131e+04
2.674048e+03
-7.772728e+03
-2.244538e+03
-1.271663e+03
7.548302e+03
4.123864e+03
2.736059e+03
8.932854e+03
9.833127e+03
6.607854e+02
8.119920e+03
3.668169e+03
-9.584941e+01
-5.223470e+03
5.533419e+03
-1.449676e+02
2.583151e+03
2.108858e+03
3.871663e+03
-6.966452e+02
-1.601092e+03
-1.635855e+03
2.380803e+03
-1.531311e+03
-1.176263e+03
1.256805e+03
1.230106e+03
-3.562751e+02
-1.278553e+03
-1.369453e+03
1.846564e+02
-3.070127e+03
-9.713551e+02
-1.823827e+02
-8.520491e+02
1.721848e+03
4.687410e+02
1.294448e+03
1.518357e+02
-1.746376e+03
-1.131178e+03
1.027815e+03
2.664355e+02
6.101790e+02
1.878249e+03
8.659008e+02
-3.432391e+02
-4.918876e+02
6.713864e+02
8.117686e+02
-1.083779e+03
-8.508538e+02
-8.257704e+02
-3.849039e+02
6.445238e+01
1.121521e+03
-8.032130e+02
-7.661836e+02
-1.060631e+03
5.473978e+02
1.072927e+03
2.331373e+02
9.430031e+02
6.471504e+01
-1.075277e+03
-7.263060e+02
1.397617e+02
3.911453e+02
5.761421e+02
-3.428779e+02
-7.979132e+02
-2.933594e+02
6.166721e+02
7.440379e+02
5.950729e+02
-9.191790e+01
-1.208912e+02
1.479032e+02
-2.958523e+02
3.100503e+02
2.195046e+02
-2.329433e+02
3.244323e+02
5.084775e+01
4.704366e+02
-2.212512e+02
7.626559e+01
2.563994e+02
-2.159741e+02
-2.214947e+02
-3.473591e+02
-2.787946e+02
-4.174248e+02
-3.503500e+02
2.793544e+02
9.816576e+01
2.949860e+02
-3.550547e+01
-4.429586e+01
-1.008921e+02
-3.244780e+01
-2.081440e+02
2.547793e+02
1.517104e+02
1.009723e+02
-1.293665e+02
-6.021836e+01
4.708533e+01
-1.256432e+02
2.380071e+01
-1.027072e+02
2.753998e+02
-7.085754e+01
-6.803405e+01
-7.917735e+00
4.115319e+01
-5.443748e+01
-1.870098e+02
-2.458505e+00
-3.306865e+01
1.920490e+02
-1.603548e+02
-9.221175e+01
-2.699994e+01
-4.737057e+01
2.140614e+01
2.215527e+01
2.639582e+00
-1.656899e+02
5.956254e+01
2.452948e+01
-6.952432e+01
3.025564e+01
-5.861840e+01
8.971576e+01
1.963882e+01
-3.371192e+01
7.090189e+01
-7.329675e+01
7.110184e+00
5.696371e+01
-1.235452e+01
-7.852152e+00
5.842257e+01
3.297233e+01
-1.370397e+01
2.913630e+01
2.698299e+01
-1.227948e+01
4.595370e+01
5.751854e+00
-2.842072e+01
-9.513502e+00
1.276169e+01
-3.845289e+01
1.149297e+00
3.811866e+01
1.165062e+00
-4.055701e+00
-7.438856e-01
-1.310884e-01
3.468038e-01
-5.424269e-01
3.102807e-01
-2.561299e-02
1.390460e-01
-9.935251e-02
2.512782e-01
6.332482e-02
2.922118e-01
2.812090e-01
4.854156e-02
-8.373224e-02
-2.414417e-02
-2.069094e-01
-8.101331e-03
5.266815e-02
1.797891e-01
1.982196e-01
2.512567e-02
3.836754e-02
8.363865e-02
-4.955383e-02
1.643718e-01
-1.467209e-02
-1.976971e-03
4.997141e-02
2.787049e-02
