-4.475956e-01
8.112773e-01
-2.293087e-02
5.489778e+01
2.079906e+02
-1.671519e+01
3.694851e-04
-2.982159e+05
2.537925e+04
7.659672e+05
-337111
-2.466170e+04
3.965948e+05
-3.106769e+05
2.799690e+05
-1.590726e+05
5.990058e+04
1.831047e+05
1.018236e+05
-1.101850e+05
5.564598e+04
1.040254e+04
-6.859030e+04
6.918067e+03
-4.931899e+04
-1.203045e+05
-3.249670e+04
-5.840340e+04
1.341808e+04
3.560289e+04
-1.275649e+05
-2.288131e+04
-1.305480e+04
-2.961787e+04
5.945859e+04
2.472846e+04
4.369765e+04
2.314771e+04
1.079561e+04
-1.609312e+04
3.853793e+04
-1.956730e+04
-3.562561e+03
-3.474820e+04
2.677092e+04
2.569067e+04
1.034894e+04
1.429840e+04
-3.680609e+04
-6.098095e+03
1.979841e+04
1.073087e+04
1.087477e+04
3.456808e+03
1.820029e+03
3.963611e+03
3.760490e+03
1.194269e+04
-9.204816e+03
-1.383906e+03
-1.461737e+04
4.112776e+03
3.376375e+03
-7.075924e+03
2.389798e+03
3.184352e+02
1.768534e+03
1.502456e+04
8.217029e+01
4.842080e+02
9.801957e+03
8.756354e+03
8.388019e+03
1.526531e+03
-1.978790e+03
7.438946e+02
4.610739e+03
8.255701e+01
-7.963521e+03
4.004264e+02
-4.658767e+03
1.071321e+03
-6.207098e+03
1.107059e+03
-2.331729e+03
4.390568e+03
6.322720e+02
2.794590e+03
2.839069e+03
-2.092983e+03
2.332831e+03
-4.538024e+02
5.466729e+03
1.480696e+03
2.075186e+03
2.134042e+03
5.732729e+03
6.131648e+02
-1.383844e+03
6.750530e+02
-2.284485e+03
-1.763605e+03
1.091954e+02
-1.408553e+03
1.640618e+03
-7.121976e+02
7.693465e+02
7.288414e+02
2.121332e+03
1.426277e+03
2.357370e+03
1.958238e+03
-3.684973e+02
1.994047e+02
-6.480255e+02
-6.784666e+02
-1.784769e+02
-3.209409e+02
-1.641903e+03
7.328220e+02
-2.670671e+02
5.705742e+01
4.970881e+01
1.262163e+03
4.904435e+02
-8.995681e+02
-4.120478e+01
8.742383e+02
8.437169e+02
-8.522285e+02
-3.574135e+02
-2.142197e+02
-3.475797e+02
1.850026e+02
-1.198651e+02
-1.009874e+02
6.144901e+02
1.499037e+02
-9.194655e+01
-5.991361e+01
3.000764e+02
-1.574384e+02
-3.087770e+02
6.392512e+02
-3.234066e+02
1.332334e+02
-8.762669e+01
1.259797e+02
-6.567538e+01
-3.722774e+01
3.834685e+02
-1.421127e+02
-3.131824e+02
2.535477e+02
-4.585843e+01
-1.409126e+01
-1.901368e+02
2.179204e+02
-4.380082e+02
1.019385e+02
4.358501e+02
-1.321533e+02
-8.465926e+01
2.435468e+02
-3.177938e+02
-8.383502e-01
-6.322005e+01
2.803537e+02
-5.111276e+02
-1.197029e+02
-1.583817e+02
2.154313e+02
3.312970e+02
7.130231e+01
-2.623559e+01
-1.640428e+02
-7.896842e+01
-4.854693e+01
-2.841229e+02
-1.077420e+02
2.849688e+01
-2.165209e+01
-6.783423e+01
1.763433e+01
-4.943887e+01
-5.579204e+01
2.449841e+02
1.575499e+02
-1.590176e+02
-1.062027e+01
2.248380e+01
1.004305e+02
5.113132e+01
1.279931e+01
1.224319e+02
1.460180e+00
-8.102391e+01
1.620723e+01
-7.979522e+01
-1.573975e+01
2.052775e+01
-1.206853e+02
-3.862840e+01
-3.187128e+01
-3.314134e+00
-8.733782e+00
-5.306268e-02
-2.117562e+00
1.302490e-01
-7.530000e-01
4.306505e-03
-7.423148e-01
-1.021144e+00
7.064223e-01
-6.222929e-02
-6.810377e-02
2.694702e-01
-2.864345e-01
-1.572461e-01
-2.460188e-01
5.605497e-01
2.665641e-01
-2.071997e-01
5.990834e-02
-4.430647e-02
-2.605973e-01
9.502187e-02
-1.082792e-01
-7.707108e-02
-2.620917e-01
4.126810e-02
8.185689e-02
-1.144724e-01
1.342259e-01
6.461688e-02
