-2.475931e-01
3.856247e-01
-5.050141e-02
5.518222e+01
2.090682e+02
-2.622019e+01
3.578134e-04
-1.495197e+05
1.070506e+05
-1.670837e+04
-4.501672e+05
-8.220999e+04
-1.224772e+04
-6.049493e+04
8.369042e+04
-1.747851e+05
-1.047498e+04
-7.305838e+04
1.654410e+05
-8.749222e+04
1.753269e+03
4.994811e+04
-4.605397e+04
3.729894e+04
-7.988282e+03
8.392750e+02
-6.132189e+04
-1.245241e+03
-5.856300e+03
-1.464167e+04
3.418756e+04
-6.414048e+03
-1.059992e+04
-1.645465e+04
6.125485e+03
1.004014e+04
7.335239e+03
-1.700603e+04
1.904002e+04
1.511126e+04
6.344271e+03
-2.494037e+04
-1.213688e+03
-2.829604e+04
1.389572e+03
7.842789e+03
8.139142e+03
2.719420e+03
-1.461407e+04
-2.282354e+03
3.864429e+03
2.752591e+03
7.528079e+03
3.398190e+03
1.627106e+03
8.438564e+03
3.227863e+03
7.684456e+03
-2.696411e+03
-1.431332e+03
-7.503049e+03
4.683434e+03
2.167829e+03
-3.050564e+02
-6.480170e+01
2.398381e+03
5.615056e+03
7.592128e+03
-1.040991e+03
8.405478e+00
-5.385435e+01
6.654113e+02
4.203061e+03
7.372205e+02
-5.718436e+02
-1.705217e+03
1.408934e+03
6.468847e+02
-3.545703e+03
-4.199424e+02
-2.248545e+03
8.753755e+02
-2.200395e+03
9.802830e+02
1.348064e+03
5.719968e+02
-8.403694e+02
-5.636974e+02
1.219317e+03
6.365920e+02
9.638408e+02
2.028890e+03
2.075218e+03
1.864815e+03
-6.670154e+02
1.304177e+03
2.862426e+03
-1.766553e+02
-1.712173e+02
-4.828730e+02
-1.483413e+03
-3.919305e+02
2.981506e+02
-8.940992e+02
6.553080e+02
-5.984587e+02
7.193909e+02
1.086110e+03
9.725246e+02
1.504409e+03
1.201211e+03
7.199305e+02
-7.729083e+02
9.921711e+01
3.449954e+02
-8.167932e+01
-2.151839e+02
-4.964268e+02
-5.774448e+02
4.799042e+02
1.536071e+02
8.877938e+02
-1.963014e+02
1.126335e+02
4.404796e+02
-1.888818e+02
1.347463e+02
1.317270e+02
-3.293421e+01
-6.967633e+01
-7.730441e+01
2.581045e+02
-2.199116e+02
2.790235e+02
-2.886296e+02
-3.098474e+02
2.867958e+02
-1.282510e+02
-1.337868e+02
-8.837771e+01
-4.139344e+02
5.954328e+01
9.272239e+01
1.313221e+02
-2.217854e+02
3.043361e+00
-2.834075e+01
8.785911e+00
-1.513800e+02
2.357016e+02
5.642248e+01
2.353672e+02
-5.477867e+01
2.744733e-01
5.969379e+01
-4.688414e+00
-1.666111e+02
5.423458e+01
8.638186e+01
2.885820e+01
1.951799e+01
-9.143970e+01
-1.639708e+01
-4.445047e+01
-1.698480e+02
6.156831e+01
-4.303488e+01
1.889414e+02
-1.381545e+02
-3.844734e+01
1.094870e+02
3.667090e+01
1.213494e+02
6.972329e+01
-2.406366e+01
-2.622611e+01
-6.780528e-01
1.184728e+01
-8.634260e+01
6.936231e+01
6.285901e+01
2.001446e+01
1.380364e+01
2.499650e+01
4.217113e+01
-1.394351e+01
6.645624e+01
1.105073e+02
-9.300765e+01
-8.410208e+00
4.310248e+01
6.591933e+01
9.890507e+00
-7.087607e+01
9.289595e+00
5.108320e+00
-2.722655e+01
2.201655e+01
-1.895300e+01
1.234866e+01
9.365681e+00
-6.152384e+01
2.939259e+01
5.896448e-01
-6.356800e+00
1.202366e+01
-2.081246e+00
-7.742789e-01
-8.294725e-01
2.946323e-01
1.327995e-01
-2.996814e-02
-2.710842e-01
-3.463651e-01
-2.339430e-01
-3.478768e-02
3.403010e-01
3.666818e-01
-2.923194e-02
-1.245171e-01
3.056934e-01
-1.285374e-01
-5.589285e-02
1.171471e-01
4.365453e-02
2.192923e-01
-1.471792e-02
3.728668e-02
8.764802e-02
-1.887599e-01
1.266333e-01
1.730712e-02
4.499134e-02
4.894247e-02
2.519975e-02
