5.462650e-02
4.079573e-01
-4.806765e-02
4.124445e+01
1.715954e+02
-2.753477e+01
3.489432e-04
-9.762151e+04
-2.740107e+05
9.626980e+04
-1.886342e+05
-1.427959e+05
-2.906603e+05
2.310541e+05
-1.121811e+05
-2.571802e+05
-5.431817e+04
-1.362098e+05
1.657417e+05
-1.740286e+04
1.111684e+04
-1.474901e+04
-6.898359e+04
6.811794e+04
1.241830e+04
3.287568e+04
-1.625558e+04
3.633793e+04
-1.897604e+04
-5.704310e+03
-1.344891e+04
2.842635e+04
-6.116501e+04
-6.334389e+04
-1.186625e+04
1.180620e+03
2.087623e+04
-2.428814e+04
3.865124e+04
-9.303698e+03
-2.119271e+03
-9.639133e+03
-1.552238e+04
-1.997117e+04
1.141221e+04
-2.636478e+02
-1.124145e+03
3.526365e+03
-1.537419e+04
-2.164141e+03
4.592699e+03
3.392199e+03
1.837286e+03
-1.652306e+04
-6.275936e+03
8.614057e+03
4.436896e+03
1.168311e+04
7.458960e+03
-1.159394e+04
-4.048054e+03
2.677495e+03
-4.805389e+03
-5.738426e+02
-2.320698e+03
6.268467e+03
2.107831e+03
3.403340e+03
-6.321567e+03
3.071708e+03
-4.209935e+03
-2.405722e+03
5.540249e+02
1.500459e+03
7.544298e+02
1.558832e+03
1.120658e+03
-4.063618e+02
-5.111262e+03
1.124632e+03
-2.450103e+03
9.525126e+02
4.758452e+02
3.318395e+03
2.909469e+03
1.133226e+03
-2.754717e+03
-2.087948e+03
1.021083e+03
-4.293833e+02
-1.027844e+03
2.145420e+03
1.967225e+03
2.409005e+03
-2.036539e+03
4.590335e+01
1.613341e+03
-2.349721e+02
7.559100e+02
-4.292081e+02
-6.644785e+02
2.709783e+01
2.840022e+02
-2.131245e+03
3.154063e+02
-6.723284e+02
2.062034e+03
8.026838e+02
7.447643e+02
1.993414e+03
-3.774097e+02
1.096314e+03
-3.463162e+02
1.255171e+03
7.143246e+02
6.038323e+02
1.705765e+02
-9.815026e+02
2.465196e+02
2.994497e+02
6.465083e+02
5.483146e+02
-3.323660e+02
-6.396243e+01
8.525412e+02
-4.859303e+02
-1.537220e+01
1.819008e+02
-4.548509e+02
-2.947265e+02
2.365717e+02
4.780981e+02
9.511013e+01
1.544423e+02
-4.562112e+02
4.126606e+01
4.197334e+02
-5.287109e+02
-3.886245e+01
8.227345e+01
-4.956915e+02
6.223219e+02
-1.844689e+01
2.979210e+02
-2.265504e+02
-1.436971e+02
2.241142e+02
-2.929362e+02
3.295556e+00
4.579538e+02
1.454244e+01
2.505992e+02
2.484815e+02
-7.538357e+01
-1.520421e+02
-5.727687e+01
2.713124e+00
1.956514e+02
1.189357e+02
-4.824640e+02
8.814508e+01
1.638672e+02
1.842214e+02
-8.537407e+01
-1.299260e+02
-2.658185e+01
3.354972e+01
1.276574e+02
-3.585072e+01
1.613838e+02
1.872823e+02
-3.379527e+01
2.494055e+01
1.595900e+02
4.872522e+01
-1.622225e+02
-3.587809e+01
-3.956647e+01
5.268356e-01
8.057047e+01
-8.671617e+01
1.311878e+02
-1.545237e+00
-5.095902e+01
1.202727e+02
-1.200010e+01
1.186263e+02
-4.868078e+00
-5.662455e+01
7.540720e+01
2.430730e+01
1.316146e+01
-1.212438e+02
2.880343e+01
-3.452037e+01
8.269220e+01
1.688703e+01
-2.379156e+01
6.978282e+00
2.498070e+01
-3.235964e+01
-7.890182e+01
1.726821e+01
1.548102e+01
3.683242e+01
4.772221e+01
-2.635941e+00
3.238372e+00
-9.681659e-01
5.906119e-01
4.147672e-01
-3.147899e-01
1.015985e-01
-8.555571e-01
1.036985e-01
-7.976763e-01
2.920417e-01
-2.470082e-01
-2.337734e-01
-5.259574e-03
-8.093220e-02
-1.211289e-01
-1.295958e-02
-2.556811e-03
-3.815824e-02
1.061586e-01
-3.728481e-02
2.381017e-01
1.723854e-01
-9.553281e-02
1.592246e-01
6.474006e-03
5.186177e-02
-6.612938e-02
-9.197830e-02
