-1.624989e-01
1.216925e+00
7.378498e-02
5.233778e+01
1.874174e+02
-1.311896e+01
3.308892e-04
-1.343792e+05
-5.316452e+05
-1.192358e+05
-5.055022e+04
1.388347e+05
1.506856e+05
7.276431e+04
-2.660657e+05
-3.039827e+05
-1.420276e+05
8.225134e+04
1.516221e+05
7.720069e+04
3.198145e+04
7.198249e+04
-6.824395e+04
1.013669e+05
5.663551e+04
6.337974e+04
2.316226e+03
7.587303e+04
-8.974534e+03
3.913853e+04
-2.996498e+04
5.384019e+04
-6.733920e+04
-3.595298e+04
5.468554e+03
1.709104e+04
7.967668e+03
-4.260134e+04
4.194537e+04
1.236414e+04
1.093473e+04
-2.695210e+04
-1.938765e+04
-1.989317e+03
9.840696e+03
5.494200e+02
-5.915894e+03
6.649457e+03
-9.223027e+03
1.930770e+03
1.345858e+01
3.973840e+03
1.368321e+04
-2.079521e+04
5.186710e+03
1.166497e+04
6.255693e+03
7.535457e+03
2.366125e+03
-4.428269e+02
-6.483807e+03
2.582140e+03
-1.695395e+03
-2.655417e+03
-1.115201e+03
2.834474e+03
4.914003e+03
1.075614e+04
-6.865289e+03
8.428525e+02
-5.263095e+03
-8.251963e+02
2.751763e+03
3.217873e+03
7.334067e+02
-1.401197e+03
2.607311e+03
-2.431406e+03
-1.815778e+03
1.628717e+03
-3.241231e+03
1.404835e+03
-1.957004e+03
3.116435e+03
2.019464e+03
1.026227e+03
-1.142643e+03
4.120119e+01
8.211536e+02
-1.680168e+03
5.494789e+02
3.822870e+03
2.299891e+03
1.271439e+03
-1.162433e+03
-1.001610e+00
1.088106e+03
5.638486e+02
1.085546e+03
-6.290243e+02
-9.551021e+02
-5.502616e+02
5.518430e+02
-1.688878e+03
1.026444e+03
-3.028146e+02
1.406068e+03
5.245587e+02
1.032073e+03
1.736841e+03
-2.813994e+02
1.046557e+03
-2.805680e+02
4.376472e+02
5.775451e+02
5.143273e+02
4.342613e+02
-8.755831e+02
-2.207171e+02
7.317117e+02
9.221614e+02
7.312308e+02
-1.405221e+02
-2.786401e+02
2.505505e+02
-6.390498e+02
-1.236893e+02
4.843796e+01
2.831812e+02
-6.701308e+02
-1.743854e+01
2.062004e+02
-4.246915e+02
-8.901646e+01
-6.678336e+02
-1.589589e+02
1.267734e+02
-3.332023e+02
-1.879282e+02
-2.726750e+02
-3.884571e+02
2.918215e+02
6.558591e+01
2.901298e+02
-3.862794e+02
-4.492252e+01
3.794498e+02
-7.863397e+01
1.871369e+01
4.200956e+02
1.483292e+02
1.162735e+02
1.986088e+02
-1.338447e+02
-2.047234e+01
1.596776e+02
-1.389405e+02
-7.548689e-01
6.944679e+01
-2.952153e+02
-2.477024e+01
-5.278721e+01
2.060359e+02
-8.114215e+01
-2.120155e+02
5.147935e+01
1.415655e+02
1.578483e+02
4.681423e+00
1.232554e+02
2.697550e+02
-3.177768e+01
7.362294e+01
-6.373795e+01
1.127449e+01
-5.554549e+01
-1.022797e+02
-4.878123e+01
-2.523737e+01
1.416381e+02
8.397417e+01
1.696143e+02
-4.775262e+01
-4.506876e+01
7.578436e+01
5.053051e+01
1.508322e+02
2.914520e+01
-9.117338e+01
8.572288e+01
3.242055e+01
4.922665e+01
-5.270248e+01
4.068886e+01
-3.045014e+01
8.407378e+01
-2.456011e+01
-5.453601e+01
-4.813704e+01
-1.466133e+01
-4.145635e+01
-8.702320e+01
-1.898852e+01
-2.137682e+01
4.688804e+01
2.839638e+01
-3.829194e+00
3.506315e+00
-1.079930e+00
1.441940e+00
5.698372e-02
-5.021889e-01
-3.206567e-01
-7.528648e-01
-1.587269e-01
-6.643295e-01
6.272285e-02
-1.556898e-01
1.532297e-01
2.753270e-03
2.240924e-01
-1.454899e-01
4.323101e-02
-8.986153e-02
-8.212611e-02
1.982532e-01
1.387723e-01
1.517459e-01
1.344219e-01
-1.041771e-01
2.337784e-01
7.967431e-02
-1.189016e-01
-9.197345e-02
-1.171668e-01
