-5.690340e-01
1.201905e+00
-9.829602e-02
5.461333e+01
1.967874e+02
-1.067435e+01
3.462198e-04
-2.663491e+05
-5.367272e+05
1.877968e+05
3.438083e+05
4.675050e+05
2.402143e+05
-1.948261e+05
4.761482e+04
-1.405485e+05
-1.410913e+04
9.145361e+03
8.281707e+04
3.900779e+04
-8.339217e+04
-4.659624e+04
3.551294e+04
2.057562e+04
3.354960e+03
-9.057576e+04
3.112747e+04
5.946549e+04
3.678912e+04
5.769868e+04
-9.591234e+04
5.256027e+03
1.500708e+04
-3.208828e+04
4.323040e+04
-3.687708e+03
1.743176e+04
1.256966e+04
-3.621930e+04
1.346349e+04
-1.817973e+03
-2.152073e+04
-1.729044e+04
-2.553867e+03
3.291653e+04
1.411276e+04
-1.224714e+04
1.874031e+04
-1.083511e+04
-2.253938e+03
1.396213e+04
-9.111248e+03
1.542025e+04
-7.387837e+03
-6.970370e+03
3.537005e+03
-2.699874e+03
8.593806e+03
-5.347206e+03
-5.609691e+03
-2.160296e+03
7.725789e+03
-1.688208e+03
-1.841335e+03
-1.823930e+03
4.804770e+03
3.461820e+03
1.535436e+04
-1.048249e+04
-1.797761e+02
3.772617e+03
5.136342e+03
8.506453e+02
-5.441489e+02
-3.165203e+03
2.969411e+02
3.894869e+03
-4.001598e+02
-2.556133e+03
-5.263044e+02
-4.402369e+03
-4.513751e+02
-2.966560e+03
1.763165e+03
2.706949e+03
2.159580e+03
-4.695698e+02
-2.475000e+02
-2.767605e+01
-2.372229e+03
1.365086e+03
-5.404418e+02
4.078167e+03
1.470807e+03
-1.987679e+01
8.042128e+02
1.951997e+03
8.927565e+02
-3.283294e+01
8.471712e+02
-6.718865e+02
-1.786518e+03
-1.238541e+02
-2.056042e+03
1.173474e+03
1.079976e+02
8.492762e+02
-1.681343e+01
1.714054e+03
1.357343e+03
1.021129e+02
2.316589e+03
-4.144764e+02
8.937476e+02
-1.466454e+02
-5.945382e+02
-4.474724e+02
-3.827993e+02
-5.553992e+02
4.076831e+02
1.084594e+02
5.984292e+01
-9.291796e+02
5.904050e+02
7.920343e+02
-6.352629e+02
-6.303341e+01
1.802091e+02
1.596868e+02
-3.040424e+02
1.752233e+02
-1.395857e+00
-2.142764e+02
-9.543295e+01
-2.797110e+02
-2.815949e+02
6.971708e+02
-5.190522e+01
-5.383378e+01
2.731768e+02
1.084064e+02
-1.937590e+02
-6.354483e+01
2.552454e+01
-3.097683e+02
2.972957e+02
2.526072e+02
8.035789e+01
8.210987e+01
2.281386e+02
3.000933e+02
-4.184384e+01
1.234556e+02
1.713320e+02
-2.415357e+02
7.762051e+01
-5.610479e+01
2.563036e+02
-3.166588e+02
-1.986227e+02
2.431464e+02
-1.784046e+02
1.734565e+02
-4.640316e+01
-8.045297e+00
-1.287268e+01
1.309477e+02
6.773193e+01
-1.356761e+02
2.330063e+02
6.757103e+01
1.091880e+02
1.396020e+02
-1.494808e+00
-1.112307e+02
7.567930e+00
-3.904333e+01
-1.543707e+01
-3.148199e+01
-1.345478e+02
1.202817e+02
2.342508e+01
-6.869155e+01
3.699824e+01
2.619145e+01
2.341148e+01
2.384822e+02
4.012462e+00
-1.117969e+02
7.864165e+00
-7.326850e+00
6.786585e+01
-7.001981e+00
5.403882e+01
-6.726489e+00
1.012248e+01
-1.079598e+02
-8.188540e+01
-4.420287e+01
7.555157e+01
2.768481e+01
-1.097870e+02
-3.693168e+01
-6.334900e+01
6.317775e+01
3.280350e+01
-2.110943e+00
1.327469e+00
-1.436606e+00
3.166597e-02
-4.057291e-01
-5.468773e-01
-9.853336e-01
-6.814840e-02
1.431196e-02
-4.413319e-01
-1.197318e-01
-9.722723e-01
1.410166e-01
-1.929926e-01
4.837723e-01
1.156032e-01
-1.369006e-01
1.117092e-01
7.947046e-03
-3.074490e-01
2.847802e-01
-9.400661e-02
-8.355746e-02
-3.379686e-01
-1.150428e-01
-1.749586e-02
-4.184403e-02
-1.995563e-01
6.033592e-02
