-1.070985e-01
6.462249e-01
-1.607544e-02
4.750222e+01
1.769801e+02
-2.035828e+01
3.379588e-04
5.109283e+04
-7.696311e+04
2.540592e+05
3.740748e+05
4.535941e+04
1.058889e+05
-7.818119e+04
1.393511e+05
2.005571e+05
3.831430e+04
-2.660321e+04
7.173984e+04
-2.662155e+04
-8.176809e+04
3.272804e+03
5.006355e+04
-7.057991e+04
1.496759e+04
-2.151746e+04
-1.266301e+04
-1.505287e+04
-1.438158e+04
2.047603e+04
-3.356044e+04
-1.767441e+03
-2.198235e+04
-1.208723e+04
-3.602416e+03
4.975607e+02
-7.571030e+02
8.885212e+02
1.365007e+04
-1.141750e+04
-2.353575e+04
2.447091e+04
-1.016918e+04
-5.217472e+03
2.393156e+04
-1.426619e+04
-1.012045e+04
6.521548e+03
-8.013316e+03
-2.013205e+03
-1.461637e+03
6.671445e+01
-9.792057e+02
4.897288e+03
-6.800923e+03
-1.824673e+03
-4.145083e+03
4.434048e+03
-2.792884e+03
-9.183303e+03
6.530511e+02
-3.941101e+03
2.358871e+00
-3.111438e+03
-1.056396e+02
2.283840e+03
1.168548e+03
-4.637198e+03
-3.169175e+03
2.231050e+03
5.534780e+03
-1.622879e+03
-1.118887e+03
-2.919227e+02
-1.413719e+03
4.084065e+03
1.224149e+03
2.350884e+03
-3.231881e+03
-1.040238e+03
-4.582493e+02
-4.502174e+02
1.825749e+03
2.131851e+02
9.551030e+02
-8.115532e+00
-2.722225e+03
7.941001e+02
4.960859e+02
2.021723e+02
-2.064439e+03
-5.384626e+02
2.317259e+03
2.924525e+02
-8.307871e+02
1.071099e+03
7.395132e+02
3.732156e+02
-2.281853e+02
1.297069e+03
-1.001544e+03
6.076786e+02
-5.674919e+02
-5.358888e+02
5.834118e+01
4.981313e+02
-2.087441e+01
-3.875215e+02
3.978193e+02
4.431431e+02
1.191286e+01
7.357975e+02
-4.363104e+02
5.825073e+02
-6.552031e+02
-4.602707e+02
2.738327e+02
4.331864e+01
-1.100298e+02
2.412959e+02
-7.430926e+02
-6.387417e+02
-4.308207e+02
3.408172e+02
-2.246845e+01
-1.054224e+02
2.484291e+02
4.685056e+02
-7.583740e+01
1.760251e+02
3.743906e+02
3.035023e+02
6.363680e+02
3.529632e+02
-2.709015e+01
9.095143e+01
5.141298e+02
-1.222472e-01
1.238613e+02
2.080180e+02
1.376933e+02
-1.757479e+01
-2.929132e+01
1.829493e+02
2.833475e+01
2.199667e+01
-2.387799e+02
-2.083203e+02
3.177292e+02
1.518190e+01
-1.761808e+02
-6.008537e+01
2.044445e+02
2.983916e+01
-3.877301e+02
-1.737038e+02
3.571659e+02
5.996983e+01
-1.859691e+02
-8.979181e+01
2.364250e+02
1.314614e+02
-3.127566e+01
7.689850e+01
1.179077e+02
-1.166927e+02
-5.073641e+01
5.868372e+01
-4.118272e+01
9.641415e+01
5.131357e+01
8.270419e+01
-6.845080e+00
-1.113408e+01
6.342985e+01
-7.185140e+01
1.475271e+01
-6.716944e+01
-1.296353e+02
5.371342e+01
-3.196414e+00
8.719971e+00
4.725487e+01
-5.707745e+01
3.322013e+00
-8.252558e+01
4.339653e+00
-7.564298e+01
3.597782e+01
-7.045609e+00
4.014790e+01
-1.259178e+01
-2.664200e+01
-9.744648e+00
9.396674e+01
-7.155751e+00
-2.543220e+01
-4.525230e+00
-1.124036e+01
-1.142018e+01
9.113965e+00
4.137232e+00
3.415114e+01
1.573699e+01
2.736379e+01
1.744850e+01
1.273026e+00
-2.893603e-01
-8.193744e-01
6.710374e-01
1.087516e-01
5.572136e-03
9.880115e-02
2.598184e-02
-1.872815e-02
-2.519307e-02
-7.382516e-01
-4.881459e-01
1.940602e-01
1.221654e-01
-3.368068e-01
1.121811e-01
-6.558619e-04
-1.259776e-02
-4.220993e-02
-4.850882e-01
-2.400357e-02
4.813745e-02
-1.668922e-01
7.470636e-03
-2.177277e-01
2.929848e-02
2.015041e-02
-5.081038e-02
-2.154954e-03
