-4.476700e-02
-5.465081e-01
3.369295e-02
4.465778e+01
1.806944e+02
-2.342847e+01
3.257312e-04
-1.908708e+05
2.723234e+05
1.166768e+05
-4.211834e+05
7.951846e+03
-5.359628e+04
6.201345e+04
4.118274e+03
-1.809814e+05
-1.491718e+04
-1.177996e+05
8.464402e+04
1.256145e+04
3.332141e+04
2.778372e+04
-2.521794e+04
5.783853e+04
-1.029810e+04
2.231304e+04
-1.826847e+04
-7.596198e+03
-2.108866e+04
-4.355438e+04
-8.301771e+03
-1.622847e+04
-1.148116e+04
3.317252e+03
-3.173776e+04
-2.738026e+04
-1.528534e+04
-7.786285e+03
1.800885e+04
3.984240e+02
1.352517e+03
-1.311424e+04
8.671241e+03
-1.315175e+04
-2.535579e+02
-2.568879e+03
2.616272e+04
5.350936e+03
-1.191911e+04
-2.636451e+03
4.378545e+03
-9.425990e+02
3.759214e+03
-4.520180e+02
-2.287627e+03
-3.048927e+03
3.423848e+03
5.347725e+03
3.634436e+03
-2.772369e+03
-4.231077e+03
2.098689e+03
-3.112402e+02
2.517383e+03
-5.823734e+02
1.480457e+03
9.771060e+02
5.778854e+03
9.448016e+02
3.123691e+03
-6.839867e+02
2.534588e+03
4.727004e+03
6.946835e+02
-1.127634e+03
-2.803869e+03
-4.187375e+02
-1.005843e+03
-4.525187e+03
-2.598319e+01
5.003397e+00
-1.326442e+03
1.896891e+02
1.134153e+03
9.720450e+02
1.092469e+03
-1.644590e+03
7.764437e+02
-6.464889e+02
2.169477e+03
2.411704e+02
9.135297e+02
4.661675e+02
4.549004e+02
-2.832987e+01
1.295794e+02
2.145796e+03
-4.814321e+02
-2.904640e+02
-1.017932e+02
-3.311537e+02
-3.709058e+01
2.232827e+02
-4.775262e+02
-2.148665e+02
-7.985606e+02
1.274046e+02
1.568374e+03
1.374257e+03
1.194944e+03
1.308185e+03
-6.589715e+02
-1.957655e+02
-4.058492e+02
4.275251e+02
2.831665e+02
-4.409014e+01
-4.721211e+02
-8.818744e+02
7.206725e+02
3.858160e+02
1.076068e+03
1.624801e+00
-6.051982e+01
7.470182e+01
-1.642879e+02
4.535432e+01
4.714760e+01
-2.510411e+02
-6.658342e+01
-3.651060e+00
2.345771e+02
-4.914622e+02
-6.867953e+01
-8.328035e+01
-3.618136e+02
-8.067149e+01
-1.955206e+02
1.918571e+01
-2.304110e+02
-2.146467e+02
2.550752e+01
4.041017e+01
3.708813e+02
-6.289565e+01
1.948383e+01
-1.456187e+02
-1.017097e+02
-1.885702e+02
1.884014e+02
1.753945e+02
2.950563e+02
-4.288677e+02
-1.926517e+02
6.656386e+01
-2.889211e+01
-1.046572e+02
4.147818e+01
1.487551e+02
-5.996544e+01
5.308704e+01
6.282008e+00
-1.231439e+02
-1.500539e+02
-2.826993e+02
-2.853765e+01
-3.072567e+01
1.947467e+02
-2.359800e+02
-1.203230e+02
5.759327e+01
7.443436e+01
9.946623e+01
1.467050e+02
-1.960650e+01
-9.624425e+01
1.153298e+02
2.628784e+01
-8.591201e+01
4.524951e+01
6.609879e+01
2.896173e+01
-2.727851e+01
-4.890849e+01
3.262725e+01
-2.360852e+01
7.220562e-03
7.734753e+01
-1.146113e+02
-4.599523e+01
6.112909e+01
3.550447e+01
-2.471656e+00
-4.264318e+01
7.546025e+00
-1.704092e+01
6.259118e+00
5.040376e+01
-3.208192e+01
-8.939395e+00
1.790926e+01
-3.345660e+01
3.483323e+01
-7.151622e+00
-3.203880e+00
1.459444e+01
-1.493097e+00
-1.241795e+00
3.869225e-01
-4.155467e-01
6.258134e-02
-2.998720e-02
-4.584831e-04
-2.835501e-03
1.054294e-01
9.878799e-02
1.024385e+00
3.528148e-01
2.794813e-01
-1.606468e-01
2.692517e-01
5.893222e-02
-3.422134e-02
-7.062118e-02
-5.228183e-02
2.940436e-01
-1.505776e-01
1.329826e-01
-6.604943e-02
-1.699821e-01
2.765024e-01
5.868100e-02
-1.810373e-02
1.582174e-01
-3.778470e-02
