1.038762e-01
-1.328807e+00
-5.507585e-03
5.176889e+01
1.689798e+02
-1.542127e+01
3.418867e-04
-1.639403e+05
-3.582181e+04
2.017156e+04
-3.768472e+05
-9.700024e+04
3.631291e+04
-8.162409e+04
3.503671e+04
-2.537718e+05
-5.174946e+04
-7.229132e+04
1.209585e+05
-9.230472e+03
-4.090012e+04
6.379556e+04
-1.833950e+04
7.967384e+04
3.652365e+04
2.467061e+04
-5.861113e+03
-5.110690e+04
-3.334082e+04
-3.883503e+04
5.136630e+03
-2.169278e+04
-3.202773e+04
-3.546881e+04
-3.234658e+03
-2.494939e+04
-2.036489e+04
-1.450870e+04
1.748283e+04
-2.241349e+03
1.310193e+04
-3.035050e+04
9.146047e+03
-4.323181e+03
-2.769546e+03
-1.990171e+03
1.441027e+04
4.087149e+03
-1.259295e+04
4.927010e+03
1.299218e+03
-9.372327e+03
3.105550e+03
-1.098351e+04
9.309953e+02
-9.560448e+03
-2.000761e+03
1.319257e+03
4.652062e+03
-9.762610e+03
-1.638336e+03
-3.646250e+03
-2.938448e+03
-9.939492e+02
-4.043136e+03
7.917446e+03
1.752310e+03
5.775830e+03
-6.557251e+03
-1.069822e+03
3.170576e+02
2.652745e+03
4.465909e+03
3.247523e+03
3.363165e+03
1.961261e+03
1.153231e+03
3.724195e+02
-4.773373e+03
1.750749e+02
-1.041014e+03
-1.996035e+03
-7.252286e+02
3.174338e+03
2.348618e+03
2.015574e+03
-2.936860e+03
-1.616552e+03
-5.308104e+02
1.677417e+03
-8.074127e+02
9.012192e+02
4.625075e+02
1.439743e+03
-1.870668e+03
-3.167400e+02
1.714565e+03
8.948969e+01
5.824913e+02
-1.621781e+02
-1.003644e+03
-4.982012e+02
1.101408e+03
5.427703e+02
2.530394e+02
-6.297883e+02
7.348476e+02
2.871602e+02
9.855599e+02
1.475431e+03
-2.516503e+01
4.687532e+02
-1.644723e+02
3.760879e+01
2.074443e+02
4.055801e+02
-3.502100e+02
-4.147988e+02
-4.895984e+02
8.090570e+02
1.101113e+02
4.622316e+02
-4.171523e+02
-2.626744e+02
-2.507972e+02
-1.756801e+02
-1.517455e+02
3.650726e+02
-4.051454e+02
-5.579739e+02
-4.353940e+00
2.540140e+02
2.229435e+02
1.926733e+02
-1.723724e+02
-1.863517e+02
-2.438517e+01
-4.547122e+02
1.799396e+02
-1.121761e+02
-2.726397e+02
2.628834e+02
2.372001e+01
2.268502e+02
-1.173162e+02
-9.482729e+01
1.580641e+02
-1.805943e+02
3.775735e+01
3.167369e+02
1.163948e+02
1.145832e+02
-4.289329e+01
-1.155302e+02
-1.348018e+02
-7.308704e+01
-9.695135e+01
2.860014e+01
8.420207e+01
-1.194820e+02
1.147251e+02
6.450566e+01
-4.185402e+01
-7.935925e+01
-1.404137e+02
-6.701310e+01
-5.029136e+01
3.765768e+01
-6.075917e+01
-3.032570e+01
4.742403e+01
1.567192e+02
1.002841e+02
9.225849e+01
-1.349781e+01
-1.070558e+02
5.168098e+01
6.284578e+01
-2.446350e+01
1.118074e+02
1.386699e+02
-1.692073e+01
-6.162281e+01
-1.785287e+01
4.490816e+01
1.430198e+01
8.783488e+01
7.361360e+01
-5.686126e+01
2.119750e+01
8.051511e+00
2.926033e+01
-5.493715e+01
5.221712e+00
3.280883e+01
2.331626e+01
-6.584361e+01
1.383319e+01
-4.877984e+01
2.776550e+01
3.815811e+00
-6.957388e+01
4.979015e+01
-7.476127e+01
2.600334e+01
4.202598e+00
-2.541565e+00
2.751168e-01
-2.394140e-01
-3.030747e-01
2.750691e-02
-3.721504e-01
-6.921088e-02
-6.444380e-02
9.750784e-02
-2.010344e-01
7.127829e-01
-1.338471e-01
1.826638e-01
1.166637e-01
1.137694e-01
-4.834717e-02
4.867562e-02
5.868668e-02
-1.707239e-02
1.284972e-01
-5.177457e-04
1.054091e-01
-6.816339e-02
-6.260095e-02
2.643284e-01
6.762840e-02
1.328182e-02
4.162701e-02
-2.631016e-02
