-7.120020e-01
1.540590e+00
-1.001669e+00
5.461333e+01
1.686196e+02
-1.172681e+01
3.552602e-04
-4.962547e+04
1.333135e+05
-1.006349e+05
-4.348074e+05
-1.214862e+05
1.468435e+04
6.257887e+04
-5.598072e+04
-9.269543e+04
-4.263270e+04
-3.765631e+04
1.473005e+05
-4.237782e+04
-2.061727e+04
8.276793e+03
-1.540644e+04
-5.100034e+02
5.619488e+03
3.783650e+04
-3.270907e+04
3.902386e+04
-2.312107e+03
-6.338052e+04
2.207508e+04
-3.805877e+04
-7.249819e+03
-9.240488e+03
-4.370042e+04
-3.229615e+04
-2.711824e+04
-1.869657e+04
1.444673e+04
1.274971e+04
-1.475680e+04
-2.800556e+04
1.833987e+04
-1.575269e+04
1.715028e+04
-2.230060e+03
1.027261e+04
1.252073e+04
-2.079991e+04
2.236091e+02
-4.992058e+03
-2.426530e+03
2.910073e+03
-2.530210e+03
2.522775e+03
4.714056e+03
-4.438350e+03
8.009786e+03
4.603067e+03
1.816638e+03
-5.471221e+03
5.378585e+03
-4.378098e+03
6.750963e+02
-2.155842e+03
2.045996e+03
3.149824e+03
6.678198e+03
-1.954514e+01
-1.257962e+03
-3.545399e+02
3.807019e+01
3.979894e+03
1.760203e+03
-1.381811e+02
-1.672454e+03
-1.236648e+03
-1.034677e+03
-4.515840e+03
7.685976e+02
3.317996e+02
-5.124725e+02
9.977175e+02
3.726720e+01
6.849415e+02
-4.901652e+02
-8.358226e+02
-1.149042e+03
-1.408043e+03
3.047830e+03
-4.461244e+02
3.310938e+03
1.378661e+03
3.708820e+02
1.631513e+02
1.284587e+02
2.392562e+03
-2.374145e+03
9.704855e+02
2.665139e+02
-8.720844e+02
2.823264e+02
3.881971e+02
-1.402111e+03
5.304979e+02
-1.175252e+03
3.462986e+02
1.980932e+03
1.512909e+03
9.412902e+02
1.535884e+03
-3.861750e+02
-1.583794e+02
-8.605427e+02
4.790758e+02
3.829830e+02
-2.567888e+02
-3.829833e+02
-3.104995e+02
6.287532e+02
5.063007e+02
1.362856e+03
-1.002494e+02
5.200092e+01
2.526423e+01
-5.067476e+01
5.875703e+02
2.907854e+02
-4.953899e+02
-4.190834e+01
-2.105115e+02
-8.074940e+00
-6.305196e+02
-1.704310e+02
-4.334420e+01
-5.665153e+02
2.342174e+02
-3.949497e+02
1.662465e+02
1.133333e+02
-2.129672e+02
3.612501e+02
-5.397614e+01
2.203161e+02
-1.008337e+02
-9.297584e+01
-1.088215e+02
-3.250182e+02
-2.911577e+02
2.751461e+02
1.006279e+02
3.973810e+02
-3.353681e+02
-2.756533e+02
-9.385433e+01
-1.835658e+02
1.130095e+00
-2.437671e+02
2.299884e+02
-1.844838e+02
7.781191e+00
5.734988e+01
-2.067018e+02
-1.919644e+02
-2.497925e+02
7.729395e+01
8.507780e+01
2.505446e+02
-2.929983e+02
-7.686990e+01
5.858365e+01
1.111559e+02
1.305861e+02
1.607434e+02
-7.175434e+01
-8.557645e+01
9.024374e+01
2.799229e+01
-8.768793e+01
5.736388e+01
1.376679e+02
2.131468e+01
-4.576104e+00
-2.403806e+01
6.223061e+01
-2.101524e+01
2.655445e+01
1.079379e+02
-6.920441e+01
-1.820555e+01
6.534057e+01
5.314458e+01
-4.356872e+01
-9.057220e+01
1.577810e+01
8.675495e+00
-4.615772e+00
4.705171e+00
-5.775980e+01
-1.844504e+01
9.683113e+00
-3.066496e+01
7.419881e+01
1.855215e+01
-6.678417e+00
1.612112e+01
-1.642760e+00
-1.383603e+00
-2.925158e-01
4.710483e-01
-1.146928e-01
3.192913e-01
5.104781e-01
1.765740e-01
1.311553e-01
1.079466e-01
8.206985e-01
2.782591e-01
-5.906914e-02
-4.948615e-03
2.124158e-01
-3.192084e-01
-2.148130e-02
5.406445e-02
5.865215e-02
2.201784e-01
4.315279e-02
1.799171e-01
-1.330343e-01
-1.297831e-01
3.759141e-01
4.347562e-03
-2.258364e-02
9.640215e-02
-5.798378e-02
