4.655030e-02
-2.546777e-01
-2.364099e-01
3.896889e+01
1.661185e+02
-2.745276e+01
3.420060e-04
7.518678e+04
9.280126e+03
-1.599920e+05
2.381433e+05
7.378962e+04
-1.992371e+05
2.592221e+05
-1.377670e+05
-7.051087e+04
-5.981559e+04
-5.359805e+04
1.549757e+04
-8.100941e+04
3.149285e+04
-3.177338e+04
2.376642e+03
3.149912e+04
4.289146e+04
5.664030e+04
-3.023242e+04
6.623482e+04
-4.706665e+04
-9.525281e+03
2.059660e+04
4.921154e+04
-1.163763e+04
-3.211631e+04
-6.757388e+03
-3.003155e+04
-1.177338e+04
-4.529859e+03
2.333331e+04
-1.992459e+04
-1.043677e+04
7.916170e+03
-3.429346e+03
-1.012985e+04
1.133893e+04
-1.312501e+04
-1.527840e+03
5.176043e+03
9.301984e+03
-6.926761e+03
-4.299042e+03
1.341025e+04
4.175688e+03
-2.258669e+02
-8.441594e+03
4.576041e+03
-1.921262e+03
1.094757e+04
-6.904390e+02
-9.181234e+03
-1.342383e+03
-2.762791e+03
-2.680602e+03
-6.205050e+02
1.109055e+03
3.173442e+03
1.179057e+03
-6.537711e+03
-7.065630e+02
4.309464e+03
4.170955e+02
-2.636568e+03
-4.783132e+02
3.316571e+03
-3.380283e+02
1.080787e+03
5.218835e+02
7.143126e+01
-4.976541e+03
-6.849466e+02
1.992875e+02
1.717277e+03
1.430579e+03
2.745924e+03
3.505272e+03
9.332565e+02
-3.920876e+03
-4.772782e+02
-9.463669e+02
5.452366e+02
-9.263317e+02
5.630261e+02
-8.530491e+01
7.368643e+02
-1.337049e+03
8.220679e+02
3.039735e+02
1.911816e+03
-5.502360e+01
-2.553392e+02
-5.191459e+02
6.566161e+01
3.645801e+02
2.724582e+02
-2.957040e+02
-3.742373e+02
5.576428e+02
4.634558e+02
-4.492051e+02
1.510243e+03
-7.775488e+02
-6.266506e+01
-3.685893e+02
4.275042e+02
2.923968e+02
1.642933e+02
3.103095e+02
-2.655341e+02
1.428589e+02
4.198602e+02
4.161786e+02
6.545501e+02
-2.989298e+02
1.792106e+02
-1.014200e+02
1.006650e+00
-1.453672e+02
-1.015707e+01
1.833135e+02
3.854659e+02
4.683732e+02
4.152870e+02
7.338966e+01
1.924013e+02
5.836564e+01
1.786660e+02
-4.313210e+01
-2.047840e+02
3.112606e+01
-1.346993e+02
-2.164014e+02
7.469828e+01
9.524874e+00
1.127450e+02
1.031638e+02
1.556014e+02
-1.514437e+02
3.948755e+01
1.030092e+02
2.204800e+02
-6.248554e+01
1.153746e+02
9.210691e+01
-1.035820e+02
-1.079833e+02
-6.697273e+00
1.886098e+02
-9.358586e+01
1.975910e+02
-2.010175e+02
-3.907194e+01
4.705289e+01
1.581006e+02
-6.032679e+01
4.475150e+01
-7.323455e+01
-3.554489e+01
8.919822e+01
1.103005e+02
9.271323e+00
1.377767e+02
-8.843700e+01
-1.826030e+02
3.352160e+01
2.799675e+01
-5.543689e+01
4.705355e+01
-2.708314e+00
-5.174362e+01
9.201068e+01
-4.001474e+01
1.307914e+02
1.909127e+01
1.896828e+01
-6.643657e+00
-3.668081e+01
-3.031577e+01
-8.492581e+01
1.982240e+00
3.576335e+00
2.231612e+01
-5.860104e+01
-9.255934e+00
4.966404e+01
1.824149e+01
-2.042168e+01
6.726099e+00
-4.025288e+00
1.874273e+01
-3.675076e+00
6.493399e-01
-3.411856e+01
-2.580070e-01
1.297770e+01
3.568563e+01
3.554148e+01
3.226101e-01
4.779190e-01
6.241727e-01
1.466040e-01
-1.954067e-01
3.227400e-01
3.133306e-01
-3.797899e-01
2.013401e-02
-3.128411e-01
-1.948645e-01
-1.185756e-01
2.530627e-01
-8.065092e-02
-2.429494e-01
1.011825e-01
9.423688e-03
4.667174e-04
2.496199e-02
-2.275314e-02
-1.510833e-02
5.234512e-02
5.451767e-02
-4.284066e-02
-4.187173e-02
-3.997053e-02
5.058432e-02
6.334898e-03
-1.094639e-01
