-1.718645e-01
1.367937e+00
2.033800e-02
5.802667e+01
1.822186e+02
-9.948241e+00
3.535975e-04
-5.810949e+03
-1.541138e+05
-9.454954e+04
-1.639376e+04
-1.239055e+04
7.227545e+04
-4.083137e+04
2.041262e+03
-6.898708e+04
-2.441896e+04
-8.143967e+04
6.347522e+04
-4.127180e+04
-2.850643e+04
1.995581e+04
-1.477424e+04
-1.679063e+04
1.867054e+04
6.115163e+03
-4.903646e+04
5.450706e+03
-4.025479e+03
1.003975e+04
-1.107599e+04
-1.898502e+04
-1.668331e+03
-3.192689e+04
1.163450e+04
-5.548397e+02
3.814095e+03
2.211540e+02
1.673348e+04
1.291349e+04
-4.587854e+03
-5.877129e+02
-1.297732e+04
-1.483893e+04
1.168924e+04
9.583701e+03
-5.127871e+03
8.836108e+03
-1.190741e+04
-4.556727e+02
6.325227e+03
2.504826e+03
5.138664e+03
4.050466e+03
-2.479637e+02
6.632966e+03
-9.668281e+02
6.931124e+03
-3.522335e+03
-7.709263e+03
-6.756879e+02
3.726424e+03
-3.009392e+03
-2.803262e+03
1.248406e+03
3.268942e+03
4.618410e+03
3.128392e+02
-2.729204e+03
3.708982e+03
1.688884e+03
-3.233052e+03
-1.675129e+03
1.330710e+03
7.962299e+02
9.789597e+02
2.144994e+03
2.043456e+03
-2.872538e+03
-3.571862e+02
-8.073966e+02
1.424591e+03
1.073282e+03
1.364370e+03
2.021507e+03
8.777835e+02
-1.886939e+03
-9.722344e+00
1.112965e+03
-1.116591e+03
-4.388683e+02
1.879264e+03
2.532584e+03
1.380931e+03
-1.035217e+03
7.655916e+02
1.005820e+03
-7.102490e+02
3.974995e+02
1.081849e+02
-8.320831e+02
3.163327e+02
-8.508958e+02
-1.269605e+03
-8.002037e+01
6.636563e+02
9.731564e+02
7.441903e+01
9.703079e+01
9.780975e+02
-4.578555e+02
1.331562e+03
-8.663921e+02
8.139425e+02
1.977246e+02
-4.968974e+02
-1.422400e+02
-4.180396e+02
9.331335e+01
4.123636e+02
-2.509959e+02
1.376331e+02
-3.726972e+02
1.234126e+02
2.619046e+02
-8.383958e+01
-5.002490e+01
2.498387e+02
-3.974754e+01
-1.335040e+02
1.464594e+02
3.907539e+02
-6.057266e+01
1.511573e+02
-3.378101e+02
-9.972083e+01
3.675857e+02
-1.259123e+02
-1.383255e+00
1.857089e+02
-1.433569e+01
3.649209e+01
-7.507133e+01
7.409649e+01
-2.484131e+02
2.708037e+01
1.417610e+02
1.044129e+01
6.231970e+01
2.441287e+02
-1.011374e+02
1.317577e+02
1.147938e+02
-4.717933e+01
-2.585181e+02
-2.602765e+02
1.447517e+02
-3.183723e+00
-1.203208e+02
-9.092313e+01
1.499273e+02
4.616872e+01
1.456829e+02
-7.173879e+01
8.330727e+01
-7.537408e+01
1.527039e+01
9.064535e+01
2.740724e+01
6.774666e+01
8.773422e+01
-4.146887e+01
3.245430e+01
5.177105e+01
2.754743e+01
-3.363557e+01
-1.562358e+01
4.398442e+01
-3.446969e+01
8.097672e+01
-1.701259e+00
8.958102e+01
8.032740e+00
1.387823e+01
4.154515e+01
-3.298018e+01
3.281160e+01
-1.495081e+01
-1.691949e+01
2.161438e+01
3.211797e+01
7.277109e+01
-1.104949e+01
-2.320420e+00
4.095589e+01
-4.749595e+00
-4.119342e+01
-5.338065e+01
-2.329779e+01
-1.756321e+00
1.075150e+01
-7.937074e+01
2.752203e+01
3.765984e+00
3.027561e+01
1.150961e+01
-1.378471e+00
5.988194e-01
-3.721153e-01
2.242072e-01
-2.159001e-01
1.281863e-01
3.190086e-01
-4.458074e-01
5.977260e-02
-2.236790e-01
-3.418838e-01
-4.398976e-01
1.788567e-01
-8.131002e-02
-8.128189e-02
-1.827529e-01
-4.699304e-02
9.564941e-02
7.727937e-02
-1.263020e-01
1.753836e-01
1.397422e-02
1.139159e-01
2.153450e-02
1.368992e-03
4.610087e-03
5.819000e-02
-4.368456e-02
-2.749597e-02
