-4.078057e-01
-1.195700e+00
4.464655e-01
5.688889e+01
1.924196e+02
-1.397758e+01
3.471130e-04
-1.898972e+05
-2.258870e+05
9.531677e+04
-1.051715e+05
-3.503906e+04
-8.876937e+04
-5.446330e+04
1.813550e+04
-1.846339e+05
2.126105e+04
-1.324211e+05
8.229493e+04
-8.396723e+04
-8.064465e+03
4.098848e+04
-1.591002e+04
1.736941e+04
3.825826e+04
-3.057493e+03
-4.924555e+02
-4.014401e+03
-2.195399e+04
7.154724e+03
-4.132036e+04
2.961875e+04
-2.366864e+04
-5.753076e+04
3.730236e+04
1.690106e+03
2.658589e+04
-1.069928e+03
1.484419e+04
-8.102349e+03
1.595276e+04
-1.734829e+04
-6.214317e+03
-1.424366e+04
8.000990e+03
1.260474e+04
-4.822312e+03
-7.635501e+03
-9.124364e+03
-7.366117e+03
6.850740e+02
-7.412693e+03
1.089587e+04
-6.539812e+03
-1.144231e+04
6.888391e+03
3.349034e+03
5.294103e+03
-4.357111e+03
-8.941241e+03
-2.258476e+02
2.265680e+03
-1.917969e+03
2.164372e+02
9.841510e+02
4.685799e+03
3.903056e+03
7.578581e+03
-5.279419e+03
9.256060e+01
2.264551e+03
8.161685e+02
1.214693e+03
1.094961e+03
1.980062e+03
2.873763e+03
2.210943e+03
1.135527e+03
-6.754741e+03
-1.055073e+03
-2.134219e+03
5.833448e+02
-1.767222e+03
3.502220e+02
4.012299e+03
2.741833e+03
-2.157211e+03
-1.841007e+03
8.021449e+02
3.798461e+02
1.094059e+03
1.310824e+03
2.140058e+03
2.218236e+03
-2.285793e+03
1.268323e+03
1.677197e+03
1.284799e+03
5.812844e+02
-1.847346e+02
-8.702593e+02
-4.078060e+02
-1.945196e+02
-1.731335e+03
9.144500e+02
-1.168114e+02
1.352219e+03
7.951846e+02
7.583644e+02
1.674750e+03
-5.933982e+02
1.773860e+03
-2.500705e+02
6.387430e+02
-8.047773e+00
-4.646052e+02
-2.887558e+02
-6.218322e+02
-7.606593e+02
7.725174e+02
-1.828424e+02
1.726547e+02
-8.475820e+02
3.660513e+02
3.124461e+02
-2.719576e+02
-3.526417e+02
2.404435e+02
-2.097450e+02
-2.299817e+02
3.618064e+02
1.669365e+02
3.162525e+02
3.887457e+02
-6.340442e+02
-1.719934e+02
7.014753e+02
-5.353600e+02
-2.288372e+01
3.346815e+02
-3.845980e+02
-5.670372e+01
-2.264212e+01
8.928709e+01
-2.954677e+02
1.788164e+02
1.857306e+02
-1.612836e+02
5.221016e+01
4.148466e+02
-6.861192e+01
2.427779e+02
2.188595e+02
7.715388e+01
-2.900222e+02
-7.370939e+01
-8.977306e+01
6.415824e+01
1.389509e+01
-3.548389e+01
-4.838229e+01
1.088869e+01
1.859462e+02
-5.621963e+01
1.395892e+02
5.778980e+00
5.031950e+01
8.069162e+01
3.961073e+01
8.556570e+01
1.013805e+02
7.324335e+01
-9.450140e+00
7.473013e+01
3.234022e+01
-3.028410e+01
-3.464512e+01
1.475709e+01
7.048512e+01
6.897622e+01
5.466407e+01
4.487598e+01
-1.375991e+01
-1.340109e+01
9.936314e+01
1.941347e+01
1.708782e+02
4.053021e+01
-5.364966e+01
6.522861e+01
3.615836e+00
4.045678e+01
-3.990557e+01
2.847245e+00
-3.306813e+00
2.876573e+01
-4.758390e+01
-1.753821e+01
-1.598721e+01
5.014077e+01
6.810752e+00
-7.601145e+01
5.794011e+01
-3.668661e+01
3.088966e+01
2.992900e+01
-3.479047e+00
2.913654e+00
-9.540742e-01
8.837637e-01
8.717261e-02
-6.168439e-01
-1.110570e-01
-1.108673e+00
-1.420296e-01
-5.931820e-01
5.949369e-02
-1.636078e-01
3.912779e-01
5.512258e-02
2.927352e-02
2.172280e-02
7.109428e-02
8.912255e-02
1.059722e-01
-3.586917e-02
6.276655e-03
5.997814e-02
5.046717e-04
-2.099070e-01
6.879724e-02
1.362476e-02
1.563135e-01
-9.081461e-02
-6.045066e-02
