-1.769153e-01
-1.331221e+00
-5.261275e-02
5.518222e+01
1.836665e+02
-1.156321e+01
3.561859e-04
-5.856548e+04
-3.003907e+05
2.777685e+05
3.189732e+05
2.659366e+04
-9.929050e+04
-3.003339e+04
3.262220e+04
-6.322086e+04
3.542650e+04
-6.921448e+04
-2.574082e+04
-5.383402e+04
-1.462430e+04
-3.298566e+04
3.918041e+04
-4.377961e+04
2.560527e+04
-4.558549e+04
-2.259043e+04
-4.657843e+04
-2.507883e+04
1.647425e+04
-7.626012e+04
1.039884e+04
-9.036994e+03
-2.699372e+04
2.348260e+04
2.184854e+04
3.153017e+04
9.891124e+03
-1.288432e+03
-1.181914e+04
2.915105e+03
5.498169e+03
-3.202148e+04
3.707250e+03
9.737923e+03
3.140001e+03
-1.423445e+04
3.495511e+03
5.297236e+03
-3.164599e+03
1.074211e+04
-5.912627e+03
1.890553e+03
4.253910e+03
-1.333759e+04
1.380788e+03
4.599461e+03
5.697112e+03
-4.687847e+03
-1.421956e+04
1.228481e+03
-1.641380e+02
-3.243514e+03
-3.980964e+03
2.997068e+03
2.762759e+03
2.004476e+03
-1.520795e+03
-4.448466e+03
7.372751e+03
3.673300e+03
1.318271e+03
-5.741104e+03
-3.453180e+02
2.716320e+03
2.351213e+03
3.702664e+03
3.965309e+03
-3.798444e+03
-1.712393e+03
1.537441e+03
-4.683893e+02
-1.099597e+03
-2.360890e+02
3.933226e+03
3.443419e+03
-8.782422e+02
-4.073326e+02
-1.403345e+03
-1.118064e+03
2.250730e+02
-1.836924e+03
1.810670e+03
2.323496e+03
-2.206637e+03
1.168804e+03
3.625237e+02
9.687421e+02
1.428494e+02
-2.063517e+02
-5.522033e+02
1.093990e+02
-9.342673e+02
-7.685875e+02
2.460904e+01
8.186175e+02
1.775476e+03
1.976212e+02
-6.293245e+02
7.421169e+02
-9.391088e+02
1.591435e+03
8.264013e+01
1.694498e+03
-1.716568e+02
-7.030059e+02
-5.808008e+02
-2.380059e+01
-2.349744e+02
2.025736e+02
-6.886716e+02
-7.794437e+02
-5.569174e+02
7.420179e+02
4.814685e+02
-1.478196e+01
-7.109556e+02
1.016136e+02
-1.879359e+02
-3.273145e+02
6.714484e+02
5.331397e+02
3.303622e+02
4.295262e+02
-2.842971e+02
3.958455e+02
5.984600e+02
-1.536078e+02
1.099687e+02
2.941167e+02
-7.344856e+01
-1.616473e+02
-1.227971e+02
-1.663007e+02
-5.302936e+01
2.791499e+02
1.676142e+02
-5.761301e+01
2.102876e+02
1.812098e+02
4.365743e+00
9.283528e+00
3.261659e+02
2.012229e+02
-1.736013e+02
-6.166497e+01
2.001401e+02
2.510661e+02
-2.125217e+02
-1.244856e+02
1.237452e+02
2.541601e+00
2.794021e+02
4.253164e+01
2.377480e+02
-1.612948e+02
-8.336350e+01
-1.360139e+02
1.754670e+02
1.382358e+02
1.350936e+02
6.222449e+01
-1.149077e+02
7.790911e+01
9.584237e+01
-5.251413e+00
-1.429256e+01
3.065396e+01
3.778355e+01
2.741422e+01
-4.009020e+01
9.051673e+01
-5.685197e+00
3.762067e+01
7.301699e+01
-2.781242e+01
-1.586600e+01
-2.887273e+01
1.316034e+01
3.702633e+01
-2.748763e+01
3.276225e+01
3.732898e+01
5.880892e+01
9.606042e+00
-2.780514e+01
-1.481526e+01
-5.934225e+01
3.343534e+01
1.117234e+01
1.579546e+01
-4.184259e+01
6.415120e+00
-2.116314e+01
5.167031e+01
2.404268e+01
-2.623679e-01
3.913585e+00
-4.667498e-01
4.127997e-01
-1.685058e-01
-2.633331e-01
-3.404483e-02
-7.621525e-01
-2.045731e-01
-7.514078e-01
-4.449032e-01
-5.151607e-01
1.210822e-01
1.500433e-01
-2.275709e-01
9.664503e-02
7.057393e-02
1.555365e-01
1.251799e-01
-1.655362e-01
7.662202e-02
2.468023e-02
1.278743e-01
4.967139e-02
-1.715630e-01
4.687794e-02
6.035376e-02
-1.778055e-01
1.744055e-02
