-1.928110e-01
-1.265442e+00
1.123673e-01
5.603556e+01
1.963107e+02
-1.441146e+01
3.430325e-04
-4.926644e+04
1.094909e+05
-3.339277e+05
-4.742317e+05
-4.168955e+04
1.092001e+05
5.978603e+03
-2.764540e+04
-6.895943e+04
-5.516686e+04
-1.357693e+05
1.271534e+05
3.406016e+04
-4.544119e+03
5.858315e+04
-3.847280e+04
1.289909e+04
7.380165e+03
4.772453e+04
-7.667205e+04
-3.164021e+04
9.350957e+02
-4.279792e+04
9.689881e+03
-5.673534e+04
1.036294e+04
-2.721013e+03
1.218714e+04
-2.222279e+04
-4.246879e+04
-6.014801e+03
2.475801e+04
1.709796e+04
-5.337021e+03
-2.589071e+04
1.615222e+04
-3.511227e+03
-7.742061e+03
4.251485e+03
2.638518e+04
9.369231e+03
-1.436479e+04
3.713775e+03
2.969749e+03
-5.810002e+03
-6.275044e+03
7.823345e+03
7.179833e+03
-4.805101e+03
4.264037e+02
-8.687494e+02
4.077075e+03
-5.114235e+03
-3.064202e+03
3.879849e+03
-1.007762e+03
3.474632e+01
-1.191674e+03
6.868557e+03
2.732130e+03
3.825327e+03
-1.785263e+03
3.609725e+02
-2.134382e+03
-1.879185e+03
2.029100e+03
2.875275e+03
1.938540e+03
-9.431605e+02
-5.959517e+02
-3.961392e+02
-3.659544e+03
8.887090e+02
1.532986e+02
-1.545614e+03
1.188061e+03
8.186968e+02
-3.493108e+01
1.276341e+03
-6.181202e+02
1.202300e+03
-2.200431e+02
1.207467e+03
-4.867260e+02
2.839275e+03
1.165939e+02
4.670925e+02
-4.666846e+02
3.606537e+02
2.398554e+03
-1.172766e+03
-1.609896e+01
2.308156e+02
-4.930435e+02
1.692807e+02
3.403992e+02
-3.470486e+02
-4.301012e+02
-3.380311e+02
3.537910e+02
1.540555e+03
9.140688e+02
1.174246e+03
1.333345e+03
-6.291478e+02
-2.793676e+02
-1.825139e+02
5.284395e+02
3.443528e+02
1.091178e+02
-4.944592e+02
-6.995321e+02
3.159222e+02
3.642350e+02
9.411267e+02
1.085632e+02
-3.120519e+02
-1.698874e+01
-1.564610e+02
2.230043e+02
1.709999e+02
-4.951220e+02
-1.103716e+02
2.289871e+01
4.349050e+02
-3.403715e+02
-1.689806e+02
2.009875e+01
-2.251177e+02
-2.272109e+02
-3.265859e+02
1.014941e+02
-2.629549e+02
-1.231736e+02
1.778246e+02
1.671791e+02
2.847662e+02
-2.904698e+00
-2.078827e+02
2.947413e+01
-1.089058e+02
-1.154784e+02
1.829845e+02
1.252393e+02
2.685927e+02
-2.993066e+02
-2.440888e+02
-1.453917e+02
-1.351151e+02
2.650867e+01
-1.279535e+02
3.873089e+01
-2.570553e+01
6.630763e+01
-1.476306e+01
-7.628815e+01
-1.488138e+02
-2.291923e+02
-3.157306e+01
1.335088e+01
1.590769e+02
-2.524757e+02
-5.967696e+01
2.083326e+01
7.575486e+01
2.092433e+02
9.976635e+01
6.727693e+01
-6.197155e+01
1.577055e+02
8.201678e+01
-9.752946e+01
8.412884e+01
1.205251e+02
1.738103e+01
-3.039839e+01
-4.334970e+01
3.754606e+01
-2.996512e+01
2.012131e+01
1.484997e+02
-7.565457e+01
8.078925e+00
8.202451e+01
6.079478e+01
-1.570263e+01
-3.409982e+01
6.677795e+01
-1.974170e+01
-1.243344e+01
2.353896e+01
-6.022491e+01
-9.456637e+00
-8.411803e+00
-5.750911e+01
5.326873e+01
1.023767e+01
-1.536823e+00
1.649692e+01
-2.702274e+00
-2.406812e+00
-2.681032e-01
2.849218e-01
1.334731e-01
-3.429910e-01
2.359531e-01
1.637803e-01
-9.646234e-02
3.000808e-01
6.949400e-01
3.421601e-01
-1.362532e-01
-3.561908e-02
2.579668e-01
-2.307874e-01
-8.875342e-02
1.235152e-02
-2.065972e-02
2.751763e-01
1.008472e-01
1.481479e-01
-4.861229e-02
-7.495259e-02
4.789480e-01
6.429814e-02
-6.592599e-02
8.567412e-02
-2.610985e-02
