-7.536557e-03
4.596792e-01
2.598579e-01
4.124445e+01
1.665247e+02
-2.578340e+01
3.390305e-04
8.906576e+03
1.881901e+05
-1.429098e+05
-3.307262e+04
-9.277398e+04
-1.867913e+04
-2.305708e+03
-4.218739e+03
-5.746391e+03
2.533572e+04
-7.188029e+04
1.510847e+05
2.184344e+04
-3.364322e+04
-4.003558e+04
3.728010e+04
3.287394e+04
-5.842624e+03
-2.713896e+04
2.495565e+04
2.263159e+03
-2.930758e+04
-1.033094e+04
-2.169219e+03
-3.707438e+03
-3.864090e+04
3.661116e+02
-1.425222e+04
1.054254e+04
3.569763e+03
-1.093325e+03
4.175233e+03
8.794755e+03
-2.307642e+04
3.665879e+03
9.316702e+02
-1.442083e+04
6.640695e+03
-1.039919e+04
5.869686e+03
-5.673324e+03
-2.272090e+03
2.737701e+02
4.175596e+02
2.541483e+03
-5.695042e+03
8.981836e+03
6.624810e+03
3.999293e+03
3.708323e+01
5.177965e+03
3.027299e+03
1.725096e+03
-4.837140e+03
-4.872411e+01
3.876038e+03
-2.437455e+03
3.085495e+03
1.066302e+03
4.546212e+01
-1.791049e+03
-1.257032e+03
1.072709e+03
9.295582e+02
1.143010e+03
8.352854e+02
-2.940580e+03
-3.102223e+03
-1.469814e+03
-1.918724e+03
6.371277e+02
-1.137137e+03
-1.624178e+03
-1.538673e+03
-1.061942e+03
-2.896658e+02
-3.526904e+02
1.847949e+02
-1.367796e+03
-6.507465e+02
5.440327e+02
9.752900e+02
1.691281e+03
4.874349e+02
-9.391044e+02
1.921636e+03
6.402253e-01
-7.124462e+02
6.779023e+02
1.024011e+03
-8.427397e+02
-4.128050e+01
-5.040357e+01
-5.143394e+02
-4.302224e+02
5.386052e+02
2.075033e+02
-5.009864e+02
-3.268686e+02
8.670217e+01
2.594847e+02
8.272855e+02
3.234149e+02
4.726442e+02
-2.707837e+02
-7.729958e+02
-3.690388e+02
-5.062786e+02
5.550682e+02
2.613291e+02
-2.579270e+02
-1.627373e+01
1.930479e+02
-1.172396e+02
6.893499e+01
1.361971e+02
-2.929919e+02
1.965024e+02
-8.213578e+01
1.784536e+02
1.083931e+02
1.285385e+01
2.748067e+02
2.213420e+02
4.699730e+02
9.896053e+01
3.292971e+02
1.662549e+02
-1.676942e+02
2.317309e+02
-2.167192e+01
2.143654e+00
-2.468625e+02
-7.171807e+01
4.872989e+01
4.955619e-01
1.747348e+02
3.084233e+01
6.991150e+01
-9.618082e+01
-1.549247e+02
-1.943535e+01
8.447620e+01
1.093603e+02
-4.917554e+01
1.248086e+02
2.357775e+01
4.558382e+00
3.018179e+01
1.487133e+02
7.604134e+01
1.411702e+02
1.025012e-01
2.082373e+01
6.772014e+01
-2.646280e+01
1.105893e+02
-8.656110e+01
-6.903815e+01
-1.750028e+02
1.608585e+02
-1.387355e+02
-1.057337e+02
-5.507124e+01
5.670846e+01
1.425406e+01
-2.322575e+01
-1.583880e+01
-1.005159e+02
1.505537e+01
-2.626190e+01
-8.298508e+01
1.749072e+01
-3.128380e+01
7.227350e-01
1.595132e+01
2.547599e+01
3.253025e+01
-8.829995e+01
-1.495482e+01
1.696150e+01
-4.383478e+01
-5.267085e+01
3.461249e+01
-5.134530e-01
-2.520528e+01
3.506560e+01
1.293337e+01
7.764779e+00
1.469878e+01
-3.568494e+00
-1.387755e+01
-4.400379e+01
1.721837e+00
1.641979e+01
1.117549e+01
2.902055e+01
6.318998e+00
-4.478745e+00
3.200881e-01
-6.159232e-01
-5.888522e-01
-4.273868e-01
6.095158e-01
2.844630e-01
-1.831595e-01
-4.228928e-01
2.681320e-01
1.407806e-01
-4.163516e-02
-1.800541e-02
4.757367e-02
-8.814891e-02
-1.236255e-01
6.900043e-02
-1.119546e-02
-1.225243e-01
-3.601801e-02
-7.620194e-02
-1.170300e-01
9.025276e-02
-1.087260e-02
-3.634207e-02
-1.673125e-01
1.892836e-02
-5.375877e-02
4.036599e-02
1.088856e-01
