-2.111077e-02
-1.043054e+00
-1.923479e-01
5.489778e+01
1.744820e+02
-1.672723e+01
3.548439e-04
-7.495691e+04
-3.542887e+05
-2.652071e+05
1.020857e+05
-8.894621e+04
-9.422243e+04
-1.186445e+04
-8.095614e+04
-2.321411e+05
9.053162e+04
-6.058365e+04
7.953695e+04
-9.167825e+04
-5.514786e+04
-1.138827e+05
2.071001e+04
-3.065652e+03
-8.309021e+03
4.500788e+04
-6.350329e+03
5.275502e+04
-4.263096e+04
-3.788438e+04
-6.085831e+04
4.144766e+03
-2.471575e+04
-3.180436e+04
9.389577e+03
4.950372e+03
1.736322e+04
7.734572e+03
1.514213e+04
1.964938e+03
-1.474143e+04
-4.125866e+03
-1.034762e+04
-7.080933e+03
1.809708e+04
3.598051e+03
-1.536292e+03
2.844406e+03
-6.930096e+03
-5.954688e+03
6.024598e+03
-8.811173e+03
1.732354e+03
-1.219985e+04
-5.523139e+03
1.023806e+04
1.391655e+03
1.666807e+04
2.881470e+03
-9.466864e+03
-2.713718e+03
2.428692e+03
-1.398105e+03
-4.514919e+03
1.655540e+03
3.593457e+03
7.307674e+03
3.237685e+03
-7.311883e+03
4.059793e+03
3.520608e+03
-1.968565e+03
-3.280944e+03
-7.502167e+02
-3.230428e+01
1.300679e+03
2.054490e+03
2.996867e+03
-5.375653e+03
4.006129e+02
-8.238251e+02
2.578841e+03
7.586596e+02
1.599427e+03
5.103439e+03
1.081309e+02
-6.808809e+02
-8.740076e+02
-1.840094e+02
7.532688e+02
4.300821e+02
-2.036292e+02
2.071494e+03
2.225839e+03
-1.905003e+03
4.086081e+02
6.540038e+02
3.330201e+02
9.325052e+02
4.721939e+02
5.292126e+02
8.953866e+02
2.021367e+02
-1.321028e+03
1.340084e+03
1.684897e+02
1.597753e+03
-1.922981e+02
-2.520127e+02
1.100319e+03
-1.008983e+03
2.116121e+03
7.878165e+01
8.532927e+02
4.357136e+02
-8.256625e+01
-2.635189e+01
-6.813693e+02
9.031061e+00
6.766145e+00
-1.636732e+02
1.615262e+02
-5.349934e+02
2.852471e+02
9.454133e+02
-4.327863e+02
-4.484915e+01
-1.730099e+02
-2.286686e+02
-2.188657e+02
5.695817e+02
3.986170e+02
-1.934044e+01
1.454693e+02
-5.979878e+02
2.429258e+02
7.688427e+02
-2.698673e+02
3.194646e+02
3.322969e+02
-9.881941e+01
3.148574e+02
1.307700e+02
7.964545e+01
-1.629329e+02
2.401411e+02
3.832919e+02
-3.486328e+02
5.208028e+01
4.257535e+02
-5.017857e+01
2.865625e+02
5.245518e+02
9.454468e+01
-1.850502e+02
-9.341924e+01
1.169610e+02
1.750368e+02
-7.718083e+01
-3.862652e+02
-2.697592e+01
1.150071e+02
1.935803e+02
-1.093665e+00
4.678418e+01
-4.853369e+01
-6.351414e+01
9.158343e+01
-2.370194e+00
2.010027e+02
1.447327e+02
-2.710048e-01
5.086904e+01
8.767049e+01
-9.016151e+00
-6.588517e+01
-4.176654e+01
-1.339205e+01
1.424969e+01
2.574533e+01
-5.776482e+01
1.135778e+02
9.417457e+00
5.300010e+01
9.499249e+01
-3.480475e+01
8.093757e+01
6.862284e+00
-7.577966e+01
2.238698e+01
8.290160e+00
2.431290e+00
-9.057160e+01
1.112381e+02
-2.914640e+01
2.526240e+01
-8.867973e+01
-4.706197e+01
-3.533138e+01
3.087040e+01
-7.873310e+00
-7.211511e+01
6.740382e+01
-1.989247e+01
5.608059e+01
5.348862e+01
-3.334445e+00
3.322278e+00
-4.973371e-01
1.455277e+00
-1.556152e-03
1.806791e-01
2.841904e-01
-1.433899e+00
-2.242814e-02
-6.463517e-01
-3.283866e-01
-6.709748e-01
-2.729157e-02
2.080192e-01
-1.241033e-01
-3.736119e-02
1.195731e-02
-7.361112e-02
-4.736325e-02
-6.502877e-02
-1.356260e-01
1.342101e-01
1.024133e-01
-1.249055e-01
-3.302947e-02
3.264949e-02
-1.338875e-02
-1.394513e-01
1.728959e-02
