-1.165198e-01
-7.258348e-01
2.779984e-02
4.892445e+01
1.917038e+02
-2.120113e+01
3.425182e-04
-2.126643e+05
-4.326627e+04
7.560179e+04
-4.107025e+05
-2.931203e+04
8.442673e+04
-1.213244e+05
7.100965e+04
-2.076711e+05
-1.757416e+04
-8.705361e+04
1.148125e+05
-7.266553e+04
-3.331194e+04
3.404744e+04
-4.808691e+04
-1.191947e+04
-2.412901e+03
1.559153e+04
-3.643749e+04
-1.741361e+04
-4.254051e+03
-3.816673e+04
-2.767718e+04
-2.722691e+04
-1.137452e+04
-2.440578e+04
9.575569e+03
-1.243757e+04
-1.628005e+04
-1.017801e+03
1.179701e+04
6.052007e+03
1.924876e+04
-2.773507e+04
-1.295473e+03
-2.023618e+04
1.006120e+04
7.146106e+03
1.145269e+04
7.841187e+03
-2.221869e+04
4.530594e+02
5.295103e+03
-6.958873e+03
6.094289e+03
-4.849545e+03
-1.500108e+03
4.430296e+03
7.665151e+02
7.159444e+03
2.690881e+03
-6.471885e+03
-4.073757e+03
2.830246e+03
-1.529555e+03
1.591082e+03
-1.361098e+03
6.727583e+03
5.369343e+03
9.437131e+03
-4.196599e+03
1.514454e+03
1.617213e+03
1.664983e+03
2.759435e+03
8.857816e+02
8.119847e+02
3.352824e+02
1.157268e+03
2.637261e+02
-5.869802e+03
-4.204375e+02
-1.286362e+03
2.861590e+02
-1.438878e+03
1.803565e+03
1.328256e+03
2.272808e+03
-5.490905e+02
-3.855124e+00
-6.660810e+01
5.720792e+02
2.400457e+02
1.829420e+03
1.846601e+03
1.461249e+03
-8.839615e+02
7.931566e+02
2.713744e+03
-7.072654e+02
4.440224e+02
3.238816e+02
-1.335357e+03
-6.740156e+02
6.936503e+01
-1.536089e+03
6.830161e+02
-7.478264e+02
1.142057e+03
9.366263e+02
1.417857e+03
1.454548e+03
8.147081e+02
1.039796e+03
-3.520435e+02
1.041707e+02
2.442392e+02
-5.123250e+01
-4.015435e+02
-4.238466e+02
-7.946768e+02
8.645662e+02
1.687137e+02
8.196880e+02
-3.125877e+02
2.436141e+02
3.534805e+02
-2.343387e+02
-8.174760e+00
2.798368e+02
-3.934973e+02
-4.467879e+02
1.679802e+01
1.531201e+02
-3.556716e+02
2.167662e+01
-4.264278e+02
-4.746459e+02
2.522421e+02
-3.548090e+02
6.188221e+01
1.297418e+02
-2.576169e+02
1.099313e+02
9.985536e+01
2.801246e+02
-1.624678e+02
2.804838e+01
7.737691e+01
-2.095782e+02
-1.850972e+02
3.595200e+02
2.143280e+02
2.423021e+02
-1.057132e+02
-6.024658e+01
-1.178618e+02
-9.121643e+01
-1.605625e+02
-5.529958e+01
-4.212494e+01
-3.032328e+01
8.132094e+01
-9.064153e+01
-9.435984e+00
-1.381372e+02
-1.132438e+02
-8.179424e+00
2.346372e+01
1.911214e+02
-2.142362e+02
1.433494e+00
5.838745e+01
8.032434e+01
1.737341e+02
6.243940e+01
-3.419586e+01
-5.502536e+01
4.301181e+01
3.841038e+01
-4.689198e+01
4.447742e+01
1.393779e+02
5.249842e+01
-4.029035e+01
-3.723933e+01
6.178497e+01
7.148501e+00
1.164195e+02
1.204818e+02
-1.055952e+02
1.833538e+01
4.635893e+01
9.385496e+01
-2.387455e+01
-2.817978e+01
2.632842e+01
8.437207e+00
-6.838553e+01
-1.564614e+01
-4.468680e+01
9.759409e+00
5.350927e+00
-8.652426e+01
3.718273e+01
-3.866479e+01
1.035799e+01
1.824428e+01
-3.394961e+00
-2.570804e-01
-5.010422e-01
4.513064e-01
1.103491e-01
-2.463780e-01
1.224043e-03
-4.313706e-01
-7.266065e-02
-1.430632e-01
5.990598e-01
-1.459308e-01
-2.069915e-02
-1.491015e-02
2.954924e-01
-1.620909e-01
-9.061415e-02
6.678651e-02
1.022366e-01
1.261491e-01
1.645146e-01
1.267056e-01
-1.036488e-01
-1.613372e-01
3.431979e-01
6.360853e-02
-1.314186e-02
3.917838e-02
7.660406e-03
