4.299359e-02
6.695721e-01
-6.787131e-02
4.636444e+01
1.727096e+02
-2.495951e+01
3.489427e-04
-9.761892e+04
-2.740510e+05
9.627073e+04
-1.886212e+05
-1.427894e+05
-2.906304e+05
2.310931e+05
-1.121476e+05
-2.571888e+05
-5.429998e+04
-1.362186e+05
1.657685e+05
-1.739443e+04
1.112920e+04
-1.475096e+04
-6.897780e+04
6.811170e+04
1.243052e+04
3.287692e+04
-1.626303e+04
3.633980e+04
-1.897110e+04
-5.711939e+03
-1.344354e+04
2.843014e+04
-6.116517e+04
-6.334398e+04
-1.186791e+04
1.180967e+03
2.088101e+04
-2.428588e+04
3.864872e+04
-9.309786e+03
-2.117322e+03
-9.639108e+03
-1.552201e+04
-1.997309e+04
1.141163e+04
-2.637347e+02
-1.125236e+03
3.522378e+03
-1.537462e+04
-2.163064e+03
4.591876e+03
3.391943e+03
1.837053e+03
-1.652396e+04
-6.277546e+03
8.613317e+03
4.438695e+03
1.168378e+04
7.459507e+03
-1.159240e+04
-4.047753e+03
2.676598e+03
-4.804594e+03
-5.738420e+02
-2.319786e+03
6.267808e+03
2.107924e+03
3.403080e+03
-6.320886e+03
3.070408e+03
-4.209303e+03
-2.404911e+03
5.541270e+02
1.499264e+03
7.539369e+02
1.559402e+03
1.120508e+03
-4.065403e+02
-5.110659e+03
1.123970e+03
-2.449397e+03
9.523531e+02
4.756232e+02
3.317644e+03
2.908697e+03
1.132812e+03
-2.754202e+03
-2.088033e+03
1.021075e+03
-4.289887e+02
-1.028005e+03
2.145010e+03
1.967181e+03
2.408716e+03
-2.036540e+03
4.576765e+01
1.613434e+03
-2.346226e+02
7.561263e+02
-4.292752e+02
-6.642303e+02
2.708389e+01
2.836113e+02
-2.131006e+03
3.155529e+02
-6.724435e+02
2.062128e+03
8.023466e+02
7.446624e+02
1.993191e+03
-3.774527e+02
1.096176e+03
-3.462486e+02
1.254974e+03
7.140982e+02
6.037657e+02
1.704508e+02
-9.814043e+02
2.463960e+02
2.993985e+02
6.463674e+02
5.482946e+02
-3.323560e+02
-6.392431e+01
8.525034e+02
-4.857386e+02
-1.539892e+01
1.819634e+02
-4.549124e+02
-2.947536e+02
2.365877e+02
4.780579e+02
9.519116e+01
1.545643e+02
-4.562425e+02
4.127697e+01
4.197078e+02
-5.287575e+02
-3.891906e+01
8.237438e+01
-4.956789e+02
6.222879e+02
-1.849639e+01
2.977918e+02
-2.265218e+02
-1.436537e+02
2.240838e+02
-2.930185e+02
3.333796e+00
4.579787e+02
1.455893e+01
2.506002e+02
2.485853e+02
-7.534744e+01
-1.520163e+02
-5.728449e+01
2.658348e+00
1.956552e+02
1.189740e+02
-4.824281e+02
8.807432e+01
1.638216e+02
1.842770e+02
-8.535069e+01
-1.298628e+02
-2.657647e+01
3.354741e+01
1.276317e+02
-3.582412e+01
1.613951e+02
1.872819e+02
-3.380269e+01
2.489888e+01
1.595774e+02
4.872810e+01
-1.621688e+02
-3.586561e+01
-3.957460e+01
5.289880e-01
8.060657e+01
-8.665834e+01
1.311787e+02
-1.539647e+00
-5.095559e+01
1.202777e+02
-1.200492e+01
1.185781e+02
-4.867220e+00
-5.660789e+01
7.541917e+01
2.430575e+01
1.316032e+01
-1.212332e+02
2.880448e+01
-3.452155e+01
8.269241e+01
1.687513e+01
-2.379054e+01
6.980072e+00
2.498081e+01
-3.234769e+01
-7.888522e+01
1.727280e+01
1.547282e+01
3.682313e+01
4.771190e+01
-2.635990e+00
3.238278e+00
-9.680452e-01
5.905398e-01
4.147495e-01
-3.147600e-01
1.016268e-01
-8.556114e-01
1.037646e-01
-7.977431e-01
2.920480e-01
-2.469601e-01
-2.337964e-01
-5.247207e-03
-8.095357e-02
-1.211231e-01
-1.292517e-02
-2.530576e-03
-3.817146e-02
1.061540e-01
-3.733017e-02
2.381200e-01
1.724048e-01
-9.546189e-02
1.591835e-01
6.496917e-03
5.188482e-02
-6.610183e-02
-9.194560e-02
