-2.450809e-01
2.697428e-01
2.442418e-01
4.949333e+01
1.951610e+02
-2.645278e+01
3.630703e-04
-1.079019e+04
1.081732e+05
2.971618e+05
1.868385e+05
6.763598e+04
-1.922040e+05
1.353074e+05
3.950047e+04
3.181685e+04
6.658028e+04
9.925041e+04
2.463265e+04
4.776220e+04
2.405105e+04
8.368199e+02
3.535496e+03
-2.997973e+04
2.612593e+04
2.700687e+04
4.380860e+04
5.889138e+04
-8.664412e+03
2.561079e+04
3.437425e+04
5.459963e+04
1.706951e+03
-1.092494e+04
-3.503921e+04
-7.588126e+02
2.355612e+04
-1.354272e+04
4.467741e+03
-3.721716e+04
-3.375740e+03
9.407759e+03
-1.369773e+04
-7.414926e+03
2.867584e+04
-2.691033e+04
-6.960936e+03
1.237270e+04
-1.683782e+03
2.095891e+03
-1.112694e+04
1.693633e+04
1.949806e+03
-2.125686e+03
8.167224e+02
1.207382e+04
3.193667e+03
1.056514e+04
4.240562e+03
-3.766010e+03
-6.986887e+03
1.803496e+03
-3.147086e+02
-2.034083e+02
-3.549856e+03
-4.241757e+02
-1.070225e+03
-2.744959e+03
-2.461379e+03
3.334909e+03
6.298289e+02
2.663796e+03
-1.078680e+03
1.700956e+03
-4.361038e+03
-5.803810e+02
-1.400006e+03
-2.499737e+03
-4.207454e+03
-1.006408e+03
-8.002333e+01
-1.058268e+03
3.508291e+03
2.458847e+03
2.171693e+03
9.452153e+02
-3.807639e+03
6.308330e+02
4.068889e+02
-9.837944e+02
-1.515548e+03
9.466399e+02
1.590495e+03
6.496898e+02
-5.995534e+02
-7.176628e+02
7.388540e+01
5.094810e+02
-1.423236e+03
4.172995e+02
-1.104691e+03
-7.646176e+02
8.489819e+02
-1.521083e+03
2.535535e+02
-1.890731e+03
5.421440e+02
7.999840e+02
5.821331e+02
8.276718e+02
-4.514557e+02
2.801117e+02
-6.724586e+01
1.094378e+03
1.296077e+02
-1.010263e+01
-7.786815e+01
-2.517193e+02
-1.971116e+02
9.827816e+02
6.221951e+02
5.742922e+02
-1.369872e+02
3.986018e+02
3.135804e+02
-3.111769e+02
4.669436e+02
1.694945e+02
1.992301e+02
4.162676e+02
3.266624e+02
2.647700e+02
1.485215e+02
-1.609530e+01
1.433131e+02
-9.963428e+01
1.421280e+02
1.803771e+01
-3.527056e+02
-7.144266e+01
-2.787657e+02
6.559556e+01
-5.462326e+01
2.291708e+02
7.019949e+01
-1.543761e+01
-3.795115e+02
-2.937222e+02
1.227817e+02
5.470171e+01
1.689612e+02
4.280389e+01
1.537472e+01
-1.018463e+02
-9.997771e+01
-2.710534e+01
1.776502e+02
-6.274710e+01
1.983544e+02
-7.868838e+01
1.866964e+02
5.791482e+01
-7.116580e+00
4.400532e+01
-1.962445e+02
2.421182e+01
4.659953e+01
1.969588e+02
-1.230642e+02
4.132984e+01
1.324147e+02
-2.102875e+00
-5.805019e+01
6.910016e+01
-3.902311e+01
-9.574914e+01
1.045449e+02
-1.681041e+01
-1.020644e+02
4.769085e+00
-7.861986e+01
6.258979e+01
6.943156e+01
-7.256293e+01
3.165969e+01
-6.411224e+01
1.824588e+01
-4.932736e+01
-1.858328e+01
-2.896402e+01
8.813590e+01
4.166216e+00
-1.271335e+01
-1.797983e+01
-4.809068e+00
-7.233796e-01
9.463847e+01
5.867641e+00
1.875527e+01
1.640633e+01
1.704548e+01
-1.700820e+01
-4.894711e+01
3.783319e+01
1.953937e+01
3.095718e+01
1.221752e+00
-5.788583e-01
2.054917e-01
-1.110949e-01
7.342190e-02
8.117105e-03
1.071672e-01
5.740094e-02
-1.541099e-01
-7.116167e-02
1.517611e-01
-1.381164e-03
-8.084142e-02
-7.523023e-02
-2.086500e-01
-3.118632e-02
5.974837e-02
2.842865e-02
7.101982e-02
-9.517740e-02
-2.116340e-02
1.691914e-01
-1.039749e-02
-1.194559e-01
-6.084814e-02
-1.037339e-01
-2.863629e-02
-2.235799e-02
-1.088061e-01
