-1.569456e-02
-1.543083e+00
8.199084e-02
5.717333e+01
1.719428e+02
-8.180767e+00
3.472522e-04
-1.630999e+05
-3.379225e+05
7.867017e+04
1.116899e+05
1.407994e+05
-2.255001e+03
-7.242669e+04
-4.119865e+04
-1.650462e+05
-4.930106e+04
-2.531345e+04
-2.141779e+03
6.354946e+03
-1.904495e+04
-1.545976e+04
5.808713e+03
-6.507089e+03
3.006465e+04
9.660613e+03
-2.353760e+04
-8.078668e+03
-3.790041e+03
1.067769e+04
-5.119130e+04
3.727694e+04
-7.118035e+03
-1.891143e+04
2.872344e+04
2.833285e+04
7.204453e+03
4.177041e+03
3.913613e+03
1.328006e+04
2.232071e+04
-1.050114e+04
-1.561952e+04
4.304788e+03
7.555671e+03
6.643810e+03
1.233611e+02
1.518639e+03
3.659060e+03
1.745660e+03
1.707046e+04
-5.068111e+03
5.147799e+03
-4.516639e+03
-6.232166e+03
3.221161e+03
6.637840e+03
3.560496e+03
-1.689155e+03
-9.158666e+03
-7.505664e+02
9.052638e+02
7.447236e+02
-4.457467e+03
3.283232e+03
1.500921e+03
3.799167e+03
6.139667e+03
-5.833118e+03
4.392633e+03
2.440575e+03
1.104717e+02
-1.172322e+03
-9.238544e+02
1.644778e+03
1.179246e+03
2.156590e+03
1.544289e+01
-3.389471e+03
9.260994e+00
1.235643e+03
-4.242827e+02
-4.851710e+02
1.623752e+03
3.061527e+03
2.898567e+03
-6.091906e+02
-2.191739e+02
-8.858367e+02
-5.471578e+02
1.720018e+02
7.900900e+02
7.900505e+02
1.883168e+03
-1.588868e+03
6.889525e+02
1.020188e+03
1.040725e+03
1.690202e+02
-7.199719e+02
-3.824697e+02
-3.010967e+02
-4.048960e+00
-7.459648e+02
6.592880e+02
-8.530850e+00
1.099300e+03
9.838988e+02
1.379542e+02
1.069340e+03
-3.268522e+02
9.413439e+02
-4.239824e+00
1.039842e+03
4.060805e+00
-2.710784e+02
-1.785778e+02
-1.171593e+02
-4.011333e+02
3.717524e+02
1.360968e+02
-3.353386e+01
-2.741986e+02
4.367438e+02
3.449832e+02
-2.563127e+02
-2.934206e+02
-7.320987e+01
9.678952e+00
-5.519767e+02
1.045571e+02
2.274971e+02
-1.643546e+02
1.949520e+02
-4.206588e+02
9.433332e+01
3.881378e+02
-2.269798e+02
4.551598e+01
2.020890e+02
-8.339908e+01
-2.058234e+02
-8.752266e+00
5.293332e+01
-1.286158e+02
1.748305e+02
2.869292e+02
-9.537675e+01
7.144693e+01
2.517872e+02
1.521448e+02
1.440002e+02
1.667843e+02
5.509745e+01
-1.123891e+02
1.274536e+02
2.034240e+01
4.587989e+01
-1.260742e+02
-1.593212e+02
1.002357e+01
-9.199780e+01
2.390680e+02
3.451354e+01
4.991016e+01
-8.661395e+01
3.146723e+01
-8.019485e+00
2.830126e+01
1.317853e+02
1.342261e+02
4.187002e+01
-1.661022e+01
-8.581409e+00
1.800011e+01
2.113294e+01
3.005949e+00
4.122590e+01
1.143637e+01
4.617958e+01
5.327333e+01
7.306615e+01
-3.741649e+01
4.404407e+01
3.514546e+01
3.662866e+01
8.326298e+01
5.906136e+01
-2.895537e+01
6.796402e+01
7.956302e+00
5.385723e+01
5.023860e+00
6.297204e+01
-6.824870e+00
1.460079e+01
-4.162423e+01
-2.569890e+01
-2.572697e+01
1.289787e+01
-1.209521e+01
-4.275279e+01
-1.545952e+00
-3.678963e+01
5.171784e+01
3.429137e+00
-1.948975e+00
2.893534e+00
-2.990356e-01
9.584671e-01
-1.707018e-01
-2.250603e-01
-7.519588e-01
-8.138125e-01
-9.732893e-02
-5.550812e-01
-5.677513e-02
-2.401406e-01
1.709740e-01
1.228651e-01
1.826112e-02
-1.112696e-01
4.992084e-02
-9.216608e-02
-9.642433e-02
1.009647e-04
2.878511e-02
4.633585e-02
8.919075e-02
-4.558557e-02
7.968387e-02
6.671747e-02
-3.128354e-02
-1.199461e-01
-9.214181e-02
