-1.763357e+00
1.556035e+00
-9.903592e-01
5.575111e+01
1.832826e+02
-5.867782e+00
3.551510e-04
-5.467266e+04
1.305830e+05
5.073904e+04
-1.984865e+04
-1.281617e+05
-1.589399e+05
2.969820e+04
1.083310e+05
-6.548240e+04
5.326180e+04
-3.994040e+04
2.411187e+04
4.633024e+04
-8.178353e+03
-1.367323e+05
8.469905e+04
2.556483e+04
3.312965e+04
-5.329020e+04
7.013150e+04
-2.086061e+04
-1.111800e+04
2.556217e+04
-2.953571e+03
4.279078e+04
-1.170131e+04
-1.415666e+04
-1.992642e+04
1.553854e+04
2.440751e+04
-5.788939e+03
-4.088644e+04
3.664385e+03
-7.645602e+03
-2.505606e+03
-6.641635e+02
-8.696462e+03
1.954763e+04
-2.182875e+04
-9.823521e+03
-5.624616e+03
-1.025888e+02
3.942528e+03
6.673218e+03
1.043124e+04
-2.797162e+03
5.318522e+03
6.313474e+02
7.954714e+03
-3.909433e+03
6.926392e+03
2.229618e+03
-3.077248e+03
-5.101666e+03
4.678890e+03
2.247846e+03
-2.051775e+03
4.538705e+03
-1.934843e+03
-2.606295e+03
-4.436994e+02
-1.632926e+03
3.181335e+02
4.373863e+03
2.656428e+03
7.415963e+02
-2.995542e+03
-3.376784e+03
-4.870652e-02
-5.667593e+02
-5.849666e+02
-2.737817e+03
-2.077273e+03
-2.338281e+02
-1.022373e+03
1.322415e+03
4.008549e+02
3.120923e+03
-1.159646e+03
-2.118845e+03
-7.616920e+02
-1.845309e+02
1.388749e+03
-4.714882e+02
-1.189305e+03
1.363248e+03
-6.251915e+01
-2.415895e+02
-9.741384e+02
7.281993e+02
1.816429e+02
-3.340060e+02
-7.308491e+02
-5.905259e+02
1.319945e+02
1.509650e+03
-4.303641e+02
6.993922e+02
-1.590126e+03
-3.269704e+02
-4.106341e+02
8.612350e+02
8.102208e+02
-1.824458e+02
5.054201e+02
-3.115070e+02
9.555303e+02
-8.387567e+02
-2.351534e+02
-1.536204e+02
1.502073e+02
-6.151718e+00
4.643536e+02
-4.739806e+01
1.390457e+02
-3.806555e+02
3.181735e+02
2.872676e+02
-1.744299e+02
2.229030e+02
-4.278370e+02
2.869070e+02
5.082719e+02
1.259600e+02
4.510204e+02
1.898472e+02
3.602845e+02
-8.130939e+01
-7.778893e+01
2.956615e+02
8.869693e+01
-1.545803e+01
-3.072336e+01
6.872089e+01
-1.948364e+02
-3.004074e+02
-4.510695e+01
-1.282583e+02
1.313385e+02
-9.074862e+01
-1.541968e+02
-8.051680e+01
-1.262935e+02
2.375033e+02
-3.789976e+01
6.052345e+01
3.413752e+01
-1.775650e+02
1.877257e+02
2.191796e+02
2.202516e+02
2.432870e+02
-1.294642e+02
1.156018e+02
1.448812e+02
2.843068e+01
1.477354e+02
-4.190022e+01
-7.596991e+01
5.995806e+00
7.917022e+01
-1.429191e+02
-4.070681e+01
1.513147e+01
7.335062e+01
-5.548510e+01
3.758428e+01
-1.703358e+02
-4.879551e+01
5.700042e+01
5.521401e+01
-8.738378e+01
-1.077180e+02
-1.103873e+02
-5.394457e+01
7.630082e+01
5.733067e+01
7.680334e+01
-6.800179e+01
6.882383e+01
-1.142156e+01
-6.316034e+01
-4.937981e+01
3.939325e+01
-7.265640e+00
-1.698341e+01
5.164461e+01
-2.422402e+01
1.556083e+01
2.982998e+01
-2.563837e-01
-8.955361e+00
-1.448100e+00
2.979530e+01
1.013990e+01
-1.543439e+01
1.169677e+01
4.103294e+00
1.940165e+01
7.329724e-01
4.883973e-03
-3.889797e-01
-6.510144e-01
-1.634903e-01
2.587181e-01
-5.567560e-01
-3.926481e-01
-6.529931e-02
-1.815114e-01
1.010513e-01
-2.354041e-01
-1.757685e-01
-1.132345e-01
-8.825610e-02
4.496260e-02
-2.984774e-02
3.938117e-02
6.021269e-02
-1.059623e-01
-1.424695e-01
3.575122e-02
-5.333848e-02
-1.607574e-01
-1.928871e-01
-7.745437e-02
-3.651585e-02
-3.574355e-02
3.218400e-03
