-9.886355e-02
-1.142749e+00
1.609379e-01
5.660444e+01
1.734151e+02
-1.701236e+01
3.558735e-04
-2.598859e+05
-7.162852e+04
4.646638e+05
-8.195983e+04
3.222072e+04
-3.288498e+05
-7.891130e+04
1.557848e+05
-2.854762e+05
1.475839e+05
-301825
6.068564e+04
-2.082054e+05
-9.401562e+03
-3.740205e+03
-6.121108e+04
1.839139e+04
-1.517955e+04
-6.621459e+04
1.811757e+04
-1.190986e+04
-7.718023e+03
9.073610e+03
-2.089818e+04
1.870156e+04
6.058167e+02
-6.286041e+04
-3.163952e+04
-2.593233e+04
3.440671e+04
1.538469e+04
9.711973e+03
9.765677e+03
4.609491e+04
3.204812e+04
-8.541348e+03
-3.963271e+04
1.680994e+04
2.307123e+04
-1.283265e+04
-1.647635e+04
1.438542e+04
-8.880568e+03
2.432974e+04
3.616257e+03
1.831481e+04
4.171935e+03
-2.665458e+04
3.125760e+03
6.059388e+03
5.454282e+03
-1.190000e+04
-4.725192e+03
3.464414e+02
-2.445618e+03
-8.315364e+03
7.804569e+03
-4.575191e+02
2.803260e+03
-2.386731e+03
2.167968e+03
-3.950171e+03
1.002528e+04
1.666575e+03
6.286498e+03
2.731275e+03
-1.909285e+03
-6.696965e+01
4.388605e+03
2.807936e+03
4.187399e+03
-5.353774e+03
-4.097897e+03
-1.572381e+03
2.750027e+03
1.335927e+03
-5.662419e+02
5.957641e+03
5.411721e+03
-3.688599e+03
-3.649470e+03
2.419630e+03
1.813304e+02
2.578534e+03
-1.131723e+03
3.914769e+03
1.056304e+03
-7.458770e+02
5.565923e+02
8.901741e+02
1.903424e+03
6.507874e+02
-1.279808e+03
7.729094e+02
-1.094576e+02
-1.361562e+03
-1.313946e+03
-5.687181e+02
8.322827e+02
1.207702e+03
1.613340e+03
4.446759e+02
9.901252e+02
-1.061618e+03
1.570796e+03
1.244192e+02
1.088272e+03
8.311533e+02
-2.768444e+02
-1.002948e+03
-1.946627e+02
-9.305552e+02
2.620541e+02
-2.794231e+02
-1.973753e+01
-1.133179e+03
5.343474e+02
3.089284e+02
1.535527e+02
-8.106312e+02
1.766768e+02
-1.585387e+02
2.936169e+02
3.993774e+02
4.939178e+02
-1.065743e+02
4.567141e+02
-2.691930e+02
1.240550e+02
4.871849e+02
3.253022e+01
-2.669030e+01
9.264172e+00
-4.044331e+02
-2.486684e+02
-2.629465e+01
-5.328919e+02
-5.753719e+02
4.160913e+02
9.421196e+01
2.547598e+02
1.083602e+01
6.895316e+02
3.383394e+00
4.584682e+01
8.668556e+01
4.862332e+02
-7.704852e+01
-9.493035e+01
2.666848e+01
2.693051e+02
3.136415e+01
-2.965198e+02
-1.044795e+02
-1.547008e+02
3.219409e+02
-1.866867e+02
1.589343e+02
-1.162397e+02
-1.480260e+02
2.631506e+01
-8.432191e+00
2.166563e+01
7.080263e+01
9.697684e+01
-2.282914e+02
3.793526e+00
1.510423e+02
-1.123448e+01
1.110360e+01
-6.688816e+01
-7.379539e+01
1.457803e+01
8.454606e+01
2.092436e+02
8.170405e+00
8.872961e+01
1.944297e+01
-3.833508e+01
1.283121e+02
-1.963810e+01
7.305052e+01
-3.752179e+01
-1.268419e+01
4.172018e+01
2.689025e+01
5.615844e+01
-5.085359e+01
6.129682e+00
-1.134269e+02
-9.610756e+01
3.142695e+01
2.993325e+01
5.308204e+01
-7.674800e+01
-2.349106e+01
-7.985474e+01
4.888762e+01
2.796034e+01
-1.018317e+00
2.374714e+00
-1.213840e+00
-7.242886e-01
-3.397264e-01
1.551846e-01
-2.622107e-01
-9.463993e-01
2.123879e-01
-1.139440e+00
-7.534757e-02
-6.965588e-01
2.956174e-01
-1.793608e-01
-1.335048e-01
5.048363e-01
2.648626e-02
4.435699e-02
7.573975e-02
-2.171234e-01
-7.061613e-02
-2.422154e-01
-4.188309e-02
-3.277952e-01
-2.530729e-01
-1.234334e-01
2.363584e-01
-1.276258e-01
3.344568e-02
