-7.201788e-01
3.735712e-01
2.375021e-01
5.546667e+01
2.192819e+02
-1.846030e+01
3.556728e-04
-2.015265e+05
-2.795355e+04
655245
2.158730e+05
9.545033e+04
-4.804214e+03
-1.051120e+05
2.218027e+05
-9.345339e+04
1.335698e+05
1.043159e+05
-7.296348e+04
-7.651828e+04
1.328229e+04
-6.439117e+04
2.590417e+04
-3.993162e+04
1.054874e+04
-1.091910e+05
2.740509e+04
-3.896042e+03
8.504622e+03
4.972563e+04
-6.572888e+04
1.895400e+04
5.360173e+04
-2.810293e+04
1.211400e+04
2.653594e+04
5.443019e+04
1.936549e+04
-4.153742e+04
-2.676518e+03
8.053599e+03
1.006567e+04
-2.636812e+04
-4.839908e+03
2.066791e+04
-9.398366e+03
-2.096360e+04
1.030450e+04
-5.458872e+03
-7.082104e+02
7.946749e+03
1.960422e+04
5.533606e+03
1.942677e+03
-9.583253e+03
1.270921e+04
-5.496288e+02
9.117772e+03
-8.001608e+03
-1.172956e+04
-1.094754e+04
3.119304e+03
-1.185342e+03
-7.508101e+03
3.080641e+03
-3.996768e+03
1.886686e+03
2.695184e+03
-1.572138e+03
4.922052e+03
7.182065e+03
6.019217e+03
-1.368572e+03
-1.085195e+02
-1.302994e+03
-7.127291e+01
3.923169e+03
4.902403e+01
-4.951318e+03
-8.965460e+02
-2.025883e+02
2.058002e+02
-1.084572e+03
1.671874e+03
3.073563e+03
2.250628e+03
-2.854958e+03
1.148171e+03
9.494616e+01
-2.400331e+03
1.327074e+03
-1.072123e+03
3.836353e+03
2.410892e+03
2.886028e+02
-4.027701e+02
1.302316e+03
-1.277050e+02
-9.928653e+02
-1.478288e+02
-7.776313e+02
-1.055833e+03
-1.185901e+02
-2.168249e+03
1.130589e+03
-8.246819e+02
9.520462e+02
3.566343e+02
1.089503e+03
1.155470e+03
-3.802373e+02
2.814674e+03
-1.459287e+02
1.863534e+03
-4.994592e+02
-1.444105e+03
-7.803958e+02
-1.058585e+02
-1.830724e+02
4.105144e+02
-7.705956e+01
-6.211661e+01
-6.652653e+02
1.439891e+03
7.598256e+02
-4.199842e+02
-9.103427e+01
-1.184534e+02
5.975446e+02
-4.950854e+01
3.819499e+02
1.815318e+02
-9.573392e+01
-3.458862e+01
1.749621e+01
3.634708e+01
7.266860e+02
3.813023e+02
-1.539616e+02
2.957229e+02
5.441226e+01
-4.150464e+02
-1.774442e+02
-4.038972e+01
-2.209659e+02
3.128780e+02
-2.373836e+02
-4.744483e+01
1.438600e+02
-5.323797e+01
2.213049e+02
-2.613530e+00
4.384359e+01
2.850569e+02
-2.053541e+02
4.211234e+00
1.595913e+02
2.440795e+02
-2.443629e+02
7.206681e+01
3.613095e+02
3.893116e+01
7.395221e+01
1.306303e+02
-4.382168e+01
-2.003376e+01
-1.245518e+01
4.243827e+01
-1.606022e+02
6.647065e+01
4.694479e+01
1.093003e+02
8.859415e+00
9.700764e+01
-1.017962e+02
-7.098189e+00
-9.545539e+00
7.779501e+01
-5.817583e+01
-2.095777e+02
-1.007233e+02
3.287938e+01
2.652486e+01
3.321507e+01
9.150210e+00
-5.565768e+00
8.628986e+01
-2.038826e+01
-6.435226e+01
-2.140732e+01
3.059466e+01
3.894279e+01
4.112618e+01
1.342891e+01
-2.514353e+01
-4.577582e+01
-6.465991e+00
-4.259842e+01
2.687901e+00
5.623257e+01
2.398565e+01
-6.566314e+01
-6.897520e+01
-2.085377e+00
2.783204e+01
3.770443e+01
1.090408e+00
-1.238937e+00
9.742770e-01
-3.668212e-01
-1.746356e-01
-1.101594e-01
-5.245265e-01
1.484165e-01
-7.464201e-02
-3.550768e-01
2.500033e-02
-8.441644e-01
3.790010e-02
-4.998162e-02
7.440891e-02
2.816635e-01
-1.117808e-01
1.451536e-01
1.607179e-01
-2.974146e-01
1.996238e-01
4.678582e-02
-3.137871e-04
-1.266288e-01
-2.253995e-01
-6.734933e-02
6.081649e-02
-1.411214e-01
-8.946844e-02
