1.290900e-01
-1.143537e+00
1.178981e-01
5.148444e+01
1.663907e+02
-1.719744e+01
3.471392e-04
-3.412436e+04
-1.714584e+05
-2.708599e+05
-1.814875e+05
-3.245408e+02
-6.364141e+04
1.272515e+04
-2.256259e+04
-3.842113e+04
-7.588538e+04
-9.529440e+04
1.373868e+05
1.005420e+04
-1.297288e+04
2.279269e+04
4.391340e+03
-2.204646e+03
1.617559e+04
2.185789e+04
-1.483839e+04
-1.461880e+04
-1.799742e+04
-6.165282e+03
-2.619317e+04
-1.682205e+04
6.241107e+03
-1.326415e+04
1.109393e+04
5.172914e+03
3.071558e+03
-1.833987e+04
9.978673e+03
1.975113e+03
-4.627957e+02
-4.233256e+03
-5.454417e+03
5.497853e+03
4.000439e+03
4.648963e+03
1.183316e+04
5.132991e+03
6.025427e+03
4.354374e+03
5.431251e+01
-6.742629e+03
-4.406082e+03
2.913812e+03
-5.472891e+02
-9.292626e+02
2.392383e+03
3.072762e+03
1.405366e+03
-3.502520e+03
-6.133332e+03
7.004231e+02
-8.853900e+02
-3.271103e+02
3.188074e+03
5.174133e+03
1.098340e+03
1.465017e+03
-2.109109e+03
3.839896e+03
-5.877501e+01
1.135183e+03
-6.003771e+02
1.143379e+03
1.371443e+03
-3.839959e+02
6.381911e+02
4.142141e+02
-2.663869e+03
-1.102310e+03
1.895451e+03
-1.940953e+03
-1.068732e+03
-1.490831e+02
1.773216e+03
1.819634e+03
4.706065e+02
-8.546280e+02
-6.617933e+02
3.312038e+02
-9.165128e+01
1.013205e+03
7.937068e+02
1.451374e+03
-1.307583e+03
8.539072e+02
1.255205e+03
-2.977453e+02
-3.000432e+02
-1.590294e+03
3.240203e+01
2.540422e+01
4.835170e+02
-4.989129e+02
-5.792374e+02
-7.428437e+01
9.533604e+02
9.218094e+02
4.161509e+02
7.403932e+02
3.042490e+02
-1.120089e+02
-1.874954e+02
7.620759e+02
2.854461e+02
1.939053e+02
-1.936129e+02
-1.734358e+02
-4.606764e+02
2.824758e+02
8.866267e+01
-5.581157e+01
-1.245336e+02
-3.196783e+02
1.040685e+02
-2.718301e+02
6.579584e+01
2.824385e+02
-4.750706e+02
-1.427207e+02
2.195232e+02
4.291736e+02
3.099032e+01
2.900652e+02
-2.182431e+02
-2.175760e+02
1.286432e+02
-2.268818e+02
-2.026488e+02
-4.504254e+01
-2.523740e+02
8.073061e+01
1.443390e+02
-2.420756e+01
3.004458e+01
7.579800e+01
1.826099e+00
-1.635624e+02
5.689537e+01
2.485948e+02
1.301898e+02
1.443881e+02
5.578299e+01
-5.898066e+01
5.911703e+01
-1.110042e+02
3.521676e+01
5.530362e+01
-1.434570e+01
-5.345095e+01
-6.524142e+01
-4.783400e+01
1.268302e+02
-3.796102e+01
-1.565115e+02
-4.888026e+01
-6.983964e+00
8.480576e+01
4.211828e+01
8.037940e+00
3.120410e+01
1.033298e+02
8.867885e+00
7.268062e+01
5.223432e+01
-6.512928e+01
7.238225e+01
2.727882e+01
-8.196562e+01
9.723190e+01
5.922193e+01
5.776619e+01
-7.081106e+00
5.976569e+01
8.728945e+01
-3.689516e+01
3.009758e+01
1.042052e+02
-1.475846e+01
6.220838e+01
1.415825e+01
4.018169e+01
4.815904e+00
4.043737e+00
9.819836e+00
2.911217e+01
3.596481e+01
-8.065021e+00
-1.314232e+01
2.561245e-01
-6.047781e+00
-3.641112e+01
1.413894e+00
1.853400e+01
2.694113e+01
1.142983e+01
-8.141304e-01
2.102057e+00
-9.319830e-01
6.124151e-01
-2.251161e-02
2.290205e-01
-1.707533e-01
-1.334419e-01
7.367986e-02
-5.992881e-01
2.556000e-01
3.493754e-01
1.500735e-01
-9.299635e-03
3.949339e-02
-2.271083e-01
-1.202892e-02
-8.276438e-03
-2.514295e-02
2.222854e-01
-3.000874e-02
9.840289e-02
9.928386e-02
-8.196064e-02
1.652215e-01
5.037890e-02
-1.225693e-01
-1.089168e-01
-1.379032e-02
