-1.837473e-03
-9.513522e-01
-3.659009e-01
5.034667e+01
1.701675e+02
-1.866262e+01
3.422047e-04
-1.304310e+05
-3.166251e+05
7.465076e+04
6.128659e+04
5.784845e+04
4.163240e+04
-3.009542e+04
-2.173877e+04
-1.838870e+05
-7.856762e+04
-1.266406e+04
8.736618e+04
-1.477709e+04
-1.743063e+04
-1.455197e+03
1.278234e+04
1.896783e+03
3.924247e+04
1.926966e+04
2.393338e+03
-1.878309e+03
-3.399768e+04
3.954579e+03
-4.434333e+04
2.783938e+04
-2.093283e+04
-4.064882e+04
1.035800e+04
1.189179e+04
-1.387172e+04
4.872329e+03
4.613842e+03
4.338892e+03
1.672672e+04
-1.205351e+03
-6.271171e+03
-1.284135e+03
6.611791e+03
-1.073143e+04
4.833332e+03
4.080073e+03
5.767334e+02
2.174360e+03
5.817728e+03
-3.078930e+03
1.607103e+03
-8.360734e+03
-7.931126e+03
6.966389e+03
4.864339e+01
6.670643e+03
-4.850642e+02
-1.425830e+04
-1.718768e+03
-1.172716e+02
-1.894769e+03
-3.258579e+03
-9.193234e+02
4.447741e+03
3.811783e+03
3.916537e+03
-3.516055e+03
2.895108e+03
-2.588621e+02
3.113882e+02
7.232636e+02
9.579745e+02
1.847415e+03
1.396335e+03
1.959169e+03
7.810808e+02
-5.131302e+03
-8.545128e+02
-7.681115e+02
7.665302e+02
-8.686387e+02
2.303357e+03
2.885198e+03
2.097077e+03
-1.329807e+03
-5.552312e+02
-7.929042e+02
6.775506e+02
9.313813e+01
4.927780e+02
1.360412e+03
1.723845e+03
-1.705133e+03
7.516931e+02
1.552559e+03
7.956130e+02
3.505701e+02
1.058659e+02
-5.898986e+02
-6.508250e+02
3.149540e+02
-6.369263e+02
4.680061e+02
-4.394579e+02
1.450381e+03
2.876239e+02
4.201721e+02
1.509835e+03
-3.973898e+02
1.226761e+03
4.808182e+01
7.522489e+02
9.299157e+01
-2.523708e+01
6.110815e+01
-3.000997e+02
-1.268760e+02
4.380600e+02
8.574206e+01
2.297827e+02
-5.683085e+02
3.653760e+02
1.552533e+02
-2.825454e+02
-9.914105e+01
5.768003e+01
-1.043386e+02
-4.310412e+02
3.402960e+02
2.566505e+02
-7.010065e+01
2.322816e+02
-3.383675e+02
1.320555e+02
4.099307e+02
-2.837158e+02
8.204134e+01
1.323059e+02
-1.061500e+02
1.635400e+02
5.159287e-01
6.815437e+01
-1.304739e+02
1.207984e+02
2.703402e+02
-2.377237e+02
6.182462e+01
2.586115e+02
1.291918e+02
2.025121e+02
1.636369e+02
-1.476991e+02
-6.274048e+01
-3.471520e+00
-2.917738e+01
2.868425e+01
-6.590659e+01
-1.523079e+02
6.844593e+01
-4.740407e+00
1.386582e+02
-7.692881e+01
2.538684e+01
-4.135452e+01
2.801826e+01
4.657391e+01
1.554779e+00
8.005507e+01
9.862183e+01
5.059916e+01
5.698486e+00
4.992304e+01
2.744035e+01
-4.988699e+01
1.926756e+01
3.856079e+01
-1.173959e+01
6.619327e+01
3.945851e+01
6.105793e+01
-2.657150e+01
8.549099e+00
6.654471e+01
-5.697977e+00
7.233464e+01
-6.182973e-01
-4.827317e+01
4.590848e+01
2.081265e+01
1.050562e+01
-6.565215e+01
2.162803e+01
-1.028749e+01
1.485501e+01
-5.274631e+01
-1.952247e+00
-2.152734e+00
1.611005e+01
-7.557849e+00
-5.057653e+01
1.324284e+00
-2.860091e+01
4.351748e+01
2.959991e+01
-1.970233e+00
3.223074e+00
-6.531250e-01
1.025330e+00
-3.620268e-02
-6.991117e-02
-1.853695e-01
-7.053871e-01
-9.494031e-02
-4.948860e-01
3.036660e-02
-3.013030e-01
-4.523869e-03
9.631299e-02
4.366754e-02
-1.443405e-02
3.975273e-02
2.792143e-02
-1.766776e-02
-2.917637e-02
-3.085339e-02
1.656042e-01
1.797907e-02
-5.051074e-02
4.894491e-02
5.643554e-02
-8.354342e-02
-1.054567e-01
-6.116476e-02
