-2.148585e-01
6.736290e-01
-1.459511e-01
4.693333e+01
1.866452e+02
-2.031194e+01
3.238871e-04
-3.681334e+05
-3.312176e+04
4.239988e+05
-5.487289e+05
1.605078e+05
-3.833439e+04
-5.185861e+04
1.004658e+05
-2.261342e+05
2.566961e+04
4.153614e+03
1.605158e+05
2.288473e+04
5.044225e+04
7.250498e+04
-9.369752e+04
6.022428e+04
-7.260348e+03
-1.858790e+04
-3.102356e+04
1.299691e+04
4.283857e+04
1.306884e+04
-4.788231e+04
-3.054980e+04
-2.626991e+04
-2.945263e+04
-1.746986e+04
8.569610e+02
2.815303e+04
-3.025129e+04
3.391069e+04
7.390985e+03
2.638410e+04
-2.918608e+04
-5.510968e+03
-1.959291e+04
-7.124557e+03
6.966353e+03
1.380264e+04
1.874888e+04
-1.765759e+04
-3.726704e+03
1.314220e+04
-3.335073e+03
4.213967e+03
-2.886406e+03
-6.227509e+02
2.163310e+03
5.897408e+03
2.795462e+03
-1.714627e+02
-9.187783e+03
-9.460745e+03
2.667311e+03
-7.745341e+03
1.898474e+03
-6.552508e+03
2.434266e+03
-4.008016e+02
1.487942e+04
-1.624558e+03
4.101916e+03
-1.497101e+03
5.489017e+03
6.061125e+03
1.535269e+03
-6.118536e+02
-1.612108e+03
1.678074e+03
-3.367618e+03
-3.981452e+03
7.309257e+02
-2.958665e+03
5.008241e+01
-2.290476e+03
1.561496e+03
5.027247e+02
1.869888e+03
-2.789843e+03
1.468185e+03
1.077375e+03
-1.369802e+03
1.997030e+03
2.001323e+03
2.645537e+03
1.485417e+03
1.227327e+03
6.002794e+01
3.296408e+03
-8.104072e+02
-3.153030e+02
7.797552e+01
-5.574276e+02
-1.058768e+03
-2.622674e+01
-1.778490e+03
6.429939e+02
-8.087126e+02
4.421606e+02
1.165263e+03
2.302918e+03
1.948619e+03
1.649068e+03
9.507562e+02
-1.908116e+02
1.056552e+01
7.111802e+02
-1.964000e+01
-3.263145e+02
-1.111744e+03
-1.296956e+03
5.508233e+02
6.902317e+02
6.969910e+02
-3.246823e+02
5.786565e+01
7.694353e+02
-5.642587e+02
-2.374524e+02
-8.289991e+01
-3.047130e+02
-2.940988e+02
-8.359299e+01
1.944358e+02
-7.426273e+02
-8.746867e+01
-3.955959e+02
-3.462846e+02
-6.433355e+01
-1.711089e+02
-1.146777e+02
-1.164927e+02
-2.661854e+02
-4.802987e+01
4.853416e+01
3.399958e+02
-2.675782e+02
-1.190298e+02
-2.997665e+01
1.604980e+00
-2.242912e+02
2.526712e+02
4.192578e+02
2.139292e+02
-3.583801e+02
-1.185680e+01
5.785743e+01
8.860711e+01
-8.217829e+01
2.970786e+02
-1.551303e+02
-2.004275e+02
3.231039e+02
-1.698701e+02
9.732621e-01
-2.387719e+02
-3.858773e+02
9.590690e+00
2.100646e+00
1.553445e+02
-3.739559e+02
5.732568e+00
7.608099e+01
6.303554e+01
2.443985e+02
8.987081e+01
1.371288e+01
-1.170061e+02
1.062486e+02
5.223001e+01
-9.897137e+01
1.055522e+01
4.053100e+01
8.738113e+01
-8.292300e+01
-7.287342e+01
5.889331e+01
1.489205e+01
1.275178e+02
1.274370e+02
-1.902057e+02
6.855783e-01
2.121327e+01
5.226703e+01
1.775401e+01
-6.429599e+01
1.359217e+01
-7.417130e+00
-4.630640e+01
3.453591e+01
-3.077416e+01
2.217892e+01
-5.186763e+00
-1.018985e+02
-1.554644e+00
-3.355698e+01
4.464319e+00
3.189835e+01
-2.688439e+00
-1.499852e+00
-5.737979e-01
-9.969952e-01
2.502242e-01
-4.704598e-01
-6.038220e-01
4.185995e-01
-3.923549e-02
7.479025e-02
1.188957e+00
-1.588670e-01
-2.512066e-01
-2.217547e-01
6.690504e-01
2.749156e-01
-1.484321e-01
-2.618592e-03
-1.223941e-01
1.355701e-01
-8.485422e-03
1.514458e-01
-1.183558e-01
-2.483593e-01
2.125337e-01
9.183006e-02
7.932906e-03
-4.241095e-02
7.987097e-02
