2.433120e-01
1.317927e-01
-2.502983e-02
3.584000e+01
1.491739e+02
-3.116473e+01
3.636367e-04
-1.862304e+04
2.292145e+05
-2.881144e+05
-3.351928e+05
-2.173151e+05
-4.737543e+04
5.228500e+03
2.566478e+03
-1.061431e+05
-5.221556e+03
-1.594199e+04
2.174451e+05
-6.776914e+04
-6.328063e+04
-5.664730e+03
2.178825e+04
-2.536830e+04
-3.139339e+04
3.366473e+04
1.493866e+03
2.105341e+04
-4.564266e+04
-8.385473e+04
3.443872e+04
-3.462920e+04
-3.132065e+04
1.492944e+03
-3.425137e+04
-1.602957e+04
-1.742926e+04
-2.798185e+03
2.282756e+04
-6.520301e+03
-1.604068e+04
-1.118406e+04
1.578834e+04
-2.986842e+04
4.583815e+03
-4.988144e+03
1.711873e+04
5.146198e+03
-1.238588e+04
-3.591404e+03
-1.128960e+04
-3.511248e+03
-1.429687e+03
3.198885e+03
5.405383e+03
7.515822e+03
-1.177062e+03
1.028160e+04
3.996547e+03
6.343149e+01
-3.272083e+03
7.748636e+02
7.400102e+02
1.379409e+03
9.492172e+02
3.331481e+03
5.723778e+03
-2.670022e+02
-4.131539e+02
-1.756637e+02
1.854508e+03
2.790054e+03
3.708504e+03
-8.554869e+02
-1.549366e+03
-9.924796e+02
-1.985936e+03
1.331783e+03
-4.473271e+03
-2.503514e+03
5.284698e+02
4.472525e+02
-2.902060e+02
3.161504e+02
2.293397e+03
-1.154819e+03
-3.576043e+02
-7.001425e+02
5.164283e+01
2.682639e+03
-5.061777e+02
2.147913e+02
1.110500e+03
-3.250308e+02
-1.087202e+03
6.549119e+02
2.224355e+03
-9.916353e+02
6.130467e+02
5.018527e+02
-3.304541e+02
4.388882e+02
5.144689e+02
-3.110862e+02
-9.979591e+01
-1.007000e+03
5.443862e+00
7.396070e+02
6.731121e+02
4.352882e+02
4.657434e+02
-3.918685e+02
-7.224445e+02
-6.095921e+02
7.110833e+02
9.011606e+02
4.301068e+02
6.816758e+01
-1.158089e+02
1.714698e+02
-4.906408e+01
4.916212e+02
8.182565e+01
-3.322978e+02
1.145251e+02
1.049890e+02
3.912608e+02
4.344795e+02
-5.717152e+02
3.363802e+02
1.102238e+02
3.926498e+02
-1.785193e+02
2.522246e+02
1.601577e+02
-3.401412e+02
2.902049e+02
-2.890486e+02
2.142449e+02
-7.613859e+01
-2.213921e+02
3.226128e+02
1.343681e+02
1.440318e+02
7.986556e+01
-4.174819e+01
-1.964516e+02
-3.380187e+02
-1.390425e+02
9.772149e+00
5.907375e+01
2.485596e+02
4.416617e+01
-1.088932e+02
7.988227e+01
-1.426803e+02
1.312401e+01
-9.025658e+01
1.703905e+02
-6.541956e+01
-6.428603e+01
5.486818e+01
-6.789143e+01
-4.212381e+01
-1.995367e+02
2.797928e+01
-2.072937e+02
2.219203e+02
-6.276366e+01
-1.392432e+02
-1.773611e+01
3.942343e+01
7.476115e+00
3.644117e+01
-3.686868e+01
-1.318332e+02
5.478369e+01
-2.934877e+01
-8.937259e+01
8.936787e+01
1.196493e+01
-1.353911e+01
2.812408e+01
6.487674e+01
8.167976e+01
-1.427277e+02
-5.087456e+01
6.486251e+01
-5.852544e+01
-3.771850e+01
5.672305e+01
3.080229e+01
-4.843920e+01
-3.221049e+01
2.641925e+01
2.262079e+01
3.799681e+00
3.599506e+01
-2.987017e+01
-4.011296e+01
7.507504e+00
5.187773e+00
8.216077e+01
3.946870e+01
-1.052607e+01
6.567495e+00
-1.769568e-01
-2.364375e-01
-6.605346e-01
4.480970e-01
2.732545e-01
8.463624e-01
7.806858e-02
-2.559754e-01
2.000662e-02
-1.863734e-01
4.945118e-01
5.413578e-01
-7.922713e-02
-1.708751e-01
8.908751e-02
-1.135301e-01
-6.350195e-02
2.183179e-02
4.198978e-02
2.251337e-01
-1.438455e-01
1.232183e-01
-4.523275e-02
-8.877709e-02
8.049417e-02
9.266406e-02
-1.015537e-01
7.392004e-02
1.293653e-01
