-8.442166e-01
1.558508e+00
-8.223042e-01
5.432889e+01
1.791688e+02
-6.573719e+00
3.462162e-04
-8.157425e+04
1.315212e+05
-4.146193e+05
-5.045698e+05
-1.214334e+05
2.839623e+05
-8.950977e+04
4.769911e+04
-1.737101e+04
-3.914167e+04
-2.912270e+05
2.725970e+04
3.463558e+04
2.159799e+04
-9.737651e+03
2.700340e+04
5.375822e+04
9.236769e+02
-4.728939e+04
4.898114e+03
-5.657547e+04
-2.470166e+04
4.096039e+04
-1.259374e+05
-5.418453e+04
-4.349932e+03
-2.197870e+04
2.924084e+04
-1.349700e+03
4.469166e+04
-1.857415e+04
-9.691303e+03
5.806953e+03
-9.669888e+02
-4.312529e+04
-1.337646e+04
-1.923039e+03
1.344971e+04
7.348734e+03
3.594965e+04
1.251577e+04
-8.799331e+03
-1.049581e+04
2.218156e+03
4.779479e+03
-7.076827e+03
5.458733e+03
7.504698e+03
3.909912e+03
-8.480104e+03
3.215294e+03
-2.960771e+03
-1.299835e+03
-8.869049e+03
-5.001810e+02
3.214069e+03
-7.043818e+03
3.102036e+03
5.671309e+03
-4.910742e+02
9.691818e+03
-1.577114e+03
-1.728522e+03
3.555979e+03
4.314465e+03
3.704880e+03
-1.822360e+03
-1.906156e+03
1.026318e+03
2.678742e+03
4.221060e+02
-4.082713e+03
1.690645e-01
8.487354e+02
-3.441066e+03
-3.122509e+03
-4.536388e+03
1.084292e+03
6.356008e+02
2.372962e+02
1.974083e+03
5.981361e+02
-7.812753e+01
7.982674e+02
-4.207505e+02
2.001858e+03
6.970760e+02
-1.457459e+03
8.448431e+02
2.195496e+03
-1.083616e+03
-1.110667e+03
-5.839305e+02
-6.104000e+02
-7.174364e+02
-1.323262e+02
-1.053548e+03
-1.361657e+01
-3.055291e+02
4.400984e+02
5.378949e+02
1.518831e+03
1.733726e+03
2.089922e+03
-3.328383e+02
-7.824236e+02
-4.624537e+02
-9.560698e+02
1.527074e+02
-1.062057e+02
-9.093292e+02
-1.372632e+03
7.003533e+02
-2.108819e+02
-2.764220e+02
5.781458e+01
6.791608e+01
-2.532979e+02
-7.444402e+02
1.287950e+02
4.976232e+02
-2.961665e+01
-5.819453e+01
-1.756435e+02
6.421470e+02
-1.929917e+02
5.280844e+02
-4.916564e+01
-3.400291e+02
-1.244680e+02
-3.154745e+02
-2.109325e+02
-1.901425e+02
-1.007699e+00
-1.473611e+02
-1.588838e+01
3.753842e+02
1.124844e+02
1.705978e+02
-1.279145e+02
-2.997914e+02
-1.863159e+02
8.847634e+00
3.899261e+02
1.900407e+02
-1.214286e+02
9.977134e+01
-1.656669e+02
-1.375923e+02
2.029025e+02
3.067028e+02
-6.175833e+01
4.763339e+01
1.276445e+02
-8.552747e+01
-3.625777e+01
-1.104767e+02
-1.769615e+02
-1.654072e+02
-4.722705e-01
1.675081e+02
-2.516570e+02
-1.979863e+02
-1.405318e+02
1.781972e+02
2.061431e+02
1.349589e+01
1.539541e+00
-1.526297e+02
1.078225e+02
3.100092e-01
-1.120685e+02
6.711497e+01
6.062927e+01
-4.655575e+01
3.611499e+00
-1.105202e+01
1.123911e+02
-1.072792e+02
-4.664713e+01
1.098442e+02
-1.748932e+02
4.866977e+00
2.749961e+01
6.700977e+01
7.069270e+01
4.354662e+01
5.179387e+01
-3.724004e+01
1.515197e+00
-1.660103e+00
-6.634510e+01
-5.497771e+01
-1.591014e+01
5.100099e+00
2.380136e+01
-2.423547e+01
-1.798407e+01
-4.931173e+00
-1.638176e+00
-1.111586e+00
-2.718585e-01
-1.117183e+00
1.471344e-01
-4.399305e-01
-2.747003e-01
3.126956e-01
3.598547e-01
1.444582e-01
5.778521e-01
1.710851e-01
-1.540334e-01
-8.555396e-02
1.876605e-01
4.974131e-02
-5.503806e-02
3.728331e-02
4.162113e-02
2.525957e-02
1.244865e-01
-7.447422e-03
-1.372159e-01
-5.278914e-02
1.620155e-01
8.339050e-02
-6.130401e-02
1.338990e-01
1.124951e-01
