5.897832e-02
9.800523e-02
6.099132e-02
3.669333e+01
1.668039e+02
-2.676824e+01
3.470944e-04
1.332093e+05
-1.437206e+05
-1.745972e+05
2.979002e+05
-1.234343e+05
4.827669e+03
4.900931e+04
-4.986842e+04
-6.578230e+04
8.773784e+03
5.534060e+04
1.352208e+04
-1.835272e+04
-3.845453e+04
-5.300964e+04
7.686666e+04
-5.753489e+04
3.402976e+04
-1.509599e+03
-2.336944e+03
5.618875e+03
-4.706809e+04
-5.908619e+03
-7.815024e+03
-1.684655e+04
3.239878e+03
-1.556783e+04
1.200248e+04
-4.341947e+03
2.805777e+03
1.081373e+04
-3.584600e+03
-1.248636e+04
-1.677117e+04
1.289635e+04
-4.390690e+03
3.951549e+03
1.180280e+04
-1.326518e+04
-2.874585e+03
9.495449e+03
7.855784e+03
2.358325e+03
-5.389873e+03
-1.993383e+03
-2.060265e+03
-2.801425e+03
-4.343613e+03
6.139178e+03
-4.765777e+03
1.093620e+04
-1.704679e+03
-8.619761e+03
2.008686e+03
-9.433128e+02
-3.384819e+03
-6.106246e+03
5.360780e+03
3.086605e+03
4.627478e+03
-5.391917e+03
-3.481546e+03
7.518644e+02
3.027262e+03
-1.617002e+03
-6.056152e+03
7.393978e+02
1.578406e+03
2.779175e+03
3.288065e+03
3.104641e+03
-4.028534e+03
-5.335822e+02
2.646896e+03
8.388497e+02
2.271154e+03
1.044886e+03
3.388347e+03
2.936414e+02
-1.642235e+03
-3.280732e+02
-7.094964e+02
-1.483010e+02
-1.596976e+03
-6.717387e+02
5.156466e+02
9.364916e+02
-2.072947e+03
9.913716e+02
-2.573614e+02
9.821026e+01
4.195909e+02
7.284902e+02
-2.171778e+02
6.484988e+02
5.507708e+02
-7.896238e+02
4.755991e+02
-3.581569e+02
1.245556e+03
-4.276387e+02
-8.515756e+02
1.771724e+01
-9.508278e+02
3.762762e+02
-5.290784e+02
1.318397e+03
9.528217e+01
-1.130732e+02
-5.381700e+01
2.246957e+02
7.742129e+02
4.549905e+02
-5.228192e+02
-5.114736e+02
-3.714966e+02
5.702764e+02
-5.167951e+01
1.074049e+02
2.288215e+02
2.042160e+02
-3.120797e-01
7.322903e+01
1.773467e+02
6.257102e+02
7.610322e+02
2.059214e+02
2.175230e+01
1.999044e+02
2.446478e+02
-1.470473e+01
1.522763e+02
-2.483082e+01
3.686102e+01
2.500556e+02
-6.413699e+01
-2.008899e+00
1.275169e+02
5.304198e+01
5.512752e+01
-2.821545e+02
4.087823e+02
-7.318194e+01
-1.433603e+02
1.347283e+02
2.025496e+02
7.274034e+01
-2.608490e+02
-2.077194e+02
2.347035e+02
4.755657e+01
-1.258082e+02
-1.323764e+02
9.826318e+01
2.222005e+02
1.320588e+02
7.046173e+01
1.848265e+02
-4.217185e+01
4.146544e+00
2.321731e+00
1.864632e+02
9.633028e+01
1.018980e+02
2.902086e+01
-1.313797e+02
4.259878e+00
2.158228e+01
-1.052267e+02
-1.610405e+01
-1.413111e+01
-1.018007e+01
5.320634e+01
-2.272441e+01
6.163645e+01
1.658216e+01
6.775330e+01
5.789605e+01
-6.879951e+01
-1.072915e+02
-1.006605e+02
4.364956e+01
2.054912e+01
-9.278979e+00
-4.779627e+00
-2.398222e+01
7.559389e+01
3.646002e+01
-6.840710e+00
3.575948e+01
-3.286643e+01
-1.333813e+01
1.648969e+01
4.060703e+01
1.768453e+00
3.433243e+01
8.254358e+00
3.155996e+01
1.639516e+01
4.381356e-01
1.231362e+00
4.500179e-04
3.933088e-01
-3.705565e-01
3.949558e-02
5.478901e-01
-2.081624e-01
-4.432265e-01
-2.634034e-01
-4.532893e-01
-2.823609e-01
1.658948e-01
1.145054e-01
-3.656810e-01
-1.081406e-01
3.202383e-02
5.559385e-02
-2.702403e-02
-1.906172e-01
1.821743e-02
7.967130e-02
1.228573e-01
1.069738e-01
-1.378473e-01
1.422357e-02
-7.047279e-02
-1.497197e-01
-1.003428e-02
