-3.181136e-01
8.587689e-01
-9.101669e-02
5.262222e+01
2.022399e+02
-1.861904e+01
3.466518e-04
-1.885061e+05
-4.024760e+05
2.378203e+05
-1.494017e+05
5.407795e+04
1.007944e+04
-2.369272e+04
4.245113e+04
-1.711036e+05
-8.685992e+04
2.306769e+04
1.654508e+05
5.169034e+04
-1.189299e+04
-1.210322e+04
-6.017508e+04
-2.177137e+04
1.047410e+04
1.516181e+04
-1.737545e+04
-5.246165e+03
-4.110898e+03
9.261281e+03
-6.038968e+04
2.874270e+04
-5.764331e+04
-3.668014e+04
-3.057182e+04
-1.670153e+02
1.417146e+04
-1.204359e+04
3.729006e+04
8.817400e+02
2.241736e+03
-9.381090e+03
-7.658123e+03
-1.620368e+04
2.265215e+04
8.533794e+03
-3.823804e+03
8.500373e+03
-2.963428e+04
1.452090e+03
3.107735e+03
-1.332659e+04
8.244894e+03
-1.337953e+04
-4.112454e+03
2.183535e+03
5.268481e+03
9.634308e+03
6.458378e+02
-8.494389e+03
-3.516267e+03
7.711097e+03
-3.639692e+03
3.716628e+03
-5.827700e+03
3.679284e+03
-1.569704e+03
9.023904e+03
-4.877419e+03
3.318957e+03
7.518736e+02
1.466100e+02
1.635017e+03
2.204221e+03
5.077514e+02
1.230954e+03
1.479076e+03
3.933767e+02
-3.736801e+03
1.705839e+03
-3.586445e+03
1.267605e+03
-5.794737e+02
1.869716e+03
1.953329e+03
1.814120e+03
-1.060254e+03
-1.467265e+03
1.207350e+03
-7.857693e+02
1.600776e+02
1.568754e+03
2.624592e+03
-1.029607e+02
-1.162429e+02
4.395636e+02
1.640319e+03
-1.103479e+03
1.580234e+03
4.989376e+02
-2.056294e+02
7.309601e+02
6.840175e+02
-2.039636e+03
2.190759e+02
1.840770e+02
1.169304e+03
6.522997e+02
1.747187e+03
1.107182e+03
-2.778006e+02
1.634015e+03
3.872652e+01
5.988728e+02
2.953906e+02
3.378605e+02
-3.261205e+01
-7.311448e+02
-3.484305e+02
3.626068e+02
2.918011e+02
3.468111e+02
-2.280923e+02
-1.707421e+02
8.812981e+02
-5.294335e+02
-2.230853e+02
-1.045320e+02
-4.311701e+02
-5.165192e+02
2.094759e+02
3.092352e+02
2.403869e+00
1.361562e+01
-4.566567e+02
-7.220895e+01
6.034308e+02
-2.316689e+02
3.167395e+02
1.819803e+01
-1.062893e+02
3.651338e+02
-1.568381e+02
4.138493e+02
-4.978723e+02
2.737564e+01
4.872586e+02
-9.637574e+01
1.490204e+01
2.722756e+02
6.707512e+00
1.460609e+02
9.841626e+01
-1.201124e+02
-1.914891e+02
-8.049152e+00
-9.483444e+01
1.437455e+02
4.106036e+01
-2.920474e+02
1.364453e+02
1.444335e+02
4.304279e+01
-8.182382e+01
-4.499117e+01
-4.361388e+01
-5.051450e+01
1.503085e+02
-1.506151e+02
1.578757e+02
1.820524e+02
3.653326e+01
1.462168e+02
8.156501e+01
3.357351e+01
-1.021609e+02
-3.240305e+01
4.502301e+01
-6.123803e+01
3.439064e+01
-4.908190e+01
1.499570e+02
-7.396227e+01
-1.248617e+02
6.780988e+01
1.733440e+00
2.167768e+02
1.310173e+01
-1.165256e+02
-5.141557e+00
5.037757e+01
6.350284e+01
-9.719695e+01
7.355524e+00
-7.813513e-02
6.192833e+01
-4.722010e+01
-2.174939e+01
-5.179668e+01
-2.967590e+00
-8.988647e-01
-9.589464e+01
2.092757e+01
-2.574668e+01
6.652020e+01
3.402250e+01
-3.472827e+00
2.663889e+00
-1.028152e+00
1.107597e+00
5.026866e-01
-5.607395e-01
-1.452178e-01
-6.662729e-01
-1.471062e-01
-2.560842e-01
2.015568e-01
-4.144348e-01
9.368271e-02
8.930590e-03
9.670479e-02
-1.203953e-01
-9.199050e-03
-2.325413e-01
-1.843229e-01
-2.158316e-02
-5.354783e-02
1.897263e-01
-3.900366e-02
-2.388369e-01
2.193266e-01
1.239125e-01
-8.736627e-02
-8.102938e-02
4.245414e-02
