-2.762874e-01
-9.688141e-01
1.356002e-01
5.091555e+01
1.905283e+02
-1.972819e+01
3.513222e-04
-5.014184e+04
-8.613576e+04
-5.235570e+04
-2.330303e+04
-1.592172e+04
-8.215942e+04
-3.848005e+04
6.550152e+04
-8.141195e+04
-1.362603e+04
-6.679445e+04
3.634189e+04
-1.136059e+05
-2.913558e+04
-2.871599e+04
3.680642e+04
1.088064e+04
1.157822e+03
-2.661672e+04
-2.927061e+04
-2.852729e+04
-2.791204e+04
1.209392e+03
-1.188682e+03
-8.206906e+03
2.243341e+03
-1.554753e+04
4.263908e+03
-6.361022e+03
-1.591346e+03
1.084590e+03
-5.484225e+03
1.386669e+03
-5.552356e+03
7.824847e+03
-5.138798e+03
8.899419e+01
9.844282e+03
9.719934e+03
2.278588e+03
-4.678206e+03
4.733253e+03
-7.807936e+03
8.526661e+03
-4.971821e+03
1.812278e+03
9.984747e+02
-1.040432e+04
-2.930030e+03
5.076142e+02
5.790396e+03
-1.315861e+03
-2.736071e+03
-5.024058e+03
7.317928e+02
1.961473e+03
5.992876e+02
6.344270e+03
3.263950e+03
2.455303e+03
-1.008966e+03
-3.936803e+03
4.387846e+03
3.914878e+03
1.237731e+02
-2.540126e+03
1.190277e+02
-3.921159e+01
-2.168213e+02
2.348889e+03
3.752654e+03
-3.556798e+03
-1.385032e+03
2.239236e+03
-8.623138e+02
-7.087833e+02
1.549664e+03
2.226490e+03
2.501709e+03
-1.264433e+03
-8.447619e+02
-1.333835e+03
8.515227e+02
7.932588e+01
-3.907691e+02
5.766414e+02
1.220648e+03
-1.602161e+03
1.742451e+03
7.637405e+02
1.519546e+02
-1.116633e+02
-1.121548e+03
-2.824885e+02
2.017749e+02
3.744596e+02
3.153765e+02
-6.791534e+02
6.667789e+01
8.401063e+02
7.490775e+02
-3.549253e+02
3.358049e+02
6.212843e+01
2.066986e+02
-4.457105e+02
7.632120e+02
1.083131e+02
-2.633523e+02
-7.295582e+02
1.668205e+02
-5.559983e+01
2.242503e+02
-3.099009e+02
-8.572783e+01
-3.913459e+02
1.966006e+02
2.703217e+02
-6.776442e+01
-2.785092e+02
3.782355e+02
-1.540234e+02
-1.558086e+02
3.472371e+02
5.657985e+02
2.584478e+02
4.594736e+02
-7.430026e+01
2.781915e+01
1.832726e+02
3.676879e+01
5.465389e+01
-1.288988e+02
-1.392495e+01
7.271642e+00
-1.226083e+02
-8.611308e+01
-1.106649e+00
2.708495e+02
-9.165417e+01
-6.469345e+00
1.322719e+02
2.576012e+02
-3.213198e+00
5.805130e+01
1.535522e+01
1.182318e+02
6.928243e-02
-5.971579e+01
1.285811e+02
4.817429e+01
3.825969e+01
-8.425886e+01
-2.759633e+01
1.620971e+01
7.118204e+01
5.798215e+01
7.115733e+01
-6.178569e+01
-8.595290e+01
4.261462e+01
7.353471e+01
-4.699998e+01
1.300696e+01
7.208502e+01
-9.674397e+01
4.815374e+01
3.304517e+01
-6.653194e+01
1.371187e+01
5.475013e+00
-2.033665e+01
2.093936e+01
-2.433827e+01
2.397172e+01
-1.221845e+01
8.747343e+01
4.424085e+01
-5.200334e+01
-1.135660e+01
3.227180e+01
1.998098e+01
-1.156110e+01
-9.579412e+00
3.498630e+01
2.873426e+01
4.016860e+01
3.683416e+01
-1.323517e+01
6.062066e+00
-9.687405e+00
9.445800e+00
5.422392e+00
3.111878e+01
-1.764791e+01
6.616018e+00
-1.491362e+01
2.697227e+01
2.273293e+00
-2.415714e-01
2.335999e+00
2.852620e-01
-1.437609e-01
-1.634791e-01
-1.652298e-02
-2.325758e-01
-4.422773e-01
2.345055e-01
-7.631277e-01
-9.790593e-02
6.536372e-03
2.735611e-01
1.800846e-02
-4.377983e-02
3.551704e-02
5.724678e-02
8.255012e-02
4.468927e-02
-2.385790e-02
-8.901517e-02
-5.968663e-02
1.086383e-01
6.791818e-03
-2.480502e-02
2.912365e-03
2.780133e-02
-3.129480e-02
-5.913623e-03
