-4.996744e-01
6.716615e-01
-2.677119e-01
5.347556e+01
2.101639e+02
-1.965279e+01
3.469122e-04
-9.873272e+04
2.272625e+05
-3.976429e+04
5.122822e+04
8.799071e+04
9.650797e+04
-9.154659e+04
1.276132e+05
-4.093724e+04
-2.978717e+04
-1.055359e+05
4.478155e+04
-142306
-3.573465e+04
-4.697881e+04
1.056894e+05
2.154569e+04
2.550272e+04
-2.036096e+04
-1.596502e+04
2.378902e+04
-3.925759e+04
-4.526902e+02
-2.436512e+04
5.174571e+03
4.185905e+04
-1.854742e+04
3.545880e+04
-8.321331e+03
5.813545e+03
1.204806e+04
-2.273881e+04
-2.447291e+04
-1.761516e+04
4.696260e+03
-2.390161e+03
-1.373517e+04
2.194348e+04
-9.729218e+03
9.643845e+03
1.054785e+03
-7.871104e+03
-6.117214e+03
-3.931568e+03
4.587880e+03
1.333080e+04
6.472961e+03
-1.158528e+04
4.197298e+03
3.542622e+01
1.335465e+04
-7.082906e+03
-5.308665e+03
-8.782159e+03
3.756742e+03
7.756731e+03
-6.561779e+03
3.664866e+03
-1.085000e+03
5.734844e+03
3.930792e+03
-2.343826e+03
3.504562e+03
5.365972e+03
2.857710e+03
1.389646e+03
-9.810309e+02
-1.756572e+03
-1.388812e+03
3.098526e+03
1.883936e+03
-7.111037e+03
-2.281061e+03
-1.139622e+03
9.656142e+02
-2.413148e+03
1.612499e+03
1.832345e+03
1.063610e+03
-2.321216e+03
3.379479e+03
-7.718959e+02
9.505020e+02
-4.946566e+02
1.350709e+02
2.204667e+03
1.139490e+03
-1.105545e+03
1.809838e+03
2.879311e+03
6.743881e+02
-1.788172e+03
2.559875e+02
-1.811156e+03
1.878134e+02
-3.558955e+02
-4.746391e+01
1.121461e+03
-1.082404e+03
7.907534e+02
9.062674e+02
5.190223e+02
9.987924e+02
1.037782e+03
3.159728e+02
-4.571920e+02
4.739106e+02
1.387458e+02
-1.332612e+03
1.733796e+02
-2.992514e+00
-5.376506e+02
8.467964e+02
-2.336089e+02
2.312370e+02
-5.674213e+02
7.125717e+02
2.827346e+02
-2.860553e+02
1.016038e+01
1.924641e+02
4.551259e+02
1.293368e+02
2.581709e+02
3.151222e+02
9.139085e+01
2.949878e+02
-3.747163e+00
-1.847319e+02
5.669232e+02
1.189103e+02
-2.100478e+02
4.756027e+01
1.508250e+01
-3.143755e+02
-1.580682e+02
2.427912e+02
-7.118638e-01
2.385934e+02
-4.808459e+02
-2.217496e+02
8.413919e+01
1.585171e+01
1.283951e+02
2.863456e+02
-2.057578e+01
3.561024e+01
4.128642e+01
-1.478587e+02
1.329384e+02
3.420837e+01
-2.051954e+02
2.081727e+02
2.255426e+02
4.616741e+00
-7.232166e+01
1.319603e+02
4.731075e+00
-9.101969e+00
-2.317368e+01
1.780987e+02
-8.613506e+01
-9.265302e+01
8.794048e+01
6.495088e+01
3.022049e+01
8.460610e+01
-1.282922e+02
-5.733151e+01
-2.336514e+01
-4.915525e+01
-3.034943e+01
-3.343245e+00
4.824403e+01
-1.054679e+02
1.393749e+01
4.784104e+01
2.790453e+01
-8.346685e+01
-5.950661e+01
-1.566150e+01
-9.568026e+01
-2.577290e+01
9.072753e+00
-2.542300e+01
5.357710e+01
5.358336e+00
6.190010e+01
-2.693217e+01
1.977273e+01
4.280800e+01
-1.974428e+01
2.954124e+01
1.540299e+01
-4.331918e+00
3.465859e+01
2.473366e+01
-2.377242e+01
3.274102e+01
-1.380775e-01
-2.087103e+00
2.980158e-01
-9.975506e-02
8.782462e-02
-1.136763e-01
-3.303624e-01
-5.694639e-02
-4.076061e-01
-2.411189e-02
-7.923563e-02
7.701058e-02
1.352406e-01
-6.864298e-02
1.214999e-01
1.046404e-01
-4.967204e-03
4.339522e-02
-1.370553e-04
-1.384695e-01
3.360862e-02
3.950834e-02
-1.405642e-02
-1.121213e-01
-2.168556e-01
-1.374920e-02
8.472622e-02
3.875677e-02
2.448703e-03
