-3.859961e-01
-2.618850e-01
-1.136623e-01
4.608000e+01
2.022640e+02
-2.173265e+01
3.304837e-04
-5.563871e+03
-1.083842e+05
3.295962e+05
3.917759e+05
9.082607e+04
1.479346e+05
-1.210035e+05
8.056855e+04
8.349752e+04
8.014174e+04
7.460780e+04
-9.256576e+04
-3.233449e+04
-4.504305e+04
2.984676e+04
4.478814e+04
-7.255266e+04
5.172154e+04
-3.977734e+04
4.956582e+03
-2.804783e+04
-1.122919e+04
2.619649e+04
-4.955840e+04
-7.134939e+03
8.151652e+01
-2.807160e+04
5.476908e+04
2.669027e+04
1.026847e+04
1.577556e+04
-1.501142e+03
-1.759342e+04
1.406834e+04
1.205153e+04
-8.451201e+03
2.872207e+03
3.415860e+03
3.815789e+03
-7.697867e+03
6.848200e+03
-4.132323e+02
-2.975604e+03
7.032842e+03
1.449174e+03
3.444634e+03
5.448437e+03
-4.450742e+03
3.027426e+03
9.676624e+01
2.843029e+03
-7.939051e+03
-8.313103e+03
-4.694058e+02
-2.586600e+03
1.760663e+02
-4.675937e+03
1.773583e+03
1.585019e+03
9.881089e+02
-9.023705e+02
-2.750865e+03
2.201755e+03
4.844606e+03
1.131394e+03
-3.063575e+03
8.455067e+02
1.192147e+03
3.681958e+03
1.901068e+03
1.861805e+03
-5.404735e+03
-1.107928e+03
1.574478e+02
-5.508535e+02
-7.904430e+02
-3.785631e+02
1.010784e+03
2.941150e+03
-7.403893e+02
1.146208e+03
2.268523e+01
-1.448504e+03
-2.558303e+02
-4.581004e+02
1.149246e+03
1.261718e+03
-1.242608e+03
2.038901e+03
6.370789e+02
1.192738e+03
-6.004686e+02
5.233380e+02
-1.166598e+03
-3.965189e+02
-6.404957e+02
-3.524579e+02
3.237233e+02
-8.689860e+01
1.143250e+03
-2.985875e+02
1.370566e+02
5.524995e+02
-3.862152e+02
6.175354e+02
4.443491e+01
5.986625e+02
-5.813487e+02
-7.099277e+02
-3.747123e+02
2.276634e+02
-4.939724e+02
5.633864e+02
-4.252986e+02
-5.025848e+02
-4.954816e+02
7.519567e+02
-7.714379e+01
-1.563681e+02
-1.745938e+02
5.920204e+02
2.742216e+02
-2.960871e+02
2.550209e+02
2.476876e+02
4.655171e+02
2.136013e+02
2.691175e+00
6.526968e+01
2.135380e+02
-1.076956e+02
-1.975839e+02
1.688264e+02
9.174873e+01
-2.721924e+02
-8.399410e+01
1.175338e+01
1.031181e+01
4.602113e+01
-4.975806e+01
-6.510856e+00
2.403224e+02
5.766401e+01
9.867889e+01
-9.020061e+01
6.269506e+01
7.364458e+01
-1.148502e+02
-8.807708e+01
1.333358e+02
6.759996e+00
-2.344413e+02
9.496875e+01
1.551764e+02
-4.307251e+01
1.122892e+02
1.278575e+02
1.452264e+02
-8.524578e+01
-5.918286e+01
-2.363682e+01
-2.235404e+01
3.076857e+01
4.001323e+01
9.998854e+01
-1.185565e+01
-3.879123e+01
3.394257e+01
-7.404111e+01
-1.678888e+01
1.834706e+01
-4.900141e+01
4.736389e+01
4.497056e+01
3.707773e+01
-2.103809e+01
-4.442340e+00
5.236752e+00
-4.345537e+01
-2.124949e+01
2.006176e+00
4.387601e+01
4.145085e+01
-1.724662e+01
2.765408e+01
3.281433e+01
4.497152e+01
7.235950e+01
-3.898311e+01
-1.592059e+01
-1.705108e+01
-1.404560e+01
7.987563e+00
2.020812e+01
-2.326065e+01
-1.650327e+01
-2.963432e+01
3.463513e+01
5.989530e+00
1.657666e+00
8.835591e-02
5.430514e-01
-6.236693e-02
-5.782358e-02
-1.513353e-01
-2.203641e-01
3.557935e-01
-5.477997e-02
-9.951480e-02
-3.885103e-01
-3.897853e-01
1.277608e-01
8.774792e-02
-1.991587e-01
-6.820518e-02
1.118367e-02
1.307477e-01
1.846187e-01
-2.966880e-01
1.690636e-01
-1.069844e-01
-7.341123e-02
1.053261e-01
-1.455863e-01
4.101872e-02
1.388176e-02
-7.084017e-02
-6.023132e-03
