-4.592184e-02
1.625174e-01
1.241886e-01
4.721778e+01
1.877111e+02
-2.606531e+01
3.352927e-04
1.520713e+04
-4.338877e+05
-2.483802e+05
-5.901897e+04
-7.777893e+04
-3.926965e+04
1.386344e+05
-1.815530e+05
-1.312646e+05
-1.040789e+05
-8.252830e+04
1.167122e+05
-1.826435e+04
1.282076e+04
-1.805415e+04
-5.451969e+04
-3.872701e+03
3.537856e+04
4.624884e+04
-2.752747e+04
-9.516973e+03
-3.599980e+04
-5.558327e+03
-4.143461e+04
1.106583e+04
-4.688829e+04
-2.785262e+04
1.997209e+04
-6.263108e+03
-1.279542e+04
-1.047488e+04
2.955384e+04
-6.595612e+03
2.956838e+03
-1.723947e+04
-2.061811e+02
5.396935e+02
9.825199e+03
3.005319e+03
1.455334e+03
5.658177e+03
-8.227860e+03
1.696173e+03
-6.140299e+03
-1.214855e+04
-2.241277e+03
-1.001617e+04
6.223585e+02
4.291330e+03
-1.415405e+01
8.575145e+03
3.956032e+03
-7.998842e+03
-2.364879e+03
1.947365e+03
-2.616684e+03
-2.253442e+02
6.153401e+02
5.988124e+03
4.284010e+03
2.665550e+03
-4.168209e+03
9.398019e+01
-2.079244e+03
-3.094856e+03
-7.909172e+02
2.623482e+03
2.902781e+03
2.677182e+03
1.860849e+03
1.153730e+03
-2.631834e+03
1.905608e+03
-1.487366e+03
1.148110e+02
1.443417e+02
1.025944e+03
3.153153e+03
1.336995e+03
2.284943e+02
-1.593269e+03
6.512805e+01
3.004575e+02
-5.497650e+02
1.647672e+03
1.177333e+03
1.127825e+03
-1.646106e+03
1.282335e+03
7.866485e+02
1.173716e+02
1.012988e+03
-4.119894e+02
5.410309e+02
4.229872e+02
8.148580e+02
-1.336378e+03
-1.460833e+01
-4.327902e+01
1.393016e+03
5.093045e+02
4.658211e+02
1.316917e+03
-4.497076e+02
5.554567e+02
-1.864255e+02
5.090731e+02
1.059545e+01
4.649271e+02
2.544130e+02
-5.085197e+02
2.638871e+01
1.780742e+02
2.191575e+02
6.770695e+01
-1.137871e+02
-5.576170e+01
2.130526e+02
-3.997743e+02
2.917890e+01
2.204374e+02
-2.703067e+02
-4.073826e+02
4.506773e+02
5.037348e+02
2.997906e+02
1.502695e+02
-3.941974e+02
1.858349e+01
1.990248e+02
-4.270519e+02
9.637548e+01
-5.876869e+01
-1.896536e+02
5.307139e+02
5.800626e+01
1.144106e+02
-1.329752e+02
2.398652e+01
3.782805e+02
-2.123904e+02
1.082917e+02
2.959298e+02
-1.327545e+02
2.404081e+02
3.115163e+02
-1.327200e+02
-1.985857e+02
-8.096104e+01
-4.491031e+01
-2.118410e+01
8.042493e+01
-2.760935e+02
-1.040220e+02
1.005118e+02
2.133759e+02
-1.081819e+02
1.241887e+01
-1.882622e+01
3.310706e+01
6.526372e+01
9.383698e+01
1.533478e+02
1.629846e+02
1.896655e+01
3.265017e+01
2.988650e+01
1.359477e+02
-5.808408e+01
-1.352557e+01
-2.996647e+00
-1.998380e+01
1.314001e+02
9.639053e+00
1.077592e+02
-6.749319e+00
-1.956935e+01
9.831304e+01
-2.521604e+01
9.368539e+01
3.202808e+01
-2.419330e+01
8.523047e+01
1.957255e+01
4.451959e+01
-8.457270e+01
3.956252e+01
2.317964e+01
6.739665e+01
-2.831686e+01
-4.524035e+01
-3.642790e+01
-1.183869e+00
-1.639162e+01
-6.129382e+01
3.568973e+01
-1.378743e+00
5.730515e+01
1.708903e+01
-2.597426e+00
3.260619e+00
-9.483325e-01
2.253250e+00
5.318749e-02
-3.045127e-01
-2.418203e-02
-6.120855e-01
2.451892e-02
-6.063895e-01
-1.223131e-01
2.585841e-01
1.711276e-02
3.904493e-02
6.426695e-02
-2.626595e-01
-3.276231e-02
-2.133844e-02
-7.257581e-02
2.116164e-01
3.967884e-02
1.042454e-01
8.780175e-02
-1.287605e-01
2.885475e-01
9.760678e-02
-1.505372e-01
-1.159698e-01
-4.622023e-02
