-6.593225e-02
-9.018100e-01
-1.787452e-01
5.006222e+01
1.710205e+02
-2.053180e+01
3.605677e-04
-3.359716e+04
1.613140e+05
6.604646e+03
1.092274e+05
1.844312e+04
-2.022845e+05
-6.180066e+03
9.079833e+04
5.375204e+02
8.052507e+04
-5.196623e+04
4.595698e+04
-9.945501e+04
9.754357e+03
-7.598488e+04
5.304484e+04
-2.710080e+04
-1.093199e+04
-3.284342e+04
-2.661628e+04
-4.949596e+04
-1.570366e+04
-1.515605e+04
2.223703e+04
-1.111657e+04
2.354337e+04
1.399527e+04
-8.685357e+03
1.455983e+03
5.848632e+03
1.442686e+04
-1.848297e+04
-3.024936e+03
-1.453091e+04
1.253174e+04
4.460923e+02
-4.093002e+03
5.570175e+03
-5.998268e+03
6.711607e+03
-3.238144e+03
7.847902e+03
-3.014008e+03
9.373912e+03
-1.038922e+04
-3.744554e+03
1.072074e+04
-6.959643e+03
-1.644455e+02
2.258457e+03
7.389631e+03
-3.971580e+03
-7.267315e+03
-4.584455e+03
8.826072e+02
2.515668e+03
-2.383461e+03
3.293529e+03
2.649048e+01
5.802710e+02
-4.225663e+03
-1.150932e+03
4.911450e+03
5.008923e+03
1.823640e+03
-4.033689e+03
-1.342717e+03
-1.910229e+03
-9.818799e+02
2.842386e+02
6.562805e+03
-2.856902e+03
-2.650613e+03
1.972602e+03
-1.571970e+03
1.891740e+03
-4.275533e+02
1.794137e+03
6.670470e+02
-1.152291e+03
-6.721981e+02
8.599899e+02
2.231994e+03
1.261215e+03
-1.456201e+03
1.928213e+02
1.544907e+03
-7.767905e+02
8.124146e+02
9.143691e+02
-3.506486e+02
-1.271579e+03
-4.866186e+02
2.852968e+02
-6.044480e+00
7.614628e+02
5.983262e+02
2.885711e+02
-3.584882e+02
6.705372e+02
5.644871e+02
-4.731025e+02
9.377934e+01
-8.129942e+01
1.800595e+01
-6.039831e+02
7.781365e+02
-2.799780e+02
-1.327178e+02
-9.205523e+02
1.070741e+02
-5.130367e+02
2.320453e+02
-7.071866e+02
-5.225977e+02
-2.703262e+02
3.022409e+02
2.563943e+02
4.562021e+02
-1.969411e+01
-8.544579e+01
-4.511952e+02
3.858653e+02
4.925632e+02
5.060305e+02
4.855033e+02
3.305721e+02
5.655787e+01
1.024926e+02
3.847744e+02
2.431332e+02
1.235467e+02
-1.306069e+02
1.289432e+02
-1.854243e+02
1.575816e+02
-7.248824e+01
7.884503e+01
2.462556e+02
-2.124258e+02
7.301287e+01
1.356293e+02
1.635358e+02
5.362107e+01
6.354446e+01
-7.505337e+01
1.157837e+02
-6.034241e+01
4.404572e+01
1.297145e+02
1.932782e+02
-5.883413e+01
7.458219e+01
-1.472698e+01
1.141318e+02
4.302480e+00
7.296471e+01
9.044511e+00
-6.819621e+01
-1.528203e+02
6.342019e+01
-1.779136e+01
-7.364527e+01
3.169077e+01
1.105782e+02
-4.714421e+01
7.003993e+01
-3.290536e+01
-1.160413e+01
7.436192e+01
2.861274e+01
-8.348185e+01
-6.441815e+01
-9.556123e+01
2.636972e+01
2.747416e+01
4.912962e+01
2.160193e+01
-5.741352e+01
-3.466514e+01
4.122257e+01
-2.909317e+01
-7.545070e+01
2.536924e+00
-2.655800e+01
4.370048e+01
7.060770e+01
3.053856e+01
-5.658262e+01
-6.711311e+00
1.260584e+01
5.584929e+00
2.627366e+01
6.744681e+01
-6.911134e-02
2.594145e+01
1.591235e+01
1.771059e+01
1.698014e+01
5.210744e-01
-6.119434e-01
1.207173e-02
-7.598799e-01
-1.416348e-01
3.609744e-02
-2.162995e-01
-4.170490e-01
-1.747216e-01
5.931311e-02
-2.029803e-01
-1.758117e-01
1.062613e-01
-3.528737e-02
-2.156009e-01
2.665020e-01
-1.129856e-02
-1.120186e-01
-1.596481e-01
-2.049045e-01
-3.128096e-01
-6.059764e-02
1.106202e-01
-3.278926e-02
-2.218308e-01
-3.919777e-02
3.013843e-02
-3.690359e-02
6.199995e-02
