-4.215032e-01
1.520542e+00
-1.059239e-02
5.802667e+01
1.839429e+02
-5.417001e+00
3.308293e-04
5.935530e+04
-6.203452e+04
3.077502e+05
8.053285e+05
1.503869e+05
-7.328706e+04
5.018686e+04
-1.130885e+05
7.704688e+04
1.176928e+05
-2.177943e+04
-5.491744e+04
2.502349e+04
-6.021526e+04
-4.185110e+04
1.131617e+05
-7.030024e+04
7.203422e+04
-5.087718e+04
5.978865e+04
1.455785e+04
-4.084984e+04
4.643478e+04
-5.849327e+04
2.465038e+03
2.613393e+04
-3.660034e+04
2.037411e+04
1.694527e+04
2.203192e+04
2.118675e+04
-3.398488e+04
-1.345108e+04
-1.174031e+04
9.613991e+03
-2.390636e+04
4.856122e+03
1.230224e+04
-9.235121e+03
-1.899324e+04
1.280117e+04
1.586202e+04
2.581280e+02
-5.816542e+03
5.342482e+03
3.320993e+03
3.878730e+03
-1.051581e+04
7.677406e+03
-4.541093e+03
8.404337e+03
-5.121584e+03
-1.375821e+04
1.519701e+03
1.064971e+03
-2.240361e+03
-5.761624e+03
4.130597e+03
2.867783e+03
2.603435e+03
-1.766686e+03
-5.192611e+03
3.789814e+03
4.488769e+03
1.329524e+03
-3.792671e+03
-1.536576e+03
-1.024913e+03
2.776014e+03
2.220820e+03
1.692972e+03
-3.291945e+03
-2.456615e+03
1.396578e+03
1.248231e+02
-1.316137e+02
-1.131455e+03
4.035301e+03
1.160005e+03
-1.489997e+03
3.903056e+02
-6.449452e+02
-9.536533e+02
-6.153712e+00
-1.579317e+03
2.349663e+03
4.849201e+02
-1.484810e+03
7.557911e+02
-1.362157e+02
7.202576e+02
-3.312490e+02
2.495411e+02
-6.069877e+02
1.853754e+01
-4.222083e+02
-1.260159e+03
5.393967e+02
8.341702e+01
5.787764e+02
-3.060970e+02
-4.268866e+02
6.247704e+02
-1.182297e+03
6.309868e+02
-2.063260e+02
1.006189e+03
-5.646902e+02
-6.679976e+02
-3.557333e+02
4.770984e+01
4.830344e+01
6.666591e+02
-2.569408e+02
-7.631961e+02
-7.076653e+02
1.035816e+03
2.112592e+02
8.173274e+01
-3.101092e+00
2.262882e+02
6.203498e+01
2.196310e+02
5.595611e+02
4.008336e+02
4.691556e+02
3.605321e+02
1.400338e+02
1.237583e+02
5.199470e+02
-8.281622e+01
-1.707468e+02
3.024570e+02
5.819000e+01
-2.209149e+02
-2.322420e+01
-2.379999e+02
8.119959e+01
1.653049e+02
-2.323819e+02
-2.575547e+02
2.399841e+02
-2.948302e+01
1.309371e+02
-3.810047e+01
3.748966e+02
1.447600e+02
-2.527613e+02
-1.707610e+02
3.404608e+02
1.309430e+02
-2.127157e+02
2.021676e+01
2.076163e+02
-3.217408e+01
1.358688e+02
6.481099e+01
1.945827e+02
-4.379354e+01
5.477721e+00
-6.553934e+01
1.092770e+02
7.042711e+01
4.775105e+01
7.118693e+01
-8.602139e+01
-4.742700e+01
-2.546363e+01
-2.001755e+00
3.723679e+01
-2.311176e+01
1.206051e+01
1.235770e+01
5.102464e+01
1.319122e+01
1.260899e+01
4.633671e+01
4.957051e+01
-5.294005e+01
-8.333778e+01
-1.031889e+02
5.572702e+01
4.511581e+01
-5.285360e+01
7.044742e+00
4.122645e+01
5.742544e+01
3.157005e+01
-4.656990e+01
-5.789223e+00
-5.614670e+01
9.552860e+00
4.102870e+01
6.637829e+00
-4.444624e+00
-6.406956e+00
4.360238e+00
3.438939e+01
1.784800e+01
3.099049e+00
-7.106084e-01
1.097152e-01
2.837720e-01
-1.846972e-01
3.251145e-01
-9.259869e-02
3.556141e-02
9.291655e-02
-2.169160e-01
-6.335336e-01
-5.952357e-01
2.358525e-01
4.105245e-02
-2.793962e-01
-6.529748e-03
-2.370746e-02
2.659276e-01
2.844625e-01
-2.944939e-01
2.965439e-01
2.893467e-02
-1.404157e-02
5.140287e-02
-3.797802e-01
-3.553351e-03
-1.597263e-02
-1.425787e-01
3.881535e-03
