1.184904e-02
9.091079e-01
4.988692e-01
4.977778e+01
1.685392e+02
-1.663514e+01
3.329790e-04
3.536304e+04
-2.734958e+05
-1.427773e+05
1.186093e+05
3.778279e+04
372530
6.441162e+04
-1.846370e+05
-1.789668e+05
-2.300634e+05
9.808245e+04
1.141838e+05
1.123432e+05
3.516989e+03
1.219756e+05
-3.264036e+04
1.274869e+05
3.825471e+04
1.795154e+03
-4.474599e+04
4.621467e+04
-2.177585e+04
7.143502e+04
-7.629725e+03
7.523041e+04
-5.248343e+04
-1.155945e+04
4.227632e+04
-1.880556e+04
-7.597230e+03
-3.170365e+04
3.013729e+04
-1.498782e+04
1.821405e+04
-2.323295e+04
4.228666e+03
8.051062e+03
1.905705e+04
-1.165570e+04
-2.914022e+03
4.256674e+02
5.636942e+03
6.793495e+03
-7.358350e+03
7.840714e+03
7.073579e+03
-1.433358e+04
1.323058e+04
1.862679e+03
-2.949521e+03
2.150304e+03
-2.514210e+03
4.299551e+03
-1.147017e+02
-8.602302e+03
-3.129981e+03
-9.505396e+03
7.120366e+02
1.634889e+03
3.852799e+03
4.353371e+02
-5.107373e+03
-4.653109e+03
-3.136821e+03
6.090100e+02
2.922106e+03
5.833945e+03
2.798319e+03
1.229440e+03
3.823216e+03
-2.690306e+03
-1.710937e+03
1.482557e+03
-2.376687e+03
-4.701787e+02
-2.793314e+03
2.074104e+03
2.125308e+03
1.686880e+03
-3.641492e+03
9.312021e+02
-2.615647e+02
-6.819628e+02
-7.223554e+02
9.975306e+02
2.105342e+03
3.244334e+02
-2.433137e+03
-5.806285e+02
1.587806e+03
2.441857e+03
9.226924e+02
-6.965155e+01
-1.268527e+03
-1.026237e+03
1.122039e+03
-1.015656e+02
9.838182e+02
-5.316097e+02
1.670333e+02
6.546159e+02
6.400920e+02
1.951181e+03
-1.442214e+02
8.021192e+02
-5.613079e+02
9.690314e+01
-6.966544e+02
6.585507e+02
1.079618e+03
-2.100519e+02
-1.575726e+02
3.448459e+02
4.923741e+02
-1.337583e+02
-1.848931e+02
-9.497880e+00
-9.133675e+02
-5.954571e+02
9.660803e+01
8.529278e+02
5.326673e+02
-1.467928e+02
-2.952762e+02
2.023152e+02
4.770222e+02
1.842690e+02
-1.421697e+02
-4.355726e+01
-7.085104e+00
-2.835728e+02
-6.809816e+01
-3.474685e+02
-2.044643e+02
4.125970e+02
-1.296187e+02
3.457393e+02
1.607172e+01
2.563512e+01
1.725576e+02
3.314693e+01
3.018899e+02
4.558613e+01
4.578553e+01
-1.304738e+02
2.180174e+02
1.213612e+02
-2.630030e+02
2.035916e+02
-1.935365e+01
5.802086e+00
-3.615740e+01
-2.228646e+02
1.812923e+01
-6.504267e+01
7.157415e+01
2.037524e+01
-6.146881e+01
-1.472461e+02
1.009339e+02
1.363633e+02
1.750085e+02
4.378826e+01
8.961508e+01
4.537171e+00
-9.107905e+01
-9.822620e+01
5.618354e+01
-1.190236e+02
-8.995533e+01
-1.903753e+02
-4.981814e+01
1.568096e+02
3.024205e+01
-3.422684e+01
-8.919820e-02
5.475570e+01
9.586503e+00
9.809020e+00
8.846674e+01
8.234252e+00
-4.594109e+01
1.067673e+02
2.261385e+01
7.570529e+00
-8.806282e+01
1.025811e+02
7.451683e+01
4.950961e+01
2.951523e+01
-4.182807e+01
-5.244093e+01
-5.068513e+01
-4.551554e+01
-2.715843e+01
-5.264627e+00
8.699304e+00
2.735698e+01
-2.158442e+00
-8.772578e-01
2.367417e+00
-7.799900e-01
5.671545e-01
3.672776e-01
-5.513555e-01
-7.050909e-02
-2.289447e-01
-5.663786e-02
-7.141935e-01
-4.191276e-01
8.818477e-02
-1.005370e-01
1.786563e-01
-3.313393e-02
6.113443e-02
2.592630e-02
-1.421004e-01
-1.230332e-01
-2.868311e-02
1.195774e-01
-9.117770e-02
5.887812e-02
-7.491516e-02
1.152472e-01
-1.460627e-02
-7.822368e-02
2.612869e-02
-1.394496e-01
