-4.517526e-01
1.107974e+00
-2.404400e-01
5.546667e+01
2.032752e+02
-1.526915e+01
3.530806e-04
-1.883986e+05
-3.473712e+05
1.948048e+05
7.475853e+01
5.745320e+04
1.803079e+05
-1.830107e+05
3.569407e+04
-2.681062e+05
6.128022e+04
7.851936e+04
2.833282e+04
-9.055426e+04
-1.314315e+04
-3.718345e+03
-3.470000e+04
4.312509e+04
2.379477e+02
-3.861215e+04
-1.978213e+04
-6.983781e+03
-3.299151e+03
8.394812e+03
-8.753161e+04
1.272890e+04
-2.218008e+04
-5.535961e+04
2.492883e+04
1.642340e+04
2.882319e+04
1.908635e+04
2.026746e+04
3.000656e+03
1.909532e+04
-1.808838e+04
-2.192012e+04
-1.302207e+04
1.008314e+04
2.316753e+04
4.401766e+03
1.585662e+04
-1.988116e+04
-9.736901e+03
1.842454e+04
-6.945813e+03
1.197074e+04
-1.639419e+03
-9.962402e+03
4.843078e+03
9.988642e+03
8.341320e+03
-4.618314e+03
-7.573127e+03
-6.418261e+03
3.244892e+03
-1.370915e+03
-4.731513e+02
6.479469e+02
3.561134e+03
5.084918e+03
8.084719e+03
-5.279182e+03
5.577952e+03
3.997958e+03
1.314342e+03
-8.106240e+02
7.851599e+02
1.836293e+03
6.902516e+02
2.577595e+03
1.543609e+03
-6.167445e+03
-3.009612e+02
-1.869661e+03
2.690092e+03
-4.130465e+03
2.175070e+03
3.038549e+03
3.924602e+03
-1.046254e+02
1.223906e+02
-1.248311e+02
-2.579355e+03
1.297388e+03
-2.941912e+02
1.669271e+03
2.214815e+03
-3.595435e+02
1.233093e+03
1.953544e+03
1.320913e+03
5.313004e+02
6.218123e+02
-1.259509e+03
-1.649163e+02
-5.715306e+02
-1.407611e+03
8.232933e+02
-2.894688e+01
1.213201e+03
1.226100e+02
7.415799e+02
1.307508e+03
-1.926663e+02
2.199575e+03
-3.841370e+02
3.960218e+02
8.518204e+01
-5.280302e+02
-1.239550e+01
-5.641083e+02
-6.964421e+02
2.393244e+02
-1.907259e+02
-6.678807e+01
-4.068565e+01
4.505681e+02
6.873179e+02
-4.565503e+02
-4.443418e+02
7.740511e+01
2.489604e+02
-6.614309e+02
2.048718e+02
2.123988e+02
-6.525814e+01
4.059365e+02
-4.289976e+02
5.957922e+01
4.784650e+02
-3.274585e+02
1.498982e+02
-8.111281e+00
1.695591e+01
-7.186005e+01
-2.298508e+02
1.561467e+02
-2.346316e+02
1.169367e+02
3.021587e+02
2.640297e+01
1.677150e+01
1.797297e+02
1.956672e+02
2.806421e+01
1.758370e+02
1.187365e+02
-1.365641e+02
9.659205e+00
-2.277916e+01
2.312969e+02
-2.609279e+02
-1.691534e+02
3.804314e+02
-9.019019e+01
2.116092e+02
6.584387e+01
7.334623e+01
-4.193520e+01
-8.338930e+01
5.574483e+01
-9.419386e+01
1.096088e+02
3.785278e+01
4.365481e+01
7.664530e+01
-1.409404e+01
-3.011175e+01
-2.666378e+01
-6.896342e+01
-5.395642e+00
-4.006476e+01
9.887896e+00
-4.116971e+01
1.061958e+02
-8.562370e+01
1.191128e+01
6.767530e+01
-2.201187e+01
1.134073e+02
1.841840e+01
-1.175480e+02
2.698378e+01
1.639365e+01
6.807880e+01
1.367443e+00
5.207899e+01
4.879626e+01
-2.069017e+00
-8.067672e+01
-3.066556e+01
-6.058818e+00
1.217397e+01
2.030173e+00
-1.054576e+02
1.589313e+01
-6.300503e+01
3.555821e+01
1.318057e+01
-2.367853e+00
2.823559e+00
5.249394e-02
1.282762e-01
2.932927e-01
-4.617612e-01
-4.796134e-01
-4.820649e-01
-9.483979e-02
-3.296070e-01
-7.060757e-02
-5.283884e-01
-1.977923e-01
-1.022796e-01
1.107352e-01
1.097655e-01
-2.784235e-02
1.313814e-01
8.765544e-02
-1.286847e-01
2.627859e-01
-2.808090e-02
6.439900e-02
-1.039305e-01
-3.968123e-02
1.010436e-01
7.914097e-02
-6.996136e-02
9.401479e-02
