-2.731159e-01
-3.307461e-01
2.249946e-01
5.205333e+01
2.018117e+02
-2.535288e+01
3.506583e-04
-8.012112e+04
-1.145561e+05
-1.763873e+05
5.484220e+04
7.021213e+04
-5.368016e+04
9.990102e+04
-1.380378e+05
-1.350328e+05
-3.747660e+04
-2.004262e+05
7.682331e+04
1.049875e+05
-1.539695e+04
5.871426e+03
8.962795e+03
4.073532e+04
3.503780e+04
2.005859e+04
-7.759476e+02
-6.206993e+03
-2.895587e+04
-1.567193e+04
-9.508095e+03
1.928892e+04
-2.413103e+04
-2.421807e+04
1.905899e+03
-6.284662e+03
-1.295811e+03
-1.248882e+04
8.210588e+03
-2.649023e+03
-1.983945e+04
-4.439198e+03
-1.510510e+03
-5.121920e+03
2.376366e+03
-5.153988e+03
6.261178e+03
-2.289422e+02
-1.205518e+04
-2.021276e+03
5.610875e+03
1.769953e+03
1.437010e+03
-9.481241e+02
-2.936979e+03
6.930870e+02
6.084751e+03
4.294350e+03
2.779750e+03
-7.852811e+03
1.554692e+03
3.863692e+03
9.548197e+02
-1.972107e+03
8.380197e+02
4.219460e+03
2.662336e+03
-3.515678e+02
-2.360688e+03
3.061509e+03
-1.929069e+03
-2.758167e+03
-1.875052e+03
-1.404928e+02
-5.093604e+02
-7.136845e+02
-8.595215e+02
8.942217e+01
-2.940008e+03
4.485613e+02
-1.122832e+03
-5.320552e+01
6.874917e+02
1.233893e+03
3.519816e+03
-4.663102e+02
-2.127023e+03
7.222651e+02
-4.865931e+01
9.068776e+02
-8.246789e+02
7.365715e+02
1.110673e+03
7.522274e+02
-2.212497e+03
2.024621e+01
1.032752e+03
1.633179e+02
5.843304e+02
-7.320596e+02
-4.776583e+02
6.048596e+02
-3.670343e+01
-1.106178e+03
-5.451215e+02
1.974768e+02
3.684500e+02
8.656233e+02
5.519250e+02
1.359292e+03
-3.498110e+02
3.029522e+02
-3.508876e+02
8.334686e+02
1.409001e+02
1.320934e+02
5.420743e+02
-5.736510e+02
-9.815192e+01
4.126219e+02
-1.498194e+02
4.939435e+02
-8.691984e+01
-3.095927e+02
4.812826e+02
-6.038694e+01
4.000681e+01
-6.529258e+01
-1.945755e+02
-1.092851e+01
3.717909e+02
5.303525e+02
1.426458e+02
4.705129e+01
-3.124053e+02
-2.753698e+01
5.209530e+02
-2.662141e+02
1.992589e+02
-1.125364e+02
-2.666727e+02
6.411179e+01
-1.084765e+01
2.592691e+02
-9.179721e+01
-5.688323e+01
1.021347e+02
-9.460847e+01
6.740022e+01
1.003017e+02
-1.730280e+01
2.340541e+02
1.623511e+02
-1.538065e+02
-2.463570e+02
-1.417859e+01
8.683966e+01
1.504425e+02
9.317954e+01
-1.616466e+02
7.716320e+01
1.384915e+02
7.569968e+01
-3.151223e+01
-7.432786e+01
-6.296378e+01
-2.775531e+01
1.238284e+02
8.315595e+00
1.171972e+02
1.287880e+02
-3.015551e+01
5.230655e+01
1.272681e+02
2.985035e+01
-5.199694e+01
1.368283e+01
2.659538e+01
-1.509190e+01
7.192572e+01
-1.673442e+01
6.520122e+01
1.949628e+01
-2.247604e+01
6.666280e+01
-5.781484e+00
2.666180e+01
-1.409621e+01
-9.733964e+01
-2.846306e+00
5.028407e+01
2.928378e+01
-4.921199e+01
6.689537e+00
-1.166582e+01
6.873569e+00
3.830661e+01
2.357191e+00
-2.831368e+01
-1.292478e+00
8.005564e+00
-4.797889e+01
5.370358e+01
1.057266e+01
3.063317e+01
2.493049e+01
-1.962096e+00
2.608234e+00
-7.763586e-01
7.563949e-01
3.799984e-01
2.326896e-01
-6.941529e-02
-1.082612e+00
-2.101779e-02
-3.071153e-01
1.017334e-01
-1.128490e-01
2.293850e-01
-5.012659e-02
-1.065096e-01
-1.305586e-01
3.546671e-02
-4.750570e-02
2.433539e-03
1.135920e-01
-9.557750e-02
1.479247e-01
6.242259e-02
-1.001246e-01
7.368816e-02
4.530289e-02
3.624650e-02
-6.568971e-03
-7.271155e-02
