2.290259e-01
1.365414e+00
-1.060340e-01
5.489778e+01
1.545881e+02
-1.422965e+01
3.532939e-04
99262
-4.640087e+04
-7.350401e+04
7.929298e+04
-6.727308e+04
-1.029013e+05
1.663639e+05
-1.026355e+04
5.736988e+04
-2.386294e+04
-5.605873e+04
4.337029e+04
8.876859e+04
1.943761e+04
1.965328e+04
-1.161989e+04
3.216050e+04
-4.421224e+03
1.730293e+03
1.516187e+04
1.175742e+04
-3.014782e+04
3.695386e+04
-6.261186e+02
5.205244e+03
-4.468896e+04
-3.001088e+04
1.415730e+04
9.412173e+03
5.526070e+03
-8.512344e+03
1.707489e+04
-8.328108e+03
-3.362920e+03
1.419631e+04
-1.506450e+04
3.323203e+03
4.135945e+03
-1.369312e+04
6.727579e+03
1.443272e+03
3.185731e+02
-1.959637e+03
4.282429e+03
5.619527e+03
-5.102355e+03
-2.111876e+02
5.839914e+03
1.088139e+03
1.871003e+02
2.341753e+03
4.553751e+03
-1.688228e+03
-1.458593e+03
-3.319786e+02
-3.505394e+02
-2.557398e+03
3.076692e+03
3.234807e+03
-2.406869e+02
-5.820908e+03
-3.854458e+03
2.125857e+03
-2.182432e+03
-2.976240e+03
-2.659404e+03
1.834131e+03
-9.782025e+02
8.828430e+02
-1.303824e+03
1.543674e+03
-1.426166e+03
-6.600183e+02
-2.554907e+02
-1.173358e+03
1.778397e+03
6.191197e+02
1.731497e+03
-2.270221e+01
-1.891726e+03
-1.091906e+03
9.328907e+02
4.796123e+02
2.112405e+02
-2.396528e+02
3.349904e+02
1.143149e+03
-1.822020e+03
2.430328e+02
-6.033607e+02
-3.097276e+02
1.633342e+01
-8.547600e+02
-2.398317e+02
-2.969753e+02
1.088724e+03
-3.821743e+01
-6.387422e+02
-4.780048e+02
5.964719e+02
-2.547847e+02
3.405650e+02
9.262089e+02
-3.657856e+02
1.998616e+02
-6.783206e+02
2.767651e+02
-5.139376e+02
5.525901e+02
2.601376e+02
-5.143798e+02
1.611151e+02
2.834364e+02
2.537358e+02
-1.188407e+02
-4.692730e+01
-2.796017e+02
-3.425995e+01
-1.420710e+02
3.931776e+02
4.617316e+01
-5.304672e+01
6.825941e+01
3.539623e+02
4.894059e+02
4.551453e+02
1.388691e+02
1.953132e+02
1.872741e+02
-3.389323e+01
-2.008253e+02
-7.089081e+01
-3.468305e+02
-5.233667e+01
1.937412e+02
5.203413e+01
1.910190e+02
7.350681e+01
-4.331269e+01
4.152340e+01
-1.624007e+02
3.878902e-01
1.453080e+02
-2.285339e+01
5.580721e+00
1.761528e+02
-6.842552e+01
-1.164340e+02
4.939629e+01
2.007095e+02
2.769768e+01
1.100778e+02
-8.443234e+01
1.990095e+01
1.392650e+02
9.288372e+01
-3.448285e+01
-1.821821e+01
-1.108771e+02
-7.602209e+01
5.823981e+01
-2.244388e+01
-6.869540e+01
3.427020e+01
-4.649014e-01
-4.743245e+01
-1.212403e+01
6.507979e+01
-1.209778e+02
1.008693e+01
7.711295e+00
-6.485957e+01
4.991702e+01
-1.074905e+02
5.248141e+01
-3.765791e+00
-1.099984e+01
3.887783e+01
-6.102579e+01
1.984080e+01
-1.205723e+01
1.218896e+01
3.847495e+01
5.264184e+01
-3.513066e+01
-6.419045e+01
3.404931e+01
2.228097e+01
3.782717e+00
1.572117e+01
-2.629068e+01
-6.547613e+00
-2.132995e+01
1.193256e+01
6.505170e+00
-2.182227e+01
4.642972e+01
2.476365e+01
1.696324e+00
5.966276e-02
9.589293e-01
-2.209216e-01
-2.056451e-01
7.742565e-02
-1.786335e-01
2.115982e-01
-2.384364e-01
3.155999e-01
2.336555e-01
-1.565920e-01
-1.477369e-01
-6.927480e-02
-3.658495e-02
-3.730139e-01
-6.675508e-03
7.030369e-02
-2.001556e-02
4.556064e-02
-2.427448e-02
2.723134e-02
8.840957e-02
7.306777e-02
1.751427e-02
-3.731191e-02
-2.039605e-02
1.592967e-02
2.482162e-03
3.606976e-02
