-3.343017e-03
1.214188e-01
-1.528647e-01
3.697778e+01
1.617004e+02
-2.502706e+01
3.483078e-04
-1.880305e+05
2.972665e+05
4.708717e+05
2.138237e+05
8.352604e+04
5.420639e+04
-5.346121e+03
5.140904e+04
-5.459152e+03
4.654212e+04
2.284305e+04
5.039707e+04
-5.422955e+04
2.172230e+04
-2.599089e+04
9.866467e+04
2.565933e+04
1.200160e+04
-7.266486e+04
7.331704e+04
3.269895e+04
-2.831653e+04
1.083277e+04
-7.047321e+04
4.535825e+04
-3.593833e+04
1.871040e+03
1.931809e+03
1.371803e+04
3.983176e+04
-2.566449e+03
-1.234634e+04
-3.161143e+04
-2.704545e+04
3.427442e+03
-1.486699e+03
-1.304280e+04
1.372295e+03
-1.436329e+04
1.330631e+04
-1.904072e+03
-8.816745e+03
-7.356165e+03
9.407524e+02
1.288999e+04
9.367609e+03
4.809712e+03
-7.519684e+03
1.159161e+04
3.301674e+03
3.882065e+03
-6.431557e+03
-6.856827e+03
-6.360636e+03
-1.228281e+01
-2.971457e+03
-1.004902e+04
2.514968e+03
-4.760247e+03
6.442409e+02
5.054597e+03
-7.897147e+01
2.793756e+02
5.642436e+03
7.766461e+03
3.713273e+03
-3.187539e+03
-4.849221e+03
-1.137542e+03
-1.299587e+02
-1.865206e+03
-5.415331e+03
-2.652709e+03
-1.857784e+03
1.284974e+03
-1.129822e+03
-1.292781e+03
2.171343e+03
-4.217126e+02
-2.146458e+03
3.221923e+03
4.830128e+02
7.680107e+02
4.844911e+02
-1.917884e+03
3.702398e+03
-3.942932e+02
-7.400651e+02
6.969285e+02
2.505106e+03
8.543078e+02
-8.389220e+02
1.602548e+03
-2.298611e+03
-8.662663e+02
-2.535083e+02
-1.255509e+03
1.845718e+03
-1.034095e+03
-1.217613e+02
4.914257e+02
1.140058e+03
1.215514e+03
1.059211e+03
5.170957e+02
-5.377952e+02
8.303640e+01
-3.760056e+02
-4.470192e+02
6.620351e+02
-7.047521e+02
-5.346475e+02
1.081547e+03
-3.852576e+02
-1.404383e+01
-3.620246e+02
6.804208e+02
1.195051e+02
-5.075644e+02
7.352033e+00
2.352855e+02
1.972312e+02
4.411794e+02
2.207059e+01
-3.242597e+01
2.906130e+01
3.745421e+02
2.022074e+02
-1.005357e+02
5.694592e+02
-3.281888e+00
-6.387009e+01
4.413765e+01
2.103184e+01
-2.674413e+02
-3.385463e+02
5.886725e+02
1.354273e+02
6.626794e+01
-4.600319e+02
-2.244059e+02
-4.873775e+01
-2.260377e+02
2.063857e+02
2.137307e+01
1.862622e+01
3.317430e+01
-9.051974e+01
4.298491e+01
2.452142e+02
3.597405e+02
-2.457211e+02
-5.119043e+01
3.731974e+02
-1.786963e+00
-1.409873e+02
8.357803e+01
-6.321053e+01
-8.359084e+01
-1.041655e+02
2.281644e+02
-2.278134e+02
-1.644019e+02
-1.812397e+01
1.175379e+02
-6.490961e+00
7.678755e+01
-1.550210e+02
-1.570006e+02
-1.884204e+01
-3.967081e+01
-7.025877e+01
-1.564534e+01
-4.947505e+00
-7.039130e+01
-3.054896e+01
1.232659e+01
7.348565e+01
-3.530907e+01
-3.620161e+01
-6.815379e+01
-1.452594e+02
-6.174607e+01
3.451445e+01
-3.502662e+01
8.059022e+00
2.560361e+01
3.384964e+01
-7.986853e+00
3.054204e+01
4.615993e+01
3.418719e+00
-1.276115e+01
5.555013e+00
3.588170e+01
4.715084e+01
3.313665e+01
-2.223710e+01
3.884861e+01
9.576635e-01
-1.422329e+00
2.648689e-01
-8.871816e-01
3.189162e-01
-3.675974e-01
-8.668900e-01
-2.759110e-01
-1.196474e-02
2.118550e-01
3.062394e-01
-4.063300e-01
1.331166e-01
-1.891064e-02
-7.134899e-02
3.318549e-01
2.202554e-02
-6.501982e-02
-1.407316e-02
-3.801848e-01
-3.257720e-01
2.190875e-01
-2.125150e-01
-1.018972e-01
-3.315793e-01
3.455405e-02
7.991904e-02
8.307433e-02
3.811443e-02
