-2.544566e-01
1.292534e+00
2.853428e-01
5.233778e+01
1.718418e+02
-1.066776e+01
3.337538e-04
-1.393270e+05
-2.531320e+05
2.138936e+05
2.891191e+05
2.330331e+05
-7.595076e+03
-1.448377e+05
1.231178e+05
4.850279e+04
1.234456e+05
-4.531160e+04
-9.761241e+04
-1.295227e+04
-3.891199e+04
-7.295464e+03
5.201675e+04
-4.059103e+04
2.446935e+04
-3.404012e+04
1.179122e+04
-2.908473e+04
-3.443735e+03
3.020508e+02
-5.522238e+04
-2.606204e+04
3.650203e+04
-1.334829e+04
4.953728e+04
2.083983e+04
-1.921620e+03
1.807313e+04
-1.476174e+04
-2.048096e+03
1.739109e+04
-2.236214e+02
-1.905265e+04
7.768070e+03
3.654824e+03
-8.988815e+03
5.422214e+03
5.001733e+03
1.037090e+04
-8.357962e+02
1.239819e+04
-6.224140e+03
1.391941e+03
1.941409e+03
-1.090458e+04
-3.184916e+02
3.675098e+03
5.331674e+03
-5.271701e+03
-1.716210e+04
-1.361575e+03
-1.548851e+03
1.765948e+03
-5.833911e+03
3.312333e+03
3.374975e+03
2.140767e+03
2.142878e+03
-3.375730e+03
3.462691e+03
3.712417e+03
8.923831e+02
-2.645767e+03
-2.327133e+03
8.910084e+02
2.360212e+03
2.599721e+03
3.015370e+03
-4.342571e+03
-2.268668e+02
9.189203e+02
-1.710887e+03
-6.553465e+02
-1.104327e+03
2.225092e+03
1.723207e+03
-1.072894e+03
1.512986e+02
1.151217e+02
-2.846396e+02
5.711867e+02
-2.430247e+02
3.358140e+02
2.524505e+03
-1.389800e+03
9.742096e+02
8.821019e+02
6.305305e+02
-1.391371e+03
3.137227e+02
2.321922e+01
-8.319158e+02
-4.833329e+02
-3.376487e+02
5.238195e+02
-3.330047e+02
9.671403e+02
3.847528e+02
2.405683e+01
1.151858e+03
-1.049676e+02
1.146188e+03
-1.346626e+02
9.791140e+02
-6.780713e+02
-9.273797e+02
-4.812071e+02
-2.990102e+02
-7.755233e+02
1.391835e+02
-3.576192e+02
-5.613843e+02
-5.532410e+02
8.192339e+02
3.383693e+02
-1.967376e+02
-7.000593e+01
-1.121529e+02
3.898681e+00
-5.226891e+02
5.152473e+02
3.876150e+02
1.978238e+02
3.076267e+02
8.352263e+00
1.904679e+02
5.699346e+02
-2.372657e+02
-1.194659e+02
1.418543e+02
5.834339e+01
-4.612684e+02
1.543587e+02
-5.051449e+01
2.845793e+01
9.353890e+01
-1.145721e+02
-1.028229e+02
1.195973e+02
1.237733e+02
1.934154e+02
2.534094e+02
8.578560e+01
-1.074890e+01
-1.582286e+02
-4.978180e+01
1.052628e+02
1.185831e+02
-2.751602e+02
8.744048e+01
2.782078e+02
-1.086890e+02
1.652176e+02
6.343726e+01
4.290202e+01
-5.692359e+01
-1.781148e+01
-3.008988e+01
-5.077531e+01
1.291998e+02
8.754487e+01
1.603055e+02
5.744666e+01
4.915566e+01
3.764945e+01
1.015867e+01
7.849532e+01
6.908381e+01
-1.990678e+00
-1.668702e+01
3.833876e+01
-7.405598e+00
1.468960e+01
-5.294209e+00
6.209620e+01
-2.148305e+01
2.190157e+01
3.921574e+01
-4.422874e+01
5.127317e+00
-1.941915e+00
1.623285e+01
2.295868e+01
1.728216e+01
1.733922e+00
-8.561139e+01
-2.590295e+01
2.686215e+01
6.439155e-01
7.752113e+01
3.162593e+00
-2.642777e+01
1.696071e+01
-5.253186e+01
3.335365e+01
1.414060e+01
-4.321999e-01
1.970007e+00
4.261185e-01
8.820540e-01
5.162052e-02
-7.260310e-02
-3.573266e-01
6.184350e-03
-1.270752e-03
-4.781727e-02
-9.426743e-03
-2.139314e-01
1.559834e-01
1.288011e-01
-8.375585e-02
9.256371e-02
4.488475e-02
1.209811e-01
2.191840e-02
-1.695563e-01
-1.636409e-02
-4.400048e-02
-1.020467e-01
3.226680e-02
-4.258197e-02
1.508790e-02
4.567737e-02
-1.210606e-01
-5.658117e-02
