-1.676701e-01
-1.409375e+00
2.950353e-01
5.575111e+01
1.745704e+02
-1.230067e+01
3.473290e-04
-1.044760e+05
9.557257e+04
-2.023681e+05
1.635053e+05
1.419472e+05
-2.108893e+05
4.515530e+04
3.459383e+04
-6.464848e+04
4.117611e+04
-1.841368e+05
-7.840904e+04
-1.101414e+04
-4.695757e+04
-5.568868e+04
71482
-3.120883e+04
1.149375e+04
2.666759e+04
3.999629e+04
-7.285707e+03
-1.684773e+04
-5.544676e+03
-1.514897e+04
2.222389e+04
1.311900e+04
-1.170217e+04
1.310362e+04
-1.606903e+04
2.599345e+03
9.257066e+03
-2.561891e+04
-2.670634e+03
-5.957121e+03
1.119014e+04
-1.238582e+03
5.818574e+03
1.203371e+04
-8.034536e+03
1.180028e+04
-3.736279e+03
1.223221e+04
-3.624297e+03
5.502827e+03
-2.424718e+03
1.372680e+03
3.633523e+03
-9.338738e+03
2.356334e+03
3.347083e+03
7.605789e+03
8.701933e+02
-9.343406e+03
-1.123550e+03
-2.116906e+03
2.492467e+02
-6.920537e+02
2.475747e+03
1.336975e+03
5.498440e+02
-8.259354e+02
-2.228844e+03
5.678562e+03
3.787683e+03
4.272065e+02
-3.538318e+03
-2.561114e+03
-1.422922e+03
-5.661948e+01
-2.838016e+03
1.579735e+03
-4.600263e+03
-8.479794e+02
1.086714e+03
-1.329184e+03
2.328550e+03
-2.072990e+02
5.106964e+03
-5.820780e+01
-3.272179e+03
-3.314727e+02
-6.035468e+02
6.551645e+02
7.746133e+01
-4.389882e+02
9.381613e+01
7.284845e+02
-2.086706e+03
4.745643e+02
-2.090750e+02
8.292853e+02
-9.738826e+02
-9.660891e+02
4.642931e+02
5.383225e+02
-6.620163e+01
-6.672351e+02
-3.627831e+02
-4.124628e+02
-2.585233e+02
1.682882e+03
3.776332e+01
9.996882e+02
-5.609015e+02
1.905871e+02
-6.160829e+02
7.018964e+02
3.343204e+02
-7.948938e+02
-5.410804e+02
-2.392986e+02
-1.547504e+02
1.978577e+02
-1.937495e+02
-1.154551e+02
-6.035637e+02
1.031375e+02
7.278362e+02
-3.317018e+02
-8.831372e+01
-1.202192e+02
-2.161518e+02
1.751824e+02
4.585884e+02
5.445148e+02
-4.051756e+01
2.843450e+02
-1.343914e+02
2.061737e+02
4.437960e+02
-8.988131e+01
6.941653e+01
1.207934e+02
-1.469399e+02
-4.484251e+02
2.059388e+02
-9.559186e+01
1.303622e+02
3.597985e+02
-1.703386e+02
-7.148129e+01
2.825167e+01
5.544413e+01
2.509244e+02
2.892943e+02
1.537647e+02
2.323557e+01
-1.125434e+02
-7.640045e+01
2.630464e+02
8.379650e+01
1.383883e+01
-1.172120e+02
-1.471695e+01
7.430699e+01
4.300111e+01
-9.041211e+01
1.566689e+01
-1.062278e+02
-8.629024e+01
6.633093e+01
-1.555932e+01
4.144888e+01
6.146103e+01
-2.976604e+01
-1.602231e+01
9.880035e+01
-1.863733e+01
-2.662532e+01
9.966772e+01
2.314264e+01
3.708500e+01
2.224228e+01
-3.044739e+01
1.696237e+01
1.918892e+01
2.635110e+01
6.883302e+01
-7.979588e+01
-4.564182e+01
2.164594e+01
-5.154729e+01
-2.880483e+01
9.116760e+00
-1.578098e+01
2.939709e+01
7.323021e+01
-2.608309e+01
-5.113132e+01
1.882189e+01
1.477346e+01
-8.711858e+00
1.618162e+01
-4.024718e+00
1.230596e+01
2.747885e+01
-1.148417e+01
3.141726e+01
2.951280e+01
-4.843950e-01
9.584414e-01
8.234793e-01
2.213270e-03
5.594338e-02
3.592363e-01
-2.121194e-01
-8.489926e-01
1.560637e-01
-5.737342e-01
1.499379e-01
-8.078530e-02
2.233789e-01
-2.995908e-02
-2.992235e-01
-2.585163e-02
6.419270e-02
-4.999056e-02
6.384010e-03
1.169951e-02
-2.244386e-01
4.378893e-02
-1.546540e-02
-9.896644e-02
-4.217150e-02
-3.617330e-02
3.692769e-02
-1.023561e-02
-5.802968e-02
