-2.772271e-01
-2.007139e-01
8.180632e-02
4.750222e+01
1.971905e+02
-2.340831e+01
3.256033e-04
-1.445277e+04
-1.251524e+05
-1.038871e+05
1.215374e+05
1.756855e+05
1.369876e+05
-1.527119e+04
5.157382e+03
2.565622e+04
-2.740215e+04
-6.836172e+03
1.830621e+04
1.162379e+05
-6.737764e+04
3.626790e+04
2.108336e+04
-1.355658e+04
3.086797e+04
1.941774e+04
2.350177e+03
2.250140e+03
-9.477684e+03
2.745770e+03
1.644945e+04
8.177711e+02
-1.535387e+04
3.235811e+03
7.839977e+03
-6.935826e+03
-2.830112e+04
-5.893622e+03
1.417191e+03
1.057744e+04
-3.366954e+03
7.294971e+03
7.501220e+03
7.874124e+03
4.832406e+03
-1.264703e+04
5.441090e+03
1.074730e+04
4.374357e+03
6.616854e+03
-7.146208e+02
1.413979e+03
-3.411489e+03
8.066480e+02
6.803690e+03
-2.704122e+03
-2.445129e+03
5.035178e+02
1.290852e+03
-3.496723e+03
-3.420620e+02
-1.318363e+03
-2.642896e+02
-1.125567e+03
-3.874986e+02
4.100729e+03
1.495236e+03
-4.324637e+02
-3.810980e+03
1.034217e+03
6.590684e+01
2.684393e+02
1.821328e+02
2.130898e+03
1.342641e+02
1.224992e+03
2.288336e+02
-7.973835e+02
-1.790077e+03
-6.426820e+02
5.548340e+02
-1.639769e+03
1.763196e+03
2.536650e+02
1.175663e+03
1.037355e+03
-1.649272e+03
2.149823e+02
-7.677753e+02
3.617590e+02
-1.286767e+03
1.293268e+03
1.690814e+02
4.852852e+02
-1.013069e+03
1.020433e+02
3.366008e+02
2.947597e+00
-2.166869e+01
3.714647e+02
-3.929276e+02
3.282132e+01
8.928132e+02
-6.673533e+02
-3.721061e+02
-5.064101e+02
-7.837877e+01
5.986364e+02
3.693456e+02
7.536585e+02
5.090225e+02
-4.199919e+02
-3.075231e+02
6.725933e+02
-8.866253e+01
-9.411010e+01
1.037013e+02
-2.755093e+02
-9.507878e+01
5.210331e+02
1.854989e+02
2.287155e+02
-2.717232e+02
2.586743e+01
-5.383104e+01
-3.170892e+02
2.649397e+02
3.229676e+02
-1.258264e+02
-1.070597e+01
-5.555067e+01
4.032035e+02
2.157206e+02
-2.006583e+01
-4.403461e+01
-7.526501e+01
-1.145197e+02
-1.468265e+02
-6.593777e+01
-2.146719e+02
-1.032626e+02
1.249429e+02
9.724008e+01
1.487127e+02
1.018866e+02
-7.618175e+01
-9.409158e+00
-1.875909e+02
9.435662e+01
1.966149e+01
1.671238e+02
8.235091e+01
-7.158012e+01
-5.608998e+01
-6.322337e+01
-6.224968e+01
1.030048e+02
-3.438095e+01
3.258930e+00
-9.130617e+01
1.007461e+02
-2.323505e+01
-4.452078e+01
-3.100450e+01
-6.850610e+01
-5.423521e+01
5.943715e+01
1.126769e+02
-9.681911e+01
7.882060e+01
4.557660e+01
3.601323e+01
5.432503e+01
1.047354e+01
3.881677e+01
-9.669601e+01
7.808083e+01
7.869688e+00
-6.738704e+01
7.187778e+01
6.046238e+01
3.219711e+01
-2.558073e+01
-2.803796e+01
4.561805e+01
-5.031987e+01
8.445054e+00
5.009226e+01
-9.498518e+00
1.204064e+01
5.996006e+01
2.727290e+01
-3.046368e+01
5.230988e+00
3.971730e+01
-7.629847e+00
7.645787e+00
1.896808e+01
-3.298236e+01
4.818875e+00
-3.510143e-01
-9.881254e+00
4.261000e+00
-7.201966e+00
2.911259e+01
2.779693e+00
-5.844625e-01
3.145438e-01
-5.866323e-02
2.271071e-01
1.156960e-01
-3.553374e-01
5.958236e-02
3.669451e-01
7.114407e-02
1.326487e-02
2.330139e-01
3.412006e-02
1.207665e-01
7.808866e-02
-1.737543e-02
-1.173028e-01
8.384067e-04
-1.128121e-01
-6.247429e-02
-4.689013e-03
-2.842662e-02
4.966666e-02
-7.837922e-02
6.805918e-03
1.830097e-01
-3.094025e-03
-8.783473e-02
-1.204569e-02
-9.506282e-02
