-2.509786e-01
-1.334175e+00
-2.578539e-01
5.233778e+01
1.790198e+02
-9.795373e+00
3.362100e-04
-1.545730e+05
-3.465048e+05
8.594773e+04
1.249469e+05
4.179423e+04
1.069599e+05
-1.569293e+05
7.541886e+04
-1.385915e+05
6.021305e+03
-3.597911e+04
-2.431513e+04
-1.635902e+04
-4.975990e+04
2.220989e+04
3.025245e+04
-3.910940e+04
1.861515e+04
3.608972e+03
-2.042896e+04
-4.483280e+04
-2.632265e+04
2.060866e+04
-4.155964e+04
7.491867e+03
1.184178e+03
-2.295877e+04
4.210852e+04
1.139446e+04
-2.376040e+03
7.457271e+03
-2.927562e+03
-8.611600e+03
7.319449e+03
-1.871981e+04
-4.816196e+03
1.732670e+04
1.671815e+04
-4.586598e+02
2.839918e+03
9.546038e+02
3.566674e+03
-3.479063e+03
9.972951e+03
-1.107569e+04
2.477461e+03
-6.080077e+03
-1.141197e+04
4.534169e+03
1.772167e+03
7.693421e+03
-2.793376e+03
-1.276255e+04
5.279338e+03
-1.954737e+03
-4.343279e+03
-5.079548e+03
2.312831e+03
6.871456e+03
5.041302e+03
3.777017e+03
-4.982855e+03
1.855040e+03
3.166974e+03
-1.115751e+02
-2.327451e+03
8.885693e+02
2.326443e+03
2.544568e+03
3.233500e+03
3.086046e+03
-6.071944e+03
5.294440e+02
1.156945e+03
-1.300955e+02
-8.532581e+02
3.801057e+02
3.668247e+03
2.664433e+03
-1.623120e+03
-6.695239e+02
-1.393816e+03
5.136226e+02
2.960840e+02
5.129354e+02
1.000522e+03
2.152729e+03
-2.540945e+03
1.248554e+03
1.256337e+03
1.091742e+03
2.273157e+02
2.601890e+02
-6.014351e+02
1.535124e+02
-3.252045e+01
-7.552596e+02
1.114761e+03
1.542378e+02
7.619113e+02
3.689498e+02
-4.397496e+02
1.416122e+03
-4.872689e+02
1.551277e+03
-5.757919e+01
8.587263e+02
-1.009000e+02
-7.901986e+02
-3.869565e+02
-2.071213e+02
-4.344008e+02
3.144394e+02
-6.481683e+02
-2.699020e+02
-1.028644e+03
5.853222e+02
9.055112e+01
-2.099632e+02
-2.384561e+02
2.696918e+02
-2.820052e+02
-4.534234e+02
2.438081e+02
2.056844e+02
1.963535e+02
2.133403e+02
-6.160930e+02
1.938965e+02
7.004197e+02
-2.726641e+02
2.411304e+02
4.338137e+02
9.623615e+00
-1.260182e+02
5.043285e+01
-1.027499e+01
-8.011537e+01
1.338976e+02
1.831641e+02
-1.755236e+02
1.580026e+02
1.680585e+02
4.387247e+01
2.454933e+02
1.929426e+02
-3.909520e+01
-3.396217e+02
-7.551587e+01
-3.218198e+01
1.220721e+02
-1.934535e+02
-1.553045e+02
7.127484e+01
5.763990e+01
5.542881e+01
-1.924526e+01
9.318746e+01
-7.850990e+01
7.689057e+01
-1.275252e+01
4.327705e+01
1.565612e+02
1.444572e+02
1.068440e+02
3.381195e+01
9.814231e+01
3.744368e+01
-2.305490e+01
7.172399e+00
1.187245e+01
5.334774e+01
4.844403e+01
6.717116e+01
1.385463e+00
1.307980e+01
1.719156e+01
6.821000e+01
1.658799e+01
4.144844e+01
3.436835e+01
-5.541698e+01
4.303793e+01
-1.037354e+01
3.380416e+01
1.250740e+00
3.530472e+01
4.567601e+00
-4.379691e+01
-3.663502e+01
-1.105338e+01
-4.889288e+00
4.092183e+01
1.577789e+01
-3.430457e+01
5.583828e+01
-4.614189e+01
3.784702e+01
3.404020e+01
-2.392574e+00
4.195933e+00
-2.182318e-01
1.027326e+00
-3.727333e-01
-2.261778e-01
1.031546e-02
-9.782844e-01
-5.961192e-02
-7.209525e-01
-2.488295e-01
-4.409312e-01
1.885634e-01
2.382814e-01
-5.215927e-02
6.207473e-02
1.102806e-01
7.148281e-02
3.918068e-03
-2.092727e-01
-8.156785e-02
1.120258e-01
1.713350e-03
3.256712e-02
3.122410e-02
-6.035084e-03
5.609452e-02
-9.215070e-02
-1.380349e-01
