-1.379381e-01
6.129535e-02
-1.685443e-01
4.551111e+01
1.867530e+02
-2.710795e+01
3.519226e-04
-4.628160e+04
-1.563837e+05
2.473202e+05
1.451265e+05
6.141302e+04
5.912188e+04
-7.892973e+04
8.800298e+04
6.226385e+03
9.421299e+04
-1.310048e+04
7.776911e+04
-1.668944e+04
-5.422838e+04
2.998388e+04
-3.061901e+04
-6.562068e+02
-4.224123e+04
-4.929504e+04
-2.081392e+04
1.380462e+03
-1.105455e+03
4.450929e+04
-2.037214e+04
-1.059558e+04
4.241619e+02
-1.466033e+04
1.189702e+03
1.184417e+04
1.721605e+04
5.921679e+03
5.743956e+03
7.284067e+03
1.261990e+04
4.298314e+03
-2.351213e+04
-9.944560e+03
1.391226e+04
-6.894347e+02
-8.503655e+03
9.344049e+03
-1.069390e+03
8.540852e+02
9.114700e+03
6.270321e+03
2.076434e+03
2.420010e+03
4.749468e+03
7.348414e+02
-8.157459e+02
5.139599e+03
-2.465865e+03
-1.695073e+03
-4.029231e+03
-1.674486e+03
5.352058e+02
9.312755e+02
1.227760e+03
4.312482e+03
2.745025e+03
-1.742388e+02
-5.858918e+03
3.147102e+03
3.126759e+03
2.168768e+03
-5.945317e+02
1.688456e+03
-1.539727e+03
1.030042e+02
2.029843e+03
2.264438e+03
-1.729585e+03
-1.885131e+03
6.769740e+02
-1.469000e+03
-1.550857e+03
-1.706525e+02
1.156481e+03
3.218787e+03
-2.941393e+02
-4.048930e+02
9.048389e+02
-1.011204e+03
1.115709e+02
-6.830912e+02
2.008429e+03
1.736857e+03
-6.374114e+02
5.538206e+02
9.368677e+02
5.511969e+02
-6.153395e+01
-9.708447e+01
-6.382618e+02
-4.239961e+01
-5.396675e+01
-9.110839e+02
-2.178779e+02
1.597038e+02
9.039184e+02
-2.106493e+02
4.272431e+02
7.440934e+02
-1.311491e+02
9.307461e+02
-1.339039e+02
8.299004e+02
-3.395645e+02
1.529053e+02
-4.503772e+01
1.273641e+02
-4.148695e+02
1.721123e+02
-1.853057e+02
-2.875128e+02
-2.790391e+02
3.459377e+02
5.137400e+01
-2.810550e+02
9.483604e+01
5.240496e+02
-1.128339e+02
-8.592258e+01
2.394210e+02
3.000291e+02
3.405245e+02
3.022023e+02
-1.290697e+02
-5.107471e+01
9.814421e+01
8.809418e+01
-4.951366e+01
-5.627927e+01
-5.986452e+01
9.262648e+01
1.343398e+02
-1.319386e+02
-4.028387e+00
-5.062506e+01
-1.791758e+01
-9.009270e+01
1.526604e+02
2.138714e+02
7.166123e+01
-1.787058e+02
8.779989e+01
2.503922e+02
-1.228770e+02
-4.401847e+01
7.214291e+01
1.525614e+02
-1.559985e+02
-1.187564e+02
8.245604e+01
-1.406022e+02
7.940816e+01
-7.738731e+00
6.628876e+00
-1.000539e+02
-2.133022e+01
5.092414e+01
-3.127232e+01
1.251521e+02
2.946862e+01
6.444511e+01
-4.541853e+01
-1.431405e+01
6.616259e+01
-5.852069e+01
-6.420044e+00
-8.809160e+01
-1.109869e+02
2.087797e+01
-1.058094e+01
6.940504e+01
3.103521e+01
4.490734e+01
3.098608e+01
-4.014414e+01
4.963016e+01
3.829589e+01
1.223086e+01
2.309766e+01
6.175279e+01
4.358915e+01
-1.655907e+01
2.270913e+01
2.483267e+01
-1.198985e+01
-1.671041e+01
-6.872518e+01
1.764775e+01
-1.108816e+01
1.633634e+01
-3.302345e+01
-4.674726e+01
-3.583158e+00
3.141276e+01
-4.429681e+00
3.150600e-01
1.429155e+00
-9.089511e-01
1.213176e-01
8.720618e-02
-2.156729e-01
1.389020e-01
7.716224e-02
1.640104e-01
-4.669882e-01
-2.289834e-01
-1.467043e-01
-2.030972e-02
-7.401779e-02
-3.032115e-02
1.199541e-01
-4.510138e-02
9.618280e-02
8.966067e-02
-3.935263e-02
1.316810e-01
-1.084829e-01
9.135807e-03
-1.398264e-01
-4.670136e-02
-4.496819e-03
-2.299999e-02
-7.147127e-02
-3.856383e-03
