-4.049044e-01
-1.469519e+00
6.229973e-01
5.489778e+01
1.722009e+02
-1.095299e+01
3.360003e-04
-2.205967e+05
1.474824e+05
-3.143118e+04
-1.896255e+04
9.005195e+04
7.043122e+04
-4.986378e+04
1.213030e+05
-1.846685e+05
5.574946e+03
-1.805635e+03
1.570388e+04
-1.073139e+05
-2.852107e+04
-7.977873e+04
7.161886e+04
1.124658e+04
3.438041e+04
5.249898e+04
5.292087e+04
4.331325e+04
-5.378263e+04
-4.994471e+04
-6.984405e+03
4.100213e+04
-7.158246e+03
-1.534566e+04
-7.531390e+03
2.847221e+03
-6.247698e+02
-2.310181e+03
-3.455687e+03
-1.420046e+04
-3.103120e+04
-1.713112e+04
-3.486281e+02
-1.324557e+04
3.162012e+04
-1.305118e+04
8.357812e+03
3.345370e+02
-1.607538e+04
-1.621417e+04
1.315313e+03
1.803079e+03
1.062413e+04
-4.240530e+03
-8.283653e+03
1.465428e+04
4.190418e+03
1.649956e+04
-1.653550e+03
-7.523926e+03
-1.873218e+03
6.684015e+03
-5.468830e+02
-2.456615e+03
-1.452684e+03
-1.070032e+03
3.770669e+03
7.985025e+03
-1.613631e+03
-4.135502e+02
5.877501e+03
2.378003e+03
3.781100e+03
-1.527088e+03
-1.526306e+03
-3.591732e+01
-1.899094e+02
-6.805851e+02
-9.312420e+03
2.705214e+02
-2.576057e+03
1.280597e+03
-1.535227e+02
1.328727e+03
4.082911e+03
-1.485000e+03
-3.710794e+03
4.787301e+02
-1.790836e+03
2.210478e+03
2.398525e+02
9.210476e+02
8.175490e+02
4.876658e+02
-6.285738e+02
7.111941e+02
1.791247e+03
1.393423e+03
-1.064253e+03
3.198237e+02
-1.345687e+03
-3.874861e+02
9.925807e+02
-1.075148e+03
1.828285e+03
-1.915159e+03
-1.158534e+02
1.069111e+03
7.619320e+02
1.316856e+03
1.753255e+02
9.250424e+02
1.247171e+02
-8.115131e+01
2.390266e+02
-3.837574e+02
3.179937e+02
-6.292287e+02
-6.064151e+02
8.270779e+02
3.063405e+02
1.055102e+03
-7.480750e+02
6.803279e+02
2.757187e+02
-3.628758e+02
3.896192e+02
-4.433811e+02
2.932853e+02
1.742317e+02
1.727048e+02
-1.123946e+02
-5.074141e+02
2.329819e+02
-2.732060e+02
9.519928e+01
8.435110e+02
-3.130222e+02
1.792828e+02
1.126567e+02
7.761828e+00
-1.135910e+02
-2.809608e+01
5.026598e+02
-2.143676e+02
1.233090e+01
-1.478276e+02
-2.343589e+02
-2.007448e+02
5.583700e+01
2.428483e+02
4.667359e+02
-6.578000e+01
-2.828258e+02
-1.677994e+02
3.500389e+01
-5.292192e-01
5.679739e+01
1.502795e+02
-1.232212e+02
2.270752e+02
1.930551e+02
-1.159812e+02
9.930476e+01
-1.878188e+02
6.695367e+01
2.944864e+01
1.996352e+02
-3.625408e+02
-1.887028e+01
1.581464e+02
9.871032e+01
1.012098e+02
2.712845e+01
-1.913807e+02
-3.237447e+01
4.450254e+01
3.922765e+01
-6.479831e+01
-4.758175e+01
5.046989e+00
-1.155164e+01
4.409850e+01
-7.297058e+01
4.416953e+01
-3.131848e+01
8.025338e+01
-5.650516e+01
-1.410829e+02
-8.518428e+01
4.674025e+01
-5.099478e+01
-2.715796e+01
1.318146e+01
-3.337455e+01
-3.360961e+01
-2.341156e+01
8.873588e+01
-4.518247e+01
6.539591e+01
9.943661e+00
-1.730489e+01
5.907781e+01
-3.789862e+01
-8.155386e+00
3.726103e+01
-2.500177e+00
-3.603981e-01
7.605457e-01
2.385286e-01
-2.593585e-02
-6.444527e-02
-1.181370e-01
-6.736130e-01
-2.135200e-01
1.595033e-01
5.890046e-01
-4.127370e-01
1.543204e-01
-2.918721e-02
-1.081753e-01
1.889824e-01
6.724901e-02
2.051468e-02
5.465808e-02
-2.949931e-01
-3.346646e-01
3.087611e-01
-1.231212e-01
-1.643302e-01
-1.381066e-01
-5.024737e-02
5.094638e-02
2.645162e-02
-7.102032e-02
