-4.678813e-01
1.502469e+00
-2.201300e-01
5.660444e+01
1.826682e+02
-7.541775e+00
3.343284e-04
-3.007013e+04
-1.516960e+05
-4.595321e+04
2.221007e+05
1.782775e+05
-6.654988e+04
1.977160e+04
3.055644e+04
7.345112e+04
8.462062e+04
-7.001102e+04
-5.854324e+04
2.771318e+04
-2.646824e+04
-5.202834e+04
3.956089e+04
-1.822229e+04
2.882429e+04
1.238643e+04
1.988930e+04
1.283349e+03
1.157737e+04
-1.245070e+04
-3.496680e+04
-7.231182e+03
1.508996e+04
-1.963998e+04
1.908735e+04
9.809886e+03
-1.042135e+04
1.132942e+04
-1.684583e+03
6.336878e+03
-6.841679e+02
5.097218e+03
-1.681559e+04
6.293042e+03
8.365322e+03
-7.320120e+03
8.816356e+02
7.040777e+03
9.212585e+02
1.920970e+03
1.256204e+04
1.965897e+03
-5.024986e+03
8.060140e+03
-1.539196e+03
8.241392e+02
2.991796e+03
3.545839e+03
5.858017e+02
-9.974310e+03
-3.011924e+03
1.881597e+03
-1.238982e+03
-3.925521e+03
1.110042e+03
2.323039e+03
9.440276e+02
9.461665e+01
-4.971161e+03
4.515661e+03
1.993670e+03
-1.526974e+03
-3.682258e+03
-9.917309e+02
-4.463848e+02
8.108018e+02
-1.169749e+03
1.220055e+03
-3.489347e+03
8.470903e+02
-2.201402e+01
-1.425776e+03
1.612682e+03
-2.661974e+02
1.736420e+03
1.180309e+03
-7.656222e+02
7.709291e+02
2.607828e+02
-5.102577e+02
4.405345e+02
5.966333e+02
3.931776e+02
1.568187e+03
-5.820945e+02
4.070105e+02
2.218672e+02
-5.244958e+02
-1.120538e+03
1.450243e+02
-1.669366e+02
1.492030e+02
5.689677e+02
-7.846949e+02
1.122797e+02
-7.416567e+02
8.962637e+02
5.425618e+02
3.167954e+02
9.424094e+02
-8.472667e+01
6.590629e+02
-2.391703e+02
5.746069e+02
-5.421078e+02
-6.339964e+02
-2.647998e+02
-4.140073e+02
-3.545246e+02
3.745071e+02
1.902762e+02
-3.144731e+01
-3.782942e+02
3.700754e+02
4.688204e+02
-2.275834e+02
1.696897e+02
-3.171932e+02
-6.070901e+01
-1.728254e+02
2.593128e+02
3.333267e+02
-1.049500e+01
6.347121e+01
-3.819142e+01
8.371928e+01
2.197457e+02
-1.228963e+02
-1.241482e+02
-7.067550e+01
9.007690e+01
-2.744455e+02
1.144974e+02
9.068392e+01
2.307451e+01
3.080829e+01
-5.425431e+01
-2.179436e+02
9.433152e+01
2.143412e+02
1.900270e+02
1.223005e+02
2.130588e+01
-9.582605e+01
-2.023542e+02
1.675010e+00
2.085067e+02
7.736905e+00
-1.349018e+02
-3.753637e+01
1.555639e+02
6.712361e+00
1.401396e+02
3.893150e+00
-5.233305e+00
-6.102822e+01
4.118021e+01
6.212344e+01
-1.879726e+02
7.736132e+01
8.033001e+01
8.725368e+01
8.409904e+01
-3.082968e+01
-3.890781e+01
-3.234722e+01
1.014816e+02
7.162799e+01
-5.579729e+01
-1.876294e+01
7.994937e+00
8.136152e+01
-1.384784e+01
-4.196371e+01
6.172628e+01
-1.772344e-01
3.999574e+01
4.014911e+01
-3.209488e+01
-2.444738e+00
5.152486e+01
2.990723e+00
-1.098336e+01
5.367860e+01
1.621577e+01
-3.523985e+01
-2.803708e+01
-1.152540e+01
-1.318747e+01
3.013815e+01
4.489582e+00
-3.282645e+01
1.262846e+00
1.470141e+00
3.167927e+01
2.264971e+01
-8.160290e-01
-2.867266e-01
1.642009e-01
6.047365e-01
-2.113405e-01
-6.771993e-03
-1.798685e-01
-1.813745e-01
3.339748e-02
1.793772e-01
-1.246622e-01
-4.276394e-01
-1.125080e-01
3.725569e-02
-1.685373e-01
-1.243427e-01
-6.215255e-02
-5.922866e-02
-2.181751e-02
-1.734228e-01
5.374719e-02
7.162069e-02
-1.011178e-01
1.367099e-02
3.837808e-02
-2.427760e-02
5.726753e-03
-9.176015e-02
-6.771003e-02
