-1.442404e-01
-5.430659e-02
-2.818067e-02
5.006222e+01
1.952496e+02
-2.715503e+01
3.553889e-04
-5.686280e+04
-2.898224e+05
-1.780196e+05
1.154107e+05
2.206789e+04
3.447879e+04
-3.423269e+03
-9.375642e+04
-1.739789e+05
-2.929879e+04
-8.359523e+04
1.379866e+05
-4.291145e+04
-5.740137e+04
-4.842341e+03
-2.437385e+04
6.821023e+04
-1.830226e+04
5.410723e+03
-1.575260e+04
2.399208e+04
-3.655529e+04
1.743093e+04
-5.265468e+04
7.496120e+03
-3.250059e+04
-3.913534e+04
1.957770e+04
6.746956e+03
7.324775e+03
-1.056432e+04
1.931501e+04
-6.558445e+03
-1.237373e+04
-6.510729e+03
-1.546553e+04
4.086444e+03
5.326942e+03
-4.847317e+03
2.674395e+03
1.219327e+03
2.622260e+03
-2.584033e+03
2.211839e+03
-4.060810e+03
5.284786e+03
-5.450442e+03
-8.206785e+03
1.066338e+02
3.353083e+03
9.348037e+03
5.743784e+02
-7.381298e+03
-2.525085e+03
-4.389872e+03
-2.356410e+03
-2.242215e+03
3.337794e+03
7.882602e+03
4.266255e+03
2.313280e+03
-8.015396e+03
3.431871e+03
-1.109373e+03
-5.605193e+02
-2.513775e+03
9.659365e+02
1.659786e+03
1.070979e+03
1.166713e+03
1.600502e+03
-3.486972e+03
-4.006222e+02
-1.199873e+01
1.125052e+03
-3.063594e+03
1.353319e+03
2.522856e+03
1.026427e+03
-6.546196e+02
-8.955309e+02
-7.508697e+02
-7.957329e+02
-3.689781e+02
3.313585e+02
1.643466e+03
2.136792e+03
-2.346329e+03
1.112383e+03
1.560462e+03
4.634098e+02
7.160719e+02
5.156469e-02
-6.892161e+02
-1.527305e+02
2.241233e+01
-5.612769e+02
5.731653e+01
-1.447935e+02
1.558081e+03
-1.465217e+01
2.393938e+02
1.447972e+03
-3.484546e+02
1.435798e+03
-2.666154e+02
7.156896e+02
-2.980075e+01
1.935575e+02
4.146601e+02
-3.824144e+02
3.388071e+01
9.832237e+01
-6.827798e+01
-2.576851e+02
-4.304889e+02
-1.019679e+02
3.842621e+02
-4.162759e+02
-1.617034e+02
2.974012e+02
-2.179494e+02
-1.601087e+02
4.941644e+02
5.619337e+02
2.701259e+02
3.658608e+02
-3.660311e+02
3.876476e+01
3.258741e+02
-1.346227e+02
1.648823e+02
-9.038390e+01
-2.048043e+02
2.251043e+02
1.037674e+02
1.135717e+02
9.906246e+01
8.821593e+01
9.926186e+01
-2.432784e+02
4.787276e+01
3.179710e+02
1.187525e+02
9.085344e+00
3.336852e+02
1.184890e+02
-8.134494e+01
2.211523e+00
8.950024e+01
1.715036e+02
-6.441319e+01
-2.579432e+02
5.682274e+01
-2.450387e+01
1.340220e+02
-5.442339e+01
9.589029e+01
-1.322155e+02
-5.418871e+01
7.266891e+01
1.124659e+02
1.031456e+02
1.290116e+02
-1.318547e+00
-2.803541e+01
2.221465e+01
2.187170e-02
-7.986675e+01
-6.375979e+01
-8.205408e+01
1.169595e+01
1.144973e+02
6.992760e+00
7.268512e+01
-3.425837e+00
2.120268e+01
1.169771e+02
-2.784770e+01
4.555185e+01
-1.238518e+01
-7.371140e+01
6.554559e+01
3.671131e+01
-1.665244e+01
-4.995519e+01
6.581132e+01
3.687293e+01
2.246798e+01
-2.306368e+01
-6.082285e+01
1.266779e+01
-1.875488e+01
-4.419632e+00
-2.818822e+01
1.226674e+01
-1.263010e+01
3.238016e+01
2.763554e+01
-2.085153e+00
2.778297e+00
-1.007296e+00
6.080176e-01
2.767106e-01
-3.736411e-01
-1.154467e-02
-7.311953e-01
6.517901e-02
-6.656387e-01
-2.000579e-01
-2.385250e-01
-6.204239e-02
1.071366e-01
-1.419475e-03
9.171826e-02
6.022588e-02
5.406838e-02
-2.343763e-03
2.081095e-02
6.204984e-02
5.022002e-02
1.094168e-01
-4.759730e-02
-1.144207e-02
7.301578e-02
2.411902e-02
-9.888113e-02
3.866473e-02
