-4.075992e-01
1.464277e+00
-4.436750e-02
5.660444e+01
1.869740e+02
-7.301218e+00
3.560973e-04
-2.284508e+05
-1.414858e+05
4.116460e+05
-2.603364e+05
-2.257945e+04
2.461595e+05
-1.309771e+05
144060
-2.415742e+05
-1.439504e+04
6.537095e+03
3.724379e+04
-1.260121e+05
3.400673e+04
1.182053e+04
4.444988e+03
1.658933e+03
-1.310441e+04
-7.263859e+04
-1.594885e+04
-6.531019e+03
-8.663360e+03
2.341660e+03
-7.222495e+04
-7.039790e+03
-2.717673e+04
-9.721290e+03
1.084240e+04
-1.225260e+04
7.368974e+03
1.185219e+04
1.211777e+04
1.000965e+04
1.886251e+04
-3.733699e+03
-1.250097e+04
-2.999591e+04
8.632353e+03
1.293885e+04
7.127646e+02
7.037330e+03
-2.062194e+04
-1.636521e+04
1.126830e+04
3.437497e+03
1.776381e+04
-6.748729e+03
-1.137252e+04
4.911168e+03
1.679866e+03
1.139477e+04
-8.398719e+03
-4.936653e+03
-2.658588e+03
5.407354e+03
-3.754785e+03
6.173820e+02
1.291048e+03
-8.313927e+02
6.093382e+03
1.007143e+04
-2.106992e+03
2.401981e+03
2.452851e+03
2.194476e+03
4.516085e+03
8.857895e+02
1.518409e+03
-1.812782e+03
4.777503e+03
2.948067e+03
-5.981561e+03
-7.930921e+02
-4.158212e+03
1.221156e+03
-2.575476e+03
9.018939e+02
1.267458e+03
3.046364e+03
-5.171327e+02
-2.503458e+02
5.875226e+02
-2.538579e+02
1.317383e+03
1.099758e+03
3.151698e+03
1.614135e+03
4.958584e+02
2.471260e+03
3.020947e+03
6.689658e+02
7.443821e+02
1.215926e+03
-1.138142e+03
-5.390424e+02
-8.013627e+02
-1.350175e+03
4.360469e+02
2.764381e+02
1.400283e+03
9.182031e+02
8.816789e+02
1.089477e+03
1.216916e+03
1.592256e+03
-1.094692e+03
3.766157e+02
4.770963e+02
-3.326096e+02
-2.435891e+02
-2.829988e+02
-7.794428e+02
5.122524e+02
-1.456857e+02
5.825726e+02
-3.947675e+02
6.522046e+02
4.327660e+02
-4.669931e+02
-4.649938e+02
2.429967e+02
4.300390e+02
-4.586824e+02
-1.053221e+02
1.616240e+02
-4.452564e+02
1.347252e+02
-2.947975e+02
-1.159224e+02
4.077840e+02
-1.845512e+02
1.471188e+02
5.798801e+01
-2.011030e+01
4.235160e+01
-2.711430e+02
3.643003e+02
-3.136181e+02
1.920092e+02
1.322771e+02
2.332043e+02
-1.713318e+02
1.525510e+02
-1.992248e+01
1.414503e+02
-3.119478e+02
-2.859539e+01
-1.989790e+01
1.063115e+01
-1.280146e+02
9.928112e+01
-1.910261e+02
-1.536302e+02
2.434413e+02
-1.256695e+02
-3.673214e+00
-9.703020e+01
5.365855e+01
6.071097e+01
-8.201227e+01
1.647420e+02
-1.784502e+02
-4.643640e+01
7.859439e+01
1.002327e+02
7.766714e+01
1.172863e+02
4.381942e+01
-9.273622e+01
-9.877686e+01
-6.238214e+01
-1.219411e+02
-4.070583e+01
3.829118e+01
6.500713e+01
-1.122350e+02
-1.847583e+01
7.293966e+00
-5.086966e+01
1.711449e+02
4.340011e+01
-1.117498e+02
-4.095234e+01
3.260518e+01
5.266912e+01
-1.350338e+01
-2.973063e+01
4.308236e+01
1.551401e+01
-9.525146e+01
-1.640166e+01
-2.157036e+01
1.202997e+00
1.148288e+01
-7.385283e+01
2.500632e+01
-4.316122e+01
1.293295e+01
3.692471e+01
-2.043786e+00
6.719004e-01
2.608031e-01
1.751990e-01
-1.447093e-01
-7.129021e-01
-4.199158e-01
-9.179708e-02
-2.068020e-01
-2.325709e-01
1.500799e-01
-3.206464e-01
5.611563e-02
-3.576786e-02
3.473664e-01
2.244979e-01
2.735983e-02
4.650196e-02
-8.376484e-02
-1.043250e-01
4.974951e-02
-6.204752e-02
-7.380355e-02
-2.160380e-01
9.080480e-02
6.785600e-02
3.081374e-02
8.867783e-03
4.360151e-02
