1.349136e-01
7.051584e-01
6.877797e-02
4.494222e+01
1.658353e+02
-2.402637e+01
3.401851e-04
-1.048917e+05
2.891982e+05
-114518
-3.691804e+05
-8.944973e+04
-3.385370e+04
4.824842e+04
-2.193898e+04
-1.368021e+05
-5.092327e+04
-6.745032e+02
2.130784e+05
-1.371944e+04
-2.239364e+04
-8.909050e+03
4.340821e+03
7.568074e+03
-1.257588e+04
2.341607e+04
2.291653e+03
3.343776e+04
-2.912423e+04
-5.769180e+04
2.764805e+04
-1.494280e+03
-3.375413e+04
9.342073e+03
-4.402771e+04
-1.029996e+04
3.259528e+03
-1.869548e+04
1.527263e+04
1.770887e+03
-1.865055e+04
-2.470643e+04
1.684330e+04
-3.006041e+04
3.224222e+03
-1.046291e+04
1.311178e+04
8.561025e+03
-1.711038e+04
2.397081e+03
-9.791739e+03
2.041975e+03
-1.528793e+03
-3.821027e+01
1.249043e+03
1.015735e+04
-2.876710e+03
7.460731e+03
4.539493e+03
-7.214421e+02
-8.144985e+03
4.584653e+03
2.949660e+02
-1.057814e+03
-1.011538e+03
-1.624221e+02
3.382212e+03
5.772108e+03
1.516296e+03
-1.765212e+03
8.704893e+02
2.314721e+03
6.003188e+03
4.395172e+02
-3.170443e+03
-1.876686e+03
-3.737140e+02
-2.423668e+03
-3.652919e+03
-1.595875e+03
-4.704481e+02
1.082314e+03
5.510375e+02
1.414731e+03
1.373696e+03
-1.680736e+03
-1.852136e+03
4.578970e+02
4.871962e+02
2.302016e+03
2.874524e+02
7.731777e+02
1.941060e+03
-5.137506e+02
-6.826861e+02
-4.201954e+02
2.518242e+03
-1.427153e+03
3.535713e+02
4.025075e+02
-1.074334e+03
-4.901024e+02
6.745579e+02
-1.135392e+03
8.701633e+02
-1.318765e+03
-3.768110e+02
1.227481e+03
1.485411e+03
8.521729e+02
1.240627e+03
-2.511779e+02
-6.758066e+02
-6.298882e+02
3.439668e+02
5.323706e+02
3.781983e+02
-4.801573e+02
-4.015887e+02
5.507080e+02
3.738589e+02
9.785296e+02
-1.564856e+01
-8.910484e+01
2.712713e+02
-7.720821e+01
3.268919e+02
2.501925e+01
-3.738685e+02
2.946518e+02
1.595758e+02
1.059921e+02
-3.909840e+02
-4.146605e+01
-5.673890e+01
-5.122570e+02
1.886583e+02
-1.834057e+02
7.197361e+01
-4.679324e+01
-3.116018e+02
2.194523e+02
-1.353595e+00
3.687036e+02
-9.468307e+00
-1.903412e+01
-2.062762e+02
-3.266315e+02
-2.347629e+02
-2.430125e+00
1.290513e+02
2.756236e+02
-7.250978e+01
-1.156684e+02
5.824072e+01
1.106573e+01
3.820262e+01
-5.701131e+01
1.705174e+02
-6.765010e+01
3.867373e+01
3.811369e+01
-1.560499e+02
-5.004166e+01
-3.166523e+02
1.988247e+01
-6.314577e+01
2.753344e+02
-2.093644e+02
-1.219267e+02
1.679555e+01
1.950467e+01
9.294500e+01
9.305050e+01
-1.014519e+02
-7.523740e+01
7.027515e+01
4.341328e+00
-7.887273e+01
1.802002e+01
3.197805e+01
-1.752676e+01
1.859290e+01
1.111286e+01
5.144147e+01
-5.241495e+01
1.379078e+01
5.829532e+01
-1.249659e+02
-3.644924e+01
5.406316e+01
3.164134e+01
-4.444951e+01
-7.005145e+01
-1.275272e+01
3.492225e+01
5.108468e-01
4.737968e+01
-4.329424e+01
-8.762274e+00
9.837858e+00
-2.053288e+01
5.830232e+01
4.351425e+01
-1.527947e+01
1.537760e+01
-1.215145e+00
-1.743394e+00
-5.501154e-01
-1.822066e-01
3.093739e-01
2.860138e-01
-4.723506e-03
-2.372229e-01
-3.736340e-02
1.963291e-01
7.628728e-01
3.158839e-01
-7.337262e-02
-1.372119e-01
2.357226e-01
-2.927291e-02
-2.672682e-02
-1.201145e-01
-9.357027e-02
1.295224e-01
-1.230278e-01
2.684631e-01
-4.730590e-02
-1.964481e-01
1.290780e-01
6.372658e-02
-6.047161e-02
1.081885e-01
5.672621e-02
