-8.283620e-02
-9.031501e-02
-8.402632e-03
3.783111e+01
1.757219e+02
-2.608991e+01
3.330868e-04
9.129058e+04
-1.306548e+05
-4.904118e+04
4.361731e+05
1.195009e+05
-1.336880e+05
9.023702e+04
-3.920025e+04
6.958829e+04
1.180611e+05
5.875375e+04
-1.651503e+04
6.663825e+04
-6.288042e+04
-8.479768e+04
2.176088e+04
7.598464e+03
1.204070e+03
-5.931833e+03
5.823161e+04
2.920164e+04
-2.418474e+04
-3.927472e+03
-2.746466e+04
3.980765e+03
-7.159877e+03
-1.812155e+04
-2.764047e+04
9.989529e+03
-3.351754e+03
6.216979e+03
-9.876479e+03
-8.401142e+03
-1.513478e+04
1.150431e+04
-1.408630e+04
1.407503e+04
1.104556e+04
-2.404550e+04
1.258272e+03
1.610733e+04
1.403207e+04
5.674201e+03
-2.169990e+03
9.528171e+03
-7.834283e+03
2.330310e+03
6.032720e+03
-2.563729e+03
-1.982578e+03
7.297777e+03
6.530595e+03
-6.269672e+03
-5.817721e+03
-3.844642e+03
-1.435557e+03
-3.868406e+03
-1.366927e+03
4.955660e+03
-1.027808e+02
-4.153133e+03
-6.299657e+03
2.787269e+03
3.000547e+03
1.837327e+03
-4.042627e+03
-1.092409e+03
-2.932897e+03
1.716952e+03
-6.235487e+02
4.200517e+02
-1.363865e+03
-9.546450e+02
2.171645e+03
-1.934393e+03
1.628776e+03
-4.091674e+02
2.993930e+03
-1.673824e+02
-3.146218e+02
-1.572820e+03
-5.266902e+02
-1.589639e+02
3.782297e+02
-2.260343e+03
-2.240475e+02
9.934117e+02
-1.638564e+03
-5.895837e+02
-1.257792e+03
-5.013889e+02
-5.480089e+02
-2.246011e+02
2.272804e+02
-2.359628e+00
1.206365e+03
3.015589e+02
-2.937690e+02
-1.349425e+03
5.035426e+02
-3.456133e+02
1.595729e+02
4.487877e+02
-1.261480e+03
2.582871e+02
1.111454e+02
4.383728e+02
-9.957983e+02
5.811855e+02
-3.376938e+02
9.936780e+01
2.651601e+01
5.614671e+01
-1.201756e+01
-5.805962e+02
-1.056938e+02
-6.512898e+01
4.272328e+02
-1.780215e+02
3.363805e+02
-1.322740e+02
-2.721430e+02
-3.126362e+01
4.244120e+02
4.104659e+02
4.369700e+02
6.868348e+01
2.819911e+02
8.952378e+01
1.045427e+02
4.374762e+01
-2.992173e+01
-2.663774e+02
8.812109e+01
7.194982e+01
2.582961e+02
-4.491186e+01
1.904816e+02
1.309455e+02
-7.917109e+01
-3.630146e+02
1.737361e+02
1.719588e+02
2.034141e+02
-1.392101e+02
2.761676e+02
5.488846e+01
-9.423798e+01
6.742437e+01
2.353434e+02
5.394127e+01
-2.860204e+00
-3.977638e+01
1.136565e+02
4.277768e+01
5.483469e+01
3.881905e+01
-9.587156e+01
-9.676139e+01
-3.969389e+01
5.133781e+00
-5.949311e+01
2.117933e+01
-1.141539e+01
9.671997e+01
-1.500693e+01
-6.460352e+01
-6.109015e+01
-4.359859e+01
7.759328e+01
3.401659e+01
-1.222015e+02
-4.333453e+01
-7.205170e+01
7.678482e+01
6.707369e+00
-6.765357e+00
6.528496e+01
-2.413760e+01
4.532139e+00
-1.763083e+01
2.006219e+01
-4.055421e+00
5.532450e+01
-8.005126e+00
-4.938933e+01
9.245219e+01
2.082709e+00
-3.265816e+01
-7.631008e+00
-4.474575e+01
1.000878e+00
2.944079e+00
5.577791e+00
-7.137015e+00
-6.029264e+01
-4.788556e+00
5.626165e+01
8.241473e+00
1.215083e+00
1.849229e-01
3.144315e-01
2.995595e-02
1.660700e-01
1.753312e-01
2.676502e-02
3.906991e-02
3.881454e-01
1.229921e-01
-3.016391e-01
-4.043941e-01
-2.100494e-01
8.193732e-02
-2.716933e-01
2.978053e-02
-5.199434e-02
-2.099690e-02
4.828716e-02
-1.362701e-01
5.478038e-02
5.633574e-03
-3.349069e-02
4.675721e-02
-6.996820e-02
-1.954286e-02
-1.247530e-01
-1.335301e-01
2.537919e-02
