-3.321382e-02
-1.052804e+00
-1.127496e-01
5.034667e+01
1.680480e+02
-1.645837e+01
3.390800e-04
-2.193702e+05
-2.830464e+05
3.600186e+05
1.411125e+05
2.446538e+05
-2.149255e+05
-3.153737e+04
5.594943e+04
-2.746213e+04
7.496873e+04
-4.866210e+04
8.811829e+04
-8.774280e+03
-4.079910e+03
-7.856147e+04
1.394309e+04
1.818181e+04
8.748588e+03
-3.832074e+04
3.866329e+04
-3.161097e+04
5.684792e+03
-1.097038e+04
-3.810252e+04
3.466259e+04
-2.790862e+04
-2.357824e+04
-3.911972e+03
2.596472e+04
1.358342e+04
-2.713668e+03
-1.617703e+04
-4.210853e+03
4.280579e+03
-7.314869e+03
-1.021491e+04
-5.118862e+03
7.762606e+03
-4.293422e+03
3.974586e+03
1.786712e+03
-1.907532e+02
6.291645e+03
1.293562e+04
-3.418331e+03
-3.042398e+03
1.819168e+03
-3.806856e+03
-1.177965e+03
5.591354e+03
4.899744e+03
3.577732e+03
-1.388007e+04
-1.079662e+04
8.304863e+02
1.458496e+03
-1.038616e+03
-2.433690e+03
3.902394e+03
-2.322188e+03
6.138679e+03
-5.961848e+03
4.057839e+03
2.205388e+03
4.849432e+03
1.312633e+03
-1.459640e+03
-2.175652e+03
1.823587e+03
-8.512036e+02
1.718163e+02
-2.878731e+03
-1.665358e+03
-1.506631e+03
-2.492325e+03
-1.157486e+03
-3.280313e+02
2.040360e+03
1.815373e+03
-3.238537e+02
-1.688870e+03
1.384863e+02
1.000071e+03
9.551655e+02
-1.249342e+03
7.354944e+02
2.403373e+03
-5.928502e+02
4.004073e+02
1.969310e+03
-7.120665e+01
-6.775614e+02
-1.152434e+03
8.621660e+01
-4.476563e+02
1.077773e+03
-2.621306e+02
1.825714e+02
-1.141086e+03
6.761516e+02
2.974855e+02
1.055786e+03
1.118666e+03
1.245140e+01
5.073686e+02
3.125359e+02
8.007312e+02
-2.190664e+02
5.311286e+01
-6.453148e+02
-2.279387e+02
-7.215179e+02
3.624044e+02
-2.031102e+02
-2.821851e+02
-3.516458e+02
-9.904266e+01
9.211452e+02
-4.520617e+02
-7.567501e+01
-3.234720e+01
-3.927516e+02
-5.806902e+02
4.007466e+02
1.716862e+02
1.758809e+02
3.403371e+02
-2.639657e+02
1.049224e+02
5.028698e+02
4.274635e-01
-1.317799e+02
6.336436e+01
5.772885e+01
-1.073735e+02
1.245220e+02
-5.717580e+01
-6.599445e+01
2.772091e+01
2.846476e+01
-5.280258e+01
1.157633e+01
2.483840e+02
3.773109e+02
-4.972311e+01
8.432640e+01
-9.464790e+01
1.631676e+02
1.661916e+02
3.817741e+01
2.827591e+02
-1.647441e+00
-1.369061e+02
1.420104e+02
-5.762063e+01
4.461411e+01
6.664140e+01
-2.014469e+02
-6.389605e+01
-7.252315e+01
2.177383e+01
-2.167129e+02
7.106865e+01
8.463490e+01
1.669549e+02
8.313530e+01
8.574947e+01
-8.038504e+00
-5.632080e+01
8.274587e+01
6.198853e+01
-8.979459e+01
-2.112087e+01
-4.288568e+01
-3.074865e+00
-2.081764e+01
4.544385e+00
7.702054e+01
2.367196e+01
1.521812e+02
9.321040e+01
-7.579400e+01
-1.166543e+01
-4.819252e+00
-2.990350e+00
-4.192231e+01
3.667041e+01
-4.726933e+01
2.701025e+01
-2.562404e+01
1.717690e+01
3.140766e+01
4.444186e+01
-8.655998e-01
-3.394154e+01
-4.192867e+01
-4.023398e+01
5.332630e+01
2.407822e+01
-1.034826e-01
3.308403e+00
-8.820965e-01
2.397374e-01
4.572397e-01
-1.595839e-01
-1.104786e+00
1.062643e-01
2.802102e-01
-3.297958e-01
5.280043e-01
2.138238e-02
-1.930773e-01
-3.480516e-02
4.060690e-02
5.235310e-02
2.667516e-02
-2.532267e-01
-9.253641e-02
-1.104096e-02
-3.452806e-01
2.355550e-02
-8.483208e-02
-1.243220e-01
3.890023e-02
-2.466869e-02
-1.384813e-01
-9.015577e-02
-1.628431e-02
