-1.403561e-01
-3.805586e-01
1.533793e-01
4.437333e+01
1.796442e+02
-2.435353e+01
3.315684e-04
-2.568208e+05
7.773441e+04
4.701697e+05
-8.687791e+04
1.228340e+05
-2.138699e+05
1.006700e+04
8.614375e+04
-1.822126e+05
3.960579e+04
-1.327647e+05
-3.405244e+04
1.374785e+05
-3.300077e+04
-4.034624e+04
3.338243e+04
1.582304e+04
1.659043e+04
-59163
3.009879e+04
-3.364712e+03
-2.508628e+04
-3.336198e+04
1.509119e+04
9.228276e+03
-3.509773e+04
-1.098813e+03
2.358238e+03
-8.674439e+03
1.423088e+03
-1.458028e+04
-1.993193e+04
1.277189e+04
1.641124e+04
-2.009676e+04
-5.608415e+02
-1.175336e+04
2.145128e+04
2.431682e+02
6.053023e+03
1.956243e+03
3.971891e+03
7.710093e+03
1.288549e+04
-6.248384e+02
2.556436e+03
-6.063201e+03
1.960373e+03
7.870668e+02
-1.282796e+03
2.424605e+03
4.650539e+03
-3.768263e+03
3.272606e+03
6.410455e+02
-1.108444e+03
-4.593776e+01
1.985344e+03
1.310544e+03
2.547042e+03
9.132451e+03
-3.627495e+03
1.363238e+03
3.165552e+03
5.993384e+03
4.032810e+03
-2.026797e+03
-2.022460e+03
1.984170e+03
3.302218e+03
-2.776538e+03
-2.331688e+03
-1.167406e+03
-9.139904e+02
-1.877248e+03
3.877603e+02
-4.198095e+02
4.162559e+03
-4.925903e+02
-2.848620e+03
-1.277120e+03
-9.570574e+02
2.062688e+03
1.051656e+03
8.059762e+00
2.274247e+03
9.819209e+02
-5.178476e+02
-1.097578e+03
3.273062e+02
-5.112803e+01
6.294205e+02
-1.193868e+03
-2.195265e+02
-3.461793e+02
5.708179e+02
-1.328864e+03
9.116447e+02
-2.767936e+02
-1.108715e+03
1.146243e+03
1.366013e+03
1.233224e+03
1.042288e+03
6.092233e+01
-3.229326e+02
3.472198e+02
-1.803092e+02
-3.774699e+02
-7.426566e+02
-4.838928e+02
-6.123857e+02
8.169023e+02
3.359302e+02
6.400270e+02
-8.008125e+02
5.855334e+02
5.625107e+01
-7.449110e+01
-1.334078e+01
-1.373442e+02
-1.675528e+02
-2.434185e+01
-3.381418e+02
3.436402e+02
-2.080865e+02
1.857896e+01
-3.098145e+02
-1.828231e+02
2.792703e+02
-3.292694e+02
-8.269048e+01
1.826556e+02
-1.918820e+02
-1.175079e+02
2.263301e+01
-7.442045e+01
-2.734649e+02
2.102693e+02
2.391122e+01
-1.720995e+02
-1.327620e+02
1.483285e+02
3.034848e+02
2.761441e+02
-6.623602e+01
2.352436e+01
-3.883414e+01
5.817580e+01
2.879016e+00
2.066267e+02
1.277317e+02
-1.015014e+02
1.451377e+02
6.584400e-01
9.897742e+00
-4.888901e+01
-2.124837e+02
-5.836979e+00
7.394110e+01
3.391035e+01
-2.113961e+02
-6.167253e+00
9.528257e+01
1.349863e+02
1.081997e+02
2.948029e+01
-5.679789e+01
-1.381874e+01
5.409462e+01
2.240141e+01
-2.795971e+01
-6.476633e+00
1.263231e+02
-8.096084e+00
-3.768654e+01
3.795948e+01
2.926966e+01
8.374372e+00
4.770774e+01
8.149092e+01
-5.800522e+01
1.406719e+01
-2.278828e+01
5.479306e+01
2.212275e+01
-4.848787e+00
-4.346622e+01
-2.945527e+01
-5.007885e+01
1.904477e+01
-5.493551e+01
5.667021e+01
-1.559119e+01
-3.009605e+01
1.279592e+01
-5.947740e+01
1.440859e+01
-3.591218e-01
-6.117887e-01
-4.562369e-01
2.463494e-01
-2.404054e-01
-7.242974e-02
-1.851614e-01
-6.683154e-01
-1.326028e-01
1.754209e-01
-1.562075e-01
6.370218e-01
-1.274444e-01
4.749053e-01
-1.819879e-02
1.973325e-01
1.102128e-01
5.046995e-02
-1.357092e-01
7.612786e-02
-2.610629e-02
-1.164447e-01
1.006361e-01
-2.672692e-03
-1.007151e-01
3.973321e-02
2.028850e-03
-8.701850e-03
1.262488e-02
-7.609119e-02
