-1.662669e-01
-7.062933e-01
-1.017674e-01
4.949333e+01
1.871684e+02
-2.168903e+01
3.448088e-04
-1.629206e+05
-2.872105e+05
2.336501e+05
1.476918e+05
-1.714869e+05
3.414234e+03
-1.997508e+05
-1.287094e+05
-2.473091e+05
2.179488e+05
1.769973e+04
1.454798e+05
-1.208124e+05
-6.567952e+04
-1.376598e+05
2.278572e+04
-1.269093e+04
7.795103e+03
-2.237945e+03
2.614187e+04
-7.282207e+04
-6.168719e+04
-5.731709e+04
-1.261488e+05
-4.048988e+04
-4.769016e+04
-3.473239e+04
3.217790e+04
1.395681e+04
-9.317912e+03
3.026565e+04
-1.053327e+04
-4.052125e+04
-8.458977e+03
-4.426321e+04
1.452468e+04
3.164932e+03
-4.536850e+03
-2.797036e+02
5.449875e+03
8.991548e+03
-1.654544e+03
-4.049380e+03
6.460142e+03
-1.762543e+04
4.734249e+03
-8.061240e+03
-1.883708e+04
-5.594966e+03
2.992978e+03
1.502628e+04
-5.715556e+03
-1.640432e+04
-6.308059e+03
-5.638985e+03
-1.135240e+03
-6.877332e+03
2.757167e+03
9.713672e+03
5.534656e+03
1.217551e+04
-1.221072e+04
1.574783e+03
4.796097e+03
3.158024e+03
4.480191e+02
-1.421437e+03
3.776124e+03
5.989777e+03
3.283670e+03
2.801917e+03
-6.286645e+03
-7.915066e+02
9.163046e+02
3.162779e+02
-4.733447e+03
-1.713019e+03
3.833817e+03
2.282156e+03
3.624414e+03
-1.877559e+03
-1.191664e+03
2.769913e+03
1.671773e+03
-3.033907e+03
2.912538e+02
1.062118e+03
-1.889373e+03
1.903191e+03
2.695977e+03
5.584070e+02
1.420084e+03
-5.290055e+01
-3.868053e+02
1.279627e+02
-5.336631e+02
1.128468e+02
1.772381e+03
-7.975942e+02
2.555550e+03
-3.191015e+02
8.823015e+02
-2.119442e+02
-8.101595e+02
4.220428e+02
5.187752e+02
-3.521184e+01
-5.541768e+02
4.853837e+02
-3.609726e+02
4.141358e+02
-1.310859e+03
7.634838e+02
-9.551194e+02
-8.722895e+02
-6.516723e+02
2.282099e+02
5.437788e+02
6.329774e+00
-3.774438e+02
3.516490e+02
-5.893105e+02
-9.761613e+02
2.978110e+02
3.706801e+01
6.364797e+02
4.248712e+02
-1.125139e+02
-2.114407e+02
5.368565e+02
-4.834827e+02
2.740334e+02
1.204745e+02
2.341420e+02
1.156369e+02
5.325423e+01
-3.581287e+01
-2.954620e+01
1.241564e+02
2.425037e+02
-3.598801e+02
1.516571e+02
3.607473e+02
2.500704e+02
2.478432e+01
3.402833e+02
4.682352e+01
-5.007855e+01
1.662439e+01
-6.050767e+01
1.503903e+02
-2.483217e+02
-3.203623e+01
2.191689e+02
-1.121704e+02
3.240829e+01
4.189177e+01
8.195939e+01
-1.518881e+02
-1.294169e+02
-7.908461e+01
-2.473838e+01
9.647526e+00
2.179884e+02
3.600778e+02
1.103874e+02
3.467014e+01
5.397111e+01
-3.684472e+01
-1.090882e+01
-2.739482e+01
-2.292202e+01
3.562310e+01
2.197954e+02
-1.405159e+01
-1.066933e+02
2.893048e+01
1.312661e+02
5.906010e+01
8.021739e+01
4.578684e+01
-1.275529e+02
8.213069e+01
-9.037908e+01
5.285016e+01
-6.607358e+00
1.202396e+02
9.451020e+01
-4.622942e+00
-1.288060e+02
-5.363578e+01
-3.345602e+01
4.185721e+01
4.346552e+01
-6.455138e+01
7.489235e+01
-1.362354e+02
4.851734e+01
3.687097e+01
-1.406052e+00
1.074282e+00
-6.644120e-01
4.295763e-01
3.384954e-01
-4.259608e-01
-3.704582e-01
2.550039e-02
-3.130948e-01
-2.364095e-01
1.244457e-01
-4.207434e-01
4.318330e-01
2.141664e-01
4.001270e-01
1.565686e-02
-8.720830e-02
-1.414878e-01
-1.588458e-01
1.462583e-02
-2.480890e-03
-1.242748e-01
-2.237320e-01
3.131466e-02
1.008753e-01
2.362789e-01
-2.367032e-01
-1.189411e-01
1.746562e-01
