-1.120841e-01
1.960367e-01
1.098451e-01
4.522667e+01
1.819498e+02
-2.607434e+01
3.526984e-04
-5.690275e+04
1.108184e+05
4.478410e+04
-1.671649e+05
-2.614671e+04
5.229471e+04
8.333365e+04
8.016738e+04
-6.881913e+04
-5.822382e+04
-9.139689e+04
-5.108631e+03
1.756833e+05
2.095860e+04
2.256709e+03
3.888225e+04
9.473712e+04
4.194772e+04
-1.747670e+04
3.640742e+04
-8.144718e+03
-1.738355e+04
2.470260e+04
-1.398545e+04
5.367945e+04
-4.085453e+04
-2.270238e+03
1.770051e+04
1.464825e+04
7.313830e+03
-1.247528e+04
2.521289e+03
1.559630e+04
-2.566140e+03
-3.360789e+03
-5.436281e+03
-7.070601e+03
8.313850e+02
-1.117966e+04
1.489606e+04
3.153870e+03
-2.997062e+03
-3.459334e+03
1.075212e+04
1.999624e+04
-1.252133e+03
2.412740e+03
6.277851e+03
9.680544e+02
1.268408e+03
1.141047e+03
5.520984e+03
-4.253931e+03
-4.465081e+03
-5.696773e+03
2.022678e+03
-4.088711e+03
4.494868e+02
9.632352e+02
-2.101720e+03
1.240312e+03
-2.583414e+03
1.166363e+03
-3.075228e+03
1.684790e+03
3.495592e+03
4.204189e+02
3.267441e+02
-1.582451e+03
-4.018580e+02
-3.845882e+03
-2.807068e+03
-6.292079e+02
-3.004752e+03
-3.091944e+03
8.131708e+02
8.083023e+02
2.104897e+03
5.005669e+02
-3.947240e+03
1.009036e+03
4.263634e+01
-1.306391e+02
3.407916e+02
-1.952208e+02
1.196250e+03
6.718688e+02
-2.371227e+02
-7.604865e+02
1.173145e+03
6.016169e+02
-8.891063e+02
-4.535592e+02
-9.530394e+02
-5.495404e+02
7.566121e+02
-4.469679e+02
-6.833165e+02
-7.523631e+02
-4.109944e+02
1.102337e+03
1.278986e+03
1.604223e+03
7.745515e+02
-5.849168e+02
-6.503737e+02
5.102881e+02
6.049368e+01
2.838566e+02
9.556870e+02
-9.920620e+02
-3.356714e+02
8.134880e+02
7.497988e+02
4.402003e+02
1.161780e+02
-1.384249e+02
-1.719807e+02
-7.170652e+02
1.557880e+02
-1.430548e+01
4.867565e+02
4.773340e+01
-2.096778e+02
5.149739e+02
-1.003200e+02
1.096328e+02
1.002742e+02
9.901106e+01
-7.986476e+01
-2.931923e+02
-2.870980e+02
-4.698326e+02
-1.287731e+02
5.927276e+01
-1.933412e+02
4.222926e+02
-1.217622e+02
-2.891307e+01
3.396442e+01
-7.565285e+01
4.207351e+01
-7.117570e+01
3.057461e+02
-2.106945e+01
-1.568546e+02
-1.243088e+02
5.411177e+01
1.662834e+02
2.001755e+02
1.891028e+02
1.120623e+02
-5.889886e+01
3.365518e+02
5.919717e+01
5.588543e+00
6.935751e+01
-2.770854e+02
-1.080764e+02
-2.669330e+01
1.570887e+02
-2.320202e+02
-1.127707e+02
-1.832314e+01
4.412391e+01
3.310784e+01
3.843890e+01
-5.983033e-01
-2.045621e+02
3.330541e+01
7.477700e+00
-1.102566e+02
2.397865e+01
-9.059428e+01
-2.724489e+01
-2.792893e+01
-1.033737e-01
4.195111e+01
-9.101093e+01
5.025717e+01
3.278021e+01
-6.836185e+01
3.960078e+00
7.379701e+01
-1.503933e+01
-3.793722e+01
3.322770e+01
4.660237e+00
8.098371e+00
6.073353e+01
3.409664e+01
-1.924289e+01
-4.377565e+01
-3.713137e+01
-5.698009e+00
-3.793383e+01
2.914550e+01
3.389092e+00
2.498402e+00
2.014877e-01
-5.864553e-01
5.705749e-01
-5.414713e-01
4.026101e-01
-2.925394e-01
-5.621153e-01
3.302170e-01
3.419738e-01
2.958328e-01
4.460774e-01
1.562670e-01
-2.404194e-01
-4.568392e-02
1.212055e-02
1.171797e-01
-6.095849e-04
-1.237351e-01
-1.352942e-01
-6.727598e-02
-1.466790e-01
6.669606e-02
1.475174e-02
-1.396575e-02
4.486398e-03
-5.628818e-02
-3.790310e-02
1.970402e-02
-1.029194e-01
