1.411014e-02
1.053250e+00
5.385641e-01
4.693333e+01
1.604601e+02
-1.374446e+01
3.060206e-04
-2.652733e+05
-1.955226e+05
-4.205885e+04
-2.129123e+05
7.138234e+04
1.215360e+05
-1.723667e+05
1.518439e+05
-1.990716e+05
-3.181382e+03
1.116026e+04
6.108360e+04
-3.860832e+03
-4.890013e+04
-4.974222e+04
1.761470e+04
1.016287e+04
1.887627e+04
1.201108e+04
3.518198e+04
1.545208e+04
-1.382363e+04
-3.067509e+04
-3.020501e+04
3.691098e+04
-3.340766e+04
-1.576156e+04
1.458580e+04
3.575075e+03
-3.415235e+03
2.236322e+03
7.498177e+02
2.051473e+03
-1.630336e+04
-3.031924e+04
2.699981e+03
-5.074829e+03
2.186180e+04
-6.382149e+03
4.310006e+03
1.333060e+03
-1.219917e+04
-4.906090e+03
3.451842e+03
5.186064e+02
1.730908e+03
-4.556233e+03
-7.673526e+01
7.777526e+03
-4.786202e+02
9.341255e+03
1.604552e+03
-6.507693e+03
-3.509427e+03
2.580443e+03
-3.490363e+03
-2.319379e+03
-2.809113e+03
2.954847e+03
2.185519e+03
9.940156e+03
-6.808250e+03
-3.890876e+03
2.449082e+03
2.354009e+03
2.676732e+03
-3.900260e+02
-7.752078e+02
5.888280e+02
-3.556356e+02
-2.159400e+03
-4.813315e+03
9.849573e+02
-4.039558e+03
1.228988e+02
-1.054602e+03
1.236204e+03
2.613565e+03
6.250158e+01
-1.451205e+03
-3.861315e+02
-3.369207e+02
1.329515e+02
2.983060e+02
1.105742e+03
1.391729e+03
1.186233e+03
-1.093247e+03
3.854984e+01
1.255747e+03
2.774948e+02
5.718452e+01
8.803658e+02
-9.928549e+02
-8.165181e+02
6.971534e+02
-1.321863e+03
1.062312e+03
-1.022187e+03
4.594936e+02
7.858609e+02
1.086263e+03
1.127825e+03
6.296965e+01
1.639593e+03
-1.910030e+02
1.033278e+02
-1.885847e+02
-1.262229e+02
1.254602e+02
-7.294919e+02
-4.044628e+02
4.843925e+02
1.797551e+02
8.166144e+02
-6.702520e+02
1.003805e+02
4.202058e+02
-3.696332e+02
7.128226e+01
-3.283900e+02
-6.129145e-01
-2.077966e+02
-4.469213e+01
3.358245e+01
-2.552120e+02
1.194153e+02
-3.547910e+02
-9.066147e+01
5.215764e+02
-3.722767e+02
1.233966e+02
8.700462e+01
-7.834748e+01
3.941149e+01
-1.457624e+01
2.943900e+02
-1.751051e+02
1.412330e+02
2.269176e+02
-2.243190e+02
-1.060486e+02
9.790571e+01
2.623091e+02
1.973708e+02
1.257498e+02
-1.456236e+02
-1.505691e+02
1.229938e+02
-1.717363e+01
1.133513e-01
6.917442e+01
-7.782095e+01
1.774351e+02
7.243747e+01
-7.434669e+00
4.464786e+01
-9.211096e+01
3.445310e+01
6.308072e+01
1.579145e+02
-2.657589e+02
6.103869e+01
1.112663e+02
1.053931e+02
1.833422e+02
-1.928110e+01
-1.281382e+02
-2.319995e+01
2.619395e+01
9.038632e+01
-2.089132e+01
-3.836364e+01
5.659987e+01
2.867653e+01
-4.205400e+01
-6.916660e+01
6.508516e+01
2.636372e+01
1.865475e+02
3.952004e+01
-1.384612e+02
-4.434351e+01
6.214083e+01
2.653512e+01
-5.399261e+01
3.523271e+01
-3.466321e+01
2.823898e+00
-6.208220e+01
2.024513e+01
-4.023867e+01
4.926130e+01
-3.701923e+00
-6.282603e+01
3.587156e+01
-6.098534e+01
2.556181e+01
3.662810e+01
-4.305484e+00
-3.981518e-02
-1.372406e-01
8.198592e-01
5.271112e-02
-3.075701e-01
-5.819274e-01
-7.121338e-01
-3.983368e-02
2.349658e-01
4.702377e-01
-7.244835e-01
-1.530196e-02
7.063306e-02
2.424031e-01
1.402607e-01
-3.891365e-02
-1.014726e-01
-2.719251e-02
-2.462593e-01
-1.119011e-01
1.972378e-01
-2.033197e-01
-1.155122e-01
1.588213e-01
-2.639745e-03
-7.002834e-02
-3.899167e-02
-4.627495e-02
