-3.516241e-01
-8.984768e-01
3.638315e-01
5.205333e+01
1.910923e+02
-2.129760e+01
3.683487e-04
-2.721273e+05
-3.331645e+05
1.730789e+05
2.982398e+05
5.846892e+05
-4.512332e+05
3.473791e+04
1.257348e+05
1.425216e+05
4.786741e+04
-4.340439e+05
-1.606513e+05
-1.478640e+04
-2.832888e+04
1.193425e+04
3.904478e+04
-4.683815e+04
8.905954e+04
-6.721577e+04
1.339165e+04
-2.049690e+03
8.743389e+03
-1.549077e+03
-2.423911e+04
2.053821e+04
5.090996e+04
-5.405225e+04
7.266541e+04
3.428120e+04
2.698673e+04
3.696876e+03
-2.540581e+04
3.551894e+04
2.119074e+04
-2.667397e+03
-4.785739e+04
-1.330141e+04
2.852788e+03
5.037934e+03
-6.973862e+03
-5.876628e+03
2.292236e+04
1.425393e+04
2.029638e+04
1.052162e+04
-6.930780e+03
1.249376e+04
-9.111326e+03
1.964509e+03
-3.438807e+02
-2.896360e+03
2.502049e+03
-2.708583e+04
-1.323362e+04
-6.452016e+03
-7.892889e+02
-4.699886e+03
3.564307e+03
6.315181e+03
3.004969e+03
7.061055e+03
-1.182088e+04
4.299016e+03
-1.602537e+03
-2.735440e+03
-4.082578e+03
-5.275774e+03
6.306235e+02
7.116442e+03
-1.631495e+03
2.276567e+03
-2.785638e+03
-3.561262e+03
-2.004700e+02
-2.464972e+03
1.714890e+03
-1.205407e+03
6.238746e+03
1.488603e+03
-3.550693e+03
-1.513904e+03
1.946981e+03
-6.357401e+02
1.183323e+03
5.051735e+02
6.245127e+02
4.561311e+03
-2.575224e+03
3.955352e+02
1.036743e+03
9.684430e+02
-2.461985e+03
-2.830845e+03
5.285325e+02
-2.108782e+03
-4.221898e+02
-1.255000e+03
6.957462e+02
-7.288055e+01
1.623258e+03
-3.733326e+01
3.990246e+02
3.426198e+03
-6.162868e+02
1.207419e+03
-5.125340e+02
1.392442e+03
-1.040554e+03
-1.159674e+03
-1.372729e+03
-1.175287e+03
-1.169230e+03
4.349834e+02
-7.403908e+02
-1.202127e+02
-1.590134e+03
3.807034e+02
1.004886e+03
-2.435692e+02
-3.974340e+02
-6.118549e+02
-4.936189e+02
-5.304651e+02
7.816694e+02
2.168340e+02
1.520760e+02
4.125590e+02
-8.358832e+02
2.439334e+02
6.357663e+02
-5.132632e+02
-4.426655e+02
1.106360e+03
-1.430090e+01
-7.832896e+02
5.963071e+02
-2.172590e+02
-2.075066e+02
1.449950e+02
-2.408358e+02
2.597943e+01
-3.785973e+01
7.532328e+02
4.435561e+02
2.200478e+02
4.692237e+02
-1.228336e+02
-2.818935e+02
1.683243e+02
3.171395e+02
2.257317e+02
-1.954958e+02
1.034044e+02
1.334783e+02
-1.184289e+02
4.318234e+02
-6.375394e+01
-1.144751e+02
-1.207710e+02
1.594316e+02
-1.383515e+02
-1.133247e+02
2.647459e+02
5.242826e+01
1.783462e+02
1.986433e+02
4.449541e+01
2.314705e+01
1.794517e+02
1.809269e+02
2.295314e+02
-1.575143e+01
-4.924812e+01
1.044573e+02
1.141171e+01
-2.537762e+01
-3.610654e+00
-8.517241e+00
1.350681e+02
2.153770e+02
7.785744e+01
-1.997890e+01
7.719798e+01
6.118328e+00
3.293908e+00
5.811897e+01
4.691432e+00
-8.474148e+01
-4.429192e+01
-1.216793e+02
-1.217414e+01
5.983953e+00
1.573092e+02
-6.229206e+01
-6.837960e+01
-5.493261e+01
-6.481766e+01
6.081274e+01
4.824765e+01
-1.592622e+00
1.621555e+00
-7.232050e-01
9.983391e-01
3.043821e-03
1.013792e-01
-6.887071e-01
-3.731659e-01
4.113635e-01
-5.675288e-01
2.230099e-01
-5.553023e-01
1.721316e-01
1.659977e-01
6.481119e-02
1.458539e-01
-1.066753e-01
3.273001e-02
4.104348e-02
-5.735282e-03
-9.844936e-02
7.949845e-02
-1.323428e-01
-1.668056e-01
9.780408e-02
-1.775299e-01
1.457639e-01
-9.969778e-02
-2.224244e-01
