-2.862164e-01
-1.213705e+00
1.837274e-01
5.518222e+01
1.869971e+02
-1.410881e+01
3.527786e-04
-1.297900e+05
-1.926423e+05
2.946741e+05
5.776248e+04
1.272080e+04
-1.051097e+04
-9.010645e+04
-2.505810e+03
-1.241612e+05
7.191238e+04
-1.572804e+03
9.509798e+04
-8.397971e+04
1.990889e+04
-4.815065e+04
1.700553e+04
2.716007e+04
-5.223377e+03
-72637
-5.823171e+04
-5.351623e+04
-2.349719e+04
-1.567589e+04
-5.701176e+04
-6.746572e+03
-1.188269e+04
-1.099063e+04
1.802229e+04
6.207229e+03
8.838349e+03
1.118704e+03
-3.424236e+03
-2.849079e+04
-1.646939e+04
-2.230373e+04
-5.688182e+03
2.557435e+03
-2.340197e+03
-4.835385e+02
4.345138e+03
2.520138e+03
-6.878752e+03
-5.361715e+03
9.369728e+03
1.739658e+03
-2.237745e+03
3.912380e+03
-1.332825e+04
-4.695866e+03
6.488249e+03
7.943369e+03
-1.039265e+03
-1.252384e+04
-5.832417e+03
-3.093286e+03
-6.378882e+02
-2.326377e+03
1.261020e+03
5.980100e+03
5.785311e+03
2.710847e+03
-5.431048e+03
4.277684e+03
3.120621e+03
3.822814e+03
-1.745497e+03
7.540841e+02
2.079465e+03
6.351141e+02
4.348154e+03
1.786553e+03
-5.585684e+03
-1.346874e+03
1.184157e+03
-1.175040e+03
-3.023117e+03
2.115710e+03
1.053062e+03
3.495255e+03
-9.554147e+01
9.940285e+02
-1.613613e+03
1.717886e+03
-5.651697e+01
-1.650413e+03
8.025650e+02
2.649677e+03
-1.820816e+03
1.828781e+03
2.585944e+03
5.177625e+02
3.584829e+02
-5.105447e+02
-1.252145e+03
-3.643197e+02
-3.077232e+02
1.867241e+02
9.982407e+02
-3.965147e+02
1.482775e+03
1.850842e+02
6.347122e+02
7.133007e+02
2.588896e+00
7.427812e+02
1.922931e+01
1.106175e+03
-1.708264e+02
9.301044e+00
-3.693923e+02
2.921602e+02
-1.004179e+03
5.276524e+02
-8.015020e+02
-2.432087e+02
-2.655633e+02
2.058207e+02
3.857602e+02
7.354358e+01
-5.412428e+02
4.274552e+02
-3.263823e+02
-5.765435e+02
3.957076e+02
4.139627e+02
4.781152e+02
1.585295e+02
-1.667574e+02
-1.323173e+00
3.848871e+02
-4.932426e+00
1.212221e+02
-9.965135e+01
1.745128e+01
-1.380545e+02
-2.000978e+01
1.029778e+02
1.748515e+02
6.039045e+01
-1.043668e+02
1.247304e+01
1.285257e+02
2.856121e+02
6.670028e+01
-6.177923e+01
-5.044603e+01
3.242258e+01
-6.222941e-01
4.730025e+01
1.861849e+01
2.138908e+02
-1.820519e+02
-7.637134e+01
2.115918e+02
-2.851864e+01
-4.969799e-01
9.331549e+01
-1.359328e+01
-5.400665e+01
-6.533509e+01
7.949362e+01
2.755863e+01
4.649916e+01
1.093095e+02
1.437763e+02
-2.063656e+01
9.768774e+01
1.365553e+01
-7.556776e+01
-5.755844e+01
-2.023142e+01
-6.990256e+01
-2.779685e+01
2.446361e+01
1.306357e+01
-3.408069e+01
3.114214e+01
5.941683e+01
2.417816e+01
3.676495e+01
5.138762e+01
-1.153710e+02
-3.046441e+00
-7.228063e+00
2.683398e+01
2.419254e+01
2.807241e+01
5.727848e+01
7.540204e+00
1.230577e+01
-1.437680e+01
2.913368e+01
1.486006e+01
4.378034e+01
-5.353207e+01
2.309829e+01
-3.682761e+01
2.315581e+01
2.746308e+01
-5.689976e-01
2.811564e+00
-2.710962e-01
-1.139727e-01
1.091493e-01
-4.932569e-01
-3.796190e-01
-1.886057e-01
-1.027978e-01
-3.788393e-01
4.906511e-02
-9.391334e-02
2.285553e-01
1.513593e-01
9.062322e-02
9.074119e-02
4.592881e-02
-1.025546e-01
-5.032792e-02
-8.983830e-02
-1.061933e-01
1.525929e-02
6.048649e-02
3.250165e-02
7.355972e-02
5.896794e-02
8.274836e-03
-7.876094e-02
-3.220447e-02
