-2.148745e-01
-5.994760e-01
9.262867e-02
4.608000e+01
1.853222e+02
-2.057324e+01
3.362483e-04
1.947542e+04
2.609572e+04
9.270027e+04
3.626617e+05
2.966264e+04
1.744439e+05
-5.149468e+04
3.955490e+04
4.527539e+04
8.526230e+04
4.250083e+04
2.714521e+04
-1.146075e+04
-5.710714e+04
-1.905974e+04
1.096993e+05
-1.536670e+04
4.700579e+04
-4.335780e+04
4.568234e+04
3.738415e+04
-1.534940e+04
2.893120e+04
-4.430440e+04
-2.447833e+04
1.216318e+04
-2.634030e+04
1.708964e+04
6.149205e+03
7.174129e+03
1.143288e+04
-1.373168e+04
-4.201625e+03
-1.177320e+04
1.445199e+04
-1.022833e+04
-4.852909e+03
1.499952e+04
-2.121498e+04
-5.078179e+03
8.075297e+03
2.524062e+03
3.568861e+01
-3.960622e+03
1.169180e+04
3.301774e+03
2.060417e+03
-3.275430e+03
8.794973e+03
-4.811006e+03
1.133636e+04
-2.894506e+03
-8.425064e+03
-2.028355e+02
-1.999782e+03
-1.512383e+03
-9.363528e+03
3.266082e+03
4.277522e+02
3.529361e+03
-1.571531e+03
-1.765497e+03
2.128730e+03
3.828147e+03
2.305375e+03
-1.119689e+03
-9.830022e+02
-1.262313e+03
8.795912e+02
2.180428e+03
2.319595e+02
-4.798734e+03
-1.367280e+03
-1.143845e+03
6.278684e+02
2.485302e+02
1.285822e+02
1.425943e+03
-1.455071e-01
-3.040275e+03
2.945714e+03
5.803452e+01
-1.017172e+02
-2.278392e+01
-6.202508e+02
3.277114e+03
4.864869e+02
-6.650042e+02
8.014534e+02
7.728859e+02
2.481377e+02
-7.529006e+02
1.220610e+03
-1.261711e+03
-1.798638e+02
2.187901e+02
-1.213505e+03
1.158041e+03
-5.955345e+02
2.703900e+02
-3.655492e+01
4.576665e+02
1.003723e+03
2.089374e+01
9.490004e+02
-5.356299e+02
7.906909e+02
-2.878202e+02
-6.822412e+02
3.296204e+02
-3.342675e+02
2.145375e+00
7.363849e+02
-1.757704e+02
-3.925427e+02
-3.571596e+02
7.985392e+02
-5.495438e+01
-3.982162e+02
4.848168e+02
2.113461e+02
3.828846e+02
2.160772e+02
1.671192e+02
1.871103e+02
1.562381e+02
2.230102e+02
1.749301e+02
-8.694695e+01
5.327701e+02
-2.275757e+01
-1.003705e+02
9.162221e+01
2.510813e+01
-1.040557e+02
-5.115577e+01
2.754376e+02
5.840939e+01
4.877221e+01
-2.306435e+02
-3.320479e+02
2.863227e+02
-1.480954e+02
8.782225e+01
3.901856e+01
1.487846e+02
6.273516e+01
-2.897305e+02
-1.879188e+02
3.031111e+02
5.080795e+01
-2.623556e+02
9.796957e+00
3.027696e+02
5.731659e+01
-3.668490e+00
1.301457e+02
-4.360090e+00
-2.909781e+01
-2.887018e+00
1.146886e+02
-1.031207e+02
1.805630e+01
-2.318723e+01
8.398351e+01
3.511153e+01
-3.806651e+01
-3.427724e+01
-1.163963e+02
4.471516e+00
-5.475575e+01
-8.879720e+01
6.674419e+00
3.239363e+01
-1.909472e+00
3.946024e+01
1.376989e+01
1.499827e+01
-7.477434e+01
-3.712650e+01
-6.317032e+01
-1.569272e+01
-1.737860e+01
1.057280e+01
-1.571062e+01
-1.224193e+01
4.996044e+01
3.823945e+01
-4.468154e+01
4.532809e+00
6.895195e+00
-2.246798e+01
1.222844e+01
-8.028356e+00
-3.133578e+00
2.339999e+01
2.586169e+01
6.063602e+00
2.103095e+01
1.086735e+00
-1.829601e+00
2.446071e-01
4.576528e-01
1.227428e-01
2.949238e-01
6.713600e-02
-2.844886e-02
-7.538622e-02
1.143566e-01
-4.589244e-01
-6.515830e-01
6.560323e-02
2.185122e-02
-2.088090e-01
1.793205e-01
-3.915396e-02
1.073380e-01
7.205260e-02
-4.590039e-01
1.359884e-01
1.133943e-01
-1.514606e-01
4.465853e-02
-3.108969e-01
-2.961836e-02
-1.001131e-02
-7.609476e-02
-2.353799e-02
