-1.376403e-01
-1.181228e+00
7.936554e-02
5.432889e+01
1.800619e+02
-1.583084e+01
3.510753e-04
-1.135788e+05
-9.560977e+04
1.602831e+05
-1.091507e+05
9.845554e+04
-2.707843e+05
6.267383e+04
6.671969e+04
-3.938638e+04
2.991652e+04
-93321
1.706984e+04
4.413081e+04
4.549650e+04
-7.314031e+04
-3.396249e+04
-2.000388e+04
-2.152167e+04
-2.350694e+04
-1.466763e+04
-1.632623e+04
1.906410e+03
-8.388361e+03
-1.917875e+04
-1.826600e+04
2.572622e+03
1.390330e+04
-1.260574e+04
-1.653297e+03
2.318297e+03
-1.428085e+04
-3.573110e+03
-4.640179e+03
4.382457e+03
8.925235e+03
-9.740333e+03
-4.255222e+03
2.644390e+03
-1.197740e+04
7.275511e+03
2.629479e+03
2.542422e+03
7.523438e+03
7.785704e+03
1.228685e+03
-5.694314e+03
3.770013e+03
-3.874924e+03
-7.707560e+02
2.028530e+03
4.197765e+03
-2.319808e+02
-1.169684e+04
-6.865978e+03
4.133098e+03
-7.127197e+02
6.241486e+02
8.630064e+02
2.086362e+03
-1.230116e+03
5.309975e+01
-1.359162e+03
4.043832e+03
9.323616e+02
1.195064e+03
-1.645205e+03
-4.484938e+02
-1.169336e+03
2.835858e+02
1.247409e+03
-8.011429e+02
-3.124331e+02
8.021594e+01
6.603853e+02
-4.725028e+02
2.154426e+03
1.060409e+03
1.678838e+03
4.862354e+02
-2.365570e+02
-7.552229e+01
-1.990124e+02
-1.795282e+02
1.627149e+02
-2.988600e+02
8.064061e+02
9.210492e+02
-3.186258e+02
2.987763e+01
8.182413e+01
-1.498702e+03
-7.772798e+02
-4.640646e+02
6.597454e+02
-4.506125e+02
6.699604e+02
-1.196814e+03
-4.656331e+02
-7.033297e+02
4.098116e+02
4.116881e+02
8.767058e+02
5.570468e+02
3.809411e+02
-4.767581e+01
-1.350438e+02
1.035358e+03
-4.316390e+02
-3.229074e+01
-7.313328e+02
-3.558729e+02
-2.887794e+02
1.971274e+02
3.916953e+02
1.336352e+02
-1.279013e+02
2.321156e+02
5.347812e+02
-2.078147e+02
5.165308e+01
-2.763770e+02
-2.676540e+02
-2.692930e+01
3.626703e+02
7.274330e+02
-2.025449e+02
-8.891750e+01
-3.009591e+01
-2.195702e+01
-1.745341e+02
1.938729e+02
-7.419159e+01
-2.697808e+02
-1.565199e+02
-8.735185e+01
7.900560e+01
-6.178303e+01
2.074319e+01
5.111799e+01
-6.012785e+01
-9.932118e+01
-7.950381e+01
2.164733e+02
1.308642e+02
1.490813e+02
-5.598256e+01
7.331905e+01
8.371236e+00
2.047040e+01
5.490326e+01
2.792315e+02
1.227191e+02
-1.612299e+02
8.277187e+01
-3.469514e+01
1.142204e+02
-1.071940e+02
-1.266793e+02
-3.515560e+01
-1.089355e+01
8.423989e+01
-7.458221e+01
6.660280e+01
1.693360e+02
1.695944e+01
-8.576062e+00
9.826377e+01
3.410265e+01
-1.473863e+01
1.203791e+02
7.171358e+01
-5.776449e+01
-2.443647e+01
-2.843900e+01
1.491714e+02
6.909069e-01
-2.069421e+01
6.977742e+01
-1.110560e+01
5.646996e+00
3.150379e+01
-5.492736e+01
-3.697612e+01
2.519035e+01
4.182054e+01
4.479165e+00
2.503203e+01
-2.321276e+01
-2.260752e+01
-4.961061e+00
-1.901772e+01
3.110307e+00
3.913474e+00
3.109982e+01
-4.857864e+01
-3.809008e+01
-1.647148e+01
3.342427e+01
1.667489e+01
-6.193947e-01
8.769503e-01
-5.397132e-02
-5.192405e-01
-1.259379e-02
-2.263293e-01
-1.257563e-01
3.514013e-03
-2.212383e-02
-2.091922e-01
4.879811e-01
-9.607180e-02
-3.908558e-02
-4.500105e-02
1.334156e-01
1.844753e-01
-2.245488e-02
-6.530486e-02
-1.061116e-01
6.279812e-02
-1.041279e-02
2.147209e-02
8.456161e-02
-4.267775e-02
1.273263e-01
1.271379e-02
-6.281912e-02
-6.826875e-02
-1.634904e-02
