-6.679911e-02
-8.776255e-01
-2.638894e-01
4.835556e+01
1.785739e+02
-2.137695e+01
3.404865e-04
-7.000292e+04
-2.784473e+05
-1.169424e+05
-2.064973e+05
-4.002489e+04
7.137970e+03
-3.331289e+04
3.822321e+03
-1.187821e+05
-4.494589e+04
-9.823566e+04
1.347424e+05
2.482349e+04
-2.122082e+04
-1.262202e+04
-8.262859e+03
4.253386e+03
1.081622e+04
1.159693e+04
-2.013734e+04
-2.260599e+04
-6.243008e+03
-8.936907e+03
-3.184959e+04
-8.021730e+03
-2.462381e+04
-3.627187e+04
1.743266e+03
-2.737241e+03
-1.556113e+04
5.058525e+03
1.514618e+04
8.051206e+03
1.998197e+04
-7.596412e+03
-9.534367e+03
-4.439699e+03
7.761851e+03
2.549928e+03
8.661564e+03
6.587546e+03
-8.210471e+03
6.329178e+03
7.104574e+03
-1.077045e+04
-4.751778e+02
1.490791e+03
2.056689e+02
-2.653541e+02
2.143915e+03
1.022637e+03
2.591592e+03
-7.410559e+03
-3.797821e+03
4.876173e+03
-2.345381e+03
-4.521710e+02
-6.172549e+02
5.640676e+03
3.564077e+02
3.927100e+03
-6.259897e+03
1.647068e+03
-7.136628e+02
-4.293922e+02
1.671327e+02
1.862373e+03
2.367180e+03
1.912085e+03
1.890697e+03
2.205911e+03
-3.066496e+03
-7.105197e+02
-4.199664e+02
-3.793482e+02
-2.850376e+02
8.571216e+02
1.781238e+03
3.008416e+03
-2.523757e+01
-9.970162e+02
-2.246956e+02
3.839588e+02
2.471354e+01
1.154648e+03
9.373310e+02
1.182933e+03
-1.222142e+03
5.609471e+01
1.433659e+03
-3.083249e+02
3.026865e+02
1.785477e+02
-1.762418e+02
2.886184e+02
7.606028e+02
-7.855178e+02
-3.201455e+02
-2.232903e+01
1.394856e+03
5.621282e+02
6.742154e+02
1.247347e+03
2.140710e+02
5.964636e+02
1.148396e+02
7.993762e+02
1.447686e+02
1.479853e+02
-2.061581e+01
-3.669910e+02
-5.230225e+02
4.458740e+02
1.427835e+02
-2.113080e+01
-2.638827e+02
7.225482e-01
2.823575e+02
-3.952325e+02
-1.014334e+02
7.751591e+01
-2.859818e+02
-3.404886e+02
1.811375e+02
4.413055e+02
-1.027498e+02
2.653762e+02
-1.488360e+02
-4.638148e+01
3.910230e+00
-2.654216e+02
9.933987e+01
-8.527010e+01
-1.874541e+02
1.881709e+02
-7.881732e+00
1.015115e+02
-1.434840e+02
1.334727e+01
3.093685e+02
-1.231445e+02
6.705809e+00
2.053305e+02
1.636089e+02
7.300674e+01
4.234336e+01
-9.213143e+01
-8.905373e+01
-3.520751e+01
1.506159e+01
4.531707e+01
-3.081731e+01
-1.600785e+02
3.983524e+01
-6.060995e+01
1.127702e+02
-1.154788e+02
-3.010182e+01
-9.131300e+01
-8.974937e+00
1.952281e+01
-8.003918e+01
7.753214e+01
5.942805e+01
7.531814e+01
4.678867e+01
4.106681e+01
9.168221e+01
-6.266934e+01
6.922800e+01
4.112886e+01
-4.959526e+01
5.812870e+01
5.819046e+01
7.290319e+01
-4.654454e+01
-1.082186e+01
7.335755e+01
-2.714561e+01
1.005635e+02
9.707616e+01
-5.602241e+01
3.141700e+01
5.674564e+01
4.940028e+01
-3.537716e+01
1.478182e+01
3.330230e+01
1.815181e+01
-3.826041e+01
-3.422571e+01
-2.124849e+01
-2.915769e+00
-1.661646e+01
-4.437091e+01
1.288485e+01
-1.887833e+01
3.627179e+01
1.861856e+01
-2.603838e+00
2.038773e+00
-1.110481e+00
4.955021e-01
7.157990e-03
-5.360018e-01
-6.807742e-02
-3.410817e-01
-1.151945e-01
-3.418387e-01
1.901691e-01
-5.185610e-02
5.703124e-02
3.705186e-02
1.508808e-01
-1.578225e-01
-5.631513e-03
5.485794e-02
2.636361e-02
7.724095e-02
1.458224e-01
8.830964e-02
-5.454571e-03
-1.044184e-01
2.248714e-01
1.143686e-01
-7.738099e-02
-1.120985e-01
5.991805e-02
