-1.744086e-01
6.297654e-01
-1.498766e-01
4.864000e+01
1.913227e+02
-2.303156e+01
3.367744e-04
-1.637459e+05
-3.527228e+05
-2.413763e+05
-1.360601e+05
8.421093e+04
-1.025689e+05
5.314670e+04
-3.690842e+04
-2.178386e+05
-3.855081e+04
-8.791218e+03
1.468289e+05
-1.991688e+04
-1.262388e+04
-3.076212e+04
-3.536437e+04
5.664705e+04
8.550816e+03
4.658556e+04
-1.508729e+04
4.795800e+04
1.035573e+04
1.082570e+04
-1.552082e+04
3.551559e+04
-2.183864e+04
-4.102998e+04
-3.538042e+03
-3.028982e+03
1.839265e+02
-9.190239e+03
9.144489e+03
-4.274705e+03
-7.222320e+03
-2.653215e+04
-2.442294e+03
2.482620e+03
1.596046e+04
-7.332730e+03
9.896854e+03
4.840675e+03
-1.464279e+04
-1.579896e+03
4.051018e+03
-9.582682e+02
6.124747e+03
-7.125311e+03
-6.141566e+03
1.150089e+04
6.261692e+03
1.233129e+04
4.209508e+03
-8.706508e+03
-7.284277e+03
1.884023e+03
-4.575593e+03
-2.134762e+03
-1.789442e+03
3.874365e+03
3.437758e+03
4.819925e+03
-3.679056e+03
2.369459e+03
-2.239913e+02
-1.870977e+03
-2.973141e+02
1.465779e+03
-3.453079e+02
4.945395e+01
-1.266006e+03
-2.237802e+03
-4.457037e+03
2.088074e+03
-1.636135e+03
1.994779e+03
-2.152724e+02
2.950036e+03
4.202650e+03
-6.029861e+01
-2.141397e+03
-7.676022e+02
7.346390e+01
-2.740451e+02
1.229164e+02
1.712378e+03
1.412048e+03
1.642102e+03
-1.459511e+03
-2.695138e+02
1.529067e+03
1.035438e+02
-1.139257e+02
4.381034e+01
-7.496335e+02
-2.532278e+02
4.824403e+02
-1.609216e+03
8.205164e+02
-8.057457e+02
8.815299e+02
8.570170e+02
5.578523e+02
1.800783e+03
-6.903190e+02
1.809973e+03
-1.474032e+02
9.121370e+02
5.146243e+02
-1.921325e+02
2.263685e+02
-9.928162e+02
-1.670246e+02
2.130444e+02
2.018939e+02
4.616710e+02
-1.960074e+02
-1.848993e+02
8.823297e+02
-5.186816e+02
1.648367e+02
-2.976248e+02
-1.817229e+02
-4.609923e+01
3.752351e+02
2.196091e+02
-3.766959e+02
-1.932247e+00
-6.003583e+02
1.320331e+01
5.312734e+02
-2.688906e+02
1.931926e+02
5.813814e+01
-2.425805e+02
1.547359e+02
6.109591e+01
2.866992e+02
-1.081572e+02
4.338840e+01
9.671762e+01
-1.608695e+02
-7.949386e+01
1.582946e+02
1.554434e+02
2.476000e+02
2.930350e+02
-4.533948e+01
-2.361133e+02
6.579197e+01
5.298085e+01
1.103398e+02
1.341926e+01
-3.343260e+02
1.205000e+02
7.086310e+01
8.296784e+01
-7.416365e+01
-1.528667e+02
-3.807833e+00
4.520904e+01
1.654192e+02
-8.074489e+01
1.892587e+02
1.451104e+02
-5.541206e+01
1.265423e+02
1.224074e+02
-3.214523e+01
-1.008624e+01
5.719699e+00
4.438078e+01
-1.863544e+01
5.108388e+01
-5.971117e+01
1.194472e+02
4.066231e+01
-2.464133e+01
1.097768e+02
2.400175e+01
1.317946e+02
3.109257e+01
-1.629810e+02
2.183545e+01
7.327290e+01
2.158294e+01
-6.143211e+01
1.953768e+01
-1.218049e+01
1.911329e+01
1.037590e+01
2.796061e+00
-1.206357e+01
2.490453e+01
-3.249400e+00
-8.563403e+01
4.517308e+01
-5.147261e+00
3.202827e+01
4.600434e+01
-4.069479e+00
3.060686e+00
-7.366947e-01
1.107930e+00
3.035508e-01
-5.920855e-02
-2.863286e-01
-1.248163e+00
-2.148304e-01
-5.850190e-01
1.053418e-01
-3.577667e-01
-1.899862e-01
-4.165395e-02
9.430897e-02
-8.729345e-02
-3.508284e-02
-3.438690e-02
-7.193550e-02
6.654389e-02
-8.308241e-02
2.342651e-01
8.018269e-02
-1.781439e-01
1.903331e-01
-1.116631e-02
4.439950e-02
-1.145179e-01
-1.124454e-01
