-4.585811e-01
1.334503e+00
-7.100398e-02
5.745778e+01
1.943729e+02
-8.518982e+00
3.694835e-04
-2.980430e+05
2.552928e+04
766223
-3.370069e+05
-2.487570e+04
3.965609e+05
-3.107363e+05
2.798178e+05
-1.589516e+05
5.985450e+04
1.829956e+05
1.018375e+05
-1.101804e+05
5.557470e+04
1.044188e+04
-6.858366e+04
6.903649e+03
-4.938182e+04
-1.203364e+05
-3.249555e+04
-5.841450e+04
1.341727e+04
3.566292e+04
-1.275617e+05
-2.288201e+04
-1.300772e+04
-2.962401e+04
5.943772e+04
2.473480e+04
4.367775e+04
2.315176e+04
1.080298e+04
-1.607019e+04
3.850418e+04
-1.955352e+04
-3.562183e+03
-3.475363e+04
2.677123e+04
2.566915e+04
1.033201e+04
1.429919e+04
-3.677627e+04
-6.082676e+03
1.977886e+04
1.072503e+04
1.087132e+04
3.482723e+03
1.842810e+03
3.966732e+03
3.755099e+03
1.193610e+04
-9.206753e+03
-1.369849e+03
-1.461938e+04
4.108889e+03
3.382252e+03
-7.065145e+03
2.379734e+03
3.186934e+02
1.761124e+03
1.502164e+04
7.531121e+01
4.819704e+02
9.803966e+03
8.759337e+03
8.383276e+03
1.530622e+03
-1.982403e+03
7.415911e+02
4.603624e+03
7.762971e+01
-7.964925e+03
3.975531e+02
-4.657078e+03
1.070975e+03
-6.208697e+03
1.106317e+03
-2.333562e+03
4.387143e+03
6.313433e+02
2.793638e+03
2.842202e+03
-2.095266e+03
2.334144e+03
-4.549124e+02
5.466600e+03
1.480858e+03
2.075312e+03
2.134372e+03
5.732181e+03
6.120305e+02
-1.385350e+03
6.765116e+02
-2.285816e+03
-1.765336e+03
1.107811e+02
-1.407897e+03
1.638832e+03
-7.125558e+02
7.688149e+02
7.290403e+02
2.122469e+03
1.424957e+03
2.357750e+03
1.956470e+03
-3.684656e+02
1.986847e+02
-6.466158e+02
-6.772695e+02
-1.776453e+02
-3.213387e+02
-1.641411e+03
7.325453e+02
-2.669091e+02
5.518351e+01
5.057962e+01
1.261233e+03
4.901126e+02
-8.997061e+02
-4.029874e+01
8.745422e+02
8.441401e+02
-8.515175e+02
-3.567323e+02
-2.140656e+02
-3.475722e+02
1.852693e+02
-1.196122e+02
-1.007905e+02
6.136788e+02
1.507035e+02
-9.219744e+01
-6.067840e+01
3.000386e+02
-1.574005e+02
-3.084564e+02
6.399107e+02
-3.234935e+02
1.333377e+02
-8.765095e+01
1.260321e+02
-6.549870e+01
-3.720749e+01
3.839383e+02
-1.429578e+02
-3.129620e+02
2.539827e+02
-4.573363e+01
-1.397446e+01
-1.899342e+02
2.182689e+02
-4.377076e+02
1.020758e+02
4.358124e+02
-1.323542e+02
-8.467874e+01
2.435343e+02
-3.180551e+02
-1.072147e+00
-6.355989e+01
2.803611e+02
-5.113264e+02
-1.198246e+02
-1.585413e+02
2.154587e+02
3.313668e+02
7.089483e+01
-2.633102e+01
-1.642678e+02
-7.909240e+01
-4.863179e+01
-2.842518e+02
-1.078351e+02
2.838729e+01
-2.149633e+01
-6.786671e+01
1.781405e+01
-4.959198e+01
-5.596355e+01
2.451592e+02
1.575046e+02
-1.591587e+02
-1.062101e+01
2.237099e+01
1.003228e+02
5.117111e+01
1.293156e+01
1.224336e+02
1.526018e+00
-8.098013e+01
1.616067e+01
-7.982541e+01
-1.574359e+01
2.055580e+01
-1.206504e+02
-3.868798e+01
-3.181989e+01
-3.294924e+00
-8.718760e+00
-5.437924e-02
-2.116879e+00
1.310940e-01
-7.534735e-01
3.858991e-03
-7.421758e-01
-1.021487e+00
7.066405e-01
-6.222516e-02
-6.805319e-02
2.691118e-01
-2.864214e-01
-1.574120e-01
-2.460589e-01
5.605054e-01
2.667075e-01
-2.072700e-01
5.974327e-02
-4.442611e-02
-2.606206e-01
9.503942e-02
-1.084429e-01
-7.701747e-02
-2.626135e-01
4.102556e-02
8.208421e-02
-1.148670e-01
1.340787e-01
6.503174e-02
