-1.115238e-01
1.051791e+00
-1.327288e-01
4.977778e+01
1.850479e+02
-1.726566e+01
3.332845e-04
-8.190179e+04
-2.152362e+05
-2.322929e+05
-2.893774e+05
-1.621927e+05
-1.436321e+05
8.566067e+04
-6.008011e+04
-1.636802e+05
8.873430e+03
-1.037468e+05
1.609452e+05
-4.570035e+03
-1.737931e+04
-1.899000e+04
-2.421921e+04
2.697265e+04
6.909587e+03
4.989679e+04
3.723768e+03
-1.833900e+04
-2.450089e+04
-8.168791e+03
-2.395623e+04
-6.773065e+03
-48326
-3.086192e+04
1.473003e+04
1.420209e+04
-8.222583e+03
-1.922709e+04
2.206598e+04
7.349524e+02
4.686108e+03
-2.110167e+04
-3.720269e+03
-5.929160e+03
3.885177e+03
-3.343233e+03
1.636465e+04
8.552683e+02
-6.144530e+03
4.167170e+02
1.473823e+03
-6.425023e+03
-3.891372e+03
-8.271206e+03
-3.025851e+03
7.841289e+03
3.563645e+03
1.005131e+04
8.264941e+03
-1.001991e+04
-5.029404e+03
2.404513e+03
-2.591812e+03
-2.673185e+03
2.014508e+03
7.799917e+03
3.598509e+03
5.741265e+03
-5.561272e+03
1.096906e+03
-1.336298e+03
-1.279983e+03
2.775582e+02
-5.438689e+02
2.114637e+02
8.703857e+02
3.508051e+02
2.529922e+02
-3.665964e+03
5.417406e+02
-9.274475e+02
-7.154910e+02
-5.684492e+02
1.385651e+02
2.689360e+03
1.008076e+03
6.179715e+01
-6.922120e+02
4.968014e+02
6.462469e+02
1.746775e+02
1.497417e+03
1.024306e+03
1.789138e+03
-2.274306e+03
1.081750e+03
1.577416e+03
-3.736734e+02
-1.043788e+02
-1.705584e+02
-3.084407e+02
-1.187437e+02
6.195129e+02
-1.282802e+03
-1.033351e+02
-6.040410e+02
1.461255e+03
9.364529e+02
3.648227e+02
1.131004e+03
1.121905e+02
2.590373e+02
-5.445388e+02
5.318693e+02
3.397437e+02
4.489894e+02
8.676932e+00
-9.110885e+02
-2.938439e+02
2.594800e+02
1.394523e+02
1.109610e+02
-8.026422e+01
-3.443640e+02
8.269935e+02
-4.966149e+02
8.094096e+01
2.326083e+01
-4.368629e+02
-3.029859e+02
2.625446e+02
4.111962e+02
3.881939e+00
2.472701e+02
-4.521958e+02
-4.817765e+01
3.273555e+02
-4.981320e+02
1.897964e-01
-5.533879e+01
-3.454515e+02
3.404478e+02
2.304280e+02
1.960953e+02
-1.170309e+01
-4.030699e+01
1.610428e+02
-3.312946e+02
-5.894708e+01
2.574061e+02
1.669612e+02
2.688742e+02
2.857882e+02
-8.749085e+01
-5.528052e+01
-3.781396e+01
-4.676886e+01
9.384573e+01
1.177486e+02
-2.163613e+02
1.152052e+01
6.210917e+01
8.559515e+01
-3.781487e+01
-1.564891e+02
-6.473061e+00
-8.903253e+00
1.312341e+02
-1.115755e+02
8.018194e+01
9.520916e+01
4.545644e+01
1.411047e+02
5.212706e+01
1.003956e+02
-1.168365e+02
2.821349e+01
6.262275e+00
-1.012840e+01
9.768737e+01
-3.230805e+01
5.267001e+01
1.722801e+01
-1.881520e+01
1.407360e+02
-3.702273e+01
5.462989e+01
7.799395e+01
-9.161487e+01
3.165328e+01
4.965214e+01
4.910297e+01
-7.014211e+01
1.549488e+01
-1.291323e+01
3.794660e+01
1.083501e+01
3.721766e+00
-9.880227e+00
8.889194e+00
-3.020608e+01
-4.239183e+01
3.564548e+01
-5.546041e+00
2.361408e+01
3.053439e+01
-3.096540e+00
2.951445e+00
-6.779794e-01
1.310636e+00
6.758863e-01
-6.536175e-02
-3.169351e-02
-9.363706e-01
1.285022e-01
-4.282379e-01
2.334758e-01
2.551421e-01
-2.648712e-01
-1.378668e-02
1.073709e-01
-2.419325e-01
-5.687712e-02
-7.766812e-02
-6.221450e-02
2.433884e-01
-1.207466e-01
1.929094e-01
4.546060e-02
-9.684131e-02
2.502573e-01
4.480619e-02
-8.750994e-02
-6.927501e-02
-2.191783e-02
