-1.296216e-01
9.704401e-02
1.563404e-01
4.579556e+01
1.874850e+02
-2.716763e+01
3.451103e-04
-1.574544e+03
-3.054193e+05
-3.719938e+05
1.024698e+05
-5.135895e+04
2.338397e+05
-3.207778e+04
-1.958294e+05
-2.465861e+05
1.857015e+05
3.449029e+04
5.704583e+04
3.494561e+04
-4.001939e+04
-4.902823e+04
-2.238944e+04
7.869109e+04
1.476483e+03
-2.064404e+03
1.303712e+04
4.318923e+04
1.781857e+04
-3.917803e+03
-1.528598e+04
9.803041e+01
-9.322828e+03
-4.393334e+04
1.974869e+04
-8.801968e+03
4.923031e+03
1.949502e+04
3.838233e+03
1.522958e+04
7.580822e+03
-1.171897e+04
3.158556e+03
6.300725e+02
1.552826e+04
1.246154e+04
3.508399e+02
8.305402e+03
-7.719141e+03
-3.831775e+03
5.365832e+03
6.940835e+02
1.377846e+03
-9.216689e+03
9.249631e+03
9.075079e+03
9.543683e+01
8.048215e+03
-4.518864e+01
3.515774e+03
-2.791561e+03
1.353060e+03
1.840190e+03
-2.532687e+02
4.756389e+03
3.739912e+03
2.087895e+03
3.157048e+03
-6.087458e+03
4.356615e+02
3.019508e+03
-5.175670e+02
-1.017801e+03
1.983132e+03
4.451978e+02
-2.650443e+03
5.783721e+01
1.822374e+03
-3.689388e+03
1.182062e+03
-3.277010e+03
3.987526e+02
-4.914317e+02
6.806321e+02
8.772279e+02
1.612863e+03
-3.537164e+02
3.789778e+02
1.149061e+03
-1.453946e+03
8.518860e+02
1.017785e+03
1.886712e+03
1.448971e+03
-1.138455e+03
8.469329e+02
1.102482e+03
7.669429e+02
6.795611e+02
-1.890005e+02
3.176562e+01
5.414452e+02
7.599241e+02
-1.038532e+03
2.086122e+02
1.152454e+01
9.157198e+02
5.190196e+02
4.153652e+02
9.964109e+02
-1.714309e+02
1.785925e+03
-2.796443e+02
4.433350e+02
2.798633e+02
2.182385e+01
4.822175e+02
-8.466460e+02
6.166411e+01
1.709710e+02
-1.286907e+01
2.992250e+02
-2.143347e+01
1.464469e+02
1.712279e+02
-8.454620e+02
1.925026e+02
3.118975e+02
4.129572e+02
-3.135132e+02
8.339420e+01
3.493021e+02
1.873034e+01
7.250202e+01
-4.268982e+02
-1.278982e+02
1.812876e+02
-2.005187e+02
9.858812e+01
-3.175612e+02
-5.128518e+01
5.454047e+02
-3.704131e+01
2.093498e+02
-5.212602e+01
-7.209748e-01
5.310969e+02
-7.331180e+01
2.195344e+02
1.869568e+02
9.006963e+01
-1.585432e+01
1.067622e+02
2.000807e+02
-2.961991e+02
-4.537945e+01
9.748019e+01
-3.260332e+01
-5.075984e+01
-1.832738e+02
-3.823623e+01
-1.355853e+01
9.795820e+01
1.156080e+02
3.836630e+00
-1.164098e+01
-2.288772e+01
1.815544e+02
-3.638782e+01
4.180954e+01
3.206762e+01
6.187441e+00
5.040462e+01
-3.652019e+00
1.472295e+01
-1.144755e+02
-5.176170e+01
-4.761131e+01
-3.663374e+01
9.371871e+01
1.046535e+01
8.442371e+01
-3.658036e+01
4.197382e+01
2.938252e+01
-1.445111e+01
1.117835e+02
6.257543e+01
-3.979413e+01
1.351325e+01
6.502604e+01
3.693736e+01
-6.579970e+01
9.765834e+01
4.277616e+00
-2.818131e+00
-4.640412e+01
-5.420320e+01
-3.556553e+01
-2.123470e+00
5.417572e+00
-7.119292e+01
4.289521e+01
-7.226735e+00
3.617940e+01
-4.396719e-01
-1.911815e+00
1.343903e+00
-5.835851e-01
3.400413e-01
1.450231e-01
-5.659603e-01
-1.710086e-01
-1.721994e-01
-1.312277e-01
-4.887646e-01
-2.525890e-01
-2.388922e-01
4.332122e-02
-3.071982e-02
1.083152e-01
9.435181e-02
-2.101471e-01
7.562940e-02
1.193808e-01
-1.457749e-01
7.708306e-02
-1.351812e-02
9.193626e-02
-1.870278e-01
9.899108e-02
3.338251e-02
1.474678e-02
6.569151e-03
5.512639e-02
