-6.503586e-02
-1.062996e+00
-2.987199e-02
5.290667e+01
1.784203e+02
-1.718073e+01
3.555450e-04
-2.271928e+05
1.580144e+05
3.746411e+05
-4.113769e+05
-5.428190e+04
2.921396e+04
-1.113520e+05
1.363374e+05
-2.483194e+05
9.573816e+03
-9.998916e+04
-2.758560e+04
-5.670689e+04
4.245990e+04
3.620059e+04
-3.019119e+04
2.818355e+03
-1.098600e+04
-5.767779e+04
-4.094795e+04
-3.500143e+04
-1.049324e+04
-3.341008e+04
-8.547195e+03
-2.728876e+04
2.507760e+03
7.545851e+02
1.022936e+04
4.611750e+03
1.097529e+04
8.455809e+03
-4.894708e+03
1.411401e+04
2.166274e+04
-3.298293e+03
9.025012e+03
-2.130530e+04
-6.976010e+03
2.220471e+04
1.202806e+04
5.370570e+03
-9.506580e+03
-5.976135e+03
2.151055e+04
7.192619e+01
3.849554e+03
2.474629e+03
-1.719503e+02
8.549160e+02
2.004571e+03
1.740450e+03
-6.932628e+03
-4.509818e+03
-2.052845e+03
5.289585e+03
-2.226538e+03
1.184303e+03
2.931417e+03
2.533756e+02
3.120187e+03
7.435071e+03
4.767845e+02
4.072212e+02
1.216370e+03
3.532480e+03
3.647485e+03
-8.165287e+02
8.443166e+02
-1.199795e+03
2.246524e+03
4.160141e+02
-4.992298e+03
-9.643993e+02
2.632591e+02
-1.018650e+02
-2.963028e+02
-1.756256e+02
8.855585e+02
1.816846e+03
-5.428500e+02
2.969265e+02
-3.561297e+02
5.971107e+02
9.139506e+02
2.607944e+02
1.272952e+03
1.066067e+03
2.574406e+02
6.008960e+02
2.587594e+03
-2.702352e+02
1.331398e+02
-1.984587e+02
-6.904086e+02
-1.066457e+03
-4.162727e+01
-8.330840e+02
3.343326e+02
-5.635239e+02
8.032827e+02
7.924004e+02
6.471777e+02
1.092507e+03
1.573179e+03
-8.561050e+01
-4.361538e+02
3.331077e+02
5.761605e+01
-2.231503e+02
-1.079623e+03
-2.282620e+02
-6.566986e+02
9.194489e+02
-6.542765e+01
9.334755e+02
-4.779378e+02
8.611711e+02
-8.920296e+01
1.208320e+02
-1.659031e+02
3.202090e+02
7.537333e+01
-1.224900e+02
-2.690252e+02
3.154911e+02
-2.265685e+02
-1.013831e+02
-1.238567e+02
-5.931215e+01
-6.869402e+01
-8.847500e+01
-4.774509e+01
8.525259e+01
4.654211e+01
-9.003575e-01
-2.371481e+02
1.140514e+02
-2.457612e+02
6.075495e+01
-2.117513e+01
9.195893e+01
-2.503663e+02
1.227239e+02
1.250354e+02
2.075813e+02
-4.353408e+02
6.753404e+01
1.842538e+01
-7.658483e+01
-2.440060e+02
2.258899e+02
3.219804e+00
-1.254633e+01
1.208939e+02
-4.780661e+01
1.299198e+01
-4.951724e+01
-1.005601e+02
-1.938964e+01
-9.420402e+00
1.011466e+02
-2.276972e+02
-1.008307e+02
-5.122459e+00
8.550999e+01
6.677338e+01
1.295644e+02
-3.180686e+01
-1.123207e+02
6.585357e+01
1.089971e+02
-5.143275e+01
-3.944127e+01
1.092734e+02
2.875887e+01
-8.830133e+01
4.451438e+01
1.461415e+01
1.669351e+00
7.284089e+00
9.105097e+01
-4.705315e+01
-1.096382e+01
5.057705e+00
1.003310e+02
2.503758e+01
-1.163473e+01
2.206466e+01
-3.152703e+01
-4.608366e+01
8.839679e+00
-5.010132e+01
1.366582e+01
6.940881e+01
-5.141515e+01
6.816450e+00
-4.530148e+01
-5.276863e+00
-3.778901e+00
-7.570959e-01
-4.514271e-01
2.203559e-01
-1.299261e+00
-4.258359e-01
-2.240169e-01
-2.327898e-01
1.853432e-01
-1.943469e-02
-1.886109e-01
6.932116e-01
-3.690143e-02
7.819740e-02
-1.107157e-01
2.540885e-01
-1.353490e-02
-8.179770e-02
4.798780e-02
7.339397e-02
8.846049e-02
-9.077052e-02
-5.273787e-02
9.232792e-02
-1.320208e-01
1.088387e-01
1.725020e-02
7.793070e-02
1.144098e-01
-6.392034e-03
