-7.179778e-02
-9.109284e-01
6.138351e-02
5.091555e+01
1.770592e+02
-1.645936e+01
3.304501e-04
-1.182454e+05
-2.071964e+05
1.956776e+05
4.002920e+05
3.832605e+05
-2.397196e+03
-1.187756e+05
1.721950e+05
9.318728e+04
1.789974e+05
-7.073041e+04
-1.775843e+05
-3.875635e+04
-5.144315e+04
1.127895e+05
-4.660425e+04
-1.021269e+05
-2.291840e+04
-2.900203e+04
-8.872588e+03
-8.859110e+04
-5.802878e+02
2.434655e+04
-3.637304e+04
-4.304201e+04
3.125891e+04
-2.032673e+04
1.022208e+05
1.704021e+04
1.618605e+04
3.145575e+04
4.001000e+03
-1.824690e+04
1.006022e+04
3.809588e+03
-2.054760e+04
7.540682e+03
-1.412096e+04
1.623989e+04
6.368110e+03
1.035809e+04
1.067199e+04
-1.475558e+04
1.758542e+04
-7.270093e+03
-2.729433e+03
1.594604e+04
-1.157812e+04
-8.047992e+03
5.978920e+03
2.138052e+03
-1.209811e+04
-1.154381e+04
-2.392159e+03
-6.558789e+03
-2.406358e+03
4.219836e+02
2.059295e+03
8.765665e+03
1.073043e+03
6.116298e+02
-9.134914e+03
4.561482e+03
9.173912e+02
6.161852e+02
-5.569820e+03
2.617391e+03
1.740212e+03
3.350307e+03
1.723907e+03
4.064249e+03
-4.919665e+03
-7.424059e+02
2.322771e+03
-3.185136e+03
-1.864953e+03
-3.677550e+03
4.162686e+03
4.600810e+03
-1.878480e+02
-1.220625e+03
6.655891e+02
-2.886649e+03
1.551622e+03
-1.292168e+03
-1.438974e+03
3.028135e+03
-2.350396e+03
2.717094e+03
-3.421831e+02
1.520960e+03
-1.544694e+03
-5.174681e+02
-3.082075e+02
-1.016058e+02
-4.599090e+02
-5.199531e+02
-8.312592e+02
4.408348e+02
1.375017e+03
5.069901e+02
-8.287159e+02
8.111924e+02
-8.841152e+02
3.415289e+02
3.139776e+02
7.256742e+02
-5.474921e+02
-6.935732e+02
-4.036337e+02
-1.897407e+02
-1.229518e+03
-2.978311e+01
-7.102253e+02
-9.065879e+02
-7.256719e+02
2.543535e+02
3.273182e+02
9.596222e+01
-5.548387e+02
2.645156e+02
-5.955157e+02
-5.846581e+02
7.588992e+02
3.145601e+02
5.926355e+02
2.958180e+02
-1.304307e+02
3.279347e+02
9.144591e+01
-2.339209e+02
-2.115570e+02
-7.193940e+01
4.404216e+00
-5.134356e+02
4.397185e+02
-8.724280e+01
2.473906e+02
-8.536631e+00
-2.835051e+01
9.910191e+01
1.811831e+02
1.887832e+02
2.180986e+02
3.326356e+01
1.389708e+02
1.553865e+02
-2.931908e+01
-1.849981e+01
7.789114e+01
1.407168e+02
-3.554143e+02
1.342763e+02
1.298383e+02
-1.893782e+02
2.322759e+02
3.611370e+01
5.396191e+01
-1.587197e+02
-5.139080e+01
-1.380716e+02
-3.134505e+00
1.802822e+02
8.819878e+01
1.243638e+02
3.770943e+01
-6.396909e+01
1.589757e+02
-3.776627e+01
6.532548e+01
5.876513e+01
-3.375156e+01
4.442731e+01
3.039337e+01
9.511432e+01
-2.675775e+01
1.807535e+00
4.679596e+01
3.800409e+00
4.524265e+01
8.124502e+01
2.001604e+01
4.745750e+01
1.493689e+01
4.902520e+01
7.494194e+01
5.880792e+01
2.933627e+01
-1.009963e+02
-4.516941e+01
-3.150174e+01
8.576076e+00
7.304262e+01
6.170914e+01
-5.465590e+01
-3.675625e+01
-6.970082e+01
4.488436e+01
2.352144e+00
1.312916e-01
1.575142e+00
6.519389e-01
-2.016965e-01
-1.384605e-01
-5.291036e-01
-2.946224e-02
3.712530e-01
1.257909e-01
-2.033904e-01
2.864845e-02
-7.892999e-02
1.813181e-01
4.491876e-02
-1.851436e-01
7.380836e-02
-2.070344e-02
1.776979e-01
1.821552e-01
-3.527073e-03
1.098299e-01
-2.822585e-01
-7.591408e-02
-6.210927e-02
1.051815e-01
6.764485e-02
2.434991e-02
-5.556342e-02
-2.407688e-03
