-1.524533e-01
1.069035e+00
-6.349880e-02
5.432889e+01
1.879779e+02
-1.546308e+01
3.452008e-04
-1.921956e+05
-2.454679e+05
2.411553e+05
-1.396747e+05
-4.218946e+04
6.785374e+04
-8.017476e+04
-6.546997e+03
-2.740531e+05
4.228791e+04
-3.786157e+04
8.893041e+04
-1.773231e+04
1.352068e+04
-2.340805e+04
-9.833068e+03
1.509847e+04
2.941343e+04
-3.505036e+04
8.134665e+03
-1.298603e+04
-1.980078e+04
-3.230286e+04
-7.194671e+04
-1.486900e+02
-2.873309e+04
-2.796156e+04
5.203292e+03
9.499665e+02
1.739753e+04
-7.835854e+02
8.157518e+03
-3.414374e+03
1.040609e+04
-8.452148e+03
-1.939715e+04
-2.661158e+04
1.318144e+04
3.592644e+03
4.169716e+02
1.139238e+04
-1.730526e+04
-4.297932e+03
5.353994e+03
-3.203981e+03
7.522277e+03
-4.730289e+03
-6.528470e+03
7.090686e+03
3.548046e+03
1.006250e+04
-2.338305e+03
-8.404787e+03
-4.734677e+03
3.108961e+03
-1.348900e+03
-2.650972e+03
4.082886e+02
2.924646e+03
4.318746e+03
8.004505e+03
-2.561818e+03
2.721016e+03
1.556461e+03
2.271400e+03
1.468667e+03
-5.236598e+02
2.107727e+03
-4.030548e+02
4.212046e+03
2.377592e+02
-4.622166e+03
-4.534628e+02
-2.096743e+03
4.367351e+02
-2.289404e+03
8.522065e+02
2.308945e+03
1.919417e+03
4.862132e+01
2.530453e+02
1.181317e+02
-8.329075e+02
6.084935e+02
-8.855568e+01
2.800192e+03
2.156000e+03
-6.795693e+02
1.333397e+03
2.235278e+03
5.018696e+01
7.220948e+02
-1.864088e+02
-7.493535e+02
-4.333744e+02
-4.982725e+02
-1.697376e+03
6.190891e+02
-1.350974e+02
1.581660e+03
5.706050e+02
1.144218e+03
1.078021e+03
2.454687e+02
1.668261e+03
-1.553890e+02
7.117518e+02
3.208835e+02
-9.371457e+01
4.128482e+01
-5.370569e+02
-5.640254e+02
5.709948e+02
-1.757384e+02
4.693953e+02
-1.731585e+02
5.638990e+02
5.277744e+02
-2.849714e+02
-3.477097e+02
-4.430371e+01
1.640481e+02
-4.462168e+02
2.082150e+02
3.166665e+02
-1.457209e+02
1.046526e+02
-3.955829e+02
-1.206298e+02
4.694188e+02
-1.858498e+02
1.068479e+00
9.063577e+01
-1.280401e+02
1.419630e+02
-9.395511e+01
2.092643e+02
-2.663353e+02
8.603451e+01
2.426546e+02
-1.412706e+02
2.455739e+01
1.901051e+02
6.079710e+01
1.678483e+02
7.975320e+01
-1.684020e+01
-1.367480e+01
-8.137804e+00
-5.635900e+01
1.983304e+02
-1.783312e+02
-7.736407e+01
2.616239e+02
-6.653048e+01
1.145454e+02
-8.413976e-02
-8.066298e+01
2.701171e+00
-5.803449e+01
9.385436e+01
-7.756361e+01
4.368748e+01
1.402401e+02
9.866943e+01
9.744923e+01
9.532732e+01
3.761061e+01
-5.517939e+01
-3.747636e+01
-1.093374e+01
-6.169232e+01
3.540391e+01
2.948771e+01
9.739889e+01
-4.472403e+01
1.886308e+01
4.891380e+01
-3.613907e+01
7.898698e+01
2.861421e+01
-1.120708e+02
1.098867e+01
1.106945e+01
6.294425e+01
-2.344203e+01
3.259018e+00
-6.961042e+00
1.251416e+01
-5.228115e+01
-2.519226e+01
-1.792244e+01
1.086731e+01
9.291158e+00
-8.552441e+01
3.055599e+01
-4.300423e+01
3.118444e+01
2.988557e+01
-2.310467e+00
2.194307e+00
-7.240391e-01
6.843530e-01
2.115363e-01
-4.029982e-01
-3.526998e-01
-4.884012e-01
-4.180968e-01
-3.770790e-01
1.199192e-01
-2.456067e-01
1.164258e-01
3.801961e-02
2.266238e-01
1.739079e-02
-8.237574e-03
-4.670843e-03
-1.525615e-02
2.183295e-02
1.927695e-03
8.555414e-02
8.577431e-03
-1.271623e-01
5.770571e-02
1.153372e-01
-3.310204e-02
-9.103677e-02
7.705613e-02
