-4.066705e-01
-1.242210e+00
4.586114e-01
5.290667e+01
1.827453e+02
-1.466940e+01
3.252802e-04
-4.054629e+05
4.504874e+04
4.029952e+05
4.482417e+04
5.683313e+05
-4.703015e+05
-7.602780e+04
2.313335e+05
1.339204e+05
1.728832e+05
-2.410147e+05
-1.605140e+05
1.733805e+04
-8.213760e+03
-7.976015e+04
7.201461e+03
-8.565438e+04
-3.472831e+04
-1.180811e+05
-6.281308e+04
1.001935e+03
7.457016e+03
-1.066384e+04
-5.364004e+04
-3.053888e+04
6.208598e+04
6.684575e+04
1.581990e+04
7.607684e+03
3.518010e+04
1.198434e+04
-1.887419e+04
3.923437e+03
-6.540048e+03
-1.251997e+04
-7.469431e+03
5.641393e+03
-1.701833e+04
1.177562e+04
1.546688e+04
-7.665185e+03
7.184786e+03
-3.030530e+03
2.617481e+04
-1.243486e+04
-3.551893e+03
9.080778e+03
-8.977627e+03
-1.110644e+04
9.738891e+03
4.239872e+03
-7.313922e+03
-1.176732e+04
-5.592802e+03
5.790125e+03
1.326524e+03
8.023937e+03
2.150729e+03
-3.528267e+03
1.832231e+03
1.039293e+04
-4.981750e+03
6.994526e+03
5.590138e+03
3.322179e+03
-2.271933e+03
-4.219218e+03
-3.059276e+03
-1.826639e+03
-1.180996e+03
4.696920e+02
-2.504210e+03
-4.318612e+02
2.632920e+03
-2.078855e+03
3.015074e+02
-2.369404e+03
2.139858e+03
1.079950e+01
1.490129e+02
5.100785e+02
-9.645566e+02
2.003561e+03
1.139746e+03
-2.438955e+02
-1.025759e+03
1.570018e+03
-4.178560e+02
6.893706e+02
8.063923e+02
-6.641345e+02
-5.419568e+02
-1.244940e+03
8.279083e+02
1.778265e+02
-9.595198e+02
-1.430756e+03
7.287264e+02
-5.469320e+01
-3.286062e+02
1.085450e+03
1.002971e+03
8.363149e+02
7.510026e+02
-2.927375e+02
4.620742e+02
8.593779e+02
-2.907999e+02
-5.543594e+02
-1.063251e+03
-6.220766e+02
-1.568164e+03
3.963019e+02
-4.180304e+02
1.854323e+02
-6.099579e+02
3.972615e+02
7.223890e+02
-3.384261e+02
-5.925358e+02
-6.080927e+02
-8.816703e+02
6.882606e+01
2.641662e+02
3.700349e+02
5.994010e+01
-2.253047e+02
-4.715797e+02
-5.023465e+01
1.682271e+02
-1.567959e+02
6.627069e+01
1.693848e+02
-1.342419e+02
-7.225812e+02
1.454931e+02
1.661386e+02
1.303207e+02
3.267933e+02
-7.523504e+01
1.311495e+02
-3.137631e+02
2.713432e+02
3.327277e+02
2.664448e+02
-3.383560e+02
1.750259e+02
2.948944e+01
1.533666e+02
3.545798e+01
4.233279e+02
-1.174234e+01
1.713721e+01
8.653772e+01
-1.147485e+02
-2.434028e+01
-1.251650e+02
-6.557690e+01
-8.592078e+01
3.372168e+01
1.259466e+02
-2.190083e+02
1.153389e+02
6.962339e+01
5.352491e+01
1.294770e+02
2.070847e+02
-1.063289e+02
2.962298e+01
8.902798e+01
1.314803e+02
3.871288e+01
-1.422977e+02
2.243802e+01
6.511336e+01
-1.227095e+02
-2.759823e+01
5.688815e+01
5.704059e+01
8.577523e+01
1.262128e+02
-1.394328e+02
-5.904586e+01
3.085190e+01
3.988449e+01
9.087099e+01
2.652556e+01
2.578981e-01
-7.260468e+01
-3.760995e+01
3.526366e+01
-3.591532e+01
7.096188e+01
7.483240e+01
-4.838501e+01
2.470345e+01
-5.329293e+01
1.353779e+01
1.598989e+01
-2.035033e+00
-5.959147e-01
5.453075e-01
-7.871127e-01
-2.412127e-01
-7.009668e-01
-9.057965e-01
-4.693100e-01
1.057310e-01
1.200417e-02
8.787047e-01
-1.904323e-01
4.599136e-01
9.699172e-02
2.429714e-01
3.178665e-01
9.444240e-02
-1.873644e-01
-1.372753e-01
1.713878e-01
-2.060969e-01
-1.503523e-01
-5.533311e-03
-2.763225e-01
2.712592e-01
5.044053e-02
8.021863e-02
8.120216e-02
-1.009883e-02
