-1.662173e-01
-5.956658e-01
2.419177e-01
4.693333e+01
1.923545e+02
-2.532926e+01
3.411490e-04
2.616928e+04
2.992820e+04
-2.352201e+05
4.309058e+04
2.042142e+05
-2.232911e+05
2.327661e+05
-3.968691e+04
8.561313e+04
1.552150e+04
-2.214883e+05
-1.461187e+04
1.816052e+05
-4.564120e+04
8.694343e+04
-2.174972e+04
2.648971e+04
1.612718e+04
8.870880e+04
2.021604e+04
5.280642e+04
-1.879835e+04
-3.143136e+04
5.474698e+04
-3.721024e+03
-3.391184e+04
-8.324244e+03
4.239008e+03
1.011034e+04
-9.662409e+03
-1.108498e+04
3.318371e+04
1.909760e+04
1.813742e+04
-1.379718e+03
-1.134037e+04
-3.622571e+03
-1.189247e+04
-5.873414e+02
2.373952e+03
1.206196e+04
6.572521e+03
2.000082e+03
3.833197e+03
8.631908e+03
1.226497e+03
2.362040e+03
1.457932e+04
-3.530804e+03
2.581106e+03
-5.621889e+03
8.119833e+03
-4.963840e+03
-1.297893e+03
-3.356139e+03
1.178329e+03
5.899039e+03
8.961250e+01
3.267408e+03
-2.153115e+03
-2.344485e+03
-1.009905e+03
6.473411e+02
-4.426736e+03
-1.804769e+03
5.020006e+02
2.061975e+03
2.075272e+01
-4.121804e+01
-1.980078e+03
-1.808248e+03
-1.955134e+03
-3.334926e+02
2.460622e+03
-2.385193e+03
3.059237e+03
3.572644e+02
1.540454e+03
1.704213e+02
-3.232945e+03
-2.523340e+02
6.524174e+02
-4.077883e+02
1.222044e+02
1.804850e+03
5.054907e+01
-2.235037e+02
-9.340793e+02
-2.947208e+02
-7.183237e+02
2.668021e+02
-7.254946e+02
-1.013138e+03
-2.228467e+02
1.131455e+02
7.296870e+02
-7.688562e+02
-8.872618e+02
-5.422548e+02
-5.383642e+02
1.107771e+03
6.498421e+02
1.651535e+03
-5.091157e+02
-1.035650e+03
-2.234707e+02
3.124542e+02
3.465984e+02
3.633632e+02
6.275240e+01
-6.131406e+02
-4.065169e+02
1.038538e+03
7.771093e+02
4.094821e+02
-3.105956e+02
-2.241589e+02
-2.427452e+02
-6.979657e+01
3.977248e+02
1.094832e+02
-5.343164e+02
4.635667e+02
3.035905e+02
3.750510e+02
-1.969855e+02
-1.728859e+02
3.033937e+01
-1.803672e+02
-4.644527e+02
-2.924476e+02
-2.864164e+02
-3.193442e+02
-4.363275e+02
-6.473483e+01
3.410045e+02
1.350916e+02
-5.531260e+01
-1.304164e+02
-1.891173e+02
-1.217999e+02
-2.120918e+01
2.324984e+02
1.507105e+02
1.060511e+02
-5.322237e+01
-1.381111e+02
-3.441360e+01
-5.383924e+01
1.055072e+02
-1.216495e+02
2.311104e+02
1.182497e+01
-3.335071e+01
-1.702888e-01
1.852368e+02
-2.479769e+02
-2.819284e+02
-9.720676e+01
6.267113e+00
3.021475e+01
-6.018337e+01
2.786217e+01
3.425019e+01
-5.942826e+01
-2.716974e+01
4.533252e+01
1.603922e+01
-8.455822e+01
1.058863e+02
6.112851e+01
-5.610394e+01
7.985535e+01
3.527914e+01
8.413040e+01
3.513532e+01
-1.294183e+01
3.558297e+01
-2.160006e+01
2.946240e+00
6.076468e+01
2.285408e+01
6.126323e+01
7.311787e+01
1.947035e+00
-3.365865e+01
-8.771758e+00
2.884130e+00
-2.341387e+01
3.186921e+01
-7.705524e+00
-4.336519e+01
1.633222e+00
8.611171e+00
-2.990293e+01
-1.289998e+01
4.407645e+01
2.870766e+01
-1.267218e+01
-4.186338e-01
3.132054e-01
-6.154566e-01
2.434795e-03
1.159991e-01
1.037396e-01
4.763140e-02
-1.512516e-01
1.368161e-01
-1.868762e-02
3.023905e-01
3.695054e-01
5.909709e-02
-3.805254e-02
-2.036459e-01
-3.375483e-01
-3.178050e-02
6.527436e-02
1.443124e-01
3.123459e-01
1.692280e-01
8.780207e-02
8.836827e-02
-1.281157e-01
1.590864e-01
-1.725451e-02
-1.504092e-02
-1.740165e-02
-1.035253e-01
