-2.728148e-01
1.133708e+00
-1.211528e-01
5.205333e+01
1.912620e+02
-1.620490e+01
3.461069e-04
-1.101014e+05
-2.268425e+05
7.388125e+04
-2.425110e+05
-7.251264e+04
-5.863622e+04
3.440658e+04
1.213854e+05
-1.432144e+05
-4.508011e+04
-5.638645e+03
1.764465e+05
1.570176e+04
3.436448e+04
-4.532181e+04
-5.417914e+04
6.805679e+04
-4.017232e+04
1.330269e+04
-1.609991e+04
3.438551e+04
-3.161057e+04
2.950896e+04
-4.250126e+04
3.490733e+04
-2.572198e+04
-2.977923e+04
-4.056125e+04
1.927845e+03
4.421171e+03
-9.764011e+03
3.263048e+04
-1.208776e+04
7.271719e+03
5.443081e+03
-1.512083e+04
-1.634576e+04
2.084884e+04
-1.530650e+04
1.005719e+04
1.626176e+04
-1.793744e+04
-4.674488e+03
2.251965e+03
8.612781e+03
7.098594e+03
-3.578973e+03
4.084638e+03
2.790505e+03
2.915027e+03
1.137563e+04
7.396498e+03
-6.564079e+03
-9.195293e+03
5.231838e+03
1.836217e+02
4.487311e+02
-4.647433e+03
5.276271e+03
1.772274e+03
1.420138e+03
-9.080341e+02
1.793042e+03
1.165697e+03
-4.411724e+02
1.037393e+03
2.765266e+03
-2.438508e+03
-1.308920e+03
1.321639e+03
-3.179520e+02
-3.054872e+03
3.216029e+02
-1.688419e+03
1.410554e+03
-6.981008e+02
3.319657e+03
2.806096e+03
2.235487e+03
-1.031957e+03
-5.722007e+01
4.947448e+01
-5.588107e+02
-3.445105e+01
-2.970577e+02
2.155497e+03
1.034304e+03
-3.692302e+02
1.179420e+02
1.467888e+03
5.118600e+02
-3.851066e+02
2.205079e+01
-4.556044e+02
-8.905722e+01
1.174168e+03
-8.737054e+02
1.694952e+02
-1.034668e+03
7.795116e+02
-2.681266e+02
1.041814e+03
1.446202e+03
-4.179929e+02
1.878722e+03
-3.154625e+02
8.435121e+02
-5.670675e+01
6.067991e+02
4.532995e+02
-6.659918e+02
3.886111e+01
1.907379e+02
3.177183e+01
2.998132e+02
2.361829e+02
4.943165e+01
4.709593e+02
-5.287980e+02
2.359312e+02
-5.825304e+01
8.945187e+01
-1.619558e+02
2.045722e+02
4.196189e+02
-8.456149e+01
2.126941e+02
-1.459400e+02
5.908151e+01
3.011497e+02
1.407769e+02
2.155594e+02
-2.106542e+02
-5.555875e+01
3.707888e+02
-9.802843e+01
2.740172e+02
-9.426839e+01
8.397066e+01
1.293572e+02
-1.870665e+02
4.615704e+01
9.848072e+01
-5.950723e+01
4.420585e+01
1.225299e+02
-4.405191e+01
-1.254312e+02
4.735402e+01
1.459863e+01
2.466945e+02
1.361938e+01
-2.663849e+02
2.473625e+02
1.074942e+02
-1.996570e+01
-5.407223e+01
-1.327825e+02
-3.925175e+01
-3.913013e+01
1.549949e+02
-7.082608e+01
4.536115e+01
8.572318e+01
-1.206619e+01
2.335912e+01
1.227114e+02
1.641847e+01
-3.603585e+01
-6.429719e+00
-1.849693e+01
-1.537802e+02
-3.695259e+01
-1.650672e+02
1.067691e+02
2.077280e+01
2.498705e+00
3.460639e+01
-4.197768e+01
1.205178e+02
-3.646534e+01
-1.537755e+02
-3.138771e+01
9.715907e+01
2.310132e+01
-7.065259e+01
2.185046e+01
9.876518e+00
2.688808e+01
3.375680e+00
-2.140925e+01
1.927018e+01
-3.897054e+01
-3.610507e+00
-6.770834e+01
-2.653721e+01
1.036676e+01
4.190875e+01
2.690894e+01
-2.127555e+00
2.443965e+00
-7.822809e-01
3.572638e-01
5.433126e-02
-3.787266e-01
-3.501013e-01
-6.522956e-01
4.297249e-02
-3.615647e-01
4.029927e-02
-1.860620e-01
-1.336368e-01
-9.046352e-02
1.020255e-01
2.098578e-01
-4.226186e-02
4.284851e-03
-2.458773e-02
-5.784729e-03
2.793703e-03
1.342341e-01
8.658606e-02
-1.638672e-01
2.077804e-02
2.717432e-02
-6.781103e-02
-8.077300e-02
2.565647e-02
