-4.360982e-01
8.541273e-01
-4.357725e-01
5.233778e+01
1.976891e+02
-1.792526e+01
3.301463e-04
-1.416806e+05
1.164838e+05
1.320931e+05
-1.171154e+04
2.076712e+04
-8.911747e+04
-8.358610e+04
1.190522e+05
-8.396034e+04
3.646750e+04
-6.336293e+04
1.138461e+05
-6.860063e+04
-4.021647e+04
-5.753355e+04
7.212882e+04
1.375631e+04
8.816570e+03
-2.037379e+04
1.602507e+04
-5.451424e+03
-2.076211e+04
-6.593125e+03
-2.286318e+04
1.866952e+04
-7.897283e+03
-5.471696e+02
-1.459716e+04
5.089991e+02
-7.472946e+01
3.787175e+01
-1.271427e+04
-1.281778e+04
2.911530e+03
-2.395500e+03
-8.196876e+02
-1.028863e+04
1.341808e+04
-1.509646e+04
9.120104e+03
8.864224e+02
3.267329e+03
4.140645e+03
-1.287614e+03
-4.037776e+03
4.329720e+03
4.565176e+03
-8.598496e+03
9.944208e+02
2.732284e+03
1.026825e+04
3.922388e+03
-6.677771e+03
-6.018495e+03
-6.470397e+02
2.319845e+03
-2.943139e+03
-6.655086e+02
-2.210488e+02
2.340741e+03
3.358223e+03
-3.253784e+03
1.854573e+03
4.606751e+03
4.102439e+03
1.938761e+03
-1.322007e+03
-1.892627e+03
3.849827e+02
4.785551e+02
1.266703e+03
-3.996679e+03
-1.975740e+03
-1.570784e+02
-3.455111e+02
-4.360412e+00
1.062226e+03
1.705826e+03
1.115721e+03
-1.934955e+03
5.251379e+02
-6.616734e+01
1.551366e+03
-2.731194e+02
-6.439894e+02
1.576384e+03
1.233439e+03
-8.308555e+02
8.269119e+02
2.032846e+03
2.233263e+02
-9.261976e+02
5.146190e+02
-1.100114e+03
-1.166333e+01
2.099832e+02
1.350592e+02
7.078461e+02
-7.535984e+02
2.410992e+02
8.628536e+02
7.246435e+02
1.010468e+03
3.389948e+02
5.326537e+02
-1.459003e+02
4.510587e+02
5.735445e+00
-4.053647e+02
4.001479e+01
8.380431e+01
-4.796905e+02
4.572013e+02
-3.807547e+02
-2.764236e+02
-4.969385e+02
2.808224e+02
2.977082e+02
-2.739252e+02
-4.371693e+01
7.501928e+01
-2.799019e+01
7.247212e+01
2.255057e+02
3.109731e+02
5.039119e+01
3.141864e+02
-1.352477e+02
-9.003327e+01
3.577915e+02
1.702291e+02
-5.873944e+01
1.303625e+02
-6.987958e+01
-2.112061e+02
-1.531660e+01
1.008365e+02
4.456638e+00
2.332567e+02
-1.933771e+02
-2.057412e+02
6.511771e+01
1.213829e+02
2.231780e+02
5.542101e+01
9.085890e+00
1.697628e+01
5.271328e+01
3.318567e+01
1.217524e+02
1.277599e+02
-9.923544e+01
-4.812143e+01
1.377972e+02
2.026091e+00
-7.538570e+01
1.653619e+01
-7.536747e+01
-6.366330e+01
-5.152119e+01
9.458096e+01
-1.096084e+02
-5.091912e+01
3.698904e+01
8.921030e+01
-1.304073e+00
6.579066e+01
-7.659210e+01
-3.119899e+01
2.907796e+01
-6.044281e+01
-7.507835e+01
8.819879e+00
1.283562e+00
-6.121275e+01
1.583689e+01
3.887265e+01
5.431054e+01
-7.641958e+01
1.449928e+01
3.459329e+01
-7.295911e+01
-4.643587e+01
3.150215e+01
-1.451972e+01
-2.102948e+00
1.305056e+01
3.712571e+01
6.261236e+00
-1.736320e+01
1.927500e+01
-2.289993e-01
9.814944e+00
7.493104e+00
-1.112947e+01
1.793151e+01
-3.246989e+00
5.747067e+00
2.317199e+01
-2.372681e-01
-1.003820e+00
-5.738078e-01
-2.449637e-01
-4.007611e-02
-2.013399e-01
-4.918551e-01
-1.529875e-01
-2.069127e-01
-2.413849e-01
8.815460e-02
-4.333631e-02
4.185731e-02
-2.364691e-02
1.302589e-01
2.663479e-01
1.030293e-02
-1.600481e-01
-1.406714e-01
-1.387705e-01
-1.782597e-01
1.746177e-02
-6.430478e-02
-1.649181e-01
-1.369183e-01
2.757258e-02
-1.729492e-02
-5.755614e-02
3.519752e-02
