-1.122572e-01
-7.965198e-01
-7.955813e-03
4.892445e+01
1.886692e+02
-2.266603e+01
3.582975e-04
-4.526222e+04
1.299205e+05
-6.737569e+04
-2.551838e+05
-7.297080e+04
-5.516335e+04
3.089915e+04
-1.787566e+04
-7.053203e+04
-1.149100e+04
-4.570761e+04
1.307693e+05
-2.492755e+03
1.612468e+04
-6.123833e+03
-5.509772e+03
2.307803e+04
1.422210e+03
-9.328761e+01
-3.842259e+04
-3.240242e+04
-2.004763e+04
-2.363121e+04
1.292829e+04
-1.801002e+04
-7.727009e+03
5.431104e+03
-9.522468e+03
-7.138709e+03
-1.228343e+04
-1.243530e+04
8.430503e+03
-1.407757e+03
-6.882250e+03
-1.791688e+04
5.195814e+03
-7.214131e+03
1.572348e+02
-7.586876e+03
1.592390e+04
9.843969e+02
-5.893525e+03
3.211340e+03
-1.565154e+03
-7.193713e+02
-2.901023e+03
6.299744e+03
2.051678e+03
2.443559e+02
2.993998e+03
5.103796e+03
3.701733e+03
-1.753204e+03
-5.880596e+03
1.503612e+03
1.007636e+03
-2.295546e+03
2.064503e+03
3.398890e+03
2.186314e+03
1.184697e+03
-1.585416e+03
1.338536e+03
-1.009564e+02
1.681867e+03
1.080883e+03
6.325455e+02
-3.254204e+02
-1.586119e+03
3.218973e+02
-4.497215e+02
-2.541015e+03
-7.613165e+02
9.638146e+02
-1.103173e+03
-2.155524e+02
9.739805e+02
1.001693e+03
1.021872e+03
-3.456565e+02
4.343690e+02
-6.031232e+02
1.998799e+03
-2.218746e+02
7.504167e+02
7.433998e+02
9.276639e+02
-8.028865e+02
6.527892e+02
1.666191e+03
-1.183231e+03
-1.001938e+01
-6.401679e+02
-8.398191e+02
5.364998e+01
9.634904e+02
-3.686669e+02
-1.452987e+02
-8.388136e+02
5.738405e+02
1.296690e+03
9.008947e+02
6.338945e+02
9.187377e+02
-5.602618e+02
-3.294652e+02
1.368746e+02
4.095085e+01
4.107907e+02
3.649618e+01
1.443795e+01
-5.076433e+02
5.690385e+02
7.846986e+01
4.340391e+02
9.563873e+01
-2.033423e+02
5.989337e+01
-2.907621e+01
1.214623e+02
6.221383e+01
-3.434022e+02
-1.576570e+01
-3.033657e+01
4.111654e+02
-6.433363e+01
1.786361e+02
4.253649e+01
-3.342501e+02
9.282640e+00
6.664413e+00
3.145775e+00
-3.033609e+02
-2.164715e+02
4.070676e+01
1.113537e+02
1.998029e+02
6.499218e+01
6.060573e-01
-1.382731e+02
-1.260583e+02
-2.223901e+01
1.548612e+02
1.304091e+02
9.991729e+01
-1.549660e+02
-8.845815e+01
4.456066e+01
3.019025e+01
1.389962e+01
2.382867e+01
1.039414e+02
2.991537e+01
-3.223304e+01
-6.648479e+00
-7.244556e+01
-1.593973e+01
-1.990463e+02
-3.064668e+01
-7.585378e+01
1.605870e+02
-1.127608e+02
-1.008813e+02
7.479554e+01
9.871001e+01
4.586335e+01
6.325375e+01
1.702868e+01
-5.432507e+01
6.500444e+01
1.091587e+01
-9.463795e+01
6.273801e+01
4.213967e+01
6.939658e+00
-4.124069e+00
1.858198e+01
4.589782e+01
-3.444672e+01
-2.029113e+01
1.062047e+02
-7.426907e+01
-3.104683e+01
5.395995e+01
3.173079e+01
4.290147e+00
-1.707590e+01
3.609553e+01
-5.932885e+00
3.394753e+01
8.962275e+00
-1.140453e+01
-2.340510e+01
1.742864e+01
-1.227162e+01
3.020797e+01
1.576110e+01
1.694211e+00
3.891006e+00
-4.676075e-01
-3.512927e-01
-2.661373e-01
3.243648e-01
9.398604e-02
1.809001e-01
-7.404788e-02
-1.045793e-01
-1.061637e-02
-3.487828e-02
3.778153e-01
4.794267e-01
1.040662e-01
-9.162067e-02
1.160161e-01
-5.086557e-02
-3.128840e-02
-5.498727e-02
-5.217941e-02
2.010251e-01
-4.865795e-02
6.267279e-02
1.246778e-02
-4.788071e-02
1.572014e-01
3.916353e-02
-6.408472e-02
4.741000e-02
3.890763e-03
