-1.937495e-01
4.410753e-01
-2.474931e-02
5.063111e+01
1.988936e+02
-2.541561e+01
3.629523e-04
-5.330850e+04
-3.874619e+05
1.151273e+03
-1.102840e+04
-6.505687e+04
-5.952743e+04
5.128385e+04
-4.002008e+04
-1.320055e+05
-4.315870e+04
-6.904240e+03
1.153350e+05
-3.906259e+04
-1.614342e+03
-3.071778e+04
-2.286053e+04
2.144866e+04
6.561561e+03
1.482937e+04
-3.528213e+03
3.424077e+04
-2.452657e+04
1.471383e+04
-4.407189e+04
2.151598e+04
-4.108895e+04
-3.982413e+04
8.592660e+03
1.038415e+04
5.481269e+03
-7.467298e+03
1.844352e+04
-9.193507e+03
-1.313076e+03
-6.627752e+03
-1.288104e+04
-7.353082e+03
1.707969e+04
-2.183553e+03
-6.072860e+03
1.114610e+03
-1.163426e+04
-3.095437e+03
-1.717320e+03
2.040649e+03
5.623593e+03
-1.202543e+04
-3.680224e+03
1.065366e+04
1.647471e+03
1.208633e+04
4.158210e+03
-8.182197e+03
-3.532447e+03
3.344257e+03
-3.301716e+03
-3.045027e+03
7.683864e+02
4.435520e+03
5.726766e+03
2.776665e+03
-5.694289e+03
1.787070e+03
6.807095e+02
-1.490971e+03
-3.985373e+02
1.200564e+03
3.785370e+02
7.154540e+02
2.174000e+03
6.035376e+02
-3.601591e+03
1.277396e+02
-1.698081e+03
1.300708e+03
-4.126718e+02
2.902751e+03
3.186321e+03
1.359452e+03
-9.530292e+02
-7.014407e+02
3.085749e+02
-1.751773e+01
2.916223e+02
1.054480e+03
2.876517e+03
1.925019e+03
-1.675526e+03
6.834146e+02
8.019428e+02
2.945806e+02
7.441593e+02
1.544644e+02
-4.626699e+02
-1.534651e+02
3.813099e+02
-1.550725e+03
6.516566e+02
-2.678907e+02
1.630391e+03
1.412042e+02
5.242404e+02
1.392472e+03
-6.659925e+02
1.793453e+03
-3.322195e+02
9.593746e+02
-3.998914e+01
1.799464e+02
2.226471e+02
-5.402119e+02
5.886113e+01
2.933246e+02
2.925253e+02
3.128777e+02
-2.711366e+02
2.923916e+02
5.477499e+02
-3.631779e+02
4.117197e+01
2.806247e+01
-6.638976e+01
-2.728521e+02
4.608110e+02
4.101681e+02
5.472401e+01
1.123514e+02
-3.722935e+02
-1.122352e+00
5.712962e+02
-3.068673e+02
1.047719e+02
1.390844e+02
-2.309192e+02
3.747120e+02
-3.564622e+01
1.228530e+02
-1.797655e+02
1.006705e+02
2.346494e+02
-3.283539e+02
4.821939e+01
3.358023e+02
-1.000347e+02
1.725737e+02
3.721740e+02
-1.127299e+01
-2.072954e+02
-3.733018e+01
8.836507e+00
5.042639e+01
1.079523e+01
-2.766932e+02
1.907117e+01
8.610297e+01
1.721492e+02
-3.602916e+01
1.515287e+01
2.982794e+01
3.235788e+01
1.439836e+02
5.598405e+01
1.429549e+02
1.360129e+02
-8.180613e+00
6.295807e+00
5.148425e+01
4.141451e+01
-5.576839e+01
-7.530375e+01
-7.750955e+00
-6.277282e+00
4.413396e+01
-4.000618e+01
1.132275e+02
1.851955e+01
-6.841560e+00
1.079679e+02
-2.154934e+01
1.107611e+02
-8.882864e+00
-4.746634e+01
4.663573e+01
3.800204e+01
5.174030e+01
-8.894000e+01
3.190675e+01
-1.861862e+01
4.768239e+01
-1.034855e+01
-4.946144e+01
-9.096367e+00
3.271263e+00
-1.875269e+01
-6.963049e+01
1.945166e+01
7.005577e+00
4.754249e+01
3.109531e+01
-2.446634e+00
3.843420e+00
-6.574281e-01
1.449043e+00
1.818930e-01
-4.603340e-02
-2.951352e-02
-1.071610e+00
6.912915e-02
-5.151691e-01
-2.571090e-01
-3.476918e-01
-5.647463e-02
4.928032e-02
-1.325126e-03
-1.104585e-01
3.664993e-02
4.755820e-02
5.228181e-02
-2.124264e-02
9.728112e-02
1.908541e-01
7.838390e-02
-5.755329e-02
6.023574e-02
2.175828e-02
-5.091926e-03
-1.061063e-01
-4.838895e-02
