-2.080804e-01
-1.205797e+00
2.696165e-01
5.518222e+01
1.801103e+02
-1.383349e+01
3.457839e-04
-1.205317e+05
-2.432506e+05
2.725620e+05
1.879944e+05
-2.762449e+04
92764
-1.498529e+05
7.395071e+04
-1.187198e+05
3.705848e+04
-2.070044e+04
2.539420e+04
-6.568779e+04
-6.810754e+04
2.975772e+03
2.195051e+04
7.257499e+02
2.102470e+04
-4.576920e+04
-1.366075e+04
-1.309664e+04
-3.292931e+04
2.220360e+04
-5.429749e+04
2.400121e+04
-1.729576e+04
-3.606100e+04
4.040362e+04
2.362242e+04
2.414834e+04
3.977780e+03
3.047337e+02
-4.898843e+03
5.675653e+03
-3.664251e+03
-3.427265e+03
-2.650865e+03
6.308408e+03
5.284140e+03
-6.583615e+03
-4.230640e+03
-2.032187e+03
-4.368162e+03
7.552926e+03
-6.052571e+02
7.553562e+03
-5.365837e+03
-9.474302e+03
4.455555e+03
2.028197e+03
6.769547e+03
-5.834104e+03
-9.565226e+03
7.333506e+02
-3.533734e+03
-1.434176e+02
-5.992430e+03
2.546469e+03
3.329696e+03
5.722866e+03
2.369810e+03
-5.862171e+03
1.291638e+03
4.807212e+03
1.945501e+03
-4.953930e+02
1.080841e+02
1.448041e+03
3.453729e+03
3.185236e+03
7.585197e+02
-5.287875e+03
-1.567355e+03
-4.499764e+02
1.619477e+03
-2.280024e+03
8.507945e+02
3.452806e+03
1.742462e+03
-1.739506e+03
-4.069510e+02
-7.062679e+02
3.605230e+02
-1.340583e+02
-3.489378e+02
2.561051e+03
1.919708e+03
-1.871857e+03
1.260375e+03
1.215419e+03
1.391022e+03
9.573156e+02
-1.564908e+02
-1.628438e+03
-1.985215e+01
-4.600605e+02
-7.147217e+02
1.309990e+03
6.421882e+01
6.069089e+02
-2.098283e+02
3.333023e+02
1.348688e+03
-5.707932e+02
1.914629e+03
-2.274187e+01
1.070224e+03
-4.855634e+02
-5.371188e+02
1.633005e+02
-2.569563e+01
-1.446460e+02
5.611273e+02
-6.805976e+02
-3.959803e+02
-7.042978e+02
5.374658e+02
2.801597e+01
-2.966499e+02
-1.169717e+02
4.765257e+02
-4.378004e+01
-3.352273e+02
1.069383e+02
2.061584e+02
5.452745e+02
4.275131e+02
-4.459539e+02
2.003075e+01
7.609860e+02
-1.971421e+02
1.519729e+02
3.038654e+02
-3.613604e+01
-7.062904e+01
-1.239041e+02
8.581429e+01
-1.848538e+02
1.470668e+02
1.307885e+02
-2.016947e+02
1.907989e+02
1.779030e+02
-1.283886e+01
4.391616e+01
3.039355e+02
1.700725e+02
-2.579360e+02
-4.700122e+01
8.782407e+01
2.188807e+02
-1.986538e+02
-1.312151e+02
1.660682e+02
3.647020e+01
9.602846e+01
1.155808e+02
1.411950e+02
-8.293365e+01
-1.573171e+01
3.293859e+01
5.729554e+01
1.159719e+02
7.661008e+01
1.047414e+02
-4.774485e+01
4.233659e+01
-3.558436e+01
-6.658619e+01
-1.005070e+02
-4.483653e+01
-6.694275e+00
5.242887e+01
5.772401e+01
-8.225748e+00
1.501172e+00
7.936139e+01
6.209176e+01
1.994149e+01
8.232006e+01
-6.552942e+00
-3.445266e+01
5.383360e+01
-1.282221e+01
7.931400e+00
-2.841039e+01
5.144185e+01
3.425803e+01
5.957306e+00
-4.425974e+01
-2.862425e+01
-5.976451e+00
1.988471e+01
9.596951e+00
-3.685350e+01
3.576060e+01
-3.777909e+01
2.620119e+01
1.068081e+01
-1.071099e+00
2.766345e+00
-4.533592e-01
7.173172e-01
1.245278e-01
-2.722389e-01
-3.963861e-02
-6.329311e-01
-1.532417e-02
-7.220516e-01
-3.456728e-01
-5.618716e-01
2.474391e-01
1.993390e-01
-1.992214e-01
1.291114e-01
7.643681e-02
6.924025e-02
-1.221020e-02
-3.047349e-01
-3.174601e-02
2.318411e-02
-1.690315e-02
-3.170417e-02
-1.725560e-01
-1.166158e-03
9.428564e-02
-8.449490e-02
-6.650589e-02
