-1.078753e-01
-1.179977e+00
-2.475557e-01
5.233778e+01
1.800374e+02
-1.636587e+01
3.451516e-04
2.617276e+04
1.272216e+05
-1.667001e+05
-3.436038e+04
-6.615304e+04
-9.188030e+04
1.092097e+05
-6.961814e+04
-8.854809e+04
-2.484504e+04
-9.379630e+04
8.293662e+04
5.525851e+03
2.455722e+04
-2.371394e+04
-2.265641e+01
2.770157e+04
8.887497e+03
3.281790e+04
-2.832144e+03
-7.242412e+03
-2.019633e+04
-1.048712e+04
2.743841e+04
1.070388e+04
-1.705042e+04
-8.959901e+03
-1.554608e+04
-1.593632e+04
-8.257613e+03
-7.848989e+03
1.566699e+03
-8.613405e+03
-1.461481e+04
1.267203e+04
4.428490e+03
-7.915311e+02
1.053164e+04
-1.089561e+04
9.217327e+03
1.095664e+03
-1.928733e+03
8.551721e+02
3.531752e+03
2.397512e+03
-1.646634e+03
2.170101e+03
3.369588e+03
-2.056867e+03
2.362410e+03
3.457451e+03
3.941909e+03
-1.222402e+03
-6.859108e+02
2.560891e+03
2.291920e+03
4.973787e+02
2.500322e+03
1.924842e+03
2.113930e+03
-4.535507e+03
-2.526812e+02
3.507337e+03
1.362954e+03
-1.171021e+02
-2.640576e+03
1.141901e+03
-2.687944e+03
-1.797382e+03
-1.917494e+03
1.580838e+03
-2.257812e+03
-1.119532e+03
1.145860e+03
-6.012821e+02
2.492213e+03
2.027434e+03
1.412153e+03
4.640641e+01
-1.860011e+03
-1.578316e+02
-1.071833e+02
1.507103e+03
-8.298445e+02
3.607027e+02
2.231447e+01
4.296469e+02
-1.410736e+03
2.801428e+02
3.269765e+02
-4.959323e+02
-2.904729e+02
-7.383135e+02
-5.631809e+02
-6.424971e+01
1.055102e+03
8.841429e+01
-9.557069e+02
-6.486058e+02
1.220188e+02
6.594733e+02
2.542629e+02
4.629097e+02
1.209710e+02
-5.453783e+02
-7.813862e+02
7.637463e+02
1.125916e+02
1.113570e+02
-2.309763e+02
1.849277e+02
2.084659e+02
7.187335e+02
1.073083e+02
4.247515e+02
1.166040e+02
-2.338057e+02
2.846949e+02
1.127922e+02
2.596580e+02
1.840595e+02
-1.075618e+02
2.958658e+02
2.828419e+02
5.374753e+02
2.120671e+02
1.684650e+02
-8.000654e+00
-1.066971e+02
-8.850647e+01
9.732276e+01
1.344682e+02
-3.216779e+02
-9.185340e+01
7.828297e+01
-7.193804e+01
1.650113e+02
5.650650e+01
4.495870e+01
-1.069869e+02
-1.155027e+02
7.216949e+01
7.239549e+01
4.859647e+01
7.248690e+01
-9.551661e+01
-1.269912e+02
-9.047421e+01
-6.908594e+01
1.081084e+02
-3.961293e+01
1.832944e+02
-9.006599e+01
-6.808978e+01
1.014911e+02
3.496726e+01
-7.212335e+01
-5.135399e+01
-6.919749e+01
-7.689397e+01
1.285668e+02
-1.849378e+01
-6.692655e+01
1.184955e+01
-2.517547e+01
-4.967630e+01
9.072369e+01
-4.796582e+00
-7.364339e+01
6.632325e+01
2.364434e+01
-8.333641e+01
6.207420e+01
-5.216918e+01
4.863648e+01
1.883218e+01
1.728862e+01
2.534514e+01
-5.593280e+01
-3.150757e+01
1.990818e+01
-8.856791e+00
-2.712450e+01
4.141091e+01
-3.234731e+00
-3.257841e+01
1.106853e+01
2.801339e+01
7.974707e+00
3.110690e+01
4.544150e-01
-6.203555e+00
-2.225323e+01
2.519799e+01
-5.386195e+00
7.520352e+00
3.435235e+01
2.192115e+01
7.846859e+00
6.417635e-02
2.915774e-01
-1.628112e-01
-3.337590e-01
-2.681142e-02
2.189068e-01
5.179490e-02
-4.022204e-01
-4.791927e-02
-2.273238e-01
1.166244e-01
1.619920e-01
2.405141e-01
-1.126272e-01
-2.081863e-01
-1.350851e-01
9.572762e-03
-6.903210e-02
-2.353102e-02
2.792766e-02
-8.048290e-02
5.026200e-02
8.578166e-02
-5.495368e-02
-2.949798e-02
-1.253781e-02
-2.832998e-02
2.796781e-02
-3.648379e-02
