-2.059595e-02
1.006084e+00
1.967783e-02
4.807111e+01
1.730567e+02
-1.602192e+01
3.270094e-04
-3.680289e+05
-3.987508e+05
4.734955e+05
-7.110984e+04
1.721986e+05
-3.312259e+04
-9.252941e+04
8.444560e+04
-2.224198e+05
1.234819e+05
7.334105e+04
8.723593e+04
3.426439e+04
1.443079e+04
-2.477661e+04
-3.213306e+04
7.639172e+03
-5.640026e+04
-5.350780e+04
1.999496e+04
2.556528e+03
-1.169387e+04
4.640437e+03
-1.188472e+05
-1.537337e+04
-4.724202e+04
-3.100381e+04
-1.012000e+04
1.888980e+04
4.639562e+04
1.448595e+04
1.160697e+04
-1.688124e+04
-7.575951e+03
-2.421432e+04
-2.257841e+04
-2.276212e+04
4.075629e+03
-2.356767e+03
1.536819e+04
1.009817e+04
-2.791177e+04
-1.079481e+04
8.245627e+03
1.381354e+03
6.670150e+03
-8.147370e+03
-9.754253e+03
6.674023e+03
9.876619e+03
1.492453e+04
-2.359655e+03
-1.006562e+04
-5.629734e+03
4.232145e+03
-5.468152e+03
-2.923967e+02
-4.036651e+03
3.251296e+03
2.377436e+03
1.264302e+04
-6.444144e+03
6.431193e+02
1.568857e+03
2.016244e+03
1.656478e+03
-2.829874e+03
-1.878185e+03
-1.465117e+01
1.271271e+03
1.180928e+03
-6.033895e+03
8.960079e+02
-1.169454e+03
7.501331e+02
-2.131363e+03
9.341440e+02
2.717449e+03
1.333937e+03
1.739682e+02
-1.366528e+03
1.283016e+03
-1.544813e+03
1.602338e+03
-1.297444e+03
1.546524e+03
1.456949e+03
-6.874045e+02
4.552466e+02
1.409999e+03
5.319091e+02
2.383245e+02
6.298520e+01
-7.314615e+02
-7.463485e+02
-9.969466e+01
-2.687268e+03
1.239192e+03
-5.223406e+02
1.572495e+03
4.371698e+02
1.257228e+03
1.111790e+03
1.778728e+01
1.824406e+03
5.479516e+02
6.590038e+02
4.798584e+01
4.229101e+02
1.869825e+02
-1.034062e+03
-1.324173e+03
5.295013e+02
-3.414934e+02
1.753788e+02
-3.254268e+01
1.637963e+02
1.042152e+03
-5.456738e+02
-6.875531e+01
-2.707944e+02
-3.131591e+02
-5.246011e+02
4.867952e+02
5.023924e+01
-2.504788e+02
-9.281500e+01
-4.181642e+02
3.106136e+01
6.208129e+02
-3.328435e+02
1.896138e+02
-1.218686e+02
-1.876918e+02
-1.820082e+01
2.006319e+02
5.645161e+02
-1.000838e+02
-4.712201e+01
2.360582e+02
-1.162398e+02
-2.915230e+02
2.650240e+02
2.192377e+02
1.274439e+02
3.439669e+01
7.882554e+01
-2.512181e+01
1.245001e+02
-1.567316e+02
3.658294e+02
-1.798544e+02
-1.934184e+02
2.429164e+02
8.648199e+00
1.093218e+01
-5.870978e+00
-1.392060e+02
6.251968e+01
-1.656258e-01
1.574025e+02
-2.063558e+02
1.753285e+02
1.441857e+02
8.406996e+01
2.074158e+02
6.955183e+01
9.017211e+00
-3.682983e+01
-9.801475e+01
-2.988020e+01
-9.437951e+01
-6.768069e+01
-2.082114e+01
1.618708e+02
-1.187653e+01
-1.208837e+02
7.062308e+01
4.031976e+01
2.082448e+02
-1.833782e+01
-2.359695e+02
-4.268192e+01
6.937224e+01
6.612080e+01
-2.543495e+01
3.564066e+01
-4.134636e+01
-1.465979e+00
-4.970999e+01
-4.463530e+00
-1.395053e+01
3.456805e+01
5.518328e+01
-9.624651e+01
2.936514e+01
-8.102859e+01
3.302172e+01
3.899737e+01
-3.390667e+00
3.346500e+00
-7.490695e-01
7.861899e-01
1.383878e-01
-4.872928e-01
-8.670850e-01
-7.932903e-01
-1.662554e-01
-8.565435e-02
5.618230e-01
-5.693074e-01
3.530891e-02
-7.248897e-03
2.127165e-01
1.638108e-01
-1.480576e-02
-8.468992e-02
-7.808981e-02
5.405911e-02
-1.424048e-01
9.241822e-02
-1.315906e-01
-2.477116e-01
1.939132e-01
1.473768e-01
-5.939496e-02
-2.851417e-02
9.671481e-02
