-3.941259e-01
1.125240e+00
-1.088099e-01
5.120000e+01
1.986172e+02
-1.408188e+01
3.366177e-04
-2.695167e+05
-5.044559e+05
2.490544e+05
-1.807934e+05
9.126881e+04
-3.083764e+03
1.294603e+05
-8.425201e+04
-3.400246e+05
-4.201464e+04
1.062562e+05
1.631166e+05
1.332759e+05
-7.348968e+03
3.132922e+04
-5.202859e+04
1.237927e+05
1.914493e+03
4.788131e+04
2.629221e+04
8.420697e+04
-2.340496e+04
3.751848e+04
-2.184608e+04
1.480346e+04
-1.202392e+05
-6.863798e+04
1.586199e+04
9.279304e+03
-1.514148e+04
-2.439879e+04
2.678618e+04
-1.045292e+04
2.687490e+04
-4.618149e+04
-5.660289e+03
-1.832275e+04
1.300670e+04
-1.313617e+04
1.164989e+04
1.654497e+04
-1.645756e+04
-1.049614e+04
1.584625e+04
1.821456e+04
1.304917e+04
-2.546569e+04
-7.954769e+03
1.501432e+04
2.226167e+03
1.274901e+04
3.725842e+02
-5.797632e+03
-7.005190e+03
-5.987606e+02
-3.629959e+03
-4.264736e+03
-7.955338e+02
1.077482e+04
3.612535e+03
1.258149e+04
-5.198131e+03
7.017311e+02
-5.059044e+03
-1.065810e+03
5.494172e+03
3.137156e+03
-6.370101e+02
3.075250e+03
2.808156e+03
-4.787684e+03
-6.547152e+03
1.912430e+03
-1.872977e+03
2.833021e+03
-4.396337e+03
4.708146e+03
3.154839e+03
5.066979e+02
-1.778875e+03
-1.102357e+03
1.614723e+01
-2.111568e+02
2.364861e+03
8.665523e+02
3.061931e+03
1.227043e+03
-1.917551e+03
-1.994060e+02
2.542599e+03
6.173675e+02
6.786364e+02
-1.174871e+03
-1.736825e+03
-1.100624e+03
1.074034e+03
-1.203787e+03
1.601705e+03
-1.845712e+03
1.477664e+03
4.340370e+02
1.442233e+03
2.524819e+03
4.426134e+02
1.471866e+03
-9.180436e+02
3.284812e+02
2.421960e+02
1.448674e+02
1.531810e+02
-1.062225e+03
-4.876106e+02
1.379726e+03
1.118676e+03
9.694943e+02
-3.826002e+02
-4.810179e+00
8.358895e+02
-7.298310e+02
5.345231e+02
2.606931e+02
-7.798360e+01
-9.706027e+02
-2.588807e+02
6.022987e+01
-6.245143e+02
3.277852e+01
-2.686168e+02
-1.958634e+02
3.556417e+02
-5.367490e+02
-3.741084e+01
-4.471035e+02
-4.454042e+02
3.947651e+02
-2.285065e+01
4.990087e+02
-2.135757e+02
-2.334723e+01
2.055988e+02
-2.221653e+02
-4.456047e+01
2.500487e+02
3.080926e+02
3.682609e+02
1.342662e+02
-8.234969e+01
7.667828e+01
2.671743e+02
-1.037089e+02
5.120406e+01
2.784442e+01
-3.237273e+02
1.258529e+02
-8.495879e+01
1.081633e+02
-1.676390e+02
-3.282278e+02
2.217488e+00
9.152254e+01
2.763441e+02
-1.533312e+02
3.328627e+01
1.959635e+02
5.556593e+01
1.744397e+02
1.452766e+01
-1.420321e+00
-2.020843e+02
-3.841452e+01
-1.000394e+02
-5.172466e+01
1.068636e+02
8.759363e+01
1.834029e+02
-5.816582e+01
6.262743e+00
8.061412e+01
5.848772e+01
1.572379e+02
8.998270e+01
-2.190275e+02
1.249454e+02
-4.203323e+01
7.124266e+01
-6.335671e+01
3.068121e+01
-2.354632e+01
2.038637e+01
-3.713917e+01
8.301753e+00
-3.242498e+01
1.129757e+01
-3.166137e+01
-1.007048e+02
8.519805e+00
-4.256300e+01
4.177340e+01
2.858837e+01
-3.920503e+00
4.629977e+00
-6.098059e-01
6.940458e-01
3.513967e-01
-5.549797e-01
-7.815925e-01
-9.357527e-01
-1.503869e-01
-6.790206e-01
5.424326e-01
-3.845765e-01
-3.684246e-02
1.654144e-02
3.221521e-01
-2.434419e-01
4.302086e-02
2.388433e-02
1.427216e-02
1.235407e-01
9.159650e-02
2.878738e-01
1.108922e-02
-1.850959e-02
3.368574e-01
6.466474e-02
-1.063500e-01
4.219833e-02
-1.198948e-01
