5.400505e-02
1.066343e-02
-2.216344e-01
3.896889e+01
1.658336e+02
-2.707880e+01
3.420165e-04
-2.495912e+04
-1.226455e+05
-6.740495e+04
-1.836055e+04
-1.168812e+05
-1.168112e+05
6.950730e+04
-7.767573e+04
-9.916523e+04
-1.144210e+04
3.710077e+03
1.746081e+05
-2.993553e+03
-1.553766e+04
-4.145831e+04
1.052529e+04
6.784041e+03
2.764954e+04
2.072438e+04
8.172849e+03
1.018793e+04
-2.802677e+04
-1.122221e+04
-1.990634e+04
2.289262e+04
-4.496827e+04
-1.761380e+04
-1.347297e+04
6.893497e+03
3.599226e+02
-1.462776e+04
1.819008e+04
-1.301311e+04
-1.366598e+04
-7.260111e+03
-9.407319e+02
-7.159945e+03
8.636529e+03
-1.668181e+04
1.544314e+02
-4.824608e+03
-4.035825e+03
2.077187e+03
-6.718468e+03
-1.285749e+03
-3.062580e+03
-4.114810e+03
-3.503438e+03
7.922118e+03
2.587974e+03
9.143810e+03
5.242359e+03
-4.628019e+03
-2.894074e+03
3.283633e+02
-4.524464e+02
-2.851796e+03
-3.637326e+02
2.829513e+03
2.097891e+03
1.372060e+02
-3.804173e+03
3.909406e+02
1.230850e+01
-1.540988e+02
1.989707e+02
-2.290577e+02
2.355980e+01
4.161929e+02
-2.052841e+02
-4.683413e+02
-3.565432e+03
-3.175284e+02
-1.111987e+03
3.696305e+02
3.358179e+02
1.968819e+03
1.596845e+03
-1.313787e+02
-1.060100e+03
-5.128373e+02
-4.160365e+01
1.472324e+03
-5.672889e+02
5.162995e+02
1.712784e+03
1.060782e+03
-1.393589e+03
6.735278e+02
9.179310e+02
-2.868026e+02
1.861866e+02
6.839265e+01
-8.845330e+02
-6.080677e+01
8.836480e+02
-8.035127e+02
4.285099e+02
-7.561583e+02
1.241824e+03
5.522896e+02
6.893682e+02
8.997038e+02
-2.302342e+02
6.582063e+02
2.620020e+01
5.960156e+02
-5.499623e+01
5.074339e+02
4.137328e+02
-9.791833e+01
-1.024700e+02
3.069481e+02
2.016437e+02
1.673863e+02
-1.678286e+02
-1.036904e+02
3.981482e+02
-1.888218e+02
2.170684e+02
-3.903339e+01
-2.407584e+02
3.882926e+01
3.199079e+02
3.920505e+02
2.063112e+02
2.238303e+02
-2.672172e+02
-9.312355e+01
3.932001e+02
-1.821172e+02
1.115840e+02
-1.646249e+01
-2.762700e+02
2.524838e+02
3.372820e+01
2.501739e+02
-2.413603e+01
4.050942e+01
9.932447e+01
-3.363726e+02
8.395240e+01
2.829217e+02
6.187785e+01
9.538477e+01
2.164055e+02
-8.659113e+01
-8.032950e+01
7.881044e+01
5.952599e+01
2.644906e+01
8.372909e+01
-1.906489e+02
-6.229978e+01
1.016683e+02
5.768982e+01
2.437795e+01
-4.231009e+01
-3.508458e-01
-6.435792e+01
1.552437e+02
-3.423464e+01
5.576657e+01
1.153635e+02
5.512968e+01
-2.842259e+00
1.866035e+01
2.482803e+00
-7.262131e+01
-1.423253e+01
-3.996335e+01
-5.743272e+01
7.700791e+01
-1.194613e+01
7.724898e+01
2.116076e+01
-2.989797e+01
8.816904e+01
-3.770711e+01
6.925480e+01
1.552485e+01
-4.920801e+01
-2.021912e+00
3.981358e+01
-3.528407e+00
-8.609628e+01
3.933897e+01
4.159355e+00
5.037730e+01
9.293069e+00
-7.447018e+00
-1.344572e+01
-9.127059e+00
-1.338611e+00
-3.298846e+01
3.240630e+01
1.337015e+01
3.287578e+01
2.957944e+01
-1.097038e+00
1.229144e+00
-1.160051e+00
1.318558e+00
8.845714e-02
3.004367e-01
-9.873503e-02
-7.278066e-01
-1.274747e-01
-3.338941e-01
-5.015484e-02
-2.690152e-03
-7.213622e-02
1.402627e-01
-3.940662e-02
-6.053515e-02
3.638248e-03
-1.827008e-01
-1.089880e-01
-8.098628e-03
-1.204100e-01
1.299604e-01
-4.321076e-02
-4.917435e-02
3.999322e-02
3.879829e-02
-9.330508e-02
-8.053035e-02
1.732828e-05
