-5.206039e-01
-1.332816e+00
-2.638537e-02
5.660444e+01
1.886854e+02
-7.970818e+00
3.412676e-04
-5.428018e+04
-1.392827e+05
3.526052e+05
3.514252e+05
2.081895e+05
1.899947e+05
-7.303766e+04
9.470102e+04
5.757092e+04
9.994845e+04
3.095249e+04
-3.798977e+04
-5.210574e+04
-3.067818e+04
-2.251087e+04
1.561050e+04
-8.286120e+03
2.358365e+04
-5.632373e+04
-6.017946e+03
1.853384e+04
1.639444e+04
3.671043e+04
-5.732779e+04
-4.179123e+03
2.325487e+04
-2.277644e+04
2.744323e+04
4.541164e+03
-1.362140e+03
2.205973e+04
-7.196417e+03
-2.470906e+03
5.361325e+03
6.495172e+03
-1.341300e+04
6.606013e+02
1.342102e+04
-1.573618e+03
-5.914612e+03
1.386625e+04
-6.029146e+03
-1.841966e+03
7.758862e+03
9.112953e+03
3.537519e+03
4.869900e+03
-6.033605e+02
9.594933e+02
-4.590503e+02
4.577621e+03
-3.892807e+03
-7.527734e+03
-2.239198e+03
-3.826655e+01
-8.645861e+02
-3.479437e+03
-1.392275e+03
1.967033e+03
1.586882e+03
6.740714e+02
-5.700826e+03
4.196180e+03
4.886981e+03
2.891234e+03
-1.317985e+03
2.229164e+03
-1.006494e+03
1.902050e+03
2.216779e+03
-1.735310e+02
-4.612954e+03
-8.315541e+02
-1.774533e+03
-5.488047e+02
-9.994857e+01
1.550761e+03
4.159985e+02
3.836163e+03
-1.987299e+03
1.887178e+03
5.292796e+01
-1.638786e+03
2.186025e+02
-4.897772e+02
2.018492e+03
1.469878e+03
1.297539e+02
1.040877e+03
1.298239e+03
6.295206e+02
-6.942304e+02
1.304902e+03
-1.067343e+03
-5.631400e+02
2.198515e+02
-8.329684e+02
4.233226e+02
-7.304853e+02
6.902665e+02
1.658706e+02
9.333287e+02
9.939160e+02
2.773510e+02
1.406167e+03
-7.509412e+01
7.349228e+02
-4.163898e+02
-5.167059e+02
-1.574088e+02
-1.672035e+02
-3.550812e+02
5.176763e+02
1.772674e+02
-3.359180e+01
-2.928984e+02
7.589193e+02
7.600365e+01
-5.194100e+02
1.350446e+02
4.972137e+02
3.765655e+02
-2.089171e+02
2.019709e+02
1.493625e+02
1.584730e+02
-3.054939e+00
2.080370e+02
-3.660277e+01
1.473834e+02
3.002887e+01
-1.692993e+02
6.373649e+00
1.260222e+02
-6.771341e+01
-9.048622e+01
2.310656e+02
-8.993366e+00
2.195931e+01
-5.500440e+01
-3.994072e+01
2.247019e+02
1.526398e+02
1.716489e+02
-1.315100e+02
-7.551889e+01
1.206912e+02
-2.793210e+02
-3.533954e+01
2.275128e+02
2.754237e+01
-3.062516e+02
-4.788937e+01
2.637037e+02
-5.810010e+01
5.224402e+01
1.265557e+02
9.922425e+00
-5.703730e+01
6.608690e+00
9.108165e+01
-1.799590e+02
3.607032e+01
-1.185160e+01
9.921230e+01
7.036916e+01
-3.676285e+01
-1.554733e+01
-6.737956e+01
9.940865e+00
-1.074104e+01
-1.251785e+02
-4.161971e+01
3.482288e+01
2.852860e+01
-2.958533e+01
-1.670518e+01
-3.332020e+01
-2.945053e+00
8.927093e+01
7.558875e-01
5.173813e-01
-1.416390e+00
4.869271e+01
2.253379e+01
-1.389008e+01
4.259681e+01
6.444969e+01
-1.885073e+01
-5.069130e+01
-3.799250e+01
-2.050591e+00
1.885346e+01
1.327763e+01
-6.389978e+01
-3.810767e+01
-1.125034e+01
3.272207e+01
2.046212e+01
1.107784e+00
-2.077229e+00
3.521196e-01
1.299941e-01
5.147746e-02
-2.600276e-01
-4.261117e-01
7.286140e-01
-1.404301e-02
1.789881e-02
-2.711651e-01
-6.861992e-01
-1.255337e-01
1.431960e-02
1.496528e-02
2.269720e-01
-7.067230e-02
9.856886e-02
1.334675e-01
-4.027428e-01
2.310606e-01
-1.176591e-01
-1.747552e-01
-6.386555e-02
-9.204192e-02
-4.277704e-02
2.505727e-02
-4.924485e-02
-4.190147e-02
