-8.349165e-02
1.723153e-01
-1.589304e-01
4.579556e+01
1.838933e+02
-2.626417e+01
3.389834e-04
-2.328651e+05
1.427839e+05
4.602575e+05
-235548
8.922556e+04
1.033108e+04
-5.458896e+04
1.027557e+05
-1.658451e+05
4.319502e+04
-1.321019e+04
8.008366e+04
-1.627705e+04
-4.345381e+03
6.022082e+04
-4.482227e+04
-1.213815e+04
-3.227550e+04
6.411453e+03
-3.791211e+04
-1.411366e+04
9.237986e+03
-3.887849e+04
1.040701e+04
-1.953902e+04
1.038825e+02
-4.084659e+03
-1.450394e+04
-1.236450e+04
1.098967e+04
5.577769e+03
2.397799e+04
-3.106941e+03
1.350560e+04
-6.772044e+03
-1.129127e+03
-3.285890e+04
1.109302e+04
1.100259e+04
9.095028e+03
1.062771e+04
-2.983824e+04
-3.255447e+03
1.113585e+04
-1.456491e+03
1.418918e+04
-3.377606e+03
-5.863200e+03
2.438672e+03
4.778131e+03
6.870938e+03
-4.759077e+03
-5.280957e+03
-6.908943e+03
4.208200e+03
4.439758e+03
1.981274e+03
-2.775062e+03
2.363060e+03
7.583281e+02
6.616906e+03
-1.619786e+03
5.343724e+03
-2.160430e+02
3.158190e+03
3.725773e+03
8.897723e+02
-1.375140e+02
-9.923386e+02
1.950002e+03
-5.427290e+02
-5.503372e+03
2.871894e+02
-1.092833e+03
-1.022350e+03
-1.903583e+02
2.373597e+03
1.086658e+03
2.063736e+03
-8.564382e+02
7.565161e+02
9.912659e+02
-3.248984e+02
3.263047e+02
1.463691e+03
2.187522e+03
3.510270e+02
5.648462e+02
7.246894e+01
2.752604e+03
-1.240363e+03
-3.192622e+02
2.013614e+02
-1.033012e+03
1.737028e+02
-1.522630e+02
-1.249962e+03
3.322195e+02
-6.214765e+02
7.408985e+02
1.277695e+03
1.465783e+03
5.540994e+02
7.312566e+02
-8.476861e+01
-3.629406e+01
4.387555e+02
7.720661e+02
-1.766650e+02
-2.539760e+02
-1.762151e+02
-9.851055e+02
9.928523e+02
3.796750e+02
7.469219e+02
-7.541180e+01
2.561293e+02
3.614604e+02
-8.587611e+01
-1.842279e+01
3.102010e+02
-2.366966e+02
-4.831086e+02
-2.043163e+01
1.321217e+02
-2.898513e+02
-1.500016e+02
2.420227e+01
-3.273774e+02
3.270863e+02
-8.000303e+01
-6.496278e+01
-1.715675e+02
-1.761644e+02
8.566449e+01
-4.672740e+01
3.334790e+02
-3.287144e+02
-8.398837e+01
-1.831498e+02
-6.540259e+00
5.786117e+00
8.754147e+01
1.112305e+02
1.604195e+02
-3.605767e+02
-9.612021e+01
1.362216e+02
-1.213365e+02
-1.221487e+02
3.009812e+01
-5.599343e+01
3.638309e+00
1.933696e+02
-4.463934e+01
-5.660960e+01
-5.359493e+01
-1.980535e+02
2.293732e+01
-5.663934e+01
1.527051e+02
-1.968927e+02
-1.363991e+00
1.405686e+02
8.118409e+01
6.549797e+01
1.582982e+02
-2.226183e+01
-1.128564e+02
3.133190e+01
-2.052523e+01
-8.147648e+01
1.973837e+01
2.622676e+01
6.141179e+01
-2.235027e+01
-4.703983e+01
2.646833e+01
-1.244668e+01
7.579805e+01
6.879086e+01
-9.206706e+01
-1.262673e+01
4.329917e+01
7.507296e+01
3.705113e+00
-3.232468e+01
1.344499e+01
-1.568749e+01
-9.293592e+00
1.462238e+01
-3.749142e+01
1.844538e+00
3.713977e+01
-6.958505e+01
2.323223e+01
-1.302947e+01
3.782007e+00
5.962645e+00
-9.333014e-01
-4.004198e-01
-9.940798e-02
-1.769257e-01
9.956312e-02
4.432182e-02
6.191947e-02
9.688269e-02
-2.209318e-01
2.646871e-02
7.762147e-01
1.719497e-01
1.226838e-01
-1.483532e-01
2.133620e-01
-6.730027e-02
-3.068344e-02
3.099350e-02
-4.809250e-02
2.058101e-01
1.648448e-02
2.895793e-02
-4.282554e-02
-1.878860e-01
1.747696e-01
6.038468e-02
-1.845062e-02
7.304242e-02
-1.129299e-02
