-3.045409e-01
1.016119e+00
-9.837686e-02
5.233778e+01
1.930605e+02
-1.373492e+01
3.566239e-04
-2.147963e+05
-1.356292e+05
625486
8.738786e+04
1.985904e+05
-4.139216e+04
-5.249220e+04
2.613628e+04
-4.577337e+04
-6.846579e+04
-7.793503e+04
1.217711e+05
8.523064e+04
1.150623e+04
1.181816e+05
8.700207e+03
-1.633183e+04
-2.195268e+04
-5.345455e+04
2.066940e+04
4.807114e+04
4.830237e+04
4.824038e+04
-6.969239e+04
2.033174e+04
-4.274477e+04
5.575882e+03
3.928293e+04
4.428163e+04
3.945100e+04
-9.590665e+03
1.428812e+03
-1.349494e+04
8.093803e+03
-9.584343e+01
-3.248193e+04
4.337839e+03
-5.965701e+03
-4.552955e+03
-8.698116e+03
1.630860e+04
3.879265e+02
-4.423480e+03
1.660145e+04
7.056511e+03
7.418055e+03
3.181759e+03
-1.021194e+04
4.802100e+03
1.178259e+04
3.236810e+03
-5.189443e+03
-2.407295e+04
-1.072979e+04
-3.765103e+03
-6.470513e+03
-4.162902e+03
-2.506129e+03
-1.931913e+03
4.764229e+02
5.430467e+03
-3.031860e+03
6.869896e+02
-5.833937e+03
3.531676e+03
3.065002e+02
-6.016555e+02
-3.439285e+02
-2.189592e+03
-3.036874e+03
-3.777106e+03
-2.446833e+03
-3.052293e+03
-3.030211e+03
9.359183e+02
-1.444468e+03
-1.923018e+03
6.985209e+02
1.385002e+03
-2.002584e+03
2.623775e+03
5.630636e+02
-2.640010e+03
2.584702e+02
1.016320e+03
4.873376e+03
9.175974e+02
7.121098e+02
9.444784e+01
3.597477e+03
-8.283441e+01
-4.430376e+02
1.880809e+03
-1.472518e+03
-8.526179e+02
-2.317943e+03
-3.000120e+03
8.383789e+02
1.232390e+02
6.926872e+02
9.592611e+02
1.407059e+03
2.215075e+03
1.219537e+03
9.844381e+02
-5.738076e+02
1.737467e+03
2.558226e+02
-4.350306e+02
1.029167e+02
-6.404296e+02
-6.739852e+02
7.111518e+02
4.693178e+02
-3.642572e+02
-2.772843e+02
7.478976e+02
8.226216e+02
-1.354012e+02
-3.909122e+02
1.610894e+02
-2.627143e+02
1.055014e+02
3.836047e+02
1.577069e+02
-5.508168e+02
2.317006e+01
5.312004e+01
5.967181e+00
2.179351e+02
-2.257894e+02
-3.699521e+02
4.003471e+02
-2.827055e+02
-2.858765e+02
-1.921024e+02
-9.478004e+01
3.830320e+01
1.070147e+02
-2.750916e+02
-8.435557e+01
-1.498278e+02
-3.866938e+01
3.561012e+02
3.226527e+01
1.763871e+02
8.006339e+01
3.760893e+00
-4.607653e+01
1.158801e+02
4.028584e+02
-2.588324e+02
-1.690188e+02
4.926223e+02
-2.358054e+02
2.095300e+02
-2.973213e+02
-1.311397e+02
-8.652054e+01
5.417428e+01
1.554975e+01
-1.101709e+02
1.851063e+02
1.206286e+02
-7.807417e+01
6.238424e+01
1.300517e+02
-1.903423e+01
-8.828922e+01
6.914723e+01
6.705977e+01
1.692260e+01
1.310295e+01
4.409329e+01
5.245971e+01
-7.328510e+01
-8.297477e+01
1.190964e+02
-3.614754e+01
6.276369e+01
7.668186e+01
-8.049961e+01
1.329191e+02
3.172043e+00
5.410592e+01
4.512910e+01
-3.275659e+01
5.031292e+01
2.909331e+01
2.222110e+01
-2.862526e+01
3.984671e+00
-3.430702e+00
-2.333850e+01
-4.365544e+01
-6.554144e+01
4.318811e+01
9.137561e+00
6.119574e+01
2.914893e-03
3.828272e-03
-1.384108e+00
-1.487655e-03
1.376541e-01
-3.204728e-01
-5.303865e-01
-2.486056e-02
7.363183e-02
-2.751431e-01
6.932435e-02
-2.526999e-01
-2.989208e-01
-9.081598e-02
4.567092e-01
1.985837e-02
-5.708832e-02
1.349017e-01
1.547341e-02
-8.924240e-03
3.000802e-01
1.896047e-01
1.811387e-01
-1.021734e-01
-8.821704e-02
6.572007e-02
3.717564e-02
-1.895555e-01
-2.362291e-02
