-7.656146e-01
5.179127e-01
-2.007161e-01
5.973333e+01
2.208951e+02
-1.814221e+01
3.404211e-04
-1.227067e+05
-6.712861e+03
-3.675789e+05
-2.203922e+05
-2.653792e+05
-6.958291e+04
-3.777811e+03
-5.642558e+04
-2.759487e+05
-7.479903e+03
-1.856700e+05
1.205738e+05
2.190348e+04
-4.359520e+04
-3.673279e+04
1.236833e+05
7.005299e+04
3.257943e+04
5.522670e+04
4.022641e+04
-1.750368e+04
-2.937861e+04
1.592947e+03
-4.295053e+04
1.335820e+04
-3.882450e+04
-2.773760e+04
-2.613828e+04
7.812490e+03
-2.531298e+02
-3.298238e+04
8.007379e+03
2.060789e+04
-1.704414e+04
-1.800782e+04
-1.835773e+04
-1.042933e+04
1.398839e+04
-1.999602e+04
5.254474e+03
-1.160575e+04
4.312012e+03
-3.366921e+03
5.546546e+03
-7.354639e+03
1.755825e+03
-4.592712e+03
-1.260370e+04
8.326457e+03
-5.765181e+02
1.076433e+04
7.078808e+03
-9.017086e+03
4.410296e+03
2.551367e+03
-3.445336e+03
-7.632741e+03
2.722767e+03
5.001261e+03
4.206008e+03
4.639230e+03
-6.272834e+03
-1.105431e+03
-8.177203e+02
-3.803097e+03
1.737317e+03
-5.396762e+03
-3.326937e+02
1.291395e+02
1.635479e+03
1.365477e+03
-4.498052e+03
3.092577e+02
-8.310017e+02
5.953279e+01
-1.212088e+02
-6.920553e+02
3.755488e+03
-1.179230e+03
-1.928104e+03
-7.067860e+02
-1.392580e+03
2.169731e+03
-6.727225e+02
1.474097e+03
1.425965e+03
1.640101e+03
-2.397355e+03
-2.466012e+02
1.307857e+03
2.643710e+02
1.491477e+02
3.257377e+02
-1.192338e+03
3.532993e+02
4.641222e+02
-1.308896e+02
5.812662e+02
9.009418e+01
3.162329e+02
3.856593e+02
-4.724390e+02
1.722438e+03
1.775952e+02
7.869388e+02
-3.740046e+02
2.424114e+02
-9.821449e+01
4.825939e+01
4.644369e+02
-6.937023e+02
-1.316594e+02
1.954614e+02
-1.307329e+02
6.495856e+01
-6.362078e+02
2.459487e+01
7.538281e+02
-3.696295e+02
-8.185151e+01
-5.025167e+02
-8.711478e+01
1.028561e+02
1.011173e+02
5.403577e+02
-4.253107e+00
6.474054e+02
-6.111649e+02
5.769992e+01
7.293717e+02
-5.728557e+02
3.239803e+02
3.788109e+02
-1.999924e+02
-3.040187e+01
3.746935e+01
1.365008e+02
-2.169556e+02
6.023945e+01
9.410880e+01
-3.665592e+02
-4.860520e+01
2.092060e+02
1.954234e+02
3.144291e+02
2.970359e+02
-2.073448e+02
-2.091069e+02
6.138082e+01
1.895545e+02
2.786089e+02
7.569595e+01
-3.417014e+02
1.226629e+02
1.324036e+02
-2.073687e+01
-1.694674e+01
1.179431e+01
-3.032336e+01
8.901213e+01
6.211476e+01
-1.415045e+02
5.279810e+01
9.514494e+01
8.332729e+01
5.380534e+01
7.408765e+01
-5.435858e+01
-7.460702e+01
3.789333e+01
-8.382038e+01
2.751939e+01
9.847623e+01
-1.774875e+01
-6.554631e+01
7.239646e+01
8.423368e+00
1.812080e+02
-6.194793e+01
4.983562e+00
-6.824251e+00
-1.259485e+02
-4.846053e+01
1.609749e+01
-9.322284e+00
-8.391554e+01
6.038437e+01
-3.452017e+01
3.356106e+00
-9.056821e+00
1.336135e+00
-1.030161e+01
-9.553345e-01
-6.608485e+01
-4.117842e-01
9.050979e+01
-3.940561e+01
3.808334e+00
5.004940e+01
-3.434922e+00
2.850660e+00
-5.245132e-01
5.919238e-01
5.282015e-01
3.971492e-01
3.575514e-02
-1.976158e+00
-5.378348e-02
-6.831796e-01
2.047886e-02
-2.960514e-01
4.340671e-02
2.806654e-01
-2.625301e-01
-5.076270e-02
1.267638e-01
-5.106945e-02
-3.990332e-02
-1.372126e-01
-2.508635e-01
1.581201e-01
-1.095855e-01
9.129800e-02
-2.319427e-02
1.393165e-02
-3.717453e-03
-6.282603e-02
-1.936745e-02
