-1.641798e-01
-1.139120e+00
-1.415438e-01
5.006222e+01
1.868665e+02
-1.671104e+01
3.318463e-04
-7.500729e+04
-3.721763e+05
-4.427184e+05
-1.075427e+04
1.299292e+05
1.107881e+05
-2.270730e+04
-1.331105e+05
-2.051884e+05
-1.458578e+05
-4.500706e+03
1.421927e+05
-3.795823e+04
-4.685786e+04
-5.296489e+04
-3.265201e+04
3.514497e+04
-5.570540e+03
5.992071e+03
-8.114909e+04
8.028297e+04
-3.703782e+04
-7.323342e+03
-3.947619e+04
3.077743e+04
-8.808308e+03
1.619854e+03
-1.031026e+04
-9.279620e+03
-2.209272e+04
4.415599e+03
3.095948e+04
1.356622e+04
-1.746495e+04
-1.165452e+04
-6.399743e+02
5.054044e+02
1.798637e+03
-9.114843e+03
9.042178e+03
-7.610336e+03
-4.483113e+03
-2.699063e+03
3.250252e+02
-1.879496e+04
1.198174e+03
-6.177404e+03
-6.578511e+03
1.937036e+03
5.793933e+03
9.241885e+03
6.623056e+02
1.130276e+03
-2.605058e+03
6.950334e+03
5.544024e+02
2.202022e+03
2.160963e+02
2.988719e+03
5.315477e+03
3.785504e+03
-4.520439e+03
1.071600e+03
-2.060489e+03
-3.856740e+03
-2.030703e+03
1.694431e+03
1.116851e+03
-2.279399e+03
3.447900e+03
-1.325019e+03
-2.160466e+03
1.333209e+03
-1.981321e+03
2.212067e+03
-2.158874e+03
3.627377e+03
8.749747e+02
1.046372e+03
1.789216e+02
1.268926e+02
-1.862740e+03
1.528700e+03
-5.597209e+02
1.901757e+03
6.640452e+02
7.855085e+02
-1.554969e+03
7.254042e+02
1.240358e+03
-4.326620e+02
1.178831e+03
9.588017e+02
-4.273408e+02
6.641573e+02
4.976696e+02
-8.104496e+02
5.764617e+02
-5.088242e+02
1.115855e+03
6.932197e+02
6.790218e+02
1.189937e+03
4.874149e+02
1.285653e+03
3.658631e+02
9.521498e+01
8.065284e+01
3.770517e+02
6.172289e+02
-2.416618e+02
1.586015e+02
-1.793567e+01
5.622754e+02
5.784570e+02
-3.214590e+02
-9.580451e+01
2.371697e+02
-3.875370e+02
-1.355138e+02
-1.767384e+02
-2.571506e+02
-2.032536e+02
3.874012e+02
5.293505e+02
-5.213965e+01
-1.205220e+01
-4.186170e+02
-2.660625e+02
3.416617e+02
-1.378319e+02
4.546376e+02
-9.649873e+01
-1.840005e+02
2.834751e+02
-1.640950e+02
4.619709e+02
-2.289686e+01
1.242054e+02
2.927924e+02
-1.283813e+02
4.231610e+01
3.302475e+02
-8.435083e+01
1.359536e+02
1.237551e+02
-1.554748e+02
1.557156e+01
1.144368e+02
2.707030e+01
2.828644e+01
-9.073327e+00
-3.216750e+02
-5.676085e+01
-2.923579e+01
9.735531e+01
-3.274552e+01
6.888586e+01
-2.005285e+01
-5.324395e+01
2.062688e+02
5.719511e+01
9.406458e+01
1.555733e+02
-7.019715e+01
-1.707012e+01
6.881142e+01
-6.023820e+01
-4.927391e+01
-1.032757e+02
-4.779717e+01
2.179931e+01
5.408366e+01
9.192868e-01
8.445662e+01
-6.119127e+01
1.070255e+01
1.033692e+02
1.680171e+01
1.090970e+02
1.244955e+01
-1.163154e+02
-1.013783e+01
6.939046e+01
-1.626275e+01
-1.198725e+02
4.416207e+01
3.446658e+01
6.707753e+01
-3.038534e+01
-5.191151e+01
-1.389580e+01
-3.027392e+01
3.317934e+00
-4.906519e+01
5.303719e+01
1.461206e+01
3.785414e+01
2.810524e+01
-3.905914e+00
2.948870e+00
-8.126236e-01
1.184240e+00
2.212109e-01
-1.998748e-01
-6.206340e-02
-1.100998e+00
-1.952622e-02
-4.580278e-01
5.492242e-02
-2.205450e-01
-7.993783e-02
1.297254e-01
5.177798e-02
-1.193476e-01
-2.249044e-02
-7.138590e-02
-1.791198e-01
1.044858e-01
9.686308e-02
6.531430e-02
2.390540e-02
-1.182578e-01
2.258671e-01
1.231340e-01
-7.035167e-02
-1.014840e-01
1.068638e-01
