3.002327e-02
-1.109474e+00
-9.688461e-02
5.148444e+01
1.732376e+02
-1.529806e+01
3.551053e-04
-1.312444e+05
1.390435e+05
515677
2.985795e+05
8.005416e+04
-1.688425e+05
-1.212418e+05
-7.188310e+04
4.226077e+04
-4.481764e+04
-1.035221e+05
3.621295e+04
-1.644094e+05
2.267674e+04
1.534192e+04
1.649045e+05
-1.136503e+05
1.780845e+05
-6.683805e+04
-5.589925e+04
-9.774524e+04
-2.362399e+04
1.051414e+04
-1.013292e+05
-3.305126e+04
3.029280e+04
-3.791343e+04
2.051139e+04
4.435455e+04
1.383015e+04
-6.558912e+03
-2.580421e+04
5.222153e+03
-1.201192e+04
-1.187160e+04
-1.839675e+04
-4.180978e+03
-1.275643e+04
1.077617e+04
-2.316577e+04
-1.710605e+04
1.314923e+04
5.836223e+03
-8.792028e+03
-2.177596e+04
6.027427e+03
1.174626e+04
-3.019886e+04
1.892268e+03
-1.324415e+03
5.629548e+03
-8.915321e+03
-2.736179e+04
4.093255e+03
2.555707e+03
5.373155e+02
-1.023541e+04
5.288062e+03
-2.335778e+03
2.469499e+03
9.827505e+03
-3.571257e+03
6.054434e+03
4.899623e+03
2.527158e+03
-2.628784e+03
-3.756536e+03
5.537303e+03
6.432366e+03
6.747900e+03
4.333721e+03
-4.520006e+03
-3.756559e+03
1.095480e+03
-1.758856e+03
-3.416944e+03
-2.968535e+03
2.194499e+03
1.578095e+03
-2.391512e+03
3.906207e+03
-1.546495e+03
7.490062e+02
1.993500e+00
1.060078e+03
3.704364e+03
2.505272e+03
-6.239034e+02
1.427723e+03
3.284876e+03
-1.489414e+03
-3.699994e+02
1.278964e+02
-4.728157e+02
-1.157728e+03
-2.369018e+03
-1.020057e+03
6.115050e+02
7.754426e+02
2.120394e+03
1.673685e+03
-4.400881e+02
1.211343e+01
-1.002211e+00
-2.656030e+02
-1.283128e+02
4.147973e+02
-5.876530e+01
-1.179920e+03
-1.223584e+03
2.271028e+02
-7.971165e+02
9.053259e+02
-9.951703e+02
-1.080834e+03
-1.259063e+03
1.128008e+03
3.212276e+02
5.136711e+02
-1.402571e+03
4.925493e+01
-1.334343e+02
-3.636564e+02
3.157598e+02
5.888820e+02
4.425766e+01
7.377086e+02
-1.346534e+02
-9.167049e+01
9.547343e+02
-4.139098e+02
-1.166224e+02
9.056263e+02
1.252882e+01
-8.265250e+02
-8.278667e+01
-5.194864e+01
-3.618279e+02
3.827975e+02
-2.985253e+02
-1.603345e+02
2.467371e+02
2.619342e+02
9.886490e+01
2.727164e+02
1.281059e+02
5.137639e+01
-8.634098e+01
-2.678943e+02
3.729559e+02
1.894363e+02
-2.698285e+02
3.162521e+02
2.305906e+02
-1.013410e+02
1.282625e+02
2.629472e+01
2.957818e+02
1.227721e+01
1.422234e+02
-1.482589e+02
5.263103e+01
-3.285672e+01
1.543697e+02
1.968241e+02
4.208473e+01
4.469635e+01
3.666925e+01
1.244358e+02
8.929899e+01
1.024196e+02
1.207141e+02
1.248919e+02
2.158739e+02
-1.445763e+02
-5.633964e+01
-3.237912e+01
1.485964e+02
-4.241248e+01
-1.921450e+02
-4.808991e+01
1.561788e+01
-5.413398e+00
-1.600974e+02
2.842156e+01
1.531715e+02
7.826164e+00
1.023567e+02
-7.015485e+01
-4.747594e+01
-3.823374e+01
-3.501302e+01
4.653577e+01
-1.645134e+01
-8.384256e+00
6.497466e+01
-5.798332e+01
-2.638502e+00
2.496539e+01
6.541281e-01
-1.767642e+00
5.835799e-02
-6.051782e-01
1.748968e-01
-3.019351e-01
3.269705e-02
-2.601846e-01
-5.173852e-01
-3.590693e-02
-2.981786e-01
-3.959093e-01
5.258983e-01
-1.289724e-01
2.382590e-01
-7.830413e-02
1.395436e-02
1.719370e-01
1.142474e-02
-1.944544e-01
-2.839597e-02
9.587810e-02
-1.013635e-01
2.705134e-01
-3.130837e-01
1.010987e-01
-6.975033e-02
-1.701151e-01
6.003985e-03
