2.822340e-01
5.148746e-01
1.422199e-01
4.380444e+01
1.461799e+02
-2.660589e+01
3.499997e-04
-2.863082e+04
2.487999e+05
-2.654964e+04
-1.473900e+05
-1.261212e+05
-6.467124e+04
4.456898e+04
1.756980e+04
-4.640592e+04
2.720175e+04
1.129295e+04
1.340883e+05
-4.282005e+04
-3.267178e+04
-9.537968e+03
3.998546e+04
-9.553254e+03
3.038497e+02
-2.721418e+04
-1.279552e+03
2.614707e+04
-4.298509e+04
-3.474881e+04
1.042350e+04
1.152745e+04
-1.549810e+04
-6.435708e+03
-2.991719e+04
-8.553800e+03
4.954322e+03
-7.978413e+03
9.063021e+03
-1.259307e+04
-1.203158e+04
2.175250e+03
7.970059e+03
-2.993617e+04
4.766276e+03
-9.490608e+03
1.304686e+04
2.925393e+03
-1.064641e+04
-6.642244e+03
-1.534234e+04
4.638903e+03
3.122397e+03
4.429702e+03
-7.636086e+02
9.658004e+03
2.492910e+02
1.109446e+04
1.805974e+03
-8.223106e+02
-6.210269e+03
1.621880e+03
2.514969e+03
6.027336e+02
6.900732e+02
7.043689e+02
3.636651e+03
-1.287243e+02
1.205480e+03
2.172266e+01
2.561205e+03
2.588981e+03
3.156697e+03
-9.303613e+02
-1.190226e+03
-1.399796e+03
-5.456513e+02
-6.212536e+02
-4.894814e+03
-2.445154e+03
-9.461490e+02
7.376599e+02
-1.141639e+03
-9.103680e+01
1.964150e+03
-4.599935e+02
-1.497182e+03
8.109653e+02
-4.638069e+00
2.210329e+03
-1.631130e+02
-2.716009e+02
1.779670e+03
-3.871351e-01
-7.900483e+02
8.721193e+02
1.435416e+03
-1.768907e+02
-4.889523e+02
3.727668e+01
-7.651128e+02
2.661789e+02
1.838101e+02
-8.406995e+02
8.593500e+01
-8.922622e+02
3.082399e+02
1.347623e+03
6.590739e+02
6.521594e+02
5.822040e+02
-8.569437e+01
-4.047943e+02
-1.649572e+02
2.979975e+02
2.534906e+02
5.706553e+02
-3.773333e+02
-4.747809e+02
3.495370e+02
-5.564985e+01
3.950065e+02
8.542832e+01
1.033934e+02
8.517134e+01
-1.806708e+02
2.450515e+02
3.282782e+02
-1.635828e+02
3.515956e+02
1.244913e+02
3.767891e+02
8.532071e+01
2.619611e+02
6.931518e+01
-2.911116e+02
3.744807e+02
-1.707746e+02
1.905249e+01
-6.731828e+01
-2.774497e+02
2.305703e+02
-1.450783e+01
2.658992e+02
3.011715e+01
8.223741e+01
-1.956967e+02
-2.510099e+02
-5.285916e+01
5.144661e+01
-1.163507e+01
1.385123e+02
3.304985e+01
-7.361518e+00
1.106307e+02
-9.896368e+01
5.851806e+01
6.569124e+01
1.279125e+02
6.069432e+01
7.480151e+01
7.520897e-01
-1.094264e+02
7.367235e+01
-1.315782e+02
3.974629e+01
-1.577064e+02
2.550134e+02
-1.131067e+02
-1.140027e+02
5.142069e+00
3.461385e+01
-3.275304e+01
4.338789e+01
1.693856e+01
-1.118234e+02
-2.816307e-01
-7.474287e+01
-8.876073e+01
6.243845e+01
-4.399033e+01
-3.183522e+01
4.009379e+01
2.751205e+01
4.677552e+01
-1.255558e+02
-4.298862e+01
2.790639e+01
-7.127962e+01
-6.342635e+01
7.258656e+01
1.884051e+01
-3.640862e+01
-2.498755e+01
3.420511e+01
-1.447118e+01
5.292975e+01
4.240683e+01
-2.627707e+00
-3.423196e+01
1.017539e+01
2.853539e-01
4.937267e+01
5.248740e+01
-1.382361e+01
3.217709e+00
1.410786e-01
-5.598866e-01
-1.584956e-01
4.782353e-01
4.473738e-01
1.838691e-01
1.729088e-01
-2.261099e-01
8.442256e-02
-1.562954e-01
2.685950e-01
4.922104e-01
-1.877618e-01
-4.057739e-02
5.933847e-02
1.302276e-01
-5.326058e-02
-4.241609e-02
-3.244404e-02
5.413882e-02
-2.074638e-01
1.055508e-01
-5.222352e-02
-1.295315e-01
-3.057954e-02
1.548965e-02
-2.364622e-02
4.930963e-02
1.040003e-01
