-4.500673e-01
1.331734e+00
-4.713463e-02
5.916444e+01
1.897255e+02
-9.014378e+00
3.570236e-04
-2.548227e+05
-5.326084e+05
6.037256e+05
-1.851968e+05
1.874249e+05
3.936038e+05
-2.180781e+05
8.981335e+04
-1.856003e+05
7.449298e+04
3.298632e+05
1.642102e+04
-5.097302e+04
8.068608e+04
-2.141078e+04
-5.935553e+04
7.919166e+04
6.576841e+04
-163349
-8.211488e+04
6.670266e+04
2.677701e+04
6.161611e+04
-7.684098e+04
2.284857e+04
2.161361e+03
-1.031967e+04
3.067985e+04
1.970939e+04
6.883831e+04
-1.271013e+04
2.920475e+04
1.927099e+04
2.957977e+04
-5.513249e+04
-2.815019e+03
-3.439215e+04
9.251190e+03
4.137789e+04
-1.566968e+04
1.996357e+04
-2.979031e+04
-5.720305e+03
1.726078e+04
1.376257e+04
1.702534e+04
-1.232185e+04
6.687347e+02
1.100111e+04
-1.976942e+03
7.929094e+03
-1.490493e+04
-2.909427e+03
-1.463399e+04
4.942882e+03
-5.964325e+03
-1.028383e+04
-1.958074e+03
-1.307198e+03
4.128698e+03
1.986406e+04
-4.930254e+03
-2.233358e+02
3.767891e+03
3.461981e+03
5.605355e+03
4.009239e+03
2.827920e+03
-7.059050e+02
1.074647e+04
-4.404386e+03
-3.852066e+03
1.166868e+03
-6.226844e+03
1.762206e+03
-2.925223e+03
2.221578e+03
-2.206435e+02
3.365468e+03
-6.121894e+02
1.954983e+03
3.169591e+03
-2.924772e+03
2.368052e+03
2.112254e+03
4.362405e+03
1.848010e+03
3.824954e+03
1.822048e+02
4.496224e+03
6.448289e+01
1.030368e+03
1.253072e+03
-1.297187e+03
-7.900366e+02
1.830128e+02
-2.089018e+03
3.296996e+03
-5.359235e+02
1.320276e+03
-3.945814e+02
2.377549e+03
1.659100e+03
1.855113e+03
1.937185e+03
-2.669727e+02
1.083032e+02
3.068650e+02
-1.869528e+00
-4.859548e+02
-9.197101e+02
-1.350819e+03
1.017024e+03
6.459509e+02
4.223766e+02
-6.713108e+02
1.222658e+03
1.550728e+02
-1.040342e+03
-5.771089e+02
3.301749e+02
1.010339e+03
-8.464581e+02
-8.670061e+02
-3.660374e+01
3.885048e+01
-2.984670e+02
-3.250096e+02
-2.128456e+02
2.867318e+02
-9.051607e+01
-4.160075e+02
3.087897e+01
2.956646e+02
8.765559e+01
-5.501339e+02
3.363791e+02
-6.327160e+02
-4.874283e+01
3.092776e+02
5.396282e+02
6.656313e+01
1.924731e+02
1.421384e+02
-2.115465e+02
-2.674733e+02
1.699165e+02
1.116973e+01
2.675016e+02
3.786353e+01
2.536430e+02
-4.194800e+02
-1.335897e+02
5.327521e+02
-2.960468e+02
9.411473e+01
1.160621e+02
-2.009724e+02
1.933373e+02
1.006261e+02
2.262150e+02
-2.729255e+02
-2.214938e+01
9.877148e+01
1.512594e+02
2.444942e+02
4.155955e+01
-5.962991e+01
-1.882579e+02
-1.654689e+02
-3.636550e+01
-1.431826e+02
-1.145638e+02
-8.959400e+00
5.952704e+01
-2.229231e+02
8.112693e+01
1.928969e+01
3.124930e+01
2.568846e+02
9.534931e+01
-1.494537e+02
3.554660e+01
1.683723e+01
1.036291e+02
-1.520162e+01
-1.802143e+01
1.152827e+02
3.753359e+01
-1.137731e+02
-3.311823e+01
-7.459986e+01
2.758055e+01
-1.546721e+01
-1.440013e+02
-2.052753e+01
-7.501517e+01
2.189183e+01
3.713437e+01
-1.468525e+00
1.233686e+00
3.259769e-01
-2.404819e-01
-3.391085e-01
-1.160854e+00
-1.232401e+00
1.067247e+00
3.699438e-02
1.263674e-03
8.320382e-02
-3.672804e-01
1.906907e-02
-2.308402e-01
6.850911e-01
3.086985e-01
-2.497085e-01
2.334709e-02
-5.005203e-02
-2.482998e-01
2.555742e-01
-2.674274e-01
-6.850792e-02
-2.895649e-01
9.875765e-02
3.880886e-02
-1.843289e-02
-1.478323e-01
8.411944e-03
