-9.077985e-02
4.267994e-01
5.925087e-02
4.551111e+01
1.830802e+02
-2.614816e+01
3.658463e-04
-1.417710e+05
-2.195524e+04
3.060877e+05
-1.794102e+05
-3.726725e+04
7.871317e+04
3.389389e+04
-2.719532e+02
-1.887843e+05
-5.171803e+04
1.192928e+04
1.299673e+05
1.311245e+04
5.733445e+04
3.299688e+04
1.053598e+04
6.773905e+04
2.655496e+04
-5.603446e+04
-6.956190e+03
3.653405e+04
2.579537e+03
4.625987e+04
-2.067035e+04
2.290520e+04
-1.851629e+04
-3.532425e+04
-1.801838e+04
-4.182191e+03
3.016395e+04
-2.553616e+04
7.026214e+03
-3.289577e+03
1.818713e+04
-3.880789e+03
-8.687648e+03
-2.793087e+04
1.727778e+04
-1.175545e+03
-5.892501e+03
8.741229e+03
-1.272972e+04
-3.223559e+03
1.030840e+03
1.390780e+04
8.457366e+03
-8.864566e+03
3.505900e+02
1.298241e+04
-1.545685e+03
8.363631e+03
-2.716539e+03
-6.362500e+03
-5.560617e+03
5.502338e+03
-1.956096e+03
-4.727488e+03
-3.389747e+02
5.429692e+01
1.559764e+03
6.022397e+03
-6.509963e+02
-2.068850e+02
-1.162148e+02
3.403600e+03
5.278239e+03
4.649592e+02
-1.527954e+03
-1.614930e+03
4.623678e+03
-1.461086e+03
-4.626037e+03
-1.057383e+03
-3.980636e+03
1.753658e+03
-1.357926e+03
1.204971e+03
8.672621e+02
8.536381e+02
-3.510888e+03
2.064291e+03
1.120652e+03
-6.921217e+02
5.234482e+02
1.544329e+03
4.314934e+03
1.197509e+03
3.042654e+02
1.286043e+01
3.313813e+03
2.608314e+01
4.587041e+02
1.854187e+02
-1.382553e+03
-6.132697e+02
2.392900e+02
-1.399139e+03
6.316550e+02
-5.015406e+02
6.649420e+02
7.470536e+02
1.172228e+03
2.086067e+03
1.419781e+03
1.299079e+03
-7.597117e+02
6.645708e+02
3.732938e+02
6.761298e+00
1.435639e+02
-6.938987e+02
-1.344880e+02
9.226415e+02
3.295898e+02
5.832587e+02
-3.508152e+02
6.492307e+02
1.615530e+02
-5.494811e+02
-4.376816e+01
3.713586e+02
5.410320e+02
6.997350e+00
-2.083632e+02
4.277786e+02
-1.597616e+02
1.818101e+02
-1.784481e+02
-1.631684e+02
3.251398e+02
-4.781812e+01
-9.884558e+01
-8.583393e+01
-1.526451e+02
2.967465e+02
-3.138729e+02
2.193975e+02
-2.875936e+02
1.583441e+01
2.280059e+01
2.217722e+00
4.968860e+00
7.028041e+01
9.220700e+01
1.540342e+02
-1.472328e+02
5.296868e+01
-1.677598e+02
1.444673e+01
2.842478e+01
2.578125e+02
1.810892e+01
-1.448923e+02
2.545521e+02
-3.931005e+01
2.719205e+00
-3.759594e+01
-1.556140e+02
6.801097e+01
6.595866e+01
2.022547e+02
-1.435716e+02
-6.589127e+01
6.498354e+01
1.429957e+01
2.911234e+01
7.703680e+01
-1.322081e+01
-1.529105e+02
-7.221969e-01
-6.753585e+01
-9.250438e+01
5.236988e+01
-1.140916e+01
9.775497e+00
-1.416841e+01
2.269728e+01
3.770526e+01
-4.543114e+01
5.986766e+01
-6.465041e+00
-9.908833e+01
-1.560151e+01
2.922243e+01
3.833134e+01
-2.091970e+01
-2.787382e+01
1.705328e+01
2.058522e+01
6.863750e+00
-6.148892e+00
-8.950506e+00
-1.517423e+01
-1.625810e+01
-5.065801e+01
-3.232573e+00
6.152340e+00
-4.091865e+00
2.888468e+01
-5.470793e-01
4.369240e-01
-6.277102e-01
-2.936146e-01
2.054248e-01
-2.407712e-01
-3.368697e-01
-1.527172e-01
-2.071261e-01
-4.144600e-01
1.301217e-01
-1.184145e-01
-1.697490e-01
-2.223173e-01
2.613089e-01
1.834864e-01
-2.705604e-02
4.892812e-02
-1.737112e-02
-7.904339e-02
5.272765e-02
7.412504e-02
5.140279e-02
-1.472528e-01
-5.817389e-02
-1.609594e-02
3.604081e-02
2.925699e-02
-2.885373e-03
