-4.914953e-02
-6.583387e-01
3.345483e-01
4.778667e+01
1.719638e+02
-2.390042e+01
3.554567e-04
-9.183041e+04
-2.636219e+05
1.323469e+05
1.079761e+05
9.908810e+04
-1.360572e+05
4.172916e+04
1.341881e+04
-1.019431e+05
-4.833115e+04
-1.796644e+05
-3.101751e+04
-2.293723e+04
1.350604e+04
-1.679786e+04
1.567167e+04
2.099472e+04
4.489100e+04
-3.154304e+04
-1.506443e+04
2.813315e+03
-9.934550e+03
2.060919e+04
-4.227162e+04
3.668584e+04
-1.335828e+04
-3.352546e+04
1.501183e+04
9.064978e+03
1.467545e+04
-1.928915e+03
3.078452e+03
2.606592e+03
6.855338e+03
3.471384e+03
-2.013245e+04
-9.506558e+02
9.931156e+03
1.031284e+04
-9.229255e+03
-2.241606e+03
4.049004e+02
-6.807550e+03
9.043137e+03
-4.836823e+02
7.099849e+03
-1.569782e+03
-9.470097e+03
2.621544e+03
4.282669e+03
4.916745e+03
-2.304350e+03
-1.215315e+04
5.340489e+02
3.237190e+03
-3.382577e+03
-5.955760e+02
-6.737975e+02
1.563573e+03
1.303276e+03
1.387221e+03
-4.132369e+03
4.163956e+03
5.020928e+02
-3.904506e+02
-2.141944e+03
-1.537191e+02
1.129644e+03
1.134302e+03
2.094275e+03
7.950986e+02
-3.116588e+03
-8.212401e+02
-1.473447e+03
3.669846e+02
1.074758e+02
7.254155e+02
3.330734e+03
2.278438e+03
-2.659212e+03
-5.201321e+02
-4.001708e+02
-9.862760e+02
3.730204e+02
5.962891e+02
1.950972e+03
2.208484e+03
-1.571744e+03
7.285767e+02
3.164953e+02
9.101452e+02
1.929538e+02
5.702502e+01
-3.243690e+02
-1.073737e+02
-5.704852e+02
-9.556768e+02
-1.287125e+02
4.749698e+02
1.226928e+03
5.951935e+02
-9.718939e+00
1.456153e+03
-5.306935e+02
1.336346e+03
-2.649828e+02
1.039139e+03
-1.752308e+02
-5.472902e+02
-6.406862e+02
-6.238173e+02
-7.903875e+01
4.618515e+02
-4.943551e+01
1.126386e+02
-7.105303e+02
5.301852e+02
3.839825e+02
-1.458168e+01
-4.647534e+02
7.247350e+00
7.593467e+01
-3.014799e+01
4.086667e+02
5.352659e+02
8.785268e+01
2.283831e+02
-4.147898e+02
1.834221e+02
4.025338e+02
-2.195216e+02
-2.501015e+01
2.338114e+02
-1.504502e+02
-1.470895e+02
-1.699185e+02
-7.287778e+01
-2.107292e+02
2.792118e+02
1.614675e+02
1.393887e+01
4.129650e+01
3.312299e+02
-9.762086e+01
1.160336e+02
2.005888e+02
1.005872e+02
-2.247052e+02
-5.902359e+00
1.232725e+02
2.100816e+02
-5.819909e+00
-1.813365e+02
5.854257e+01
4.476175e+01
2.584363e+02
-4.500826e+01
1.700641e+02
-5.177120e+01
-1.128856e+00
-2.010852e+01
7.237817e+01
9.570343e+01
1.533145e+02
-3.979183e+01
-5.506319e+01
5.125023e+01
1.707669e+01
-3.953915e+00
-2.136795e+01
7.049955e+01
1.458642e+01
3.075597e+01
1.518840e+00
1.166506e+02
-1.617108e+01
-9.067421e+00
5.231831e+01
1.552720e+01
6.779042e+01
-1.899553e+01
-1.219149e+00
2.964585e+01
2.283340e+00
1.972990e+01
-3.865137e+00
4.581042e+01
-1.414926e+00
1.232371e+01
-3.637858e+01
-4.928768e+01
8.916467e+00
1.830212e+01
7.184566e+00
-6.221940e+01
5.498492e+00
-2.647093e+01
5.046355e+01
2.856158e+01
-1.642155e+00
2.328156e+00
-4.115300e-01
-7.317071e-02
-1.685957e-01
-4.663727e-01
-2.373037e-01
-6.875770e-01
-5.646181e-02
-4.205819e-01
-2.433251e-01
-6.007764e-01
1.916885e-01
1.310844e-01
-1.231565e-01
7.265683e-02
5.166246e-02
3.647097e-02
4.556214e-02
-1.707565e-01
6.638853e-02
3.055627e-02
1.344103e-01
-1.042500e-02
-5.168151e-02
-3.226005e-02
1.357410e-01
-9.912337e-02
-4.922033e-02
