-1.721148e-01
1.007494e+00
-3.073027e-02
5.518222e+01
1.905116e+02
-1.916052e+01
3.675978e-04
-1.004015e+05
-2.774866e+04
1.500812e+05
-9.896550e+04
-3.499461e+04
-6.821749e+04
2.980593e+04
1.986690e+04
-1.262990e+05
2.311066e+03
-1.560912e+04
1.131043e+05
-8.556188e+04
-1.594640e+04
-3.026121e+04
-1.258726e+04
8.869174e+03
-1.055214e+04
-1.417935e+04
2.895373e+03
2.833033e+04
-1.253208e+04
-1.182782e+04
-5.430471e+02
1.961954e+04
-4.200684e+04
-2.277082e+04
-6.127010e+03
4.209179e+03
5.174154e+03
-1.941128e+03
8.170435e+03
-4.651567e+03
-2.441195e+03
-1.641345e+04
-5.669301e+03
-2.239209e+04
1.242058e+04
4.567344e+03
-9.327347e+03
8.686783e+01
-1.355213e+04
-5.108603e+03
3.800043e+02
9.757463e+03
7.613514e+03
-1.545374e+03
2.296906e+02
1.271583e+04
1.458489e+03
1.216760e+04
6.772946e+02
-1.566673e+03
-5.858345e+03
2.902219e+03
-9.158636e+01
5.197688e+02
-4.458367e+02
1.256780e+03
3.778391e+03
5.016438e+03
-3.805407e+03
7.454089e+02
3.437352e+03
1.249836e+03
2.956132e+03
3.879474e+02
-1.946819e+03
-6.736721e+02
4.524383e+02
2.636989e+02
-3.951063e+03
-1.379042e+03
-2.460463e+03
1.531851e+03
-1.028962e+03
1.367202e+03
1.967853e+03
8.621254e+02
-1.289436e+03
-4.378386e+02
1.009899e+03
8.295571e+01
6.292806e+02
1.007490e+03
3.175129e+03
1.161761e+03
-8.155497e+02
1.430697e+03
1.870332e+03
-3.069350e+01
3.203930e+02
-4.170976e+01
-1.636283e+03
-1.511860e+02
1.528579e+02
-1.360054e+03
3.946187e+02
-4.173898e+02
7.770349e+02
8.380164e+02
8.459534e+02
1.219039e+03
2.072893e+02
9.324871e+02
-5.460355e+02
2.780631e+02
3.823406e+01
1.205552e+02
-9.107864e+01
-1.575753e+02
-1.241148e+02
5.753332e+02
1.635483e+02
6.345583e+02
-4.837514e+02
3.238044e+02
5.903836e+02
-3.346487e+02
-1.487740e+02
2.677630e+02
-6.526880e+01
3.190213e+01
1.733101e+02
2.798529e+02
-2.162960e+02
1.197978e+02
-2.985513e+02
-2.760961e+02
3.277749e+02
-1.662922e+02
2.791096e+01
1.072325e+02
-3.105584e+02
1.390727e+02
-9.347225e+01
1.524133e+02
-2.073126e+02
5.870917e+01
-4.382814e+01
-1.601032e+02
-9.892351e+01
3.269746e+02
1.171391e+02
2.199192e+01
1.002587e+02
7.782646e+01
-4.658940e+01
2.007974e+01
-9.807032e+00
7.092832e+00
9.748843e+01
-1.879882e+02
-1.234955e+01
-3.102329e+01
2.349133e+01
-5.153762e+01
-8.444236e+01
3.194079e+01
-2.967863e+01
2.003151e+02
-1.146442e+02
2.231178e+01
8.997701e+01
-1.960370e+01
-1.772073e-01
6.761278e+01
-7.167067e+01
-6.255944e+01
-7.662384e+01
-4.221017e+01
-6.838268e+01
1.836058e+01
1.215017e+01
7.561468e+01
-1.721094e+01
-3.929821e+00
7.295795e+01
-1.848406e+01
8.235066e+01
2.366925e+01
-6.124088e+01
-2.074397e+00
3.251733e+01
3.598457e+01
-2.020117e+01
2.556491e+00
5.329319e+00
3.543533e+01
-3.012632e+01
-3.965829e+01
-1.169681e+01
-6.235060e+00
-1.165542e+00
-6.043558e+01
6.174163e+00
3.336811e+00
1.434338e+01
2.071507e+01
-9.543819e-01
6.280030e-01
-4.123557e-01
-1.078656e-01
1.469760e-01
-1.100934e-01
-1.480056e-01
-3.707035e-01
-1.965468e-02
-3.859105e-01
1.440517e-01
-2.063523e-01
2.938045e-02
-2.056534e-02
1.229902e-01
2.824321e-02
-9.389135e-03
6.606352e-02
6.155583e-02
-1.051911e-02
5.526326e-02
8.322369e-02
2.268563e-04
-1.246287e-01
3.399719e-02
1.912112e-03
3.411737e-02
2.433653e-02
-6.483092e-03
