-3.284073e-02
8.164722e-01
8.426557e-02
5.148444e+01
1.756693e+02
-2.001661e+01
3.535505e-04
-1.765485e+05
3.980383e+04
5.284495e+05
2.332241e+04
9.260887e+03
170750
-1.772472e+05
1.531601e+05
-1.042702e+05
7.081184e+04
4.774523e+04
7.203580e+04
-4.529982e+04
-4.385059e+04
4.193210e+04
1.567556e+04
-3.523447e+04
9.891520e+02
-5.411171e+04
2.106350e+04
-7.557316e+03
-1.342589e+04
3.578911e+03
-5.090658e+04
-7.947702e+03
-7.898621e+03
-1.979160e+04
1.356291e+04
2.272854e+04
2.347597e+04
1.473591e+04
-1.461941e+03
-4.970267e+02
6.633775e+03
-5.245960e+03
-1.409113e+04
-2.709049e+04
7.087590e+03
-1.707057e+03
-4.098944e+03
1.340830e+04
-1.582732e+04
-1.873450e+03
6.892587e+03
3.681606e+03
8.588779e+03
2.648934e+03
-4.047440e+03
9.090142e+03
2.779902e+02
9.295209e+03
-6.389505e+03
-7.761507e+03
-5.369518e+03
1.689816e+03
9.458354e+02
-2.882669e+03
-1.181065e+03
1.885239e+03
2.888804e+03
6.904544e+03
-3.162600e+03
1.037589e+03
3.306210e+03
4.194074e+03
2.233601e+03
7.605283e+01
-2.591888e+01
5.404822e+02
2.506662e+03
5.210079e+02
-5.198869e+03
-1.679479e+03
-1.862196e+03
1.186102e+02
-2.345566e+03
7.026932e+02
1.495518e+03
1.839762e+03
-5.832955e+02
1.041922e+03
6.378987e+02
-8.047083e+02
4.801745e+02
-5.596801e+02
3.563694e+03
1.513371e+03
-2.788082e+02
1.136972e+03
2.547920e+03
-3.173503e+02
-2.430504e+02
1.020488e+03
-1.853650e+03
-6.526131e+02
-6.506520e+02
-1.235451e+03
1.083111e+03
-5.115059e+02
1.131410e+03
4.332813e+02
1.252401e+03
8.534438e+02
4.755241e+02
1.452151e+03
-2.641811e+02
4.280059e+02
-1.633719e+02
-4.333313e+02
-1.683863e+02
-2.523667e+02
-5.699958e+02
8.181891e+02
-2.663682e+02
1.845571e+02
-4.288787e+02
7.888071e+02
2.007575e+02
-2.822833e+02
-1.775917e+01
4.176988e+02
8.859083e+01
-4.983511e+02
1.437173e+02
1.556406e+01
-6.832829e+01
1.658412e+02
-1.325822e+01
-1.256779e+02
6.167611e+02
-6.851479e+01
-1.586451e+02
2.312843e+02
-6.654236e+01
-6.795493e+01
-1.121629e+02
2.038707e+02
-2.268424e+02
-9.492947e+00
-2.870826e+01
-2.069610e+02
1.598737e+01
6.313116e+01
1.234403e+02
9.329615e+00
1.716829e+01
8.160175e+00
-1.000292e+01
-1.291101e+02
-5.312898e+00
1.011164e+02
-2.842805e+02
5.466490e+01
3.414582e+02
-1.056454e+02
-3.315937e+01
7.620480e+01
-7.682304e+01
-3.712931e+01
-4.377435e+01
1.161132e+02
-1.868987e+02
3.701609e+00
4.977921e+01
1.449100e+02
6.956551e+01
7.498415e+01
-5.345381e+01
-9.287971e+01
-2.155307e+01
-1.888802e+01
-8.801060e+01
-2.361910e+01
8.639834e+01
-7.046904e+00
-3.819530e+01
1.422695e+01
2.152885e+01
-3.613813e+01
6.822231e+01
1.916773e+01
-6.032946e+01
8.439427e+00
1.768442e+01
5.441238e+01
-3.181002e+00
-1.401479e+01
1.322280e+01
-1.378700e+01
-5.928233e+01
-2.125057e+01
-1.645509e+01
1.160376e+01
1.951113e+01
-5.199842e+01
-1.070014e+00
-1.745509e+01
6.867790e+00
1.663071e+01
-1.432080e-01
-9.241522e-01
-5.552854e-01
-2.498509e-01
-2.198436e-02
-3.335871e-01
-4.045969e-02
2.418375e-01
-1.353892e-01
2.007498e-02
2.790730e-01
-4.412691e-01
-4.490245e-02
-2.524067e-02
3.478712e-02
6.270945e-02
-8.135127e-02
1.420738e-01
9.000639e-02
-1.915013e-01
9.575146e-02
1.148380e-01
-1.039739e-01
-1.065503e-01
-1.241231e-01
4.992973e-02
1.558738e-02
-2.609981e-02
4.409194e-02
