-1.018518e+00
-1.561724e+00
1.130855e+00
5.944889e+01
1.784057e+02
-8.707903e+00
3.540372e-04
-7.935808e+04
9.469559e+04
8.946784e+04
2.823309e+04
3.223071e+04
-1.608012e+05
2.477206e+04
1.949655e+04
-5.207695e+04
6.964316e+04
-6.594052e+04
8.255475e+04
4.057752e+03
-1.329978e+04
-1.160598e+04
1.035819e+04
-1.970379e+04
9.721938e+03
-5.351995e+03
2.158502e+04
-2.463582e+03
-9.993764e+03
-1.950785e+04
5.879639e+02
2.153260e+03
-2.105086e+04
-2.346151e+04
-1.164027e+03
-2.423794e+03
1.560890e+04
-1.473185e+03
6.014782e+03
-1.024503e+04
-3.498271e+03
7.850582e+03
-4.813534e+03
-1.374005e+04
1.140416e+04
-4.616649e+03
-8.412965e+02
1.014626e+03
-1.273002e+03
5.917912e+03
-5.723445e+02
1.335698e+03
-1.917641e+03
6.321524e+03
-1.351796e+03
1.133980e+03
1.935304e+03
6.486339e+03
1.651518e+03
-6.112064e+03
-4.667008e+03
-6.653542e+01
1.303251e+03
1.769328e+03
7.462247e+02
2.443311e+03
-1.377065e+03
-3.722269e+02
-3.569406e+03
2.435975e+03
1.511006e+03
2.509131e+03
-7.386458e+02
4.567054e+02
-8.769897e+02
1.350546e+03
-1.735450e+03
1.685948e+02
-3.506664e+03
-1.317709e+03
-8.062313e+02
-9.781437e+02
8.489382e+02
4.390142e+02
1.613827e+03
8.693701e+02
-1.574510e+03
1.556176e+02
6.850342e+02
-3.843995e+01
-7.021207e+02
1.153288e+02
1.199405e+03
8.097186e+02
-8.857864e+02
6.338668e+02
1.172466e+03
-5.820242e+02
-3.060548e+02
-2.103575e+02
-5.231184e+02
-2.797811e+00
3.159591e+02
-6.979401e+02
-6.751765e+02
-5.507133e+02
4.787019e+02
9.619595e+02
8.624507e+02
6.356475e+02
-9.186562e+01
3.226640e+01
-1.900648e+02
6.711824e+02
1.007922e+02
-1.986659e+02
-2.251745e+02
-9.776897e+01
-2.038948e+02
4.489183e+02
1.141674e+01
8.810281e+01
-4.185663e+02
-2.674410e+01
4.862156e+02
-1.587890e+02
-4.400093e+01
1.450666e+02
-1.550751e+02
1.244740e+02
3.439138e+02
4.721804e+02
1.308324e+02
2.017001e+02
-5.641182e+00
-7.960699e+00
1.767497e+02
7.408313e+00
-1.055715e+02
-5.051661e+01
-1.592928e+02
-7.662758e+01
8.246033e+01
6.398653e+01
3.276722e+00
4.121968e+01
-9.549139e+01
-1.558871e+02
6.534939e+01
1.014286e+02
1.567048e+02
1.446723e+01
2.020571e+01
-1.139783e+01
3.202672e+01
-6.158564e+01
1.701900e+02
3.889764e+01
8.616000e+01
-4.612802e+01
5.056898e+01
3.024499e+01
3.589075e+01
-4.773219e+00
-4.012757e+01
-5.487885e+01
-9.303673e+01
8.943153e+01
-9.179609e+01
4.854765e+00
7.494735e+01
4.174711e+01
-1.388127e+01
5.407499e+01
-1.112074e+01
-8.945153e+01
7.779971e+01
2.778027e+01
-6.593650e+01
5.166662e+01
-1.264000e+01
5.126671e+01
-1.167914e+01
-9.262071e+00
5.173813e+01
-6.771476e+01
2.408188e+01
3.705631e+01
-2.543408e+01
-9.872659e+00
2.936497e+01
-7.254397e+00
-2.394932e+00
1.490179e+01
6.862265e+00
-1.660270e-02
1.007797e+01
-1.361627e+00
-1.153730e+01
2.433789e+00
1.562027e+01
-2.072063e+01
-8.506533e+00
8.068213e+00
2.601859e+01
2.167547e+01
-6.364094e-02
-5.535365e-01
-5.314830e-01
-4.246092e-01
7.837563e-02
-1.675040e-01
-1.554771e-01
-4.931113e-02
-7.421457e-02
-9.547196e-02
3.748907e-01
-1.429042e-02
6.262369e-02
-9.470215e-02
-9.848718e-02
-1.481125e-03
-2.312260e-02
-5.251930e-02
2.990853e-03
8.105738e-04
-1.042191e-01
7.304263e-02
-4.627213e-02
-1.191239e-01
-2.451273e-02
1.175580e-02
-3.564298e-02
-4.535306e-02
1.533382e-02
