-2.355932e-01
1.192128e+00
3.533922e-02
5.347556e+01
1.883287e+02
-1.414323e+01
3.506982e-04
-2.323069e+05
-1.533386e+05
2.858684e+05
-1.126550e+05
-2.023854e+04
1.734791e+04
-1.111650e+05
1.271177e+05
-2.224489e+05
3.531873e+04
-4.755514e+04
1.031508e+05
-1.377768e+04
-4.735581e+03
6.936015e+03
-1.865164e+03
6.504395e+04
1.322370e+04
-3.585950e+04
-2.738973e+04
-2.900419e+04
-1.145794e+04
3.632412e+04
-5.920948e+04
3.087949e+04
-1.613215e+04
-3.751615e+04
3.223662e+04
1.268887e+04
3.153970e+04
-5.309053e+03
8.528588e+03
-1.724335e+04
1.136570e+04
-2.345694e+04
-2.400286e+04
-1.437383e+04
8.798602e+03
-8.594717e+03
8.386050e+03
8.384905e+03
-1.217964e+04
-5.433614e+03
1.720067e+04
2.682312e+03
6.800993e+03
-1.732824e+03
-1.239421e+04
4.708437e+03
5.647505e+03
9.091943e+03
-1.836472e+03
-1.404299e+04
-5.169780e+03
-2.304734e+03
6.867053e+02
-5.296019e+03
2.090919e+01
6.391163e+03
3.391424e+03
6.805256e+03
-5.420647e+03
4.743194e+03
1.729551e+03
1.634439e+03
-1.493868e+02
1.314274e+03
6.145706e+02
3.159212e+02
3.255289e+03
8.249954e+02
-6.107192e+03
-5.891526e+02
-1.520173e+03
2.990193e+02
-3.993316e+03
2.334065e+03
2.986021e+03
3.219169e+03
-2.727514e+03
1.257334e+03
1.218466e+02
-1.222207e+03
2.473601e+02
-7.838539e+02
1.794671e+03
2.985915e+03
-1.640323e+03
6.717177e+02
3.190591e+03
1.049003e+03
-6.245696e+02
5.959441e+01
-2.075575e+03
-5.448694e+02
-2.256391e+02
-1.046155e+03
9.439659e+02
-6.463935e+02
1.344889e+03
2.298393e+02
1.091797e+03
2.253111e+03
1.091403e+02
1.966151e+03
-3.113431e+02
1.324961e+03
1.565013e+02
-4.506312e+02
3.149846e+02
-7.051230e+02
-7.571388e+02
5.963029e+02
-2.336720e+02
-1.696686e+02
-3.944820e+02
4.145408e+02
5.370351e+02
-6.142090e+02
-3.525592e+02
2.107881e+02
5.286717e+01
-4.191105e+02
2.420781e+02
4.133130e+02
2.181059e+02
4.394867e+02
-5.440654e+02
1.076092e+02
5.355681e+02
-1.195281e+02
2.754683e+01
4.010524e+01
-1.497023e+02
-1.295170e+02
-9.232883e+01
2.664604e+02
-4.858570e+01
7.895542e+00
-2.200794e+01
-8.207998e+01
1.502680e+02
8.061446e+01
3.030596e+02
7.985497e+01
4.147857e+01
3.346678e+01
-1.424077e+02
1.121204e+02
4.994197e+01
3.784001e+02
-2.690005e+02
-1.393901e+02
4.166280e+02
-2.924201e+01
6.736683e+01
4.267521e+01
-5.893853e+01
-1.372856e+02
-3.081750e+01
7.678331e+01
-6.182053e+01
9.493501e+01
1.217671e+02
6.937724e+01
5.387077e+01
1.113754e+02
1.886143e+01
-1.223631e+02
-2.111750e+01
-5.311055e+01
2.635536e+00
1.746072e+01
-8.457590e+01
5.064369e+00
-6.936870e+00
1.403951e+01
8.351183e+01
-2.477659e+01
8.879578e+01
1.444802e+01
-1.801589e+02
3.382389e+01
2.786367e+01
1.705991e+01
-1.032457e+01
2.041816e+01
2.062782e+01
-1.132848e+01
-2.968750e+00
1.467036e+01
2.973182e+01
1.364922e+01
-1.129700e+01
-6.989317e+01
9.483307e+00
-2.778582e+01
1.304416e+01
3.978096e+01
-2.183483e+00
2.190583e+00
-5.526802e-01
4.222578e-02
2.745079e-01
-6.363477e-01
-4.160766e-01
-6.184779e-01
-2.122079e-01
-5.440957e-01
1.476828e-01
-3.027775e-01
-1.684850e-01
-1.289576e-02
8.332778e-02
2.903879e-01
1.867539e-02
6.072354e-02
-1.459858e-02
-9.598404e-02
-7.330848e-03
7.613410e-02
1.657779e-02
-1.014818e-01
-5.965037e-02
2.830430e-02
8.357873e-02
-9.095110e-02
-1.606175e-02
