-2.014315e-01
-1.743495e-01
6.751672e-03
4.721778e+01
1.965525e+02
-2.691868e+01
3.530545e-04
1.639424e+04
-1.484570e+05
5.223449e+04
-1.114056e+05
-3.274564e+04
3.565346e+04
4.540939e+04
-1.526385e+04
-8.044947e+03
-4.079252e+04
5.699761e+04
7.424730e+04
1.329981e+04
6.185605e+03
5.099703e+04
-1.762581e+04
-1.499231e+04
2.860283e+04
2.457821e+04
1.078718e+03
-2.195551e+03
-4.512015e+03
-1.189596e+04
-2.230741e+04
-3.817827e+04
-3.293303e+04
-2.712755e+04
-4.496157e+03
-1.225336e+04
-2.413658e+04
-1.588803e+04
2.508174e+04
-4.162230e+01
3.536329e+04
9.286944e+03
5.877906e+03
-1.143735e+04
8.277162e+03
1.373097e+03
-4.392580e+03
8.489244e+03
-8.000320e+03
6.280795e+03
-1.077812e+04
-2.679291e+03
4.858692e+03
-7.929339e+03
4.578274e+03
1.645797e+03
-3.455856e+03
-8.627463e+02
2.450759e+03
-5.866128e+03
-3.561780e+03
-5.827922e+02
-3.228985e+03
-2.454241e+03
-1.325458e+03
3.529909e+03
-3.402552e+02
1.580041e+02
-2.770634e+03
-3.797973e+02
1.264875e+03
1.943282e+03
3.142046e+02
4.123736e+03
3.133072e+03
3.015831e+03
1.137255e+03
1.242101e+02
-3.446202e+03
-8.701804e+02
4.471465e+02
-1.093874e+03
9.446087e+02
1.503541e+03
1.543037e+02
2.629529e+03
-7.832292e+02
-7.588132e+02
3.107122e+02
-7.462046e+02
-1.866756e+02
1.792764e+03
2.265365e+03
-1.872495e+02
-7.612263e+01
2.175786e+02
8.224985e+02
-9.175994e+02
5.311599e+02
3.406434e+02
-2.045166e+02
-6.791231e+02
6.424732e+02
-8.774026e+02
-1.887579e+02
-1.015131e+03
6.029229e+02
4.216026e+02
1.247123e+03
7.551301e+02
-4.493200e+02
3.532420e+02
-2.404937e+02
-1.631186e+02
-1.197458e+02
4.621960e+02
-4.485332e+02
1.144166e+02
-2.696125e+02
3.375430e+02
4.460413e+02
8.116623e+01
-2.652910e+02
2.335118e+02
-4.305441e+02
-1.247202e+02
2.118103e+02
4.715573e+02
-2.030307e+02
-1.250756e+02
1.154933e+02
3.320945e+02
-1.267880e+02
-4.735957e+01
2.640294e+02
-3.543975e+02
-1.088027e+02
-1.288973e+02
-1.142003e+02
-1.015733e+02
-1.164289e+02
2.149361e+02
1.091063e+02
-1.472155e+01
-7.978243e+01
-7.636338e+00
2.673587e+01
-2.025646e+02
-1.147438e+01
2.020147e+02
-1.277410e+01
-9.257539e+00
-4.237852e+01
-8.817463e+00
-1.231383e+02
-1.071828e+02
4.788625e+01
-1.687294e+02
7.306140e+00
-3.651612e+01
-3.968066e+01
-4.265785e+01
6.074349e+01
-1.557744e+02
-3.347129e+01
3.539637e+01
3.126089e+01
7.424384e+01
-2.378960e+01
-8.825300e+01
2.787229e+01
9.675670e+01
-2.171004e+00
-1.350043e+01
4.410891e+01
-5.290036e+01
5.604298e+01
3.759583e+00
-9.757194e+01
6.894862e+01
6.709795e+01
7.031031e+01
-3.727101e+00
-2.684349e+01
4.734356e+01
-6.988948e+01
3.136233e+01
6.561996e+01
2.390403e+01
4.683800e+01
3.178211e+01
5.259599e+01
-4.735843e+01
2.186941e+01
6.876365e+01
-5.367280e+00
-3.783467e+01
-3.449291e+01
-5.244133e+01
-4.564300e+01
-6.815842e+00
-3.650650e+01
2.941725e+00
-1.971154e+01
3.628447e+01
4.732225e+00
-4.835388e-01
5.784857e-01
-1.655246e-01
1.470273e-01
1.398402e-01
-1.764670e-02
1.732534e-01
9.495987e-02
-3.981172e-02
-6.853420e-02
5.373120e-03
-1.013587e-01
3.321794e-02
8.390500e-02
9.309700e-02
-8.796029e-02
-2.488296e-02
7.886430e-02
8.622135e-02
7.758582e-02
2.177015e-01
1.509817e-02
-3.971744e-02
-7.379545e-03
2.188808e-01
7.079361e-02
-1.019886e-01
-6.382728e-02
1.251302e-02
