-5.223075e-02
-1.697340e-01
2.556829e-02
4.494222e+01
1.816669e+02
-2.851643e+01
3.695665e-04
-2.701763e+04
-2.452306e+05
3.612394e+05
-1.874909e+05
-1.484547e+05
1.140473e+05
2.529729e+04
1.303225e+04
-1.603427e+05
-1.944278e+05
6.203194e+04
1.885593e+05
1.322839e+05
2.202204e+04
8.178362e+04
-3.514886e+04
5.803250e+04
5.156726e+04
-4.779305e+04
-1.202661e+04
4.391491e+04
-4.168147e+04
-8.072864e+03
-4.900610e+04
2.960990e+04
-9.062334e+04
-1.340124e+04
8.791477e+03
2.405707e+04
-4.097832e+02
-2.459729e+04
6.913515e+04
-1.474214e+04
1.805444e+04
-2.532050e+03
-3.103778e+04
-1.720558e+04
1.384750e+04
-6.423568e+03
2.009487e+03
7.840216e+03
-9.366445e+03
1.034204e+04
1.278671e+04
1.062983e+04
6.459732e+03
-1.010187e+04
9.422226e+02
5.227500e+03
2.389731e+03
6.653452e+03
6.115453e+02
-8.849220e+03
-2.435250e+03
-8.399140e+03
-7.588997e+03
-4.802953e+03
2.867911e+03
4.478649e+03
-3.836038e+02
2.334752e+03
-4.904609e+02
3.067390e+03
-6.943194e+03
-6.051378e+02
6.311238e+02
1.746756e+03
2.881627e+03
1.705096e+03
6.684129e+03
-2.412912e+03
-3.188812e+03
9.176483e+02
-2.248151e+03
1.883819e+03
-2.681598e+03
2.843459e+03
6.809463e+02
1.505078e+03
-1.990953e+03
1.283668e+03
9.639290e+02
-2.075176e+03
6.298290e+02
8.343563e+01
4.337376e+03
-2.423779e+02
1.087738e+02
-3.269820e+02
2.883331e+03
-8.325608e+02
1.747843e+03
6.175556e+02
-1.354233e+03
-6.487952e+02
1.467959e+02
-1.091265e+03
2.771037e+02
-2.183665e+02
2.073690e+03
-3.634087e+02
1.858213e+03
2.047330e+03
7.635183e+02
8.294635e+02
-5.307490e+02
2.072884e+02
-1.153994e+02
8.186785e+02
8.650908e+02
-8.111125e+02
9.964668e+01
1.105544e+03
7.975301e+02
-6.259509e+01
-6.896440e+01
4.320645e+02
-5.916205e+02
-3.907237e+02
-4.835265e+02
1.435968e+02
4.212907e+02
-6.028228e+02
-2.342556e+02
4.927181e+02
-1.960245e+02
5.232647e+01
1.457617e+02
2.581951e+01
2.160704e+02
-2.019022e+02
-2.263374e+02
-4.038844e+02
-2.005988e+02
5.621501e+02
-4.083426e+02
5.706171e+02
-3.279243e+02
-9.889227e+01
1.721761e+02
-8.055198e+01
2.705148e+02
-2.432395e+01
2.012470e+01
-1.540399e+02
5.228916e+01
-2.054640e+02
1.328881e+02
1.053054e+02
1.522887e+01
1.024385e+02
-1.239277e+02
-1.675066e+02
3.864197e+02
-5.581929e+00
2.514389e+02
-1.927426e+01
-1.457875e+02
-1.553578e+02
-1.221316e+02
1.082985e+02
6.271564e+01
-7.327786e+01
1.774783e+02
2.173608e+01
-1.057294e+00
-9.263350e+01
5.536318e+01
-2.163850e+02
-1.107913e+02
-4.873396e+01
-1.225271e+02
1.597151e+02
4.923870e+01
1.766116e+02
-9.623709e+01
1.970733e+01
6.486728e+01
-5.050367e+01
3.725297e+01
-1.683631e+01
-3.133297e+01
1.370310e+02
1.442207e+01
1.379727e+01
-6.226026e+01
1.747640e+01
6.583508e+01
8.352752e+01
2.934443e+00
-6.809245e+01
-1.979559e+01
-8.476257e+01
-5.116385e+01
-4.587456e+01
-2.671852e+01
3.471322e+01
1.319184e+01
2.553518e+01
-2.567265e-01
1.980124e+00
-1.273937e+00
4.635649e-01
1.575447e-02
-2.506792e-01
-2.384160e-01
-5.206347e-02
-1.129232e-01
-2.948212e-01
-1.140997e-01
-1.325713e-01
-4.304631e-02
-8.994934e-02
6.114554e-02
-6.170132e-02
-3.955672e-02
-1.670860e-02
-1.834152e-02
-1.335531e-01
2.029302e-01
1.829724e-01
1.178113e-01
7.649167e-02
-1.186383e-02
1.578338e-01
-9.466809e-02
-9.032903e-02
5.403692e-02
