-3.104326e-01
1.139238e+00
-4.068286e-01
5.546667e+01
1.888112e+02
-1.729813e+01
3.508248e-04
-1.371508e+05
-1.234138e+05
1.618583e+05
-1.824639e+05
-3.017580e+04
-6.303795e+04
-6.680260e+04
1.150488e+05
-1.038201e+05
2.062868e+04
-1.082856e+05
7.625545e+04
-8.289955e+04
4.949646e+03
1.434755e+04
-2.631804e+04
3.864750e+04
-1.333265e+04
5.771502e+03
-2.605649e+04
-3.272605e+04
-1.479213e+04
-7.899396e+03
-5.588398e+04
-1.736014e+04
-1.726872e+04
-3.960592e+04
7.163343e+03
6.384075e+03
-5072
6.007425e+03
2.137251e+04
-4.943610e+03
1.956237e+04
3.178860e+03
-1.923016e+04
-7.247965e+03
2.273425e+03
-4.977809e+03
9.722966e+03
2.838270e+03
-8.812188e+03
-1.624501e+03
1.028483e+04
2.738282e+03
1.574913e+03
3.785312e+03
-4.341102e+03
-3.401312e+03
5.640377e+03
5.970100e+03
2.940914e+03
-1.204665e+04
-4.569070e+03
2.833325e+02
-4.289112e+02
-2.311061e+03
-4.486443e+02
5.762240e+03
2.580181e+03
1.636835e+03
-4.252255e+03
3.605708e+03
1.429482e+03
9.182735e+02
9.222586e+02
-1.864636e+01
7.156080e+02
1.616171e+03
1.067776e+03
1.067914e+03
-4.805071e+03
-7.764224e+02
-5.778543e+02
-2.530816e+02
-1.056756e+03
2.268458e+03
1.124587e+03
2.643882e+03
-1.124258e+03
2.271182e+02
5.113348e+02
-2.263458e+02
2.112218e+02
-1.250459e+02
1.487860e+03
2.377038e+03
-1.487168e+03
1.027947e+03
1.388554e+03
9.427306e+01
-8.949388e+02
-7.693938e+01
-8.342747e+02
-1.767173e+02
4.723084e+02
-2.337697e+02
-5.715982e+01
-7.979234e+02
9.323536e+02
1.491695e+02
9.604919e+02
1.516158e+03
1.090278e+02
1.252653e+03
-3.494974e+02
7.773663e+02
-3.590634e+02
-2.107139e+02
-2.841429e+02
-2.318143e+02
-4.562373e+02
4.905500e+02
-1.037239e+02
9.448704e+01
-1.941686e+02
2.258349e+02
4.174314e+02
-3.376519e+02
-1.849444e+01
2.071375e+02
-1.632600e+02
-4.297595e+02
3.703929e+02
4.527050e+02
1.291785e+02
3.368943e+02
-1.032716e+02
-8.468200e+01
1.935428e+02
-7.729394e+01
-9.903000e+00
-6.609617e+01
-2.762334e+02
-1.384393e+02
8.427451e+01
1.570241e+02
1.033576e+01
6.795824e+01
-2.830243e+01
-2.796617e+02
2.245981e+01
2.967347e+02
6.671186e+01
1.206441e+02
8.040778e+01
1.239885e+01
-7.585982e+01
-8.284659e+01
3.190384e+01
1.230271e+02
-1.336982e+02
-3.411204e+01
1.620930e+02
-6.001687e+01
8.536418e+01
-7.939021e+01
-2.816530e+01
-7.434361e+01
-2.222684e+01
6.400457e+01
-6.619188e+01
4.647763e+01
3.036876e+01
6.713345e+01
6.393365e+01
5.355421e+01
3.630129e+01
-5.109435e+01
3.686179e+01
4.738168e+00
-7.199884e+01
4.187196e+01
6.386171e+00
6.413242e+01
-9.273523e+00
-3.173616e+01
7.169262e+01
-1.222304e+01
6.243428e+01
2.903461e+01
-6.938612e+01
9.505097e+00
5.612100e+01
4.173724e+01
-3.210965e+01
9.256920e+00
1.516803e+01
-6.385180e+00
-3.468827e+01
-1.070900e+01
1.339961e+01
4.405375e+00
-2.179114e+00
-6.123014e+01
-9.343381e+00
-2.293683e+01
3.259472e+01
2.217565e+01
-1.937282e+00
1.273289e+00
-2.553547e-01
2.634582e-01
1.941911e-01
-3.515663e-01
-1.732695e-01
-4.660989e-01
5.199173e-02
-2.631134e-01
1.142550e-01
-2.124098e-01
-1.668601e-01
1.996906e-02
2.799454e-02
5.454551e-02
-6.420801e-04
7.361963e-02
3.260397e-02
3.277004e-02
9.352197e-02
7.783812e-02
-2.214894e-02
-1.388309e-02
1.029165e-01
4.093197e-02
1.369705e-05
-5.848786e-02
-1.559946e-02
