-3.720260e-01
-1.221383e+00
-1.341389e-01
5.347556e+01
1.916779e+02
-1.062718e+01
3.608405e-04
-2.251175e+05
-5.527763e+04
8.452184e+05
5.493871e+05
-1.732048e+04
2.489848e+05
-1.694377e+05
-1.638583e+05
-3.580113e+05
4.499562e+04
-1.008668e+05
-1.033104e+05
-4.343164e+03
-2.710481e+04
8.201237e+03
1.074191e+05
-3.638167e+03
1.269230e+05
-6.273720e+04
-5.822395e+03
-1.096307e+05
-9.879920e+04
-3.999038e+03
-1.801671e+05
-9.154620e+03
-3.207562e+04
-7.476845e+04
6.542481e+04
1.716881e+04
3.570852e+04
3.267243e+04
-1.182095e+04
4.303352e+03
-1.274667e+04
-1.519811e+04
-3.341057e+04
-5.635432e+03
-1.464395e+04
4.851596e+03
-1.021146e+04
1.050067e+04
-1.100378e+04
-3.888719e+03
1.046553e+04
-1.968403e+04
1.581989e+04
-7.637827e+03
-3.112308e+04
-9.532630e+03
-5.712111e+03
4.685305e+03
-4.049753e+03
-2.784456e+04
8.021953e+03
-3.262975e+03
-4.890824e+03
-1.332267e+04
3.208865e+03
6.924841e+03
6.568822e+03
1.226608e+04
-9.942311e+03
5.176931e+03
2.403132e+03
2.307554e+03
-7.018608e+02
6.363947e+02
8.145959e+03
9.171231e+03
1.062941e+04
3.294306e+03
-7.433372e+03
-1.625242e+03
-2.016211e+03
7.560900e+02
-3.936515e+03
-4.540927e+02
4.222169e+03
3.403472e+03
-3.439733e+03
2.323920e+03
-2.019969e+03
-8.861679e+02
7.549350e+02
-2.075462e+03
3.748508e+03
2.932938e+03
-2.052725e+03
7.700127e+02
1.841565e+03
6.941525e+02
1.689859e+03
1.472251e+03
-1.443633e+03
4.263861e+02
-2.255554e+03
-2.578151e+03
2.069467e+03
1.245675e+03
1.289653e+03
-8.690625e+02
7.280606e+02
1.112891e+03
-1.546697e+02
1.456320e+03
-1.901241e+02
4.402851e+02
-1.974761e+02
-1.001858e+03
-1.510428e+02
-9.442895e+02
-5.978356e+02
1.792114e+03
-5.816784e+02
-7.651002e+02
-1.134703e+03
1.664667e+03
-3.325640e+01
-2.297479e+02
-1.082514e+03
4.338217e+02
-1.582681e+01
-1.116752e+03
1.734471e+02
6.896576e+02
6.701302e+02
5.055051e+02
-4.946585e+02
5.700428e+01
5.412701e+02
-7.390105e+02
4.319738e-01
5.328263e+02
2.335347e+01
-2.912959e+02
-2.116000e+02
3.292112e+02
-4.118259e+02
1.132962e+02
1.821147e+02
-3.599374e+02
4.139459e+02
7.156870e+01
2.081879e+02
2.449607e+02
2.198450e+02
1.846644e+02
-2.872252e+02
-3.029293e+02
3.703048e+02
5.763781e+02
-5.815783e+02
6.599796e+01
7.295259e+02
4.604898e+01
1.291274e+02
6.503469e+00
2.706067e+02
-1.548405e+02
9.783028e+01
-1.781475e+02
6.626101e+01
6.206479e+01
2.823210e+02
2.480584e+02
4.984731e+01
1.519979e+01
2.858434e+01
-6.114447e+01
-4.721031e+01
-7.864624e+01
1.243119e+02
1.630737e+02
2.377206e+02
-3.299313e+01
-2.157444e+02
-7.434537e+01
1.072842e+02
1.250367e+01
-1.095433e+02
-1.582086e+02
-3.424099e+01
1.265243e+02
-1.619117e+02
2.449701e+01
7.664715e+00
1.022642e+02
8.111803e+01
-5.082866e+01
-1.313107e+02
-6.051092e+01
-5.266336e+01
7.928903e+01
-4.504951e+01
-5.964848e+01
9.470136e+01
-1.174846e+02
2.261140e+01
3.233322e+01
3.672507e-01
-1.762833e+00
1.002685e+00
-3.519300e-01
2.300896e-01
-7.898939e-01
-1.349389e-01
3.768810e-01
-1.695524e-01
-3.540232e-02
1.462685e-01
-1.168228e+00
3.222868e-01
3.652192e-02
-6.621608e-02
7.932147e-02
-1.065315e-01
5.686161e-02
3.476670e-02
-2.625444e-01
2.302467e-01
4.022524e-02
-1.239626e-01
2.424880e-01
-3.162589e-01
1.754494e-01
-3.119472e-02
-1.285092e-01
2.207029e-02
