-5.142492e-02
1.448190e-01
-1.528038e-01
4.437333e+01
1.797590e+02
-2.660773e+01
3.295356e-04
-1.177166e+05
1.265240e+05
-4.813143e+04
-3.172812e+05
1.582186e+04
1.336407e+05
-4.805455e+04
5.514555e+04
-1.106735e+05
-4.158570e+04
-4.856414e+04
1.740837e+05
2.335951e+04
-1.188941e+04
4.405766e+04
-1.507889e+04
2.895742e+04
1.649753e+04
1.213301e+04
-4.138443e+04
-2.452922e+04
3.824746e+03
-8.983338e+03
7.453705e+03
-1.478564e+04
-1.339875e+04
-1.109826e+04
-1.069414e+04
-2.089715e+04
-5.047462e+03
-8.553062e+03
1.321021e+04
-1.260517e+03
-14343
-1.723065e+04
6.803701e+03
-1.129970e+04
7.970337e+03
-3.083497e+03
1.328399e+04
1.207261e+04
-1.489088e+04
3.618592e+03
3.473694e+03
3.410171e+02
-5.786255e+02
4.702754e+03
5.698005e+03
-9.936608e+02
-4.192205e+02
5.418361e+03
1.228019e+03
-3.384466e+03
-5.439739e+03
2.094984e+03
-4.756037e+02
-4.729997e+02
-2.979045e+03
3.934393e+03
-1.380849e+02
4.535000e+03
-3.445460e+03
5.757620e+02
-8.647783e+02
1.598570e+03
3.367503e+03
3.003687e+03
-6.278555e+02
-7.683666e+02
8.168500e+02
-7.648772e+02
-3.693904e+03
-4.945495e+02
-1.727353e+03
-1.328885e+03
2.498495e+02
1.411134e+03
3.271447e+02
1.178280e+03
-2.259917e+03
9.095914e+02
4.411004e+02
3.136045e+01
-9.705997e+02
1.116891e+03
1.039176e+03
5.297368e+02
-4.735951e+02
-1.653246e+02
2.736039e+03
-3.771004e+02
-1.374102e+02
1.913084e+02
-1.272640e+03
-3.051043e+02
3.399341e+02
-7.851440e+02
-1.652015e+02
-5.683054e+02
3.769154e+02
1.149902e+03
1.281293e+03
1.092131e+03
1.014388e+03
-2.360347e+02
-2.072982e+02
4.792224e+02
4.348927e+02
3.398872e+02
3.134460e+02
-4.863423e+02
-6.217699e+02
6.981235e+02
8.515479e+01
6.108162e+02
-1.298845e+02
-1.649214e+02
4.200906e+00
-3.819220e+02
1.087021e+02
3.723027e+02
-1.681673e+02
-4.454788e+01
-8.302325e+01
3.019518e+02
-1.206698e+01
4.258522e+01
-2.753141e+01
-3.114518e+02
-7.407703e+01
-1.792339e+02
-2.726963e+01
-2.189331e+02
-1.146754e+02
1.873542e+02
-2.668579e+01
4.416635e+02
-1.118465e+01
-1.243636e+02
-4.772203e+00
-4.639448e+01
3.650168e+01
1.189646e+00
2.540676e+02
9.191269e+01
-3.062975e+02
-1.343480e+02
-2.153896e+00
-6.210242e+01
4.218247e+01
2.075761e+01
3.332292e+01
-3.389293e+01
2.184652e+02
2.246341e+01
-1.454281e+02
-2.898369e+01
-2.439359e+02
-9.806001e+01
1.624899e+01
1.797814e+02
-2.178385e+02
-6.049261e+00
3.375309e+01
6.216797e+01
1.457216e+02
1.064708e+02
2.161090e+01
-1.596779e+02
9.318343e+01
1.436350e+01
-9.040524e+01
4.979862e+01
2.164338e+01
-7.507527e+00
-2.201429e+01
-4.993118e+01
3.082383e+01
-5.127068e+01
6.659028e+01
5.981149e+01
-1.170913e+02
-3.189708e+01
6.117551e+01
4.936059e+01
-6.578713e+00
-2.476249e+01
4.231389e+01
4.142823e+00
2.788256e+01
2.429992e+01
-3.587654e+01
-4.637188e+00
1.629134e+01
-5.339044e+01
1.695844e+01
-2.896253e+00
9.646617e-01
1.846605e+01
-1.406888e+00
-1.676350e+00
-6.931549e-01
-7.105069e-01
1.311943e-01
-3.276623e-01
-5.245468e-02
3.827032e-01
-1.959654e-01
1.519252e-01
7.798172e-01
1.131659e-01
8.448089e-03
-5.072056e-02
1.557075e-01
-9.704320e-02
-3.560194e-02
-7.390047e-03
-2.230443e-02
9.579631e-02
-2.296991e-02
7.324401e-02
-1.055885e-01
-1.300175e-01
2.103273e-01
6.518897e-02
-8.703856e-02
8.601301e-02
4.050350e-03
