-1.169545e-01
1.299097e+00
3.019704e-02
5.660444e+01
1.783746e+02
-1.327903e+01
3.540335e-04
9.373968e+04
-9.046473e+04
78388
1.747656e+05
-2.266353e+05
-3.841006e+04
1.226808e+03
-1.357452e+05
-1.877416e+03
3.943112e+04
-2.904959e+04
8.177870e+04
-1.172558e+04
-6.921615e+04
4.961155e+04
1.485350e+04
-3.624614e+04
2.912748e+04
-2.556866e+04
-1.346034e+04
2.314821e+04
-5.029363e+04
5.725534e+03
-1.750943e+04
-5.558494e+04
-9.220354e+03
-2.094798e+04
1.365993e+04
2.355332e+04
3.761752e+03
-1.512901e+04
2.352496e+04
-2.651219e+04
-1.503848e+04
-7.698705e+03
-8.981859e+02
-4.239209e+03
-2.283670e+04
-8.425940e+03
1.209303e+03
1.242436e+04
-6.022648e+03
-2.856532e+03
2.147972e+03
-1.448993e+03
-4.936399e+03
-3.900944e+03
-7.049355e+02
4.543513e+03
-3.056210e+03
5.121201e+03
-1.789249e+03
-1.570066e+04
2.984416e+03
-1.620952e+03
-1.939813e+03
-1.004621e+04
-2.816331e+03
6.710441e+03
9.693529e+03
-6.662104e+03
-6.489192e+03
-2.223466e+03
-1.567140e+03
-5.113872e+02
-3.722738e+03
-1.115388e+02
3.184333e+02
5.619842e+03
2.014666e+03
6.185063e+02
-3.090553e+03
-8.282380e+02
1.810601e+03
2.512794e+03
1.711542e+03
1.572726e+03
2.682688e+03
6.782559e+02
5.842596e+02
6.954188e+02
5.915976e+02
1.315088e+03
-1.793255e+03
6.857125e+01
9.946137e+02
1.592285e+03
-2.857216e+03
7.630995e+02
4.617932e+02
-8.126373e+02
9.604882e+02
1.637370e+03
-6.782555e+02
2.812572e+02
-1.137393e+03
1.524005e+02
1.162362e+03
-2.639180e+02
1.680390e+03
-1.953153e+03
5.840103e+01
6.525663e+02
-9.105497e+02
3.408698e+02
-1.655291e+02
7.831785e+02
-5.534935e+02
7.713804e+02
-4.222103e+01
-1.120155e+01
4.128353e+02
4.285991e+02
-3.632600e+02
-3.486777e+02
-5.102294e+01
2.958628e+02
-1.561053e+02
3.878668e+02
3.541086e+02
9.033988e+02
-4.571996e+02
-3.196499e+02
3.707900e+02
5.169911e+02
1.093625e+03
-4.252268e+01
2.214017e+02
-3.309159e+01
3.588300e+02
-4.916352e+02
-7.381550e+00
2.455346e+02
-6.735464e+01
3.414185e+02
4.208337e+01
-1.879016e+02
-5.127656e+00
-3.617982e+02
1.496860e+02
-4.420856e+02
2.935008e+02
3.060536e+02
-2.552646e+02
1.976653e+02
4.495949e+02
3.714150e+01
-4.367110e+02
-3.202977e+02
1.631842e+02
2.826237e+02
-1.806357e+02
-1.475181e+02
2.244181e+02
1.533879e+02
2.020481e+02
5.364735e+01
9.970947e+01
-5.012358e+01
-2.625298e+01
-1.810047e+01
9.018078e+01
1.007388e+02
5.638286e+01
6.626076e+01
-7.081969e+01
-2.831928e+01
1.247328e+01
-1.014795e+02
-1.861647e+01
-1.154103e+01
1.309986e+01
8.687759e+01
8.657465e+01
6.817000e+01
1.611182e+01
3.987424e+01
6.889986e+01
-7.939473e+00
-1.174891e+02
-6.725557e+01
6.481536e+01
1.062507e+02
-1.522423e+01
5.794017e+01
-8.694183e+01
5.021962e+01
6.942865e+01
2.112861e+01
-4.997704e+01
-5.966870e+01
5.570084e+00
1.637782e+01
1.122803e+01
-4.645964e+01
3.515666e+01
-1.523001e+01
3.012001e+01
1.616860e+01
3.737885e-01
-1.733818e-01
-1.943014e-01
-2.468432e-01
2.845530e-01
1.060259e-01
9.443704e-01
1.855949e-01
3.558253e-01
-6.791274e-02
-1.895735e-01
-6.733221e-01
6.770170e-02
1.754235e-01
-1.908467e-01
-9.263339e-04
8.884399e-02
-3.457869e-02
1.992015e-02
-1.508173e-01
9.448937e-02
1.306958e-01
3.791625e-03
2.824310e-01
-1.523427e-01
7.108464e-02
5.756878e-02
-1.167397e-01
-2.807583e-03
