1.456838e-01
-1.307597e+00
-3.893356e-03
5.660444e+01
1.537931e+02
-1.257982e+01
3.499807e-04
-2.175557e+03
-6.486269e+04
3.869353e+05
2.900088e+05
-7.127608e+04
-7.734053e+04
-1.684113e+04
3.572341e+04
-6.006868e+04
1.409425e+05
-2.315586e+04
-1.102857e+04
-7.113053e+04
-1.914172e+04
-7.588111e+03
4.078069e+04
-1.060394e+04
1.027452e+04
-9.725794e+04
2.798078e+04
4.548030e+03
-1.757134e+04
2.840738e+04
-4.703670e+04
-2.521467e+04
-7.078521e+03
-3.958439e+04
1.520914e+04
1.807370e+04
3.479596e+04
8.219066e+03
-4.741423e+03
-9.599509e+02
1.097692e+04
3.032600e+04
-1.567931e+04
-2.062624e+04
-1.743930e+03
3.546905e+03
-8.257424e+03
1.114226e+03
3.992730e+03
-4.225631e+03
6.624476e+03
3.858342e+03
6.381884e+03
-2.841449e+03
-9.995004e+03
7.899627e+03
-1.525726e+03
8.632990e+03
-6.334516e+03
-1.001337e+04
2.440315e+02
-2.401141e+02
1.907413e+02
-3.746738e+03
3.814360e+03
1.214827e+03
2.574754e+03
-2.546198e+03
-2.784140e+03
3.097874e+03
4.272961e+03
2.294983e+03
-2.724203e+03
-1.629721e+03
2.868869e+02
1.515418e+03
3.764837e+03
2.998487e+03
-4.510756e+03
-1.989882e+03
-7.819979e+02
1.010694e+03
-1.466204e+02
9.800191e+01
2.287541e+03
7.904584e+02
-1.207314e+03
3.861446e+02
1.501311e+03
-6.870610e+02
1.009132e+03
-1.170310e+03
2.942255e+03
1.659728e+03
-9.603395e+02
1.353698e+03
4.813046e+02
2.286373e+02
-2.801180e+02
-1.025971e+02
-6.808073e+02
-4.532411e+01
-7.133840e+02
-7.628054e+02
6.954861e+02
3.178395e+02
1.453529e+03
-6.450223e+02
1.345349e+02
6.946575e+02
-6.198600e+02
1.415267e+03
-3.552168e+02
9.277089e+02
-3.140840e+02
-4.063458e+02
-4.511361e+02
-2.776119e+01
6.766472e+01
2.376355e+02
-4.771925e+02
-5.637372e+02
-6.381176e+02
8.846086e+02
2.014633e+02
-4.031622e+01
-1.893119e+02
3.658508e+02
1.041992e+02
-6.725800e+01
3.498402e+02
5.483843e+02
6.291951e+02
2.548447e+02
-5.748896e+01
8.534522e+01
5.355332e+02
-1.201209e+01
-9.101829e+01
1.858550e+02
-5.107412e-01
-4.935192e-01
-6.260255e+01
-1.406539e+02
-1.955753e+02
1.545171e+02
6.358912e+01
-1.867846e+02
2.989913e+02
2.199982e+02
-1.020443e+02
-2.540217e+01
1.980136e+02
2.691804e+02
-2.059644e+02
-1.565521e+02
1.331593e+02
3.229424e+02
-2.379547e+02
-5.392913e+01
1.952729e+02
6.972771e+01
1.406702e+02
1.176371e+02
1.755340e+02
-3.732312e+01
-9.931175e+01
-1.452777e+01
2.613122e+01
3.675093e+01
2.664306e+01
6.538908e+01
-8.396368e+01
-8.724984e+00
-5.648560e+00
-1.060172e+02
-7.895388e+01
-5.613575e+01
-4.841421e+01
-4.238657e+00
-3.511351e+01
8.472723e+01
3.547662e+00
3.770915e+01
3.505592e+01
-4.492565e+01
-2.973155e+01
-7.510996e+01
4.358563e+01
1.573942e+00
-3.093395e+01
4.000268e+00
-1.476606e+01
7.439461e+01
1.479741e+01
-3.845293e+01
-3.435678e+01
-4.924721e+01
1.201009e+01
2.292451e+01
2.807775e+01
-3.485869e+01
-3.706224e+00
-1.009811e+01
2.703956e+01
1.537715e+01
8.620200e-01
3.719331e-01
1.265145e-01
-4.603085e-01
1.101287e-01
-1.225995e-01
4.200152e-01
-1.842441e-01
1.273588e-01
-1.562715e-01
-5.916053e-01
-7.839938e-01
1.025079e-01
1.520847e-01
-2.672068e-01
3.034448e-01
4.801062e-02
7.103869e-03
3.353679e-02
-4.012471e-01
3.222857e-02
-6.179219e-03
4.353802e-02
5.818699e-02
-3.572938e-01
-2.582438e-04
1.193649e-01
-1.224327e-01
6.422670e-02
