7.171579e-03
1.085212e+00
5.273375e-01
4.977778e+01
1.705628e+02
-1.593944e+01
3.274505e-04
-1.702985e+05
-1.570147e+05
1.822293e+05
-2.512122e+05
-5.750739e+04
4.029088e+04
-1.104682e+05
9.160250e+03
-2.166520e+05
4.999295e+04
2.352873e+04
1.578950e+05
-6.905611e+04
-5.133337e+04
8.492170e+04
-5.674904e+04
-2.501089e+04
-2.375459e+03
2.008664e+04
-3.820082e+04
-1.445482e+04
-3.905309e+03
-1.250129e+04
-9.956711e+03
-4.451339e+04
-8.346718e+03
-4.571837e+04
-1.006789e+03
1.676637e+04
-1.730000e+03
-3.985094e+02
2.981529e+04
6.523754e+03
3.983151e+04
-1.377698e+04
1.645801e+03
-1.534727e+04
-5.554716e+03
4.718018e+03
-1.479599e+03
1.587511e+04
-9.665705e+03
-7.011702e+02
6.067079e+03
-3.580494e+03
4.421037e+03
-5.366225e+03
-3.042232e+03
5.931669e+03
1.208359e+03
6.300384e+03
-1.746122e+03
-1.075514e+04
-4.850408e+03
-9.643794e+02
-1.843399e+03
-1.470163e+03
-1.220525e+03
5.787744e+03
3.465370e+03
6.632338e+03
-2.178978e+03
2.699412e+03
-3.640797e+02
2.124243e+03
1.802422e+03
2.694085e+03
2.717581e+03
2.470970e+03
2.139362e+03
2.630152e+02
-5.155355e+03
-5.147042e+02
-1.636364e+02
3.586109e+02
-2.244293e+03
7.599001e+02
1.261829e+03
2.406958e+03
1.389675e+02
-1.087904e+02
9.241398e+01
-8.546819e+02
9.151537e+01
1.484907e+03
1.751454e+03
1.923633e+03
-5.519660e+02
9.234078e+02
2.710612e+03
-2.993609e+02
2.440010e+02
-4.512863e+01
-4.135109e+02
-3.681816e+02
-2.460673e+00
-1.162164e+03
2.795103e+02
-8.679420e+02
1.771749e+03
1.870409e+02
9.000619e+02
1.286285e+03
1.122546e+02
8.533580e+02
3.648003e+01
4.075380e+02
5.575906e+02
3.705815e+02
-2.371661e+02
1.318055e+02
-4.709392e+02
5.125238e+02
-1.917663e+02
2.628242e+02
-2.054675e+02
2.578598e+02
3.353740e+02
-1.615031e+02
-5.710635e+01
4.479217e+02
-2.853593e+02
-5.408455e+02
7.140039e+01
1.846970e+02
-1.466362e+02
1.355009e+02
-2.837533e+02
-3.528812e+02
1.102900e+02
-2.459983e+02
3.367736e+01
3.135382e+01
-2.712395e+02
2.339696e+02
1.939139e+02
-3.283946e+01
-8.395441e+01
-1.663243e+02
1.217374e+02
-1.447730e+02
2.957912e+01
1.619610e+02
1.296889e+02
2.110425e+02
-1.650792e+01
3.953666e+01
3.377087e+01
-1.279463e+02
-1.390006e+02
6.007166e+01
-1.108226e+02
-9.553373e+01
7.289108e+01
-1.662111e+02
9.208697e+01
-1.375674e+02
-9.860936e+01
-1.871440e+01
-1.535118e+01
1.426857e+01
-3.125142e+01
1.173327e+02
1.299786e+02
6.719669e+01
6.826762e+01
7.295154e+01
8.278577e+01
-7.804192e+01
6.911951e+01
2.086111e+01
-5.054582e+01
1.181252e+02
8.506271e+01
7.826389e+01
-1.459808e+00
1.364748e+01
7.499304e+01
-1.002626e+01
5.096386e+01
9.690121e+01
-6.194047e+01
4.572631e+01
1.602554e+01
8.139981e+01
-1.146971e+01
-3.076257e+01
2.093011e+01
-5.806874e+00
-4.322917e+01
-2.772470e+01
-7.972264e+00
4.776715e+00
1.742044e+01
-6.224311e+01
4.074488e+00
-5.018134e+01
2.631200e+01
8.372996e+00
-1.790967e+00
1.193387e+00
-1.102469e+00
1.028024e-01
-9.435993e-02
-2.364547e-01
2.518256e-01
1.543397e-01
-2.058418e-01
-4.829330e-01
5.657254e-01
1.353287e-01
-1.017799e-01
-1.294552e-01
3.634644e-01
-1.373934e-01
-3.952172e-02
1.771704e-01
9.713420e-02
3.098214e-01
1.870085e-01
7.688002e-03
3.975260e-02
-1.466573e-01
2.550291e-01
1.255465e-01
-8.457624e-02
-8.865672e-02
1.581622e-02
