-1.125837e-01
-8.061253e-02
-4.128476e-02
4.693333e+01
1.889106e+02
-2.930524e+01
3.678690e-04
-3.526623e+04
2.849470e+05
-6.967844e+04
1.012074e+05
1.219981e+05
-1.863378e+05
1.146329e+05
-1.015252e+04
-2.347595e+04
-4.301479e+04
-1.352866e+05
1.916711e+04
-7.301150e+04
9.630468e+03
-3.840490e+04
2.538434e+02
3.383127e+04
2.283741e+04
1.090075e+04
-4.149478e+04
-4.388112e+04
-3.464746e+04
-1.510430e+04
5.238117e+04
2.920868e+04
2.955723e+04
-2.454001e+04
-1.364983e+03
-1.767068e+04
4.355279e+03
-9.388806e+03
-3.355842e+03
-1.612939e+04
-3.065018e+04
-5.226940e+03
-1.107341e+04
-6.081587e+03
1.129101e+04
7.675125e+02
-2.252236e+03
-3.482963e+03
-1.895720e+03
-2.197679e+03
6.367354e+03
1.009363e+04
1.857592e+03
1.837880e+04
2.319052e+03
-2.961538e+03
7.154762e+03
4.677415e+03
7.407894e+02
-4.432906e+03
-2.012750e+03
-2.109292e+02
4.740601e+03
-3.065676e+03
3.594564e+03
3.060427e+03
2.229107e+03
-6.233557e+03
-2.499097e+03
7.096456e+03
3.517515e+03
1.732937e+02
-3.760382e+03
-6.821442e+01
-2.219892e+03
-5.178428e+02
-2.072134e+03
1.020805e+03
-3.715429e+03
-3.648810e+02
1.519692e+03
-5.994161e+02
2.209576e+01
2.366479e+03
2.460183e+03
5.050549e+02
-2.738989e+03
-2.085987e+02
-8.768160e+02
1.377122e+03
-1.312499e+03
7.392349e+02
-9.121501e+00
1.610283e+03
-1.203730e+03
1.014135e+03
8.922403e+02
2.488195e+02
-1.170564e+03
-1.561747e+03
-1.608488e+03
9.607536e+00
8.274346e+02
6.612984e+02
-9.693815e+02
-3.380766e+02
-7.906834e+01
1.056669e+03
-5.045921e+02
9.135255e+02
-1.531022e+02
-5.669695e+02
-9.244742e+02
8.231102e+02
-1.555312e+02
-6.289270e+02
-5.469276e+02
1.625700e+02
-2.324217e+02
4.614164e+02
-1.691470e+02
3.785467e+02
-4.192696e+02
1.442734e+00
4.985858e+02
4.927619e+02
-5.561798e+01
4.562939e+01
-5.150314e+01
6.087555e+02
1.924972e+02
5.133533e+02
3.192997e+02
3.409221e+02
-9.773777e+01
1.326295e+02
1.738007e+02
2.313764e+02
1.252947e+02
-8.682092e+01
-2.882694e+01
-4.748905e+02
5.427120e+01
1.099357e+02
1.557150e+02
9.129514e+01
-6.231292e+02
4.594850e+01
5.041085e+01
2.453279e+02
1.388935e+02
8.982413e+01
-5.414686e+01
-2.772308e+01
-2.209008e+02
1.797225e+01
1.596432e+02
-2.143143e+00
1.736381e+02
9.287527e+01
1.238624e+01
5.785539e+01
3.395278e+01
8.075081e+01
-6.282460e+01
-9.433087e+01
-8.371024e+01
1.042925e+02
-5.396874e+01
-5.469772e+01
6.578029e+01
5.360648e+00
-3.977541e+01
7.105044e+01
-6.790429e+01
1.151678e+01
1.446960e+02
4.519449e+01
-3.519989e+01
3.979675e+01
-7.717118e+01
1.071965e+01
5.530207e+01
4.463736e+01
-3.647815e+00
-2.704577e+01
-8.031612e+01
7.228317e+00
-4.386830e+01
-3.538950e+01
4.074463e+01
-9.758492e+00
9.727668e+01
-9.305305e+00
8.324362e+01
-6.513143e+01
6.123944e+01
3.534579e+01
7.239900e+00
1.027734e+01
3.181737e+01
-1.731749e+01
1.016768e+01
2.732592e+01
1.213905e+01
4.192292e+00
6.673890e-01
-5.377932e-01
4.403505e-01
-4.345621e-01
-6.554688e-02
4.442816e-01
-1.330128e-02
-4.745602e-01
-2.219060e-02
-1.394332e-01
1.000091e-01
2.044810e-01
2.434062e-01
-8.323094e-02
-1.501436e-01
1.355137e-03
6.179275e-02
5.425152e-04
-1.399016e-02
7.103346e-02
-1.537434e-01
4.770339e-02
1.055025e-01
1.285168e-02
-1.011996e-01
-6.237296e-02
9.349904e-02
6.492869e-02
-1.129601e-01
