-1.462152e-01
4.655184e-01
-5.377165e-02
4.608000e+01
1.846773e+02
-2.389785e+01
3.696873e-04
-2.532399e+05
6.072039e+04
5.842356e+05
3.319796e+05
4.871041e+05
-3.381303e+05
1.883039e+05
3.804714e+04
3.193217e+05
2.188567e+05
-2.259480e+05
-1.405029e+04
-1.642513e+05
8.892818e+04
1.080485e+04
-6.362420e+04
-7.001923e+04
4.083611e+04
-2.594407e+04
7.864729e+04
-1.087621e+05
2.357352e+03
3.875586e+04
-8.106005e+04
1.748653e+04
4.113318e+04
-1.312943e+04
-1.991136e+04
5.497191e+04
5.020112e+04
-2.039303e+04
1.127786e+04
-9.213542e+03
1.978993e+03
-2.969793e+04
-2.672397e+04
-2.676628e+04
-2.427360e+04
7.219966e+03
-5.115816e+03
-5.421021e+03
-1.503656e+04
-1.875856e+04
1.376872e+04
-8.034667e+03
-7.604178e+02
2.359410e+04
-1.036518e+04
2.130521e+03
1.364054e+04
1.156266e+03
-1.059673e+04
-1.168078e+04
-1.529346e+04
5.214640e+03
2.308639e+03
2.756835e+02
-1.021198e+04
7.127556e+03
-1.128623e+04
4.697118e+03
-3.263918e+03
6.396122e+03
2.844044e+03
5.307519e+03
3.551159e+03
-3.857878e+03
-5.065311e+03
-1.257841e+03
-1.578171e+03
-7.274592e+02
-4.941520e+03
-1.931601e+03
3.514639e+02
-4.579689e+03
-1.345993e+03
-6.185144e+03
3.959365e+03
3.098525e+03
1.087700e+03
-3.448373e+03
2.837770e+03
1.447093e+03
2.552785e+03
-3.351888e+03
-5.955396e+02
-3.627722e+02
-5.999960e+02
3.005843e+03
2.238234e+03
-9.554020e+02
-3.130225e+03
-2.287889e+03
-2.016008e+03
4.120365e+01
4.553599e+02
-9.603187e+02
-3.095756e+02
-1.127219e+03
1.575521e+03
5.023113e+02
1.227873e+03
8.538269e+02
-1.275724e+03
-1.850431e+03
1.412408e+03
-2.206268e+02
-1.215928e+03
5.789414e+02
-6.720531e+02
-9.057772e+02
-2.721388e+03
1.837846e+02
-1.573841e+02
-8.927046e+02
-4.899088e+02
-5.392917e+02
1.041409e+03
-5.521312e+01
-1.229511e+02
-8.233588e+02
-1.213154e+03
-4.629577e+02
9.940512e+02
-5.314210e+02
2.513115e+02
9.307334e+02
-1.153426e+02
1.470583e+02
8.342070e+02
-4.810146e+02
-5.177111e+02
1.491699e+02
-4.717823e+01
-6.470996e+02
3.185389e+02
2.871671e+02
-2.778594e+02
-3.193260e+02
-4.939345e+02
-1.597838e+01
-2.608685e+02
4.723510e+02
4.193817e+02
7.107076e+01
2.100226e+02
-2.105673e+02
-1.055691e+02
3.406898e+02
3.031639e+01
2.821123e+02
-3.574032e+01
1.422910e+02
-6.229596e+01
-2.396921e+02
1.377246e+02
7.073405e+01
-2.932313e+02
-3.274746e+01
-7.479472e+01
-1.118117e+02
-4.728472e+02
4.639135e+01
9.481432e+01
3.661949e+02
6.634315e+01
5.928325e+01
8.658945e+01
3.778737e+01
2.675401e+02
1.426896e+02
-2.146762e+02
-4.098498e+01
-9.775142e+01
1.547139e+02
8.398899e+01
-1.382052e+02
1.356923e+02
1.009865e+02
2.059959e+02
8.089893e+01
-2.739066e+01
-7.665391e+01
4.661073e+01
8.770005e+00
5.550438e+01
-1.242035e+01
-5.862926e+01
-3.328341e+01
2.930329e+00
1.076216e+01
5.571729e+01
7.510175e+01
8.230138e+01
-4.332790e+01
-6.513967e+00
-3.690220e+01
4.651134e+01
1.744420e+01
5.401002e-01
1.910401e+00
-1.995890e+00
-1.089654e-01
-5.128010e-01
-4.096371e-03
-8.446295e-01
-3.757050e-01
-9.694257e-03
5.542574e-02
6.483464e-01
9.340050e-02
1.356192e-01
-1.847474e-01
-2.935263e-01
1.244948e-01
-8.214122e-02
6.023761e-02
1.585641e-01
6.388152e-02
-3.638849e-01
-1.468363e-01
-4.423521e-01
-3.100699e-01
-1.549811e-03
-3.310569e-02
1.061830e-01
1.115904e-01
-2.811898e-02
