4.697731e-01
6.333339e-01
-1.439915e-01
4.664889e+01
1.274355e+02
-2.404263e+01
3.581737e-04
-1.791905e+05
-2.606853e+05
-1.033495e+05
8.258715e+04
8.400771e+04
2.010822e+04
-3.250016e+04
-2.612385e+04
-1.460051e+05
-7.715402e+04
-2.273549e+04
1.901315e+05
-3.379599e+04
-8.206481e+04
-9.640973e+04
2.621947e+04
-5.610714e+04
1.054490e+03
3.475523e+04
3.022716e+04
-3.454992e+04
-2.162501e+04
-1.582904e+04
-4.576418e+04
-9.599692e+03
4.460200e+02
7.888767e+02
-9.298937e+03
1.905016e+04
-2.455428e+04
-1.917615e+04
-8.418491e+03
7.689494e+03
-1.750605e+04
-2.279719e+04
8.861129e+03
-2.579724e+02
2.636802e+04
-1.144056e+04
5.032633e+02
-5.928473e+03
-6.530610e+02
2.073717e+03
8.533626e+03
-2.488464e+04
-1.135923e+02
-9.164878e+03
-7.348948e+03
7.482224e+03
-5.705596e+02
1.251331e+04
3.073624e+03
-7.875535e+03
3.541514e+03
4.659463e+03
-5.903999e+03
-1.042139e+04
1.950171e+03
4.334251e+03
5.346622e+03
8.808590e+03
-3.751132e+03
1.922470e+03
6.195118e+03
3.003043e+03
9.672691e+01
-3.988135e+03
-1.963979e+03
-1.672325e+03
8.389206e+02
5.070874e+02
-3.099873e+03
5.783893e+02
4.556199e+02
-8.095154e+02
-1.308138e+03
-9.823691e+02
3.608386e+03
-3.190677e+03
1.661711e+02
-2.180045e+03
-1.593091e+03
2.858238e+03
1.731961e+03
1.863397e+02
1.699772e+03
8.659636e+02
-1.854172e+03
8.738560e+02
2.103192e+03
-6.642832e+02
-4.011137e+02
-8.033972e+02
-4.958385e+02
-5.209190e+02
9.382372e+02
-8.322590e+02
9.525992e+02
-2.569037e+02
6.079792e+02
1.123268e+03
-1.343628e+02
8.337357e+02
-3.483733e+02
1.008296e+03
4.799733e+02
3.155151e+02
-1.538590e+02
8.394362e+01
5.837238e+01
-3.569760e+02
-2.089874e+02
-4.114833e+02
-2.337121e+02
-3.411017e+02
-3.795081e+02
3.186413e+02
8.171985e+02
-1.216151e+01
4.538174e+02
-4.274688e+02
-6.184520e+02
-1.843024e+02
3.734853e+02
-1.060633e+02
-5.783792e+02
2.341395e+02
-6.607226e+02
-1.647920e+01
1.364292e+03
-1.389267e+02
5.967597e+02
4.346150e+02
-8.233607e+01
2.298943e+02
1.735637e+02
1.564818e+02
-1.262890e+02
2.134422e+02
1.983575e+02
-3.809000e+02
-1.163667e+02
1.070878e+02
4.076397e+02
3.755331e+02
3.836667e+02
-6.258946e+01
-3.150062e+02
1.144597e+02
-1.080262e+02
5.104998e+01
-3.428849e+01
-2.815211e+02
-8.017360e+01
1.627060e+02
-3.166172e+01
5.522979e+01
-1.577865e+02
-3.783610e+01
-3.413233e+01
2.817223e+01
-2.292045e+02
1.754023e+02
8.855204e+01
1.915379e+02
2.065970e+02
8.004297e+01
-3.470457e+01
6.924529e+01
4.901328e+01
2.649203e+01
-1.080361e+01
-2.727570e+01
3.967917e+01
6.539507e+01
9.485192e+01
7.330346e+01
1.051062e+02
-4.890280e+00
1.140996e+02
7.981657e+01
-1.047556e+02
-4.950417e+01
2.110476e+01
2.882505e+01
-3.964218e+01
4.552290e+01
-6.114995e+01
-2.326572e+01
-2.496117e+01
2.604278e+00
-4.928270e+01
3.255486e+01
1.225949e+01
-2.783387e+01
7.898180e+01
-3.541533e+01
4.896137e+01
1.811056e+01
-2.188502e+00
3.118899e+00
-1.878506e+00
1.925060e+00
-2.019041e-01
8.689693e-01
-1.946981e-01
-1.559158e+00
-4.095741e-01
-1.084456e+00
-7.807046e-02
-5.058510e-01
-3.227805e-02
2.370933e-01
-7.629243e-02
-1.109519e-01
4.454430e-02
-5.619716e-02
-6.454743e-02
-6.334037e-02
-2.756423e-01
1.465902e-01
-2.914519e-02
-1.172101e-01
7.004751e-02
3.561433e-02
-1.634970e-01
-2.578649e-02
9.000950e-03
