-2.445726e-01
1.021782e+00
8.980563e-02
5.461333e+01
1.881773e+02
-1.659782e+01
3.612454e-04
-6.715666e+04
-2.185489e+05
1.321429e+05
-4.485214e+04
-1.196829e+05
-4.091957e+04
-3.146335e+04
4.437988e+04
-1.343460e+05
3.697831e+04
5.515069e+04
8.272515e+04
-3.167522e+04
-7.136192e+03
-3.595140e+04
1.429210e+04
-3.393909e+03
1.144279e+04
-2.306851e+04
8.747326e+02
3.545188e+03
-2.393426e+04
1.375135e+04
-2.605929e+04
9.026782e+03
-1.948982e+04
-1.853055e+04
-8.172832e+03
1.208567e+04
1.120266e+04
-8.440066e+03
6.892146e+03
-1.000759e+04
5.616398e+03
-8.736606e+03
-5.396431e+03
-7.081150e+03
1.381182e+04
-5.858422e+03
-3.988900e+03
2.053606e+03
-4.940574e+03
-2.178758e+03
-1.470103e+03
8.881271e+02
3.021589e+03
-8.288453e+03
-5.438314e+03
9.485201e+03
-1.131979e+03
1.115109e+04
1.223745e+03
-7.440871e+03
-3.091350e+03
2.171759e+03
-2.750510e+03
-3.017623e+03
1.256900e+03
2.316470e+03
4.550448e+03
2.036457e+03
-4.652458e+03
2.885982e+02
2.530132e+03
1.419565e+03
-3.926453e+02
2.743904e+02
1.795994e+02
1.230977e+03
2.844622e+03
6.642768e+02
-3.654223e+03
-3.408880e+02
-3.588161e+02
1.141253e+03
-2.736084e+02
1.893630e+03
2.798537e+03
1.290080e+03
-7.638809e+02
-8.148224e+02
-4.025343e+02
4.531676e+02
-1.803139e+02
-8.097742e+00
2.184413e+03
1.656057e+03
-1.145626e+03
8.091385e+02
7.315036e+02
1.258410e+02
4.498931e+02
3.491792e+02
-3.639913e+02
-1.900172e+02
3.645187e+02
-8.953537e+02
5.891744e+02
-5.269943e+02
1.402232e+03
6.228408e+01
2.744662e+02
7.475798e+02
-4.018851e+02
1.471381e+03
-2.018314e+02
8.285477e+02
-2.033992e+02
8.820192e+01
-2.682225e+02
-2.704982e+02
-1.928636e+02
3.314951e+02
-1.119798e+02
1.002265e+02
-3.272531e+02
3.662874e+02
2.795631e+02
-2.000952e+02
3.662676e+01
8.909334e+01
6.434602e+01
-1.424278e+02
2.015814e+02
3.326260e+02
1.805349e+02
2.072389e+02
-2.461436e+02
-2.942752e+01
4.967579e+02
-1.817489e+02
8.999853e+01
1.195450e+02
-1.044037e+02
2.389353e+02
-8.236890e+01
3.516536e+01
-1.815394e+02
1.592750e+02
2.429309e+02
-2.073476e+02
7.542450e+01
2.582506e+02
-7.087315e+01
1.188719e+02
2.145334e+02
3.630006e+01
-1.581876e+02
-3.737434e+00
1.053262e+01
9.838715e+01
3.530439e+01
-1.587228e+02
5.836192e+01
6.540818e+01
8.647208e+01
5.661438e+01
4.293662e+01
4.507796e+01
-1.540589e+01
8.520126e+01
7.472507e+00
6.265071e+01
1.189956e+02
8.310921e+01
-4.512034e+00
1.477415e+01
2.091012e+01
-3.440837e+01
-4.120280e+01
-5.499314e+00
-5.182020e+01
1.569915e+01
-3.149336e+00
8.083843e+01
1.517903e+01
1.346418e+01
5.978369e+01
-1.648279e+01
7.882421e+01
1.863570e+00
-3.851868e+01
-3.077182e+00
3.374273e+01
4.380501e+01
-4.570555e+01
2.307514e+01
4.723014e+00
1.553747e+01
-3.518708e+01
-3.406431e+01
-3.292156e+00
9.673234e+00
1.768339e+01
-5.683001e+01
1.788903e+01
-3.409192e+01
3.575031e+01
1.960405e+01
-1.225293e+00
1.865589e+00
-3.412246e-01
8.867819e-01
4.113512e-02
2.058944e-02
-5.187749e-02
-5.425167e-01
-1.718408e-01
-3.321531e-01
-1.871314e-01
-2.730444e-01
1.789006e-01
2.035541e-02
6.804647e-02
9.904814e-02
2.551230e-02
-3.349092e-02
3.173434e-02
-9.032791e-02
3.606688e-02
3.474380e-02
1.787833e-02
-5.955162e-02
-1.948295e-02
2.810600e-02
-2.396712e-02
-1.053258e-01
-1.017823e-02
