-2.630064e-01
-1.449168e+00
2.325686e-02
5.802667e+01
1.822429e+02
-8.912372e+00
3.601684e-04
-1.690000e+05
2.684343e+04
5.335006e+05
1.488106e+04
4.987398e+04
1.671812e+05
-2.553470e+05
1.787703e+05
-1.093670e+05
1.406774e+05
1.056815e+05
7.459501e+04
-6.411755e+04
-4.198344e+04
1.530439e+03
-1.338783e+04
1.012740e+04
-2.590971e+04
-8.729702e+04
1.923868e+04
-6.214116e+03
-4.093641e+03
2.983106e+03
-3.841084e+04
-2.135497e+04
5.155637e+03
-2.592498e+04
-1.907977e+04
1.255951e+04
2.515872e+04
-2.399291e+03
-8.066452e+03
7.981930e+03
2.788049e+04
4.016027e+03
-2.360925e+04
-1.413068e+04
2.538084e+04
-2.684349e+03
-7.030319e+03
1.818083e+04
4.634802e+02
6.125268e+03
8.688122e+03
6.329854e+03
3.399920e+03
3.835312e+03
3.719854e+03
5.105857e+03
-1.242963e+03
7.809418e+03
-4.547674e+03
-2.269088e+03
-9.179725e+03
-1.387779e+03
3.691735e+02
-3.015984e+03
-9.976605e+02
2.108190e+03
1.850903e+03
4.552996e+03
-4.366548e+03
1.817669e+03
4.876286e+03
8.912117e+03
2.652756e+03
-1.342144e+02
-1.892663e+03
6.739825e+01
2.875155e+03
6.031557e+00
-3.911672e+03
-2.304269e+03
-1.549399e+03
5.619498e+02
-3.547259e+03
8.196655e+01
-5.374116e+01
1.964971e+03
-4.652803e+02
6.833270e+02
-1.984168e+02
-1.451902e+03
1.573063e+03
-1.200860e+03
4.844475e+03
2.006889e+03
1.545014e+02
4.264254e+02
2.178985e+03
-3.711696e+02
-3.592573e+02
5.379056e+01
-1.486206e+03
-1.745825e+03
4.996321e+02
-1.073182e+03
9.662413e+02
-1.048995e+03
5.362972e+02
1.653326e+02
1.563607e+03
7.529207e+02
7.384149e+02
1.917096e+03
-3.584610e+02
2.702049e+02
-8.134470e+02
-7.133331e+02
-7.914780e+02
-7.513977e+01
-6.435543e+02
7.497257e+02
-2.225830e+02
-6.973019e+01
-4.768728e+02
9.849905e+02
9.116828e+01
-3.836175e+02
2.503174e+02
3.858602e+02
3.283529e+02
-3.179282e+02
-2.083629e+02
1.050163e+02
-6.818680e+01
4.906925e+02
7.565848e+01
-3.008124e+02
2.905003e+02
2.962592e+02
-2.461773e+02
-3.468724e+01
2.336623e+01
-1.724610e+02
4.731492e+01
-2.873831e+01
-1.933087e+01
2.358395e+02
-2.346244e+02
-2.324420e+02
1.404448e+02
1.090577e+02
3.008022e+02
-7.078280e+01
1.229043e+01
4.032430e+02
4.358565e+01
-2.833101e+01
4.789234e+01
2.257553e+02
-1.704402e+02
1.630073e+02
2.947760e+02
-1.686312e+02
-4.107605e+01
9.836476e+01
-1.206851e+02
-3.843444e+01
-4.284909e+01
1.367322e+02
-2.704655e+02
-4.576546e+01
-2.488517e+01
1.912738e+02
9.656419e+01
-9.589410e+01
-7.635471e+01
-7.841294e+01
4.059169e+01
-5.458396e+01
-1.616269e+02
-2.101760e+01
1.007080e+02
4.195911e+01
-9.454356e+00
3.889619e+01
-2.793784e+01
-1.450518e+01
4.304462e+01
8.707244e+01
-5.423492e+01
-3.640231e+01
1.121614e+01
6.158092e+01
2.864693e+01
1.181521e+01
2.349853e+01
-5.336033e+01
-7.186113e+01
-3.688111e+01
-4.219147e+00
3.992614e-01
1.210425e+01
-3.608139e+01
-5.261978e+01
-3.938004e+01
2.403568e+01
-1.125704e+01
6.189901e-01
-1.207745e+00
-2.214254e-01
-6.914489e-01
-4.619028e-02
-1.527577e-01
-2.547159e-01
3.475225e-01
2.341864e-01
-2.783259e-01
5.352089e-02
-5.603923e-01
-3.844342e-02
4.178468e-02
8.744906e-02
2.354481e-01
-9.756893e-02
1.054561e-01
1.647499e-01
-2.820649e-01
1.414650e-01
-1.131037e-02
-1.167864e-01
-6.033305e-02
-2.176006e-01
-6.204289e-03
-5.375193e-02
-2.939976e-02
7.572285e-02
