1.447355e-01
-3.855575e-01
6.611653e-02
3.868444e+01
1.649188e+02
-2.588255e+01
3.472332e-04
-7.011895e+04
4.872263e+05
-1.906519e+05
-1.867021e+05
-2.496593e+05
-9.246226e+04
6.026557e+04
-3.305211e+04
-1.136023e+05
-1.296828e+04
-5.787202e+04
1.469298e+05
-1.125913e+05
-3.984995e+04
-6.667929e+04
9.909378e+04
-6.670145e+04
-4.925088e+03
1.932422e+04
4.590579e+04
-8.919190e+03
-6.202611e+04
-3.938251e+04
1.933324e+04
4.996660e+04
-3.064203e+04
1.330664e+04
-1.588728e+04
-5.630915e+03
2.723279e+04
-5.418910e+03
-7.828918e+03
-6.976985e+03
-3.100333e+04
-1.689471e+04
8.868367e+03
-4.176055e+04
1.448365e+04
-8.024521e+03
7.043421e+03
-9.561673e+03
-1.134180e+04
-1.012623e+04
-1.726231e+04
3.753966e+03
7.162881e+03
8.171197e+03
-7.533396e+03
2.132582e+04
1.380530e+03
1.539544e+04
7.623180e+01
4.096091e+03
-6.167710e+03
4.077881e+03
4.870566e+03
-4.501291e+03
4.326983e+03
-3.661445e+03
7.517718e+03
1.652613e+03
3.348973e+03
3.668657e+02
4.708549e+03
2.245656e+03
4.970449e+03
-4.620894e+03
-3.390226e+03
-3.058079e+03
-2.481628e+03
1.262099e+03
-5.588316e+03
-2.059983e+03
-6.706373e+02
1.228142e+03
-1.099861e+03
-1.994165e+03
4.852977e+03
-1.696636e+03
-8.775400e+02
3.868909e+01
-8.877292e+01
3.845966e+03
1.235293e+02
6.128752e+02
2.434753e+03
-5.617953e+02
-1.274998e+03
1.381570e+03
1.927858e+03
3.590228e+02
-3.961449e+02
-1.273054e+02
-1.804877e+03
1.155844e+03
-3.256824e+01
-1.180244e+03
2.992054e+02
1.740147e+02
-4.888500e+02
2.349293e+03
-5.154483e+02
3.657384e+02
7.871514e+02
-6.040060e+02
-9.161624e+02
-1.746325e+02
1.026671e+03
-4.037479e+02
9.170171e+02
-1.774282e+02
-5.743743e+02
4.806749e+02
-1.059957e+02
4.044401e+02
-1.188103e+01
9.622833e+01
8.460107e+02
-8.413504e+01
5.343774e+01
-3.684381e+01
-1.369759e+02
7.605104e+02
2.059149e+02
4.146476e+02
-2.018435e+02
5.404795e+02
-4.124752e+02
-2.163957e+01
9.070031e+02
-3.262601e+02
2.253997e+02
8.419684e+01
-3.728932e+02
-2.398631e+02
-6.331382e+01
2.426253e+02
-9.977512e+01
2.654731e+02
-4.193835e+02
-2.098799e+02
-1.372997e+02
-1.574916e+02
1.167789e+02
3.010078e+02
2.603972e+02
-7.745036e+01
7.435682e+01
-4.413401e+01
1.012341e+02
-2.697190e+01
1.927038e+02
1.351466e+01
-7.181296e+01
6.996608e+01
-1.228260e+02
1.235455e+02
-1.322650e+02
1.087895e+02
-2.617470e+02
3.087720e+02
-1.384095e+02
-1.140573e+02
1.694728e+01
4.127893e+01
-4.571846e+01
9.575225e+01
-5.367228e+01
-4.641089e+01
-2.704829e+01
-6.983115e+01
-6.997919e+01
4.547311e+01
-6.953234e+01
-5.309770e+01
6.226804e+01
7.889051e+01
8.677986e+01
-1.561088e+02
-5.212114e+01
7.173239e+01
-1.021740e+02
-7.074593e+01
3.878421e+01
-3.587006e+00
1.616280e+01
-3.896357e+01
-2.039298e+00
2.458854e+01
6.876678e+01
7.844601e+01
-3.665807e+01
-1.971257e+01
-3.298513e+01
3.355791e+01
1.159013e+02
8.070394e+01
-2.899244e+01
2.002022e+01
6.538420e-01
-7.060781e-01
3.764672e-01
1.936544e+00
4.588071e-01
1.307314e+00
-2.166136e-01
-1.124509e+00
2.274702e-01
-5.517182e-01
2.327625e-01
9.365873e-01
6.199146e-02
-3.072338e-01
-6.730171e-02
-1.899803e-01
-2.152058e-02
-2.049802e-01
-8.379157e-02
2.145422e-01
-3.831591e-01
1.724671e-01
-9.021689e-02
-2.253397e-01
-9.217810e-02
2.708596e-03
-3.591408e-02
7.355753e-02
1.972230e-02
