-1.265646e-01
-7.855398e-01
2.938579e-02
4.721778e+01
1.855038e+02
-2.255528e+01
3.541550e-04
-1.466537e+05
1.411114e+05
1.876921e+04
-2.009820e+05
5.820936e+04
-7.691031e+04
-5.973080e+04
1.135948e+05
-1.380455e+05
-4.141818e+04
-9.004573e+04
4.954202e+04
-6.359911e+04
-2.797591e+03
-3.328237e+04
2.435299e+04
-6.415326e+03
-6.303333e+03
6.557179e+03
-2.089208e+04
-5.937928e+04
-6.184961e+03
-3.078036e+04
-9.663811e+02
2.413469e+03
1.606757e+03
9.394158e+03
-2.673027e+04
-1.636822e+04
-1.999575e+04
5.829949e+03
-8.681716e+03
6.154003e+03
-9.564170e+02
-9.421346e+03
-6.741935e+03
-4.118401e+03
5.814906e+03
-6.382977e+03
1.081898e+04
2.414633e+03
-8.613918e+02
-2.320474e+03
1.093959e+04
-7.434980e+03
-2.211769e+02
8.931538e+03
-8.760673e+03
-3.165315e+03
5.811644e+03
5.386686e+03
-9.574991e+02
-7.604887e+03
-3.901109e+03
4.690110e+03
2.089755e+03
2.407769e+03
-2.270212e+03
2.054614e+03
4.320200e+02
1.226427e+03
-3.875934e+03
5.545302e+03
1.262111e+03
2.435706e+03
3.378014e+02
-7.503810e+01
-3.381517e+02
-1.548098e+03
-3.548347e+02
1.942889e+03
-3.404321e+03
-1.407546e+03
9.271917e+00
-1.430202e+03
-4.346563e+02
1.808818e+03
2.429886e+03
2.296204e+03
-8.551794e+02
-7.584880e+02
-1.675923e+03
1.663494e+03
7.284184e+02
-2.401246e+02
1.647808e+02
6.842107e+02
-1.116721e+03
1.370534e+02
1.430244e+03
-8.328731e+02
-9.161670e+02
1.847785e+02
-5.288105e+02
-1.303617e+02
7.047600e+02
5.308223e+02
-7.210529e+02
-8.287640e+02
5.660364e+02
1.832546e+03
3.263140e+02
4.997701e+02
5.278291e+02
-1.278096e+01
-5.906428e+02
5.130203e+02
5.919092e+00
-2.900546e+02
-9.723959e+02
9.894946e+01
-6.499317e+02
3.010607e+02
2.130089e+02
3.809360e+02
-3.114857e+02
-1.760463e+01
5.151643e+02
1.933501e+02
-2.589580e+02
-2.442098e+02
-3.913917e+02
-1.879030e+02
3.529371e+02
4.521289e+02
-3.362745e+02
3.474391e+02
8.249737e+01
-2.997881e+01
1.485119e+02
-4.463485e+01
2.046330e+02
-2.202882e+02
-1.493243e+02
-2.063087e+02
-4.554559e+01
1.403507e+02
-5.852540e+00
3.180565e+02
-9.690876e+01
-3.009549e+01
-1.129256e+02
1.517312e+02
2.255341e+02
1.621227e+02
-1.759757e+02
-1.180292e+02
7.880814e+01
1.096943e+02
2.166154e+01
-1.853314e+01
3.907698e+01
1.183997e+01
3.250400e+01
-8.780041e+01
-2.468698e+01
-5.546074e+01
-4.909341e+01
-6.768103e+01
-1.202777e+02
7.788164e+01
-1.428967e+02
-1.148316e+02
6.254518e+01
1.066857e+02
1.909319e+01
6.962953e+01
-4.562858e+01
1.064283e+01
1.444949e+02
9.226908e+01
-6.373865e+01
-4.295613e+01
1.430933e+01
3.505618e+01
-5.819530e+01
-3.641719e+01
4.933556e+01
-1.947887e+01
5.883841e+01
1.078180e+02
-7.333772e+01
-7.088586e+01
3.289755e+01
4.500328e+01
1.719618e+01
1.147707e+01
1.825245e+01
-2.961189e+01
-4.021900e+01
1.923646e+01
-2.303403e+00
-2.288458e+00
1.926375e+01
-4.466395e+01
5.523129e+00
-1.598541e+01
2.172719e+01
2.179411e+01
-1.005064e+00
-8.144615e-01
3.424793e-01
-4.497927e-01
-5.146839e-02
1.482009e-01
-3.723544e-01
-3.257208e-01
-7.302620e-02
3.210259e-02
4.384180e-01
-1.875461e-02
1.056632e-02
2.504435e-02
1.564621e-01
9.127022e-02
2.569927e-02
-6.681893e-03
-3.723995e-02
9.406059e-02
2.683164e-02
1.225550e-02
-3.879042e-02
-2.767963e-02
1.109799e-01
6.598110e-02
-3.442511e-02
1.306324e-02
4.659348e-02
