-2.450440e-01
-1.070219e+00
1.583698e-01
5.091555e+01
1.817434e+02
-1.443369e+01
3.415298e-04
-3.015675e+05
-1.568241e+05
2.978459e+05
2.240806e+05
8.520812e+04
3.814583e+04
-2.632299e+05
9.798214e+04
-2.442464e+05
9.217623e+04
-4.288209e+04
5.261308e+04
-4.509472e+04
-8.009148e+04
-6.826745e+04
6.837647e+04
-1.063078e+04
1.524074e+04
-4.828576e+04
6.740359e+04
-4.115564e+04
-3.532600e+04
-8.228621e+03
-7.177162e+04
3.839104e+04
-3.751522e+04
-2.908865e+04
2.081631e+04
1.346753e+04
3.702916e+04
4.504071e+03
-3.001968e+04
-1.716076e+04
-1.801330e+04
-2.081271e+04
-2.911032e+03
-4.306445e+03
2.920272e+04
-6.279209e+03
-5.303371e+03
-2.103687e+03
-1.302382e+03
-1.085059e+03
7.407081e+03
-1.010298e+04
5.744824e+03
-1.219299e+03
-1.303462e+04
4.131156e+03
2.302880e+03
1.207282e+04
-1.725366e+02
-9.907815e+03
-1.221822e+03
-3.630287e+03
-1.488015e+03
-5.355983e+03
4.384108e+02
4.421176e+03
3.387403e+03
9.157840e+03
-8.206805e+03
-1.188466e+02
5.730197e+03
6.849871e+03
2.087001e+02
-3.041693e+03
-7.421890e+02
3.755938e+03
5.567343e+02
5.718679e+02
-6.133272e+03
-1.757135e+03
-1.870699e+03
-1.390931e+02
-2.459684e+03
-3.199367e+02
5.077169e+03
4.191564e+02
-2.078865e+03
-1.262807e+03
-1.138839e+03
6.920022e+02
3.070881e+02
-2.246926e+03
2.466636e+03
2.031383e+03
-2.425019e+03
4.255791e+02
1.480853e+03
1.275111e+03
1.037558e+02
2.150816e+02
-1.013506e+03
-8.072827e+02
2.843164e+01
-1.200205e+03
1.574868e+03
-5.651972e+02
3.135237e+02
3.515321e+02
7.315964e+02
9.628460e+02
-7.012221e+02
1.814060e+03
-4.160706e+01
8.858333e+02
-5.060861e+02
-7.748087e+02
-3.972285e+02
-1.968252e+02
-6.196317e+02
7.273561e+02
-8.992325e+02
-3.985545e+02
-1.000445e+03
5.734816e+02
6.131999e+02
-2.919799e+02
-2.271097e+02
2.119187e+02
-8.721792e+00
-2.458277e+02
3.650432e+02
1.392699e+01
3.941161e+02
5.504257e+02
-5.995166e+02
7.666658e+01
1.077630e+03
-1.826411e+02
2.346221e+02
4.561946e+02
1.682282e+01
-3.373747e+02
-8.886274e+00
1.909801e+01
-1.477790e+02
3.172520e+02
7.169067e+01
-2.798369e+02
5.975294e+01
1.194307e+02
2.795121e+02
6.420440e+01
4.146875e+02
1.373692e+02
-2.194591e+02
2.883146e+01
5.364912e+01
2.886622e+02
-1.230167e+02
-1.555161e+02
2.190552e+02
7.916881e+01
1.208865e+01
1.238408e+02
3.590136e+01
-8.777339e+01
-3.355849e+01
3.349415e+01
-1.153655e+02
1.438249e+02
7.087285e+01
1.834055e+02
7.313060e+01
5.745193e+01
-9.845307e+01
-2.914299e+01
-2.014075e+01
-1.097354e+01
2.144537e+01
-3.685224e+01
7.740842e+01
-3.840224e+01
2.257800e+01
2.048095e+01
7.582203e+01
-1.182920e+01
1.139178e+02
9.014390e+00
-1.094468e+02
-1.168800e+01
-4.831678e+01
1.029450e+01
-2.280002e-01
7.432828e+01
-2.816845e+01
4.249787e+00
-6.922695e+01
-5.400088e-01
-1.766022e+01
4.548268e+01
1.665273e+01
-2.415544e+01
4.267062e+01
-9.028644e+01
4.713649e+01
3.237034e+01
-1.950153e+00
2.625228e+00
-8.182634e-01
-1.516741e-01
-1.453209e-01
-3.243660e-01
-6.447275e-01
-1.031489e+00
-1.676021e-03
-6.801137e-01
1.845702e-01
-8.377805e-01
3.564980e-01
2.283115e-01
-1.096507e-01
2.165103e-01
1.106407e-01
-1.438389e-01
-3.452618e-02
-4.166629e-01
-2.527186e-01
1.166845e-01
-1.376815e-01
-7.913408e-02
-2.558829e-01
2.595095e-03
-1.546095e-02
-8.883922e-02
-2.108659e-02
