2.684440e-01
1.379906e+00
-7.049592e-02
5.432889e+01
1.636233e+02
-1.504405e+01
3.552630e-04
-4.975561e+04
1.330462e+05
-1.003818e+05
-4.347338e+05
-1.216192e+05
1.477237e+04
6.273660e+04
-5.597711e+04
-9.268415e+04
-4.260987e+04
-3.768308e+04
1.472835e+05
-4.238221e+04
-2.067503e+04
8.215726e+03
-1.538755e+04
-5.381208e+02
5.643742e+03
3.781078e+04
-3.271978e+04
3.900646e+04
-2.350981e+03
-6.338504e+04
2.210350e+04
-3.803159e+04
-7.232436e+03
-9.219796e+03
-4.371795e+04
-3.231689e+04
-2.709719e+04
-1.869174e+04
1.444388e+04
1.272837e+04
-1.477750e+04
-2.797818e+04
1.833363e+04
-1.573689e+04
1.712107e+04
-2.233464e+03
1.026353e+04
1.251082e+04
-2.079053e+04
2.295333e+02
-4.997453e+03
-2.422716e+03
2.902961e+03
-2.511096e+03
2.533671e+03
4.713462e+03
-4.435680e+03
8.006889e+03
4.602131e+03
1.828170e+03
-5.466807e+03
5.375145e+03
-4.372018e+03
6.700646e+02
-2.148394e+03
2.042143e+03
3.142438e+03
6.666972e+03
-1.031895e+01
-1.255861e+03
-3.527267e+02
3.749175e+01
3.977653e+03
1.757119e+03
-1.386893e+02
-1.674916e+03
-1.239221e+03
-1.032269e+03
-4.516019e+03
7.674943e+02
3.357921e+02
-5.122094e+02
9.963840e+02
3.545137e+01
6.842059e+02
-4.901226e+02
-8.349887e+02
-1.148988e+03
-1.407564e+03
3.047146e+03
-4.472527e+02
3.307796e+03
1.377279e+03
3.687598e+02
1.626362e+02
1.288463e+02
2.390869e+03
-2.372779e+03
9.694242e+02
2.668910e+02
-8.730136e+02
2.826581e+02
3.895531e+02
-1.400107e+03
5.293548e+02
-1.175638e+03
3.459879e+02
1.981425e+03
1.510840e+03
9.393667e+02
1.536449e+03
-3.878224e+02
-1.591444e+02
-8.611935e+02
4.795841e+02
3.830656e+02
-2.548558e+02
-3.824271e+02
-3.108571e+02
6.288676e+02
5.060117e+02
1.361656e+03
-9.924451e+01
5.217834e+01
2.446521e+01
-5.060109e+01
5.872216e+02
2.908705e+02
-4.946775e+02
-4.151683e+01
-2.101963e+02
-7.837500e+00
-6.305371e+02
-1.696198e+02
-4.229471e+01
-5.661932e+02
2.339661e+02
-3.949936e+02
1.666284e+02
1.127794e+02
-2.130064e+02
3.608742e+02
-5.403279e+01
2.202649e+02
-1.004288e+02
-9.268407e+01
-1.091730e+02
-3.249027e+02
-2.907092e+02
2.748754e+02
1.007304e+02
3.970297e+02
-3.353552e+02
-2.754641e+02
-9.357425e+01
-1.835676e+02
1.342514e+00
-2.437680e+02
2.301978e+02
-1.841548e+02
7.558649e+00
5.735692e+01
-2.066998e+02
-1.916763e+02
-2.495368e+02
7.715303e+01
8.495607e+01
2.504683e+02
-2.926502e+02
-7.718482e+01
5.835053e+01
1.111240e+02
1.302493e+02
1.606529e+02
-7.163142e+01
-8.546094e+01
9.025687e+01
2.782049e+01
-8.763056e+01
5.751818e+01
1.375262e+02
2.124756e+01
-4.467870e+00
-2.392983e+01
6.213040e+01
-2.119185e+01
2.632050e+01
1.077351e+02
-6.915630e+01
-1.822410e+01
6.529816e+01
5.308483e+01
-4.334692e+01
-9.047426e+01
1.580988e+01
8.666757e+00
-4.501170e+00
4.690932e+00
-5.775201e+01
-1.848581e+01
9.623420e+00
-3.059150e+01
7.416591e+01
1.864721e+01
-6.733943e+00
1.606632e+01
-1.644128e+00
-1.383956e+00
-2.927247e-01
4.700925e-01
-1.146198e-01
3.196503e-01
5.107279e-01
1.767094e-01
1.311769e-01
1.077648e-01
8.200631e-01
2.789510e-01
-5.912502e-02
-4.866042e-03
2.119496e-01
-3.191451e-01
-2.141962e-02
5.406419e-02
5.867149e-02
2.200422e-01
4.296024e-02
1.798272e-01
-1.329117e-01
-1.295666e-01
3.755959e-01
4.264324e-03
-2.280797e-02
9.645912e-02
-5.789405e-02
