-4.817742e-02
8.754387e-01
-6.309097e-02
5.006222e+01
1.728756e+02
-2.048555e+01
3.460763e-04
-2.807631e+05
1.259788e+05
3.588057e+05
-5.771794e+04
5.774284e+04
-1.928820e+05
-1.332349e+05
1.512344e+05
-2.244906e+05
1.920518e+05
-1.633133e+05
1.486020e+04
-106227
-5.938327e+04
-8.472409e+04
-1.253886e+04
1.918146e+04
-5.094512e+04
-6.558716e+04
2.630479e+03
2.820458e+03
-1.942282e+04
-5.330761e+04
-1.253526e+04
3.702273e+03
-1.681520e+04
-8.869008e+03
-4.434216e+03
1.399393e+04
1.451680e+04
2.280363e+03
-1.393331e+04
9.886259e+02
7.743966e+02
-3.633407e+03
-3.824807e+02
-1.555830e+04
9.920487e+03
-6.328319e+02
7.414692e+02
-7.056344e+03
8.756400e+02
-5.113653e+03
1.785360e+04
2.293625e+03
2.601126e+02
6.516417e+03
-4.793032e+03
4.366104e+03
5.108408e+03
8.571331e+03
2.159750e+03
-3.896640e+03
-7.581037e+03
-1.472125e+03
1.974732e+03
3.943800e+02
9.726616e+02
6.617266e+02
4.274343e+03
6.200480e+03
-3.344012e+03
1.835897e+03
5.192688e+03
6.185375e+03
1.923726e+03
-4.017225e+03
-1.926561e+03
8.492466e+02
4.976652e+02
-6.047192e+02
-4.437992e+03
-2.298578e+03
-1.672717e+03
5.183660e+02
-1.636266e+03
-1.109288e+02
2.471573e+03
-3.274661e+02
-1.366882e+03
-2.516173e+02
-4.256611e+02
1.365558e+03
1.023003e+03
-2.147920e+03
2.529349e+03
2.590647e+03
-1.597780e+03
8.800679e+02
1.591026e+03
4.131399e+02
-3.716229e+02
-8.019617e+02
-4.700062e+02
-3.558723e+02
-6.410067e+02
-5.075489e+02
1.024942e+03
-1.014253e+03
1.488589e+02
7.251359e+02
1.267317e+03
1.114687e+03
3.266274e+02
1.355839e+03
1.677031e+01
3.883220e+02
-5.529539e+02
-3.459355e+02
-8.017682e+02
-1.645048e+02
-6.233400e+02
4.377702e+01
-2.999841e+02
5.277674e+02
-8.039344e+02
5.699686e+02
7.455308e+02
-2.238309e+02
-1.279639e+02
-3.558035e+01
-1.625615e+02
1.667209e+01
2.692401e+02
2.885002e+02
-1.884071e+02
3.153621e+02
-4.003801e+02
-1.473286e+02
3.982843e+02
-3.725513e+00
3.337729e+01
1.898870e+02
-2.210543e+02
-2.655306e+02
1.296236e+02
-8.975134e+01
-1.014822e+02
2.755753e+02
-4.546602e+01
-2.185838e+02
-1.947533e+02
4.131533e+02
2.502262e+02
2.131911e+02
1.648868e+02
2.908631e+02
6.797942e+01
9.095496e+01
5.582420e+00
3.352721e+02
1.163323e+01
-1.175598e+02
7.408589e+01
-5.646429e+01
3.931329e+01
1.482343e+01
-1.413674e+02
-3.214617e+01
-9.832099e+01
1.370475e+02
-2.141608e+02
3.994656e+01
1.074953e+02
6.621532e+01
3.452709e+01
5.203447e+01
-1.093231e+02
-3.109122e+01
-5.635207e+00
-5.538486e-01
-5.331297e+01
-5.014043e+01
8.026553e+01
4.836997e+01
3.970367e+00
4.758448e+01
3.783434e+01
-6.346450e+00
3.885289e+01
8.646049e+01
-8.225842e+01
-5.332646e+01
-8.745897e+00
2.054160e+01
8.265985e+00
5.102798e+01
-5.702773e+01
-2.023018e+01
-8.996333e+01
-1.691163e+01
-1.196932e+01
2.970922e+01
3.154969e+01
-4.450630e+01
3.007817e+00
-6.290228e+01
2.265744e+01
1.653837e+01
-8.998038e-01
-3.713803e-01
-6.416823e-01
-7.201165e-01
2.184753e-02
7.998823e-02
-5.053435e-01
-4.757285e-01
-8.646569e-02
-4.031712e-01
4.232653e-01
-5.054892e-01
-5.149404e-02
-4.221751e-02
8.819173e-02
3.150570e-01
-3.672110e-02
-2.887225e-02
-1.509971e-02
-1.211857e-01
-1.466447e-01
-2.543787e-03
-3.298843e-02
-1.383158e-01
-1.433574e-01
-4.352818e-02
1.190477e-01
1.849877e-02
3.822068e-02
