-2.983520e-01
8.559572e-01
-3.730474e-02
4.949333e+01
1.976587e+02
-1.930086e+01
3.543195e-04
-5.495700e+04
-2.332780e+05
1.214756e+05
251872
2.939332e+04
2.085106e+05
-6.351957e+04
-7.774192e+03
-1.074178e+05
8.108669e+04
2.026294e+04
1.652730e+04
1.274153e+03
-6.959070e+04
-8.161991e+04
2.811774e+04
3.254320e+04
1.411675e+04
-4.002614e+04
1.585341e+04
4.029766e+04
2.507586e+03
2.476137e+04
-4.936442e+04
5.155338e+04
-7.924591e+03
-4.028677e+04
-4.393014e+02
5.391559e+03
1.731480e+04
7.530094e+03
-5.562695e+02
2.580045e+04
-3.328831e+03
-5.811500e+03
-2.263897e+04
-1.024207e+04
3.149721e+04
1.104248e+04
-2.022895e+04
1.537657e+04
-1.306516e+04
1.676483e+02
1.851665e+04
8.116260e+03
4.284797e+03
8.272167e+02
4.634609e+03
9.195142e+03
-2.193657e+03
5.871005e+03
1.164144e+03
-3.456094e+02
-6.885585e+03
-9.694713e+02
1.628593e+03
-2.212200e+03
1.985702e+03
1.007570e+03
2.644361e+03
2.756413e+03
-7.171701e+03
2.132606e+03
4.005244e+03
2.818472e+02
-1.003525e+03
1.513822e+03
6.100984e+02
1.355693e+03
2.635634e+03
5.537046e+02
-3.953660e+03
1.268196e+03
-2.502952e+03
-2.443398e+02
-9.719572e+02
1.360234e+03
2.401451e+03
2.524466e+03
-1.088615e+03
7.843931e+02
-4.598547e+02
-1.623419e+03
-5.280897e+02
4.107234e+02
3.359718e+03
1.325362e+03
-3.367330e+02
2.662697e+02
1.764279e+03
9.742016e+02
4.908126e+02
2.958279e+02
-9.983266e+02
4.013611e+02
-2.182843e+02
-1.300179e+03
9.005191e+02
-3.550825e+02
3.121132e+02
3.841666e-01
1.298713e+03
9.529683e+02
-5.023189e+02
1.708788e+03
-5.515729e+02
9.182036e+02
-2.258033e+02
-5.745211e+02
3.321599e+02
-4.361456e+02
-7.396342e+01
3.219005e+02
1.562956e+02
1.260895e+02
-4.995116e+02
6.275384e+02
3.220325e+02
-8.554319e+02
5.897185e+01
4.037659e+02
5.982276e+02
-2.804199e+02
-1.426759e+02
2.113075e+02
1.212330e+02
2.791192e+02
-2.668127e+02
2.273725e+01
3.292930e+02
-2.539439e+02
-6.720444e+01
1.274844e+02
1.912187e+02
1.024852e+02
-3.228571e+02
1.187528e+02
-2.118018e+02
5.568726e+01
1.730910e+02
-1.059757e+02
2.949398e+02
1.168076e+02
1.223143e+02
-7.237722e+01
1.049588e+02
1.509528e+02
-2.937513e+02
-5.555802e+01
2.991133e+02
9.031580e+01
-1.481001e+02
-2.919429e+02
3.510364e+02
-2.095107e+01
1.092123e+02
1.180992e+02
6.517428e+01
-7.184333e+01
1.197642e+02
1.264179e+02
-1.730273e+02
1.631131e+02
2.459265e+01
5.704205e+01
-5.108436e+01
-2.588742e+01
-6.045276e+01
-1.191763e+02
-3.872335e+01
-8.100283e+01
-9.051980e+01
-6.494429e+01
-4.738321e+01
2.029560e+01
-1.754452e+01
3.543584e+01
2.592578e+01
-3.847543e+01
1.232663e+02
-1.071420e+01
-5.256248e+01
4.869911e+01
5.368597e+01
3.401409e+01
-4.530994e+01
7.230309e+01
3.599775e+01
4.590842e+01
-3.277886e+01
-7.605072e+01
-2.435592e+01
-1.636703e+01
-4.038135e+01
-4.539520e+01
-1.998127e+01
5.904866e+00
3.824915e+01
1.316256e+01
-4.919573e-01
1.140412e+00
-1.499985e-01
-1.206129e-01
2.803536e-02
-3.932516e-01
-2.508084e-01
-6.048335e-02
2.042914e-01
-4.889053e-01
-2.186474e-01
-6.597103e-01
-1.567793e-01
-1.421637e-02
-1.949002e-02
-6.568830e-02
-3.899089e-02
1.787562e-02
1.489043e-02
-2.890921e-01
1.716346e-01
-2.130326e-02
-9.402150e-02
-1.179419e-01
-1.230462e-01
-4.557479e-02
1.181719e-02
-1.562099e-01
-7.963239e-02
