-7.209552e-02
3.985100e-01
-3.555544e-01
4.181333e+01
1.731906e+02
-2.155510e+01
2.948841e-04
-3.556923e+05
-2.781069e+05
1.549986e+05
-3.670587e+05
1.137745e+04
6.730209e+04
-6.494163e+04
1.353530e+05
-3.238665e+05
-2.223912e+04
-3.326355e+04
1.239128e+05
4.854457e+04
1.465620e+04
-3.794949e+04
-3.366252e+04
1.009517e+05
-1.704625e+04
-3.199757e+03
1.197045e+04
7.301381e+03
-1.540939e+03
3.923155e+04
-7.293293e+04
4.496291e+04
-4.486545e+04
-3.707557e+04
2.606024e+04
2.152570e+04
3.025136e+04
-1.066084e+04
5.989161e+03
6.448514e+03
-1.478178e+03
-2.499890e+04
-2.111458e+04
-8.591985e+03
1.560240e+04
-5.951412e+03
1.779127e+04
4.260593e+03
-1.972215e+04
-2.875003e+03
1.652668e+04
1.026068e+03
4.466736e+03
-7.962345e+03
-2.772871e+03
8.079089e+03
6.486927e+03
9.666147e+03
3.994031e+03
-5.462311e+03
-7.074121e+03
4.491335e+03
-2.137626e+02
-3.288862e+03
-1.713240e+03
3.860570e+03
2.166868e+03
1.156684e+04
-4.926173e+03
1.661183e+03
4.119541e+02
5.847766e+02
2.182092e+03
3.024622e+02
-1.233660e+03
-1.238245e+03
1.247914e+03
-2.447611e+03
-4.175379e+03
1.237370e+03
-3.538773e+03
-2.901917e+02
-2.787818e+03
2.160238e+03
2.211682e+03
1.022542e+03
-1.318591e+03
3.249569e+02
5.287205e+02
-7.224117e+02
1.238755e+03
6.152332e+02
2.007275e+03
2.498760e+03
-8.025013e+02
-3.031951e+02
2.058236e+03
7.049042e+01
-4.903997e+02
-1.337789e+02
-1.323565e+03
-6.679707e+02
8.158788e+02
-1.476644e+03
1.109489e+03
-9.582704e+02
6.738762e+02
5.188975e+02
1.507220e+03
1.715137e+03
6.128781e+02
1.908028e+03
-1.232144e+02
6.916922e+02
1.087304e+02
-2.500215e+02
2.923056e+02
-1.157805e+03
-4.905445e+02
3.709467e+02
4.690923e+02
4.462669e+02
-2.384160e+02
-5.392275e+00
8.833030e+02
-9.164102e+02
7.289581e+01
-2.245254e+02
7.047736e+01
-4.408286e+02
6.939012e+01
1.590756e+02
-2.474885e+02
9.673085e+01
-5.764478e+02
1.265193e+02
4.121428e+02
-2.126409e+02
-5.028862e+01
1.169046e+01
-1.296640e+02
4.580189e+01
8.174177e+00
4.735664e+02
-1.471427e+02
3.811989e+01
1.694138e+02
-1.732786e+02
-1.745302e+02
1.045017e+02
3.535127e+02
1.702927e+02
9.872623e+01
-6.156983e+01
-3.818719e+00
1.679017e+02
-4.790874e+01
2.862721e+02
-7.858710e+01
-2.286373e+02
2.659050e+02
5.777383e+01
-1.823483e+01
4.484718e+01
-2.413368e+02
-4.637605e+01
2.418603e+01
1.720593e+02
-3.034741e+02
7.978696e+01
8.030946e+01
3.584203e+01
2.269728e+02
8.192654e+01
-5.545656e+01
-1.193377e+02
-3.420348e+01
-5.386866e+00
-3.483814e+01
-4.280353e+01
-8.377540e+01
2.086357e+01
-2.607506e+01
-3.898939e+01
7.888837e+01
9.346295e+00
1.821605e+02
6.025219e+01
-1.964589e+02
1.991074e+01
5.660290e+01
1.188593e+01
-8.422303e+01
2.570144e+01
-3.816436e+01
4.364147e+01
-2.397052e+01
2.153897e+01
-1.922521e+01
2.863113e+01
-3.483318e+01
-6.338323e+01
-5.392948e+00
-1.713114e+01
1.081762e+01
3.545524e+01
-4.888952e+00
2.055673e+00
-2.214503e-01
6.957043e-01
7.799339e-01
-8.906896e-01
-9.646936e-01
-9.669792e-01
1.385355e-01
-1.365504e-01
6.338998e-01
-3.994046e-01
-4.206733e-01
-2.568204e-02
2.104353e-01
5.044941e-02
-7.344611e-02
-1.900459e-01
-1.413836e-01
-5.649047e-03
-1.627214e-01
2.597093e-01
4.669251e-02
-2.583307e-01
1.136501e-01
2.741197e-02
-5.854956e-02
-6.327984e-02
-4.104246e-02
