-3.249274e-01
-6.945880e-01
2.925103e-01
4.835556e+01
1.940615e+02
-1.878023e+01
3.437816e-04
4.176198e+04
-3.299987e+05
-1.317342e+05
-9.298497e+04
-2.396473e+05
6.812438e+05
-9.180823e+04
3.560423e+04
-2.696242e+05
-1.114133e+05
1.740630e+05
1.363280e+05
1.346410e+05
3.645673e+03
3.306711e+04
6.332566e+04
1.518696e+05
8.927819e+04
1.459523e+04
6.147321e+04
1.531052e+04
7.679744e+03
7.393828e+04
-9.287348e+04
6.698584e+04
-4.825283e+04
-8.253408e+04
2.524458e+04
3.875628e+04
8.970901e+03
4.144552e+01
2.003591e+04
2.200985e+04
2.637941e+04
1.293514e+04
-1.566290e+04
-7.839956e+03
2.560688e+04
-1.601410e+04
2.183379e+03
2.271354e+04
-2.306777e+04
-1.880490e+03
7.538378e+03
2.782462e+04
2.038379e+03
-9.224270e+03
4.326017e+03
1.199905e+04
-1.495394e+03
-2.534916e+03
1.065543e+03
-5.760686e+03
-3.036942e+03
-1.043682e+04
-4.563175e+02
-1.580444e+04
-1.402298e+03
4.674263e+03
-4.118695e+03
6.790608e+02
-4.458633e+02
3.333548e+02
-4.858993e+02
5.013656e+02
4.914343e+03
3.896041e+03
2.359282e+03
5.554565e+02
4.373526e+03
-3.870587e+03
-7.857212e+03
-2.207741e+03
-4.321632e+03
-4.849110e+02
-6.236115e+02
3.944904e+03
-5.578157e+02
3.402562e+03
-4.860752e+03
2.964995e+03
9.660130e+02
-4.233860e+03
8.723062e+02
-6.999615e+02
3.871170e+03
1.146552e+03
6.383971e+01
-5.854359e+02
3.150115e+03
2.527581e+03
-1.784492e+02
9.060612e+02
-2.375954e+03
-2.368605e+03
1.577368e+03
-5.180878e+02
6.750688e+02
-1.094322e+03
1.414649e+03
2.482364e+02
1.447772e+03
2.308952e+03
7.296817e+02
1.947858e+03
-9.406672e+02
6.840515e+02
4.226115e+02
7.239835e+02
1.639546e+03
-5.946302e+02
1.045946e+02
7.974103e+02
4.065594e+02
-1.370771e+01
3.784328e+02
2.118343e+02
-4.557369e+02
-1.017619e+03
7.473674e+01
4.717479e+02
1.257313e+03
-3.676845e+02
-1.164853e+02
7.231319e+01
-3.511452e+02
1.181094e+02
-7.797028e+01
3.106490e+01
1.201729e+02
-1.686582e+02
-1.118469e+02
-3.039765e+02
1.006892e+02
4.271615e+02
-2.581231e+02
8.165352e+02
-2.527903e+02
-1.523876e+02
1.894531e+02
-6.846661e+01
3.379319e+02
-2.452647e+02
1.349619e+02
-3.053133e+02
-8.173067e+01
5.796981e+00
-3.071051e+02
1.728367e+02
1.814464e+02
5.790391e+01
-4.151628e+02
-1.730905e+02
3.964738e+02
9.557049e+01
1.010937e+02
2.772781e+02
-1.870759e+02
-2.086234e+02
-1.566047e+01
1.280920e+02
-1.618104e+02
-1.059028e+02
-9.470403e+01
7.718228e+01
4.956014e+01
-3.349016e+01
7.475407e+01
-2.132274e+02
-8.528426e+01
-6.311169e+01
-2.179378e+02
4.701633e+01
-1.263991e+02
-1.602331e+01
1.128976e+01
6.385789e+01
-2.022036e+01
-6.628484e+01
1.691995e+02
-1.886513e+01
-5.954904e+01
5.929154e+01
8.778806e+01
-1.819562e+01
-1.288288e+02
7.316568e+01
2.945054e+01
5.712046e+01
2.151876e+01
-8.039361e+00
-1.051157e+01
-1.037994e+02
-5.375415e+01
-3.617483e+01
-5.263170e+01
2.931024e+01
1.530398e+01
2.402891e+01
-3.505929e-01
2.063812e+00
-6.152049e-01
5.302314e-01
6.922887e-02
-6.231763e-02
-2.575370e-01
3.066936e-01
-8.496298e-02
-1.259175e-01
-5.006416e-01
-3.319719e-01
-2.604176e-01
1.139906e-01
-1.119565e-01
5.381674e-02
-6.675083e-02
-2.177506e-01
-6.498810e-02
-5.071390e-01
1.351183e-01
1.338800e-01
-9.795132e-03
-2.243557e-02
-1.500506e-01
4.032698e-03
-5.980155e-02
-1.017987e-01
-8.311526e-02
