-2.099370e-01
-6.418163e-01
-1.225450e-02
4.864000e+01
1.938385e+02
-2.434256e+01
3.588087e-04
-1.152245e+05
-2.549150e+05
6.065587e+04
-1.029476e+05
-3.328223e+04
-1.101573e+05
2.437435e+04
3.200655e+04
-1.541428e+05
-2.844709e+04
-6.392279e+04
1.002000e+05
-4.460276e+03
-2.431959e+03
-4.322455e+03
5.052518e+03
4.857580e+04
1.728955e+04
7.382938e+03
2.615060e+04
4.912129e+03
-3.069981e+03
9.318438e+03
-2.729881e+04
1.843295e+04
-4.741764e+04
-4.124087e+04
1.233478e+04
1.834590e+04
1.522704e+04
-1.695637e+04
1.569112e+04
7.357142e+03
1.662286e+04
7.104211e+03
-1.731380e+04
-2.023274e+04
4.546295e+03
-4.271712e+03
-7.169419e+02
7.680605e+01
-7.949013e+03
5.599282e+02
6.622929e+03
4.256932e+03
5.376595e+03
-7.484534e+03
-5.524422e+03
7.112495e+03
2.682621e+03
6.243493e+03
5.176125e+03
-1.091962e+04
-3.011357e+03
1.208063e+02
5.419776e+02
-5.464192e+03
1.875457e+03
4.153921e+03
3.123971e+03
2.472066e+03
-3.979835e+03
2.378958e+03
9.684494e+02
2.455183e+02
-8.812043e+02
-2.711412e+02
-2.439107e+02
3.254329e+02
7.369655e+02
3.014170e+02
-3.889685e+03
-2.710640e+02
-2.000346e+03
7.449999e+02
-7.321841e+01
2.913315e+03
2.471656e+03
7.808024e+02
-1.978062e+03
-6.737828e+02
7.976233e+02
9.820473e+01
7.796088e+02
8.499293e+02
2.403042e+03
2.343244e+03
-1.280262e+03
7.743296e+02
9.084419e+02
-1.352660e+02
-5.138618e+02
-7.112241e+02
-1.107714e+03
-5.405592e+02
1.077273e+03
-1.015659e+03
3.548760e+02
-3.344655e+02
1.096704e+03
-2.595937e+01
7.347599e+02
1.863774e+03
4.277315e+01
1.503459e+03
-7.385710e+02
1.246078e+03
-1.098752e+01
-3.292847e+02
2.765225e+01
-6.580036e+02
-2.496424e+01
7.097609e+02
2.249731e+02
1.516889e+02
-2.616586e+02
2.579668e+02
8.804645e+02
-3.628640e+02
1.955108e+01
-1.336898e+02
2.896871e+01
-2.491033e+02
2.274316e+02
4.432167e+02
7.172057e+01
2.239711e+02
-5.679299e+02
-1.228035e+02
4.646418e+02
-9.955732e+01
1.303860e+01
7.572957e+01
-3.439423e+02
1.269981e+01
1.837140e+01
1.800205e+02
-1.996404e+02
9.979494e+01
1.607594e+02
-3.133462e+02
1.486506e+02
2.923843e+02
1.039353e+02
1.161667e+02
2.024885e+02
1.186094e+01
-9.898679e+01
5.669220e+01
1.584704e+01
1.705207e+02
-6.427029e+01
-1.109132e+02
9.202152e+01
3.146430e+01
1.633798e+02
-1.561885e+01
-5.979189e+01
1.572052e+00
-4.737852e+01
1.043283e+02
-3.171951e+01
1.055593e+02
8.507324e+01
-5.041136e+00
2.772799e+01
6.175585e+01
-2.376111e+00
-9.258907e+01
-2.034152e+01
1.320213e+01
-2.382159e+01
4.294090e+01
-4.965980e+01
1.110226e+02
-2.226317e+00
1.100669e+01
8.162044e+01
-1.813137e+01
1.066385e+02
4.662666e+01
-6.624869e+01
2.312242e+01
2.230576e+01
6.547554e+00
-6.614732e+01
7.665899e+00
-2.921238e+01
2.162601e+01
-1.803784e+01
6.744926e+00
-5.995103e+00
1.684177e+01
-2.336464e+01
-5.733793e+01
4.768230e+00
2.676296e+00
4.407473e+01
2.489044e+01
-2.177403e+00
2.859584e+00
-6.313221e-01
8.276367e-01
6.231638e-02
-1.211461e-01
-1.854597e-01
-8.255038e-01
6.589909e-02
-4.697841e-01
-4.117020e-04
-2.653847e-01
2.645917e-02
7.222266e-02
-8.579805e-03
-1.287372e-02
6.152904e-02
-2.853300e-02
-2.130551e-02
-4.523316e-02
-4.462268e-02
2.050802e-01
5.645414e-02
-4.597127e-02
-4.006858e-03
1.326043e-03
3.886066e-02
-1.408265e-01
-5.897271e-02
