-2.453256e-01
-1.031313e+00
8.277738e-02
5.319111e+01
1.908359e+02
-1.424108e+01
3.545371e-04
-1.135747e+05
-4.690892e+05
5.939919e+05
4.004145e+05
9.399866e+04
4.155028e+05
-7.042189e+04
-1.488378e+04
-2.101732e+05
-1.841554e+05
1.790102e+05
5.841569e+04
-1.073611e+05
-8.601553e+01
7.623074e+04
-4.269931e+04
5.055252e+04
7.034937e+04
-2.166135e+04
-1.734362e+03
6.617111e+04
-3.235453e+04
4.913364e+04
-1.205302e+05
7.033061e+04
-3.553196e+04
-5.854978e+04
6.690452e+04
2.872895e+04
1.156532e+04
-1.615104e+04
3.406658e+04
-3.914696e+04
1.889044e+04
1.704117e+03
-2.789650e+04
6.651613e+02
3.107939e+04
-4.427273e+03
-1.527686e+04
9.966464e+03
-5.289268e+03
3.661978e+03
1.258375e+04
3.034609e+03
2.072395e+04
-2.326410e+04
-5.023247e+03
1.037518e+04
3.625474e+03
1.071409e+04
-9.582983e+03
-8.832243e+03
2.527224e+03
-8.375472e+03
-1.101049e+04
-1.478186e+04
1.696491e+03
4.979220e+03
4.089713e+03
7.113629e+03
-6.107005e+03
6.110591e+03
8.974673e+02
4.489298e+03
-1.659105e+03
3.845664e+03
2.992796e+03
2.490687e+03
8.009694e+03
-6.010863e+02
-8.263059e+03
1.480287e+03
-4.882041e+03
2.620786e+03
-6.342146e+03
2.507770e+03
1.955106e+03
3.840263e+03
-2.835722e+03
1.968720e+03
-7.113126e+02
-2.975619e+03
1.251516e+03
6.034537e+02
5.004052e+03
2.387153e+03
-1.652947e+03
7.510981e+02
3.526324e+03
2.176541e+03
9.160244e+02
1.348300e+03
-2.854282e+03
-2.352953e+03
2.560887e+00
-1.456211e+03
2.772290e+03
-1.170268e+03
2.685186e+03
-8.609786e+02
1.008701e+03
2.843209e+03
-3.420934e+02
3.095865e+03
3.377174e+01
3.600491e+02
-4.372880e+02
-2.589403e+02
5.813260e+02
-6.758923e+02
-5.217607e+01
8.361095e+02
3.597646e+02
-3.082015e+02
-7.986631e+02
1.330225e+03
-5.252341e+02
-7.883073e+02
-3.835012e+02
7.869258e+02
6.599794e+02
-8.453474e+02
-5.083761e+01
-2.599109e+02
1.884928e+02
-3.508993e+01
-1.940649e+02
6.645589e+01
1.093268e+03
-3.127766e+02
-9.183054e+01
4.219799e+02
1.152503e+02
4.717758e+02
-4.342089e+02
6.423679e+02
-2.379379e+02
1.569812e+01
1.485087e+01
-1.898459e+02
3.786393e+02
1.624944e+02
2.224648e+02
-9.109428e+01
2.842202e+02
6.050492e+01
-3.315021e+02
5.967281e+01
-1.627722e+02
1.763011e+02
-5.167884e+02
-2.594969e+02
4.331844e+02
2.934954e+01
2.023233e+02
1.518584e+02
3.018275e+01
-1.673893e+02
9.414023e+01
8.434779e+01
-9.435434e+00
5.543228e+01
1.485093e+02
1.247077e+02
5.742138e+01
-4.748540e+01
-5.070856e+01
-2.213536e+02
-1.892457e+02
-1.034022e+02
-7.447451e+00
6.497276e+01
6.546484e+01
5.380519e+01
-5.290243e+01
5.851602e+00
5.068300e+01
7.206652e+01
1.100502e+02
-1.054498e+02
-5.515557e+01
1.621991e+02
-4.166064e+01
-1.056170e+01
-6.551015e+01
1.115686e+02
7.645267e+01
3.363464e+01
-2.807495e+01
-8.545199e+01
-1.446970e+01
-2.014547e+01
-4.288982e+01
-5.867748e+01
-2.800785e+01
-2.859036e+00
2.641044e+01
4.606662e+01
-8.129795e-01
3.389885e+00
-1.061513e-01
5.261151e-01
3.808854e-01
-5.365561e-01
-1.065508e-01
-5.393066e-01
-2.149059e-02
-8.718597e-01
-7.059999e-01
-1.208954e+00
-1.390635e-01
2.885126e-01
-1.666353e-01
1.839588e-02
-2.615381e-02
1.128071e-01
1.371761e-01
-5.452101e-01
2.435296e-01
1.334989e-01
-1.202671e-02
5.148189e-02
-2.362777e-01
2.616235e-02
1.897527e-02
-9.726036e-02
-7.437248e-02
