-7.918409e-02
-9.635154e-01
1.388187e-01
5.120000e+01
1.836713e+02
-2.219303e+01
3.597404e-04
3.066445e+04
-1.933848e+05
-2.736867e+05
-6.681952e+04
6.020536e+04
-9.546584e+04
1.844310e+05
-1.247729e+05
-6.174282e+04
-8.323410e+04
1.454386e+03
8.776219e+04
-1.911076e+04
3.595693e+04
3.377926e+04
-1.582333e+04
4.629851e+04
3.109668e+04
7.303415e+04
-2.819809e+04
-1.489832e+04
-1.717659e+04
-2.874518e+03
1.056832e+04
-2.478777e+04
-2.718980e+04
-2.270056e+04
8.309929e+03
3.049197e+03
-2.190443e+04
-1.315987e+04
3.037621e+04
2.331955e+03
6.628796e+03
-9.762189e+03
-1.331958e+04
-2.512032e+03
-1.649380e+04
1.797745e+03
1.899803e+04
6.212119e+03
2.380708e+03
5.768003e+03
5.062933e+03
-4.829501e+03
-4.884018e+01
-1.764138e+03
-1.221598e+03
8.312100e+02
5.823199e+03
4.279923e+03
3.811642e+03
-9.076743e+03
-2.845063e+03
2.063855e+03
-1.720224e+03
-2.104811e+03
5.818247e+02
5.767962e+03
1.500612e+03
-1.815731e+03
-4.301777e+03
4.303303e+03
-4.049350e+03
-3.016206e+03
-2.958645e+03
4.663885e+03
1.820260e+03
5.056450e+02
7.052776e+02
3.515023e+03
-3.426132e+03
-1.332361e+03
2.112623e+03
-5.178373e+02
1.192285e+03
2.489766e+03
2.246641e+03
2.615931e+03
-1.271041e+03
-1.429315e+03
7.473201e+01
9.573474e+02
1.801566e+02
1.697141e+03
-1.615472e+03
1.274101e+03
-8.322876e+02
3.172377e+02
6.449137e+02
4.772135e+01
-8.627742e+02
-7.346876e+02
-2.773703e+01
2.940873e+02
1.839456e+03
4.820599e+02
-1.907398e+02
-1.121921e+03
1.709857e+03
1.976841e+02
-9.499438e+01
1.192707e+03
-1.088994e+02
-8.479951e+02
-1.909270e+02
7.151290e+02
5.289112e+02
7.458046e+02
-2.506265e+02
-3.981837e+02
-5.870649e+02
5.684053e+02
7.037062e+02
1.008576e+02
1.067066e+02
-3.174070e+02
-1.504079e+01
-1.065520e+02
5.418174e+01
1.303159e+02
-4.588727e+02
-6.089261e+02
4.221154e+02
4.212329e+02
-8.922858e+01
1.285966e+02
9.094994e+01
-2.286180e+01
-3.443058e+02
-2.573588e+02
-1.874752e+02
-3.634991e+02
-2.001634e+02
2.229347e+02
1.646217e+02
2.858136e+02
2.349565e+01
-1.486759e+02
2.284176e+01
-1.807203e+01
3.768257e+00
4.094655e+02
1.119894e+02
8.715498e+01
-1.695267e+02
-3.813835e+02
1.536506e+02
-4.475882e+01
-6.136147e+01
-1.373032e+02
7.743082e+01
-1.133473e+02
-8.550264e+01
-4.878335e+01
1.330805e+02
-4.760796e+01
-1.852207e+02
-5.830421e+01
-5.230372e+01
4.982963e+01
-6.486688e+01
-4.219550e+00
8.985846e+01
6.614075e+01
3.063175e+01
-2.511076e+01
1.092619e+02
-1.208373e+02
8.653769e+01
5.183226e+01
-7.245432e+01
6.865876e+01
-5.762641e+00
8.617153e+01
-2.532210e+01
-5.061399e+01
7.639807e+01
-7.192888e+00
5.038618e+01
8.429279e+01
-1.047549e+01
3.675785e+01
4.722207e+01
1.364562e+01
-4.751411e+01
2.682198e+01
3.096397e+01
1.179327e+01
2.163188e+01
1.554477e+01
-1.334941e+01
1.918779e+01
-3.537650e+00
-4.076841e+01
-1.615975e+01
1.546966e+01
2.240837e+01
4.185508e+00
-1.166123e+00
2.330573e+00
1.232447e-01
4.390683e-01
3.414616e-02
3.049162e-03
2.574358e-01
-6.073482e-02
3.978227e-02
-1.641894e-01
3.539664e-01
3.395287e-01
5.337249e-02
1.136024e-03
-5.792287e-02
-1.646830e-01
3.485981e-02
-3.483701e-02
-1.807002e-02
2.441092e-01
-7.858661e-03
7.014631e-02
6.274268e-02
9.563801e-03
2.372722e-01
6.291074e-02
-1.267044e-01
-4.590136e-02
-2.564576e-02
