-6.306561e-02
4.711063e-01
1.001451e-01
4.295111e+01
1.736317e+02
-2.356368e+01
3.549906e-04
-1.553062e+05
-2.345417e+05
6.233179e+05
3.389311e+05
1.054992e+05
-8.074486e+04
-5.492802e+04
5.737639e+04
-6.158376e+04
3.352777e+04
5.752423e+04
2.995324e+04
-3.648453e+04
-2.078368e+04
-5.102013e+03
-2.890798e+03
-3.192826e+04
4.445355e+03
-7.051565e+04
6.448986e+04
-4.138989e+04
-1.950643e+04
1.985279e+04
-9.854022e+04
-3.095278e+02
-4.356100e+04
-3.951488e+04
2.163961e+04
3.080388e+04
2.315224e+04
-4.993276e+03
-2.433672e+04
-2.019768e+04
-3.428928e+03
4.714750e+03
-2.844902e+04
5.118956e+03
1.598212e+04
-1.797646e+04
-9.110249e+03
2.817792e+03
1.196330e+03
8.225809e+03
2.447805e+03
-2.267933e+03
-6.553606e+02
-7.260611e+03
-5.684208e+03
4.274291e+03
1.965511e+03
8.125309e+03
4.682832e+03
-1.506384e+04
-3.946328e+03
-5.611997e+03
-2.344629e+03
-4.423414e+03
1.293126e+03
5.742264e+03
2.346935e+03
3.562288e+03
-5.726718e+03
2.919313e+03
4.144116e+03
5.531905e+03
-2.632402e+03
-1.801245e+03
-9.118421e+02
4.470187e+03
2.652518e+03
-7.091306e+02
-2.968175e+03
-1.309528e+03
3.175440e+02
-2.739231e+03
-2.294699e+03
1.967772e+02
2.786272e+03
7.920397e+02
-5.453805e+02
-9.773791e+02
-1.706784e+02
-6.798892e+02
3.160160e+02
-2.214046e+03
2.857967e+03
2.556178e+03
-1.983453e+03
-7.485250e+01
2.561371e+02
-9.005743e+02
-5.741361e+01
-2.282418e+02
-9.999785e+02
-1.851127e+03
4.064362e+01
-1.406702e+03
7.113906e+02
-1.129552e+03
1.487527e+03
-2.193874e+02
1.159554e+03
7.477214e+02
-7.054914e+02
1.598431e+03
-8.636671e+01
1.211592e+03
-1.268271e+03
-2.557407e+02
-7.841493e+02
1.890055e+02
-1.396311e+02
4.226649e+02
-2.384982e+02
-7.158141e+02
-6.046224e+02
6.170345e+02
4.937898e+02
-9.193439e+01
-2.106239e+01
1.595800e+02
-1.967861e+02
-5.918336e+02
6.782124e+02
3.498238e+02
5.480009e+02
2.566598e+02
-1.691634e+02
5.017493e+01
6.208142e+02
2.891759e+01
-8.061669e+01
3.323271e+02
-2.536683e+01
-1.766047e+02
1.473818e+02
-9.140852e+01
6.205484e+01
1.319082e+02
-1.938409e+02
-5.412860e+02
1.379523e+02
1.881174e+02
2.915934e+02
-5.422280e+01
4.238562e+02
9.866801e+01
-8.033784e+01
-5.487064e+01
9.947091e+01
1.776208e+02
-2.334399e+02
-1.316119e+01
2.570920e+02
-2.539291e+00
1.701122e+02
9.196420e+01
-2.304938e+00
-6.999365e+01
1.660217e+01
-4.849983e+01
-5.611840e+01
1.215650e+02
7.967377e+01
2.037270e+02
2.886438e+01
-2.679341e+01
1.597386e+01
-1.688135e+01
1.250058e+01
2.191062e+01
-1.940947e+01
-4.564758e+00
3.086835e+01
3.551003e+01
1.837202e+01
-3.595457e+01
1.276078e+02
-2.566277e+01
3.244741e+01
6.579072e-01
3.462742e+00
6.099833e+01
-3.236155e+01
4.157914e+01
-3.339041e+01
4.736078e+01
-3.255116e+01
5.054557e+00
-3.339934e+00
-5.129232e+01
2.620961e+00
3.022938e+01
9.913093e-01
-1.956692e+01
-5.645577e+01
-5.224827e+01
5.876372e+01
1.517314e+01
7.038413e-01
2.182963e+00
-3.840225e-01
2.594553e-01
2.252906e-01
-5.372557e-02
-4.088376e-01
-2.558087e-01
1.239891e-01
-3.752438e-01
-7.673136e-02
-5.892694e-01
1.716821e-01
7.665045e-02
-1.357182e-01
8.609708e-02
1.285779e-02
-3.580119e-02
1.560002e-02
-2.240115e-01
2.059909e-02
1.590629e-01
-3.465569e-02
7.000757e-02
-1.366147e-01
2.768705e-03
-8.125460e-02
-1.737399e-01
-1.502167e-02
