1.139495e-01
-7.465084e-01
2.560243e-04
4.920889e+01
1.580739e+02
-2.421407e+01
3.691330e-04
-7.717462e+04
4.342490e+04
2.194673e+05
-1.725388e+05
-2.040242e+05
-1.144591e+05
-5.408811e+04
2.382567e+04
-1.574296e+05
6.852822e+04
7.079894e+04
7.140934e+04
-1.466855e+05
5.330666e+03
-1.605809e+04
5.718125e+04
2.013986e+04
2.215743e+04
-6.814227e+04
-2.739992e+04
-3.534538e+04
-5.047295e+04
-4.179808e+04
-3.106032e+04
-5.156531e+04
-1.381403e+04
-2.933379e+04
-1.829268e+02
1.132770e+03
7.871817e+03
-2.096074e+04
7.537394e+03
-1.188042e+04
1.206720e+04
-1.801161e+04
-1.516637e+03
-1.458650e+04
-4.909004e+03
1.238281e+04
2.740354e+03
3.563921e+03
-2.558979e+03
-7.454496e+03
-9.159512e+03
-3.148678e+03
7.637941e+03
-5.515208e+03
-1.018599e+04
3.169639e+03
-4.418042e+03
1.050801e+04
1.315311e+03
-1.145155e+04
-3.636645e+03
-1.366991e+03
-2.527453e+03
-5.290503e+03
4.288464e+03
4.249112e+03
7.336755e+03
4.946592e+03
-2.342513e+03
1.169633e+03
6.932636e+03
5.565805e+03
1.881263e+03
1.070646e+02
3.326608e+03
1.551274e+03
6.180079e+03
2.229586e+03
-6.448562e+03
-2.626172e+03
1.852388e+03
6.941562e+01
-3.956184e+03
3.137716e+02
3.097441e+03
2.051717e+03
-1.482702e+03
-2.276657e+02
-8.559548e+02
1.486994e+03
1.236581e+03
-7.803521e+02
2.437928e+03
2.182665e+03
-1.109577e+03
1.518600e+03
1.980699e+03
-2.858988e+02
5.309943e+02
-3.684046e+02
-7.271213e+02
-4.606420e+02
-1.892463e+02
-3.005297e+02
9.433068e+02
-5.244225e+01
1.179481e+03
-4.869332e-02
7.372204e+01
6.778022e+02
-1.760676e+02
1.095300e+03
-5.347194e+02
-1.381799e+01
-1.337963e+01
-1.748673e+01
-1.053028e+03
5.299049e+01
-8.321077e+02
4.206198e+02
-6.463583e+02
-1.677289e+02
-7.255323e+02
7.222240e+02
-1.382028e+02
2.603740e+02
-5.990626e+02
4.275686e+02
-2.998150e+02
-1.507963e+02
1.274673e+02
5.220595e+02
2.120117e+02
3.977175e+02
-2.461946e+02
-2.251392e+02
4.476937e+02
-2.699876e+02
8.705164e+01
2.188323e+02
1.716525e+01
-3.936073e+01
3.712822e+01
-6.884227e+01
-7.101283e+01
2.471599e+02
-1.780826e+02
-1.660005e+02
8.213119e+01
3.657169e+02
-3.370843e+01
1.040034e+02
7.191566e+00
1.324492e+02
-4.705746e+01
-8.893494e+01
1.587803e+01
2.023534e+02
-8.080693e+01
9.652138e+01
1.414889e+02
4.354713e+01
-2.893848e+01
9.344167e+01
-1.043327e+01
1.044021e+02
-7.205148e+01
4.394901e+01
6.622974e+01
-1.641034e+02
1.432070e+01
1.794091e+02
1.206576e+01
-6.231139e+00
-8.972534e+00
-7.144598e+01
-5.114173e+01
-5.349261e+00
-3.792616e+01
4.812023e+01
2.375392e+01
-2.101271e+01
-7.213432e-02
6.415360e+01
8.189883e+01
-4.221773e+01
-7.513174e+01
2.244189e+01
-5.516603e+01
-1.077295e+01
-6.886683e+01
4.788787e+01
5.041119e+01
1.661454e+01
7.039572e+01
-4.593029e+01
-3.802682e+01
3.087737e+00
-1.432995e+01
1.631644e+01
2.376737e+01
-6.467437e+01
5.732462e+01
-5.313122e+01
1.450244e+00
7.175168e+00
2.650111e-02
5.228578e-01
9.270280e-01
-1.375440e-01
6.355919e-02
2.570986e-01
1.712585e-01
-2.393357e-01
1.540805e-01
-3.659987e-01
-7.906146e-02
-1.770690e-01
2.646559e-01
5.743228e-02
1.729235e-01
2.827199e-01
6.677523e-02
7.668706e-02
6.054871e-02
-6.101963e-02
-7.982562e-02
3.338861e-02
4.934499e-02
1.314827e-01
-6.368300e-02
8.883098e-02
2.839657e-02
-4.748414e-02
6.027964e-02
