-3.138108e-01
8.257479e-01
2.235106e-01
4.920889e+01
1.943344e+02
-1.774412e+01
3.432939e-04
-1.847730e+05
-4.710336e+05
2.067833e+05
2.746828e+05
1.389851e+05
1.860381e+04
-1.083935e+05
8.275093e+03
-1.098838e+05
3.423396e+04
-1.373847e+05
-1.150707e+04
-5.316334e+04
-5.965051e+04
-6.853027e+04
1.283478e+04
-7.451423e+04
-1.922383e+04
-3.642965e+04
1.249511e+03
2.122224e+04
-2.842148e+04
-1.094746e+04
-1.398877e+05
-5.144643e+03
-1.504920e+03
-4.514308e+04
4.241972e+04
2.719430e+04
2.601870e+04
2.093693e+04
-7.883060e+03
-6.969488e+03
-1.612799e+04
4.308860e+03
-2.136257e+04
-1.017746e+04
2.150863e+04
9.793485e+03
-8.575959e+03
4.574859e+03
-1.596517e+04
-1.061305e+04
1.052857e+04
-3.345897e+03
5.700108e+03
-5.279969e+03
-1.323033e+04
9.847785e+03
4.635176e+03
1.189525e+04
-3.445078e+03
-1.408399e+04
-4.420119e+03
5.155771e+03
-1.412509e+03
-6.790729e+02
1.199586e+03
4.987155e+03
6.191499e+03
6.191519e+03
-4.507388e+03
4.048402e+03
3.899852e+03
2.580569e+02
-4.336176e+03
-3.026098e+03
1.381381e+03
2.253229e+03
1.214067e+03
1.693762e+03
-5.808922e+03
2.044752e+02
-9.937828e+02
1.522762e+03
-2.682061e+03
-1.536592e+02
3.928265e+03
9.568774e+02
1.201072e+03
-4.977639e+02
-1.195638e+03
-1.305213e+03
6.048168e+02
-8.859944e+02
2.614758e+03
1.535585e+03
-1.506875e+03
1.800620e+03
1.193488e+03
4.882540e+02
6.886708e+02
2.854125e+02
-1.734642e+02
-1.659869e+02
-1.707042e+03
-2.440378e+03
1.280879e+03
2.622371e+02
1.751298e+03
-2.595054e+02
7.737045e+02
8.085805e+02
-7.687687e+02
2.219810e+03
3.977144e+02
9.043206e+02
-4.437854e+02
-6.250758e+02
-2.759797e+02
-2.116399e+02
-4.523943e+02
-9.244610e+01
-2.078897e+02
9.222002e+01
-6.232210e+02
8.821300e+02
1.038345e+03
-3.059016e+02
-2.396468e+02
2.796825e+00
-2.124440e+02
-6.097578e+02
7.780756e+02
2.434048e+02
-1.491125e+02
1.159967e+02
-3.801380e+02
1.846465e+02
1.003291e+03
-3.557842e+02
9.072099e+01
5.056609e+02
4.614511e+01
-5.706316e+01
-3.838776e+00
-8.919475e+01
-1.743632e+02
2.319726e+02
2.354214e+02
-3.845692e+02
-1.410385e+02
3.690929e+02
-1.485847e+01
2.810357e+02
5.044318e+02
9.667516e+01
-1.968465e+02
-1.985535e+02
4.167400e+01
1.667981e+02
-2.902002e+02
-2.416029e+02
1.486175e+02
-8.068740e+01
2.444281e+02
-3.588518e+01
2.274114e+02
-1.974221e+01
2.459122e+01
3.763047e+01
-4.028387e+01
2.468347e+02
1.462738e+02
4.894986e+01
6.642249e+01
7.290389e+01
-1.247042e+01
4.456802e+01
-6.289294e+01
2.875656e+01
1.686163e+01
-7.437173e+01
4.069733e+01
1.322868e+02
7.440094e+00
-3.855183e+01
8.918035e+01
-5.656634e+00
1.099292e+02
-2.370505e+01
-6.564244e+01
7.262730e+01
-2.585277e+01
7.014598e+01
-3.065302e+01
7.134063e+01
-2.981674e+01
3.604392e+00
-7.921104e+01
-6.027883e+01
-1.837273e+01
2.293951e+01
-4.866146e+00
-7.628097e+01
2.260531e+01
-4.429830e+01
6.012227e+01
4.378788e+01
-2.812029e+00
4.057315e+00
-1.021363e+00
1.402351e+00
1.062306e-01
-1.009750e-01
3.528146e-02
-1.157310e+00
-8.218127e-02
-6.048973e-01
-2.316272e-01
-9.148263e-01
-4.990413e-02
2.134430e-01
-2.438087e-02
-1.297551e-01
-2.394638e-02
5.587099e-02
6.078041e-02
-1.274102e-01
1.999818e-01
1.944583e-01
-7.799491e-03
-3.673319e-02
6.336440e-03
6.408097e-02
2.513916e-02
-1.543444e-01
3.097457e-02
