-8.571769e-02
1.184461e+00
-7.569802e-02
4.949333e+01
1.824107e+02
-1.534743e+01
3.289982e-04
-1.781737e+05
1.952612e+05
1.568310e+05
-641773
-7.727193e+04
7.823825e+04
2.515717e+03
1.018515e+05
-2.566268e+05
-8.362988e+04
1.046517e+04
1.854580e+05
-2.635119e+04
4.292265e+04
5.427571e+04
-6.480261e+04
7.393134e+04
-2.455994e+04
2.626828e+03
-3.811540e+04
-1.878469e+04
-8.937999e+03
-2.131019e+04
1.197499e+04
-9.712965e+03
-3.929365e+04
-1.293386e+04
-2.376852e+04
-3.095705e+03
4.065552e+03
-5.073629e+03
3.754989e+04
8.507108e+03
2.347632e+04
-1.980284e+04
-4.975472e+03
-3.611493e+04
1.261124e+03
9.859567e+03
2.064865e+04
1.299401e+04
-2.614932e+04
-6.522526e+03
9.104728e+03
7.479887e+02
8.855611e+03
7.242349e+02
2.093297e+03
7.330073e+03
7.416229e+03
8.624802e+03
-1.248300e+03
-4.650337e+02
-9.578163e+03
6.782173e+03
-2.583755e+02
2.122049e+03
-1.637540e+03
2.313584e+03
-5.054755e+02
8.142829e+03
1.095474e+03
3.941076e+03
-2.036053e+03
2.300994e+03
7.025502e+03
1.788139e+03
-2.966363e+02
-3.184145e+03
1.818091e+03
-1.116263e+03
-4.977385e+03
-3.193730e+02
-2.857771e+03
1.207864e+02
-2.746527e+03
1.444219e+03
1.077991e+02
1.943494e+03
-1.027718e+03
3.464274e+02
1.040346e+03
-3.450605e+02
1.451101e+03
1.726586e+03
1.866921e+03
5.141378e+02
9.993690e+02
5.431339e+02
3.538392e+03
-1.051707e+03
-3.918887e+02
4.788302e+01
-1.362530e+03
-1.534872e+02
9.306319e+02
-8.953650e+02
-1.066285e+02
-1.205538e+03
7.295964e+02
1.235513e+03
1.330357e+03
1.530180e+03
1.635163e+03
-9.075918e+01
-6.107297e+02
-2.344976e+02
6.400020e+02
5.166235e+02
1.527709e+02
-6.122190e+02
-9.216835e+02
7.741423e+02
6.689966e+02
8.675048e+02
6.474126e+01
8.717788e+01
2.395390e+02
-3.001284e+02
-1.182344e+02
1.381629e+02
-3.648404e+01
-2.217647e+02
-2.843896e+02
3.298808e+02
-4.874964e+02
6.864091e+01
-4.388662e+00
-3.350879e+02
-6.672884e+01
-1.271580e+02
-1.454728e+02
-5.337192e+02
-2.863061e+02
2.687221e+02
-1.082208e+02
4.906153e+02
-2.761079e+02
-7.542246e+01
-1.282157e+02
7.266959e+01
-1.979954e+02
3.854200e+00
2.405389e+02
1.123163e+02
-4.365000e+02
-1.409599e+02
2.920099e+02
2.672020e+01
-2.632975e+02
1.452852e+02
5.769798e+01
-5.490297e+01
2.064455e+02
-8.296224e+01
-8.969698e+01
-5.698839e+01
-3.557787e+02
-1.066284e+01
-1.207972e+02
2.264278e+02
-3.024690e+02
-1.611392e+02
3.926937e+01
6.449981e+01
1.293457e+02
9.039819e+01
-8.409595e+00
-1.857656e+02
3.947684e+01
-9.764100e+00
-1.304189e+02
4.096054e+01
-4.538717e+01
4.425437e+01
-5.843968e+01
-3.025577e+01
6.053876e+01
-5.688100e+01
7.168823e+01
1.060512e+02
-1.485456e+02
-3.752602e+01
7.178528e+01
6.525629e+01
-8.007043e+00
-4.570469e+01
3.981477e+01
7.857362e+00
2.365584e+01
4.560875e+01
-2.475591e+01
-2.430783e+01
1.273425e+01
-5.809773e+01
6.665762e+00
1.465277e+01
-1.741978e+01
3.391823e+00
-1.623324e+00
-5.463852e-01
9.488358e-02
-6.879314e-01
3.787901e-01
-2.018994e-01
-2.466673e-01
2.024483e-01
9.230533e-02
3.066128e-01
8.475358e-01
6.238226e-01
-1.779417e-01
-2.920385e-01
4.442370e-01
-2.777052e-02
-1.184392e-01
4.376974e-02
-1.949488e-02
3.210078e-01
-2.050500e-02
8.164041e-02
9.636881e-02
-2.031892e-01
2.015821e-01
1.022253e-01
-7.103239e-02
1.223860e-01
1.286592e-01
