-2.479667e-01
-1.529806e-01
-1.756777e-03
4.693333e+01
1.987212e+02
-2.311263e+01
3.508257e-04
-1.426449e+05
-6.181164e+05
3.937152e+05
3.109237e+05
7.925154e+04
1.036468e+05
-6.087777e+04
-2.294170e+03
-1.240367e+05
1.397227e+04
-6.205159e+04
4.362150e+04
-4.552722e+04
-2.203580e+04
-2.992246e+04
2.987563e+04
2.790221e+04
1.133865e+04
-5.575596e+04
-5.295984e+03
-2.449461e+03
8.422623e+03
4.561435e+04
-1.228770e+05
5.219000e+03
-2.374062e+04
-7.834264e+04
6.016625e+04
2.623523e+04
1.850538e+04
6.439416e+03
-1.394418e+04
-6.217305e+03
4.786311e+03
-6.413990e+03
-2.880143e+04
6.735845e+03
2.199524e+04
-1.631741e+03
-1.372438e+04
6.088621e+03
-1.125854e+04
-5.584030e+03
1.669532e+04
9.149702e+03
8.570792e+03
-1.232213e+04
-1.548017e+04
4.933504e+03
-5.161897e+02
6.960360e+03
-2.191770e+03
-1.655415e+04
-2.733497e+03
-8.337631e+02
-3.368377e+03
-8.319905e+03
4.282347e+03
6.223035e+03
5.481833e+03
6.673346e+03
-6.960096e+03
3.827819e+03
4.084070e+03
1.200327e+03
-2.845560e+03
4.807703e+02
1.994234e+03
3.479183e+03
3.955147e+03
2.224417e+02
-5.687461e+03
-1.430132e+02
-1.352931e+03
3.898031e+02
-4.402855e+03
9.973702e+02
2.972985e+03
2.869294e+03
-7.656957e+02
3.871952e+02
-1.431476e+03
-1.996037e+03
5.125674e+02
-1.404520e+03
3.491862e+03
3.738840e+03
-2.406123e+03
1.599943e+03
1.752204e+03
1.583746e+03
8.014060e+02
1.549293e+02
-1.814984e+03
-9.895012e+02
-6.900615e+02
-2.298302e+03
9.376160e+02
7.305937e+02
1.926819e+03
4.366990e+01
5.204333e+02
1.884256e+03
-3.831333e+02
2.936860e+03
-7.409608e+01
1.671447e+03
-5.446132e+02
-6.274322e+02
-9.922080e+01
-2.477304e+02
-1.795231e+02
4.361802e+02
-6.215291e+02
-2.360348e+02
-5.564330e+02
7.720867e+02
6.831908e+02
-5.749658e+02
-1.377911e+02
4.202537e+02
4.255293e+01
-6.103218e+02
4.245400e+02
3.286140e+01
1.340170e+02
3.821693e+02
-4.893572e+02
5.599116e+01
8.700531e+02
-3.461336e+02
2.017365e+02
3.493407e+02
-2.287131e+01
3.914380e+01
-8.860544e+01
6.562181e+01
-1.104197e+02
1.103694e+02
2.143930e+02
-3.057055e+02
2.175384e+02
3.007391e+02
9.898611e+01
1.012122e+02
4.049163e+02
2.383987e+02
-4.689441e+02
-7.112306e+00
1.431241e+02
2.659053e+02
-3.875665e+02
-2.718727e+02
2.332873e+02
-3.968464e+00
2.639572e+02
1.547043e+01
1.522423e+02
-6.260491e+01
1.431933e+02
-1.500531e+01
5.462814e+01
2.865852e+02
8.674954e+01
1.190095e+02
5.139403e+01
6.268336e+01
5.637120e+01
-4.545785e-01
-9.571880e+01
-2.883296e+01
-3.223922e+01
1.976627e+01
3.707166e+01
1.012353e+02
1.058876e+01
9.813026e+00
6.827068e+01
9.524023e+01
1.292645e+02
-4.443736e+01
-7.622607e+01
1.038483e+02
-3.514703e+01
6.433440e+01
-1.378063e+01
5.350689e+01
-1.077623e+01
-1.077306e+01
-4.497087e+01
-7.032341e+01
1.780512e+01
2.855030e+01
-1.913702e+01
-9.586497e+01
4.689080e+00
-5.334737e+01
6.564853e+01
3.850700e+01
-1.914614e+00
4.805161e+00
-8.237331e-01
1.483529e+00
3.060499e-01
-2.302839e-01
-1.540395e-01
-8.520929e-01
-1.145683e-01
-7.937008e-01
-6.206795e-01
-1.027290e+00
1.354155e-01
1.779775e-01
3.397431e-04
4.064512e-02
2.634254e-02
1.251196e-01
8.937725e-02
-3.230401e-01
2.599580e-01
1.077299e-01
-1.501137e-02
8.591013e-03
-1.223810e-02
2.836816e-03
5.554524e-02
-1.960280e-01
-1.535132e-01
