-5.368322e-01
-4.744670e-01
4.239141e-01
5.034667e+01
2.036836e+02
-2.034336e+01
3.361086e-04
1.036695e+05
1.356097e+05
5.194752e+04
1.586273e+05
-1.340488e+05
6.929441e+04
4.938093e+04
7.183767e+04
1.045330e+05
2.870612e+04
2.588048e+03
-5.970707e+04
2.132458e+04
-3.017032e+04
2.815360e+04
6.741274e+04
-6.071058e+04
2.476978e+04
-1.978806e+03
2.407045e+04
-1.765513e+04
-4.239941e+04
6.132417e+03
-1.672354e+04
-1.482639e+04
-2.925333e+03
1.165959e+04
1.105389e+04
2.271032e+04
3.350981e+02
3.922754e+03
5.807469e+02
-1.557853e+04
-1.097539e+04
2.440436e+03
-2.805744e+03
4.138565e+03
-4.356070e+02
-1.431301e+04
-2.186811e+03
1.130576e+04
2.991114e+03
-2.802931e+03
-3.457172e+03
1.310283e+04
-3.512635e+03
8.746515e+03
1.272453e+03
5.525744e+03
-4.361184e+03
3.132500e+03
-2.573454e+03
-7.375162e+03
1.489661e+02
-1.660688e+03
-3.052782e+03
-4.205476e+03
3.733829e+03
9.389373e+02
7.185729e+02
-5.974645e+03
1.311987e+02
-5.830700e+01
1.209240e+03
2.363276e+02
-1.596131e+03
5.543411e+02
-3.620232e+02
2.293181e+03
-3.426215e+02
1.134059e+03
-3.344221e+03
-1.658283e+03
3.225796e+03
-2.728520e+02
1.309332e+03
-1.258547e+03
2.206465e+03
7.388476e+02
-1.096391e+03
8.383430e+02
-1.197667e+03
-2.736035e+01
-1.167785e+03
-9.882737e+02
2.545959e+02
-3.995817e+02
-1.247559e+03
8.913713e+02
-1.577391e+02
6.517709e+02
1.665322e+02
1.039935e+03
-1.011339e+03
5.665428e+02
-2.678729e+02
-2.361162e+02
-1.761845e+02
-4.774308e+02
6.235379e+01
-1.122521e+02
-1.602318e+02
5.705385e+02
-3.496060e+02
-3.001173e+02
-4.602303e+02
1.035740e+02
-5.433486e+02
5.464063e+01
1.856985e+02
2.340728e+02
1.154438e+02
1.596840e+02
-4.970263e+02
-2.132553e+02
-4.084301e+01
1.956010e+02
-3.572482e+02
5.402166e+01
1.927687e+02
3.044067e+02
-8.597876e+01
3.940611e+02
3.340763e+02
3.246839e+02
1.795941e+02
1.575959e+02
3.074687e+02
5.247985e+01
1.789721e+02
-1.678735e+02
7.546265e+00
2.911753e+01
-5.414625e+00
-5.895281e+01
-7.106564e+01
-5.908486e+01
1.382700e+02
-9.931894e+01
-2.204960e+02
-2.269723e+02
3.781770e+01
-2.319631e+02
-9.741101e+01
2.425168e+01
9.587435e+01
-3.769428e+01
-2.496001e+02
-1.027487e+02
2.451545e+02
3.195317e+01
-4.081388e+01
-3.590762e+01
1.602000e+02
7.164401e+01
-1.005115e+01
-7.500516e+00
6.236911e+01
-8.273817e+01
-2.782470e+01
-4.043010e+00
7.465158e+01
-4.572265e+01
5.634669e+01
7.395757e+01
-9.231718e+01
2.426667e+01
2.001066e+00
-3.977164e+01
6.102077e+01
3.188025e+01
-8.075889e+01
9.907728e+00
-2.291584e+01
-1.262595e+01
4.875170e+01
3.543241e+01
6.438058e+01
-6.987828e+01
-1.145054e+02
-5.305413e+01
2.985955e+01
3.142481e+01
2.896221e+01
7.408871e+00
1.598115e+01
-2.301547e+00
3.424146e+01
-5.200550e+01
4.482097e+01
-3.825139e+00
1.061854e+01
-3.416355e+01
1.920351e+01
2.401869e+01
6.274164e+00
3.680061e+01
-1.259286e+00
1.198615e+01
1.959668e+00
-4.631506e-02
4.594812e-01
-1.200113e-01
3.747034e-02
3.733187e-01
3.469941e-01
8.176224e-02
-1.194860e-01
9.718037e-02
-2.296777e-01
-3.072191e-02
-1.132473e-01
1.188443e-02
-2.391022e-01
-5.393507e-02
1.463767e-02
1.505175e-01
1.750900e-01
-6.960717e-02
6.985503e-02
3.672680e-02
-1.313970e-02
1.046201e-01
-1.065451e-01
-4.499735e-03
-2.405281e-02
1.297081e-02
-4.133843e-02
