-1.706860e+00
-1.512816e+00
1.344830e+00
4.892445e+01
1.919637e+02
-8.332176e+00
3.110253e-04
-4.349083e+05
-1.613170e+05
-1.705054e+04
-2.708701e+05
2.351685e+05
-3.742055e+04
-1.346772e+05
1.151570e+05
-3.395160e+05
-4.197288e+04
-1.174419e+05
8.148388e+04
-3.396339e+04
-8.929059e+04
-2.414895e+04
-1.561259e+04
1.324082e+04
-8.439109e+02
1.778106e+04
4.302189e+04
5.967761e+04
-1.233331e+04
-3.831720e+04
-6.217350e+04
2.219883e+04
-2.194755e+04
-2.312469e+04
2.070553e+04
-1.406001e+04
-3.281920e+03
1.022555e+04
-2.247734e+04
7.538975e+03
-2.173077e+04
-3.439427e+04
-7.711008e+03
-1.022644e+04
9.007515e+03
-4.265052e+03
1.096676e+04
-2.704314e+03
-2.245942e+04
-7.427986e+03
-5.362498e+02
-1.334045e+03
2.221665e+04
-1.117155e+04
-8.669653e+03
6.256038e+03
5.187097e+03
1.694322e+04
-1.118490e+03
-7.354404e+03
-3.666770e+03
7.537710e+03
-3.364018e+03
-5.844955e+01
-3.076705e+03
2.181345e+03
8.172657e+03
1.347846e+04
-4.582070e+03
4.348827e+02
2.512300e+03
1.995356e+03
1.565882e+03
-2.582086e+03
-1.175451e+03
-1.308792e+03
-1.135664e+03
-4.689870e+03
-6.047204e+03
1.051326e+03
-3.553763e+03
2.371892e+03
-2.669408e+03
3.489016e+03
5.140982e+03
6.476624e+01
-6.479176e+02
-1.297335e+03
-7.535533e+02
9.967244e+02
2.157304e+03
1.685370e+03
1.697243e+03
1.202185e+03
-8.772167e+02
6.386111e+02
9.229905e+02
-2.170879e+02
2.149766e+02
-6.785238e+01
-1.545804e+03
1.107094e+02
5.814316e+02
-2.362766e+03
1.725685e+03
-7.280027e+02
5.078266e+02
9.223914e+02
2.024835e+03
1.870123e+03
-1.673392e+02
2.291302e+03
8.429642e+01
4.939544e+02
5.128196e+01
-7.161962e+02
-2.022087e+02
-7.004681e+02
-6.094472e+02
7.953292e+02
7.487992e+02
1.441104e+03
-6.033041e+02
2.565392e+02
1.422712e+03
-2.618069e+02
1.436637e+02
-7.722943e+02
-3.751606e+02
-6.942894e+01
2.173153e+02
-9.014385e+01
-5.552587e+02
-3.374490e+02
-6.621196e+02
-5.325224e+02
8.477869e+02
-2.904367e+02
2.507819e+02
2.811894e+02
-5.536982e+02
-2.181764e+02
1.100483e+02
3.982521e+02
-4.041334e+02
3.042380e+02
1.396228e+02
-3.336081e+02
-2.519005e+02
3.330685e+02
2.865252e+02
3.569626e+02
1.562962e+02
-1.035203e+02
-1.542634e+02
6.134847e+01
-3.060079e+02
1.664716e+01
8.421001e+01
-1.595975e+01
1.119522e+02
2.662667e+01
1.213954e+01
-1.615871e+02
-1.456589e+02
5.854597e+01
-1.757070e+01
2.089705e+02
-2.437613e+02
1.335156e+02
1.927036e+02
1.841753e+01
2.666345e+02
1.012817e+02
-2.653466e+02
2.960474e+01
-2.154897e+01
1.201336e+02
4.696219e+01
-7.221204e+01
1.214898e+02
1.331606e+02
-2.892441e+01
-7.744359e+01
8.545947e+01
9.987175e+01
2.348476e+02
7.411472e+01
-1.993422e+02
-1.749480e+01
4.700806e+01
4.204357e+01
-5.766759e+01
-6.923967e+00
-6.236443e+01
5.344437e+00
-7.632938e+01
1.415371e+01
-5.622874e+01
9.708620e+01
1.754718e+01
-1.262857e+02
4.882927e+01
-4.651065e+01
3.522609e+01
6.644302e+01
-6.860043e+00
-6.050347e-01
2.798016e-02
2.096649e+00
3.650051e-01
-7.187434e-02
-5.089478e-01
-1.868890e+00
-1.316884e-01
1.279427e-01
6.480179e-01
-6.315507e-01
1.921134e-01
1.054730e-01
5.016311e-01
-1.318111e-01
7.443088e-03
-9.222825e-03
1.115013e-02
3.758022e-02
4.727404e-02
2.884318e-01
-6.698940e-02
-3.224589e-01
3.916301e-01
2.393728e-02
2.279227e-02
-5.984636e-02
-5.826028e-02
