-1.038771e-01
-1.478951e+00
-4.993922e-02
5.831111e+01
1.754078e+02
-1.010543e+01
3.571648e-04
7.591405e+04
-1.728460e+05
-2.960983e+05
-5.442364e+04
-2.004415e+05
-1.013859e+04
1.129832e+05
-2.214899e+05
-1.019119e+05
-7.132419e+04
6.509099e+04
1.945713e+05
-2.658214e+04
5.476564e+04
-1.034007e+05
3.351650e+04
4.257540e+04
2.091857e+04
4.052295e+04
1.556828e+04
3.511607e+03
-4.362075e+04
-2.693688e+04
-7.423559e+04
-2.146506e+04
-3.800520e+04
-2.914429e+04
-3.784512e+04
-2.145507e+04
-5.518376e+03
5.683012e+02
2.144978e+04
-2.770391e+04
-2.880956e+04
-1.036700e+04
3.228659e+03
1.777225e+03
1.889525e+04
-1.907068e+04
7.972996e+03
9.895186e+03
-1.338231e+04
-2.128309e+03
-1.181657e+04
-2.519071e+03
-7.789114e+03
-4.120949e+03
4.640546e+03
5.488074e+03
-3.289033e+03
1.089935e+04
4.717829e+03
-4.360866e+03
-6.295496e+03
5.864867e+03
-1.552281e+03
-6.131172e+03
8.621789e+02
2.750225e+03
2.530446e+03
4.918444e+02
-1.312601e+03
1.383252e+03
2.643383e+03
2.766382e+02
-1.145406e+03
2.950034e+02
-1.428461e+03
-1.977361e+02
6.121873e+02
1.192301e+03
-4.269953e+03
-2.273615e+02
2.404487e+02
-3.214501e+02
1.878959e+02
2.642421e+03
2.675635e+03
6.389224e+00
2.237553e+02
1.720139e+02
-1.610698e+03
2.039376e+03
-3.508813e+02
-1.132974e+02
1.117301e+03
2.333355e+02
-1.495150e+03
3.290784e+02
1.317766e+03
-7.176220e+02
3.932694e+02
-4.939324e+02
2.893384e+02
-3.787003e+01
1.315104e+03
-1.573718e+02
6.133210e+02
-1.062660e+03
1.267208e+03
-3.768580e+02
8.374204e+02
1.970448e+02
-2.809851e+02
3.390461e+02
-5.378378e+02
-1.188765e+01
-3.022912e+02
8.882383e+02
1.676164e+02
6.613340e+01
-2.228270e+02
4.831837e+02
-9.933366e+01
1.470434e+02
5.752817e+02
-4.956655e+01
2.512880e+02
-1.634338e+02
8.653107e+01
-2.447089e+01
-2.319141e+01
-3.662595e+02
4.589186e+02
3.802512e+02
1.001927e+02
1.524071e+02
6.347550e+01
-2.984415e+02
2.500930e+02
-2.908127e+02
4.054554e+02
-2.375591e+02
1.213291e+02
3.506317e+02
-1.364013e+02
2.070590e+02
8.560365e+01
4.615945e+01
4.473281e+01
-4.774915e+02
1.608736e+02
4.462457e+01
-8.862793e+01
1.353612e+02
1.280276e+02
-1.925346e+02
-2.468784e+02
-1.275251e+02
1.152568e+02
-9.002061e+01
1.448187e+02
-2.251783e+02
2.227922e+01
2.328053e+02
2.223926e+00
2.938249e+01
-3.589392e+01
-3.677470e+01
-2.740681e+01
1.012724e+02
5.784667e+01
-1.611132e+01
6.534113e+01
8.590627e+01
3.128390e+00
7.439069e+01
2.512313e+01
-7.047961e+01
4.763053e+01
1.195842e+01
-7.012257e+01
4.605565e+01
-2.897116e+01
6.759302e+01
6.883838e+00
-2.311992e+01
6.779466e+01
-4.042193e+01
1.392250e+01
-3.439289e+01
-1.077460e+02
-1.990582e+01
9.685641e+00
1.959519e+01
-2.797653e+01
7.814655e+01
2.262465e+01
5.261933e+01
3.338599e+01
-2.205454e+01
-2.087310e+01
-4.809499e+01
-4.061107e+00
-1.866240e+01
6.627575e+01
1.043139e+01
4.136586e+01
1.541692e+01
-1.007113e+00
2.575133e+00
-3.741522e-01
3.197433e-01
3.807618e-03
2.734762e-01
1.968586e-01
-5.694289e-01
-4.331584e-03
-1.361387e-01
7.470586e-02
-1.577776e-01
1.692076e-01
2.358958e-02
-1.330394e-01
-2.388056e-01
3.026614e-02
-1.651096e-02
-8.665634e-02
2.601479e-02
-9.457624e-03
2.484110e-01
-1.313755e-02
5.489337e-02
9.367524e-02
1.041742e-01
-1.831773e-01
-2.021300e-02
3.792077e-02
