-2.581434e-01
-1.305575e+00
1.589867e-02
5.660444e+01
1.938683e+02
-1.463409e+01
3.537860e-04
-1.036405e+05
-2.217095e+05
-2.633522e+05
-5.228910e+04
2.652176e+05
-1.780834e+05
3.584540e+04
-1.104321e+05
-5.345578e+04
-3.169993e+04
-1.623293e+05
7.267608e+04
2.320943e+04
-3.356293e+04
4.506894e+04
-6.557979e+04
2.809259e+04
1.270810e+04
6.607478e+04
-1.470540e+04
5.049296e+04
2.624627e+04
-1.354897e+03
1.837675e+04
4.337090e+03
-1.120243e+04
-1.578437e+04
-1.173683e+04
-4.787214e+03
-1.673339e+04
-2.238180e+04
1.095005e+04
2.484834e+04
3.354824e+03
-5.567092e+03
-1.404131e+04
3.323364e+03
6.904210e+03
4.773568e+03
9.407656e+02
1.926315e+03
-1.076519e+03
5.904731e+02
1.996373e+03
-5.123666e+03
6.158199e+03
-5.046439e+03
4.110036e+03
2.282827e+03
5.471688e+03
2.792561e+03
5.043707e+03
-2.772157e+03
-5.476961e+03
3.641750e+03
3.016754e+03
7.239934e+03
-2.354210e+03
3.400136e+03
3.641375e+03
4.760049e+03
-5.647897e+03
3.676872e+03
-1.098166e+03
-2.359843e+03
-1.100902e+03
-2.172937e+02
-1.810285e+03
-1.405199e+03
-2.768384e+03
-1.297127e+03
-5.671738e+02
-2.260341e+02
-5.990471e+02
-8.032935e+02
1.773987e+03
1.812479e+03
2.036625e+03
-1.043054e+02
-1.840075e+03
-1.552889e+03
5.772844e+02
4.687815e+02
4.643484e+02
3.649076e+03
1.029836e+03
1.247490e+03
-1.112416e+03
-3.116835e+02
-1.728131e+02
-4.971877e+02
-4.881703e+02
-1.391408e+03
1.396708e+02
-4.324622e+02
3.181035e+02
-1.248778e+03
-3.459147e+02
-3.676461e+01
4.871196e+02
1.002270e+03
1.230726e+03
1.596871e+03
-1.869042e+02
5.775001e+02
-2.576986e+02
5.945765e+02
1.347791e+01
-2.231648e+02
-7.582378e+02
-6.808552e+02
-4.795465e+02
6.256623e+02
1.062510e+03
8.489789e+02
-3.197985e+02
-1.568182e+02
7.757588e+02
-1.034912e+02
2.268368e+02
-2.157406e+02
-5.042214e+02
-6.213936e+01
4.511692e+02
4.750454e+02
-3.050737e+02
-1.182532e+01
-3.890204e+02
-4.531733e+02
9.147827e+01
-2.731497e+02
-7.965667e+01
1.026154e+02
-4.927824e+02
-1.128680e+02
2.559196e+02
-1.171597e+01
-1.885535e+02
1.915264e+02
8.692847e+01
-2.153031e+02
-1.514769e+01
6.121965e+02
1.708249e+02
2.232516e+02
1.247475e+02
-6.864330e+01
-5.060670e+01
1.830717e+01
-1.167676e+00
-1.818087e+02
2.433938e+02
-5.378139e+01
-1.993329e+02
-1.137134e+02
1.952865e+02
-2.223175e+02
-9.014766e+01
2.672546e+01
6.477161e+01
1.188096e+02
-3.657969e+01
1.163336e+02
1.315349e+02
-8.886807e+01
1.052495e+02
-5.701298e-01
-4.807492e+01
7.960845e+01
7.817956e+01
1.142959e+02
-1.667047e+01
9.901985e+01
9.319147e+01
1.632241e+02
-9.119030e+00
-1.124832e+02
5.949182e+01
3.689541e+01
1.246985e+02
1.077318e+02
-1.947187e+01
4.103899e+01
5.151905e+01
6.693113e+01
-1.715740e+01
-1.111772e+01
-1.873210e+01
1.593318e+01
-3.948566e+01
-3.115328e+01
-5.514441e+01
2.908033e+01
-1.478503e+01
-8.853985e+01
-7.428978e+00
-1.585573e+01
6.227055e+01
6.264817e+00
-3.014760e+00
4.439764e-01
-6.168865e-01
9.476380e-01
3.639711e-01
1.049448e-01
-2.604786e-01
-7.165792e-01
2.038462e-01
-1.089002e-01
1.592103e-01
-5.105610e-02
1.586420e-01
9.196858e-03
1.958418e-01
-2.760458e-01
2.785873e-02
7.660381e-02
4.234717e-02
2.176381e-01
1.866881e-01
5.679354e-02
5.027009e-02
-8.396912e-02
2.583864e-01
-9.928395e-03
9.886124e-03
-6.473025e-02
-5.590569e-02
