-1.069463e-01
3.547837e-01
-2.341790e-02
4.721778e+01
1.871749e+02
-2.648217e+01
3.569202e-04
-1.854915e+05
1.577110e+05
3.844363e+05
-3.200255e+05
-9.540922e+04
-2.650444e+05
1.117555e+04
3.519170e+04
-1.878003e+05
8.461695e+04
-5.952298e+04
8.768509e+04
-1.008497e+05
5.765583e+04
-2.358201e+04
-3.939133e+04
2.696212e+04
7.923095e+03
-4.118555e+04
-5.498003e+04
-1.567502e+04
-6.827640e+03
-2.629405e+04
1.062296e+04
-1.006013e+04
-4.660639e+03
-1.181211e+04
-2.462836e+04
-8.604037e+03
3.540321e+04
-1.970187e+04
4.131540e+03
-1.908833e+04
7.770889e+03
-2.817777e+04
-1.197847e+04
-2.583277e+04
7.251173e+03
4.316153e+03
-1.620786e+03
4.784427e+03
-1.532529e+04
1.145435e+03
4.641920e+03
5.040338e+03
6.062670e+03
3.017891e+03
-3.897765e+03
4.324121e+03
3.501856e+03
9.887041e+03
-6.897097e-01
-6.037701e+03
-1.033266e+04
4.311364e+03
-2.437177e+02
-6.748925e+02
5.735796e+01
1.753039e+03
3.047974e+03
4.015989e+03
-2.429663e+03
4.046282e+03
2.127744e+03
4.645229e+03
1.375857e+03
6.286825e+00
-4.529799e+02
-2.065813e+02
2.168618e+03
-1.309290e+02
-4.235195e+03
-1.577270e+03
5.866851e+02
8.371890e+02
-4.697867e+02
2.082379e+03
1.179637e+03
1.287797e+03
-1.776263e+03
4.083004e+01
1.491729e+02
3.415052e+02
-4.763257e+02
5.639001e+02
2.119359e+03
2.479044e+03
-5.506989e+02
4.677793e+02
2.261900e+03
-1.106322e+03
-3.345982e+00
-4.957285e+02
-1.669875e+03
-1.053956e+02
-2.009678e+02
-8.943958e+02
5.921674e+02
-5.526582e+02
1.000503e+03
5.489881e+02
9.340938e+02
1.126284e+03
5.114171e+02
5.071706e+02
-1.286076e+02
1.039715e+03
2.096853e+02
-9.507217e+01
-9.987496e+02
-1.611899e+02
-7.329721e+02
8.952088e+02
-4.965673e-01
6.164777e+02
-2.810280e+02
4.745026e+02
5.157108e+02
6.660936e+01
-3.646187e+02
1.589206e+02
-2.523989e+02
7.771056e+01
-5.278564e+01
5.152093e+02
7.869556e+00
1.153420e+02
-2.300990e+02
-2.530280e+02
1.287635e+02
3.286428e+01
-1.292065e+02
4.574999e+01
-3.432104e+02
-8.240118e+01
-9.109526e+01
2.552064e+01
-1.076539e+02
6.901220e+01
-2.026038e+02
-6.867943e+00
-1.007968e+02
3.287289e+02
7.038770e+01
1.025186e+02
-2.210079e+02
1.462042e+02
1.589113e+01
-1.165374e+01
-2.109821e+01
2.290093e+02
9.914040e+01
-6.583513e+01
1.247702e+02
-6.565661e+01
-1.655095e+01
-8.702099e+01
-1.398403e+02
2.833524e+01
-3.347314e+01
1.652249e+02
-5.408087e+01
-5.059026e+01
1.341791e+02
4.266558e+01
1.006899e+01
1.653237e+02
-7.971059e+01
-8.500829e+01
3.525884e+01
2.800969e+01
-6.649778e+01
3.387434e+01
-5.442605e+00
1.011929e+02
-1.873242e+00
6.273049e+00
7.310436e+01
4.235755e+00
-5.264265e+00
6.966687e+01
-8.072622e+01
-7.050389e+00
1.190778e+01
5.880051e+01
6.346341e+01
-3.667068e+01
3.063632e+01
-1.951152e+00
1.407784e+00
5.987693e+00
-6.639533e-01
1.433181e+01
3.342776e+01
-8.466636e+01
1.501185e+01
-1.823038e+01
-3.185927e+00
1.223262e+01
-1.015443e+00
-4.450018e-01
-1.282652e-01
-7.943650e-01
-1.912758e-01
-3.467554e-01
-1.473431e-01
-2.473878e-01
-2.132655e-01
-2.526097e-01
6.528933e-01
6.600493e-02
1.640951e-01
-3.772695e-02
1.882212e-01
2.932521e-02
3.273412e-02
7.508925e-02
6.967174e-02
1.415019e-01
5.898302e-02
2.570778e-02
1.146310e-01
-7.555301e-02
9.496754e-02
3.719713e-02
6.604761e-02
2.054946e-02
-1.889461e-02
