-3.678130e-01
7.386850e-01
-1.987311e-01
5.461333e+01
2.076427e+02
-2.116798e+01
3.508616e-04
-1.377354e+05
-1.790893e+05
-2.219926e+05
-1.430451e+05
-4.067181e+04
-5.545736e+04
2.585526e+04
-4.739920e+04
-2.553381e+05
4.732846e+04
-5.269307e+04
3.994268e+04
2.206381e+04
2.124941e+03
-1.143807e+04
3.767925e+04
1.028652e+05
3.653584e+04
-1.258886e+04
1.415165e+04
1.001346e+04
3.307366e+03
3.178801e+04
-1.348827e+04
4.289304e+04
1.519708e+03
-5.093695e+04
1.000413e+04
4.152510e+03
1.884920e+04
-1.015207e+04
-7.855096e+03
1.800066e+04
1.293438e+04
-2.333866e+04
-1.648782e+04
2.566625e+02
8.009211e+03
-7.149701e+03
7.566883e+03
-5.104923e+03
5.324330e+03
-1.883569e+03
4.682481e+03
3.523208e+03
4.776750e+02
-6.295246e+03
-6.711540e+03
1.636471e+04
6.121179e+03
8.943464e+03
2.736388e+03
-8.669522e+03
-5.135796e+03
1.933899e+02
-1.768360e+03
-2.670736e+03
3.339749e+03
2.364825e+03
3.217304e+03
4.276397e+03
-4.553862e+03
1.447182e+03
-7.901282e+02
-8.493399e+02
1.736249e+03
-5.743376e+02
2.068704e+03
-1.206014e+03
8.942813e+02
-7.721752e+02
-5.308955e+03
-3.325905e+02
-1.942781e+03
2.356160e+02
-1.201706e+03
1.588121e+03
4.304936e+03
1.370605e+03
-3.231644e+03
-2.722245e+02
-8.350681e+02
5.568399e+01
8.482192e+02
1.345071e+03
1.334611e+03
3.107351e+03
-1.989740e+03
-6.646299e+02
1.572729e+03
9.435311e+02
-6.136911e+02
-8.543398e+02
-5.513814e+02
-2.094653e+02
8.920507e+02
-1.038158e+03
7.760744e+02
-1.148108e+03
3.986384e+02
1.276553e+03
3.421706e+02
2.413040e+03
1.334483e+02
1.760081e+03
-1.697948e+02
7.646352e+02
4.081700e+02
-4.796852e+02
3.214626e+02
-1.091999e+03
-3.723670e+02
2.032340e+02
5.286079e+02
3.977529e+02
-4.991778e+02
2.114036e+02
5.037379e+02
-7.891321e+02
-4.931020e+01
-3.529866e+02
2.625074e+02
-5.668904e+01
2.228660e+02
5.007790e+02
-1.227742e+02
4.011955e+02
-6.110399e+02
1.234859e+02
3.826420e+02
-4.059397e+02
-6.966203e+01
2.508554e+01
-3.352648e+02
-4.223359e+00
3.503547e+01
1.047350e+02
-5.005666e+01
1.426808e+02
1.695976e+02
-1.207392e+02
-4.340178e+01
2.292257e+02
2.337099e+02
2.708910e+02
1.844041e+02
-5.205233e+01
-1.216266e+02
1.454403e+02
1.151071e+02
1.798045e+02
1.309350e+00
-1.855642e+02
1.174554e+02
-4.367013e+01
8.790861e+01
4.002291e+01
-8.708689e+01
-1.713870e+00
6.033456e+01
1.196727e+02
-7.593848e+01
2.275924e+01
6.985835e+01
2.784209e+01
4.465147e+01
7.808421e+01
-2.388603e+01
-6.566614e+01
3.145164e+01
-3.581580e+00
2.782700e+01
7.309928e+01
-8.114629e+01
-4.457711e+01
3.223246e+01
1.562573e+01
1.294838e+02
-4.242108e+01
9.493946e+01
6.613920e+01
-1.136663e+02
1.715192e+01
6.332074e+01
-1.058738e+00
-6.613169e+01
2.716980e+01
-4.122204e+01
1.215246e+00
1.112514e+01
2.480267e+01
1.603349e+01
3.503577e+01
-5.163528e+01
-4.423785e+01
3.095802e+01
6.389596e+00
6.578478e+00
3.652807e+01
-3.391695e+00
2.767397e+00
-2.284553e-03
7.979792e-01
2.732029e-01
-4.368414e-01
-1.939342e-01
-1.113105e+00
4.425181e-02
-5.196756e-01
1.212766e-01
1.009257e-03
-3.262095e-01
7.636622e-02
9.859742e-02
5.509794e-02
4.810400e-02
1.533905e-02
6.737418e-02
8.322091e-02
-1.122358e-01
9.472974e-02
5.828756e-02
-1.028240e-01
6.265938e-02
-3.779328e-02
9.495226e-02
-1.025845e-01
-7.027563e-02
