-4.341825e-01
-9.870915e-01
9.862661e-02
5.489778e+01
2.108957e+02
-2.038036e+01
3.648016e-04
-1.863803e+03
2.027480e+05
-2.210830e+05
-2.181572e+05
-8.275228e+04
4.392552e+04
8.858345e+04
-1.194277e+05
-1.838941e+05
-1.262049e+05
-1.672014e+04
1.416130e+05
5.696036e+04
-4.249912e+04
1.272513e+05
3.993448e+04
9.676451e+04
6.466947e+04
6.925741e+04
-1.549454e+04
2.518467e+04
-3.909645e+04
-1.724922e+04
1.068183e+05
1.070672e+04
-5.458951e+04
-3.830746e+03
-2.661314e+04
-2.682858e+04
-3.113270e+04
-3.938212e+04
2.542488e+04
4.652122e+03
3.173598e+03
-2.013565e+04
2.419474e+04
3.626978e+03
1.102853e+04
5.510891e+03
6.595731e+03
4.812339e+03
8.329800e+03
-2.025338e+03
-1.210083e+04
-5.511306e+03
8.386773e+03
-1.192689e+04
9.180580e+03
6.265406e+01
1.235876e+03
9.469586e+02
3.694937e+03
2.270924e+03
6.133292e+03
-5.348201e+02
-6.364292e+02
-4.203187e+02
-2.635798e+03
4.087876e+03
2.853778e+03
9.524760e+02
-4.838290e+03
-1.462926e+03
-3.638740e+03
3.424567e+03
3.191713e+03
4.049890e+03
2.871580e+02
-6.340070e+02
3.584438e+02
5.845255e+01
-3.879787e+03
-4.080630e+03
6.189654e+02
-1.018597e+03
6.771063e+02
6.300453e+02
7.188530e+02
1.158812e+03
-4.505619e+03
-1.096476e+03
-1.449229e+03
2.624135e+03
-1.336620e+03
3.650375e+03
9.037969e+02
-5.887024e+01
-1.513458e+03
-4.247461e+02
1.874059e+03
2.059357e+01
1.166299e+03
4.695329e+02
-1.372757e+03
-5.969156e+02
1.586833e+03
6.225177e+02
-7.366808e+02
-8.410818e+02
-1.131022e+02
2.062651e+03
-3.395585e+02
1.291199e+03
1.063221e+03
-1.697023e+03
-9.417538e+02
-1.846869e+02
9.896772e+02
9.225579e+02
-3.072956e+02
-1.333685e+02
6.510603e+01
1.365979e+03
6.146558e+02
9.739913e+02
-4.123466e+02
-2.379763e+02
-8.014680e+02
3.658890e+02
6.743198e+01
8.797633e+02
-1.760629e+02
3.205799e+02
-6.883889e+02
4.534025e+02
2.261595e+02
1.780046e+02
2.162685e+02
-4.273390e+02
-1.331569e+02
-3.542339e+02
-2.440657e+00
-3.334188e+02
-3.367631e+02
4.957921e+02
-1.462117e+02
1.518636e+02
-3.132089e+01
-2.236676e+01
-7.176607e+01
-1.992595e+01
7.340249e+01
2.403095e+02
7.713071e+01
7.380333e+01
-3.583295e+02
-2.447513e+02
6.280822e+01
-8.504110e+01
-8.282325e+01
-2.115005e+02
4.352299e+02
-9.652131e+01
-1.349086e+02
4.426465e+01
-1.089635e+02
-7.000996e+01
-1.304992e+02
1.055024e+01
3.144147e+01
1.385603e+02
-2.393506e+01
-2.015716e+02
-2.603855e+01
6.812175e+01
-4.721260e+01
1.975422e+01
-2.744521e+01
-1.883018e+02
4.678312e+01
-4.127672e+01
-9.364403e+00
1.950054e+02
1.225944e+02
-9.828404e+01
-2.550718e+01
2.137256e+01
6.518001e+01
-7.173077e+01
-4.202979e+01
9.382320e+01
3.666390e+01
-5.352572e+00
1.356245e+01
2.001251e+01
-1.402254e+01
-2.858159e+01
8.994154e+01
2.563269e+01
3.977996e+01
4.136269e+01
-4.698178e+01
-3.820190e+01
3.016724e+00
6.945382e-01
4.066202e+01
-1.258465e+01
-3.751564e+00
-1.098294e+01
-4.772306e-01
-7.928556e-02
-1.859362e-01
-6.443731e-01
6.586558e-02
-1.136595e-01
8.181165e-02
-5.615365e-02
4.902180e-02
-2.728494e-01
4.354365e-01
5.930252e-01
3.790644e-01
-1.275769e-02
8.624787e-02
-1.279029e-01
5.810868e-02
9.891734e-02
8.224633e-02
1.936683e-01
-9.772262e-02
2.245765e-02
9.545183e-02
2.523211e-02
8.208077e-02
-3.502595e-04
-2.422623e-02
9.450343e-02
-2.918332e-02
