-3.189819e-01
2.735564e-01
2.744993e-01
4.778667e+01
1.946189e+02
-2.584512e+01
3.458830e-04
-7.774758e+04
-6.102909e+05
2.030982e+05
2.287209e+05
1.481703e+05
1.038324e+04
-2.905462e+04
-9.179702e+04
-7.693990e+04
1.085409e+04
1.581005e+05
6.089914e+04
-3.461617e+04
-2.512349e+03
-4.636466e+04
-5.887549e+04
3.008840e+04
4.450438e+04
-3.486456e+04
1.722620e+03
5.697563e+04
-5.159743e+03
3.129722e+04
-7.983593e+04
1.907911e+04
-2.495013e+04
-3.100098e+04
-2.110312e+04
1.328658e+04
4.336721e+03
-8.245299e+03
2.305751e+04
-2.557552e+03
1.557575e+04
-1.163846e+04
-2.748157e+04
4.433525e+02
1.991750e+04
2.280467e+03
-2.155868e+04
8.225936e+03
-6.530829e+03
1.967819e+03
-4.978585e+03
-2.931388e+03
6.036136e+03
-1.008252e+04
3.575465e+03
9.029740e+03
2.611133e+03
8.368042e+03
7.251263e+01
-8.798250e+03
-4.735113e+03
6.166687e+03
-4.184862e+03
-6.538146e+02
-3.809704e+03
4.355420e+03
2.287345e+03
3.032643e+03
-6.690921e+03
1.144592e+03
2.363752e+03
1.452488e+03
-2.517519e+03
6.098492e+02
1.611296e+03
1.747545e+03
2.874275e+03
-2.070874e+03
-8.905419e+02
-7.151840e+02
-2.145541e+03
1.893917e+03
-2.169107e+03
3.217404e+03
1.253151e+03
2.304159e+03
6.020861e+02
-1.338814e+03
-1.619596e+02
-1.996891e+03
-2.305127e+02
8.782505e+02
2.592435e+03
1.104696e+03
-3.834880e+01
7.347861e+02
4.389858e+02
-5.972208e+02
1.027673e+03
6.329985e+02
-2.988970e+02
-5.609822e+02
3.741223e+02
-1.058594e+03
6.487548e+02
-8.832872e+02
1.597223e+03
-8.113046e+02
1.138861e+03
1.041567e+03
-1.381407e+03
2.495163e+03
-7.739586e+01
5.919208e+02
-8.676364e+02
2.351730e+02
-5.729476e+02
-2.112965e+02
1.103251e+02
3.131769e+01
4.573485e+02
-6.327967e+01
-3.071474e+02
4.666314e+02
2.823309e+02
-2.698174e+02
-1.927187e+02
-1.952420e+01
6.052688e+01
-5.920767e+02
1.819292e+02
3.903150e+02
4.002301e+01
2.296814e+02
-9.778526e+01
-1.732486e+02
4.231745e+02
-3.937628e+01
9.459590e+01
1.589730e+02
-1.764716e+01
1.885039e+02
-1.645098e+02
-2.862586e+01
-1.874832e+02
1.289972e+02
3.080613e+02
-1.622850e+02
7.924847e+01
3.837169e+02
-9.571345e+01
-1.320085e+02
3.440333e+02
1.139641e+01
-2.105443e+02
2.732687e+01
1.970302e+01
1.375335e+01
-2.794481e+01
-1.874532e+02
1.176276e+02
-1.547524e+02
2.374799e+02
8.885612e+00
1.583079e+02
4.690166e+01
1.758046e+01
4.196777e+01
6.320443e+01
1.087642e+02
1.345816e+02
4.942172e+01
-1.815740e+01
-8.436450e+01
-5.944889e+01
5.148016e+01
-3.664485e+01
2.841208e+01
-2.655287e+01
4.620074e+00
-1.252401e+00
1.602822e+02
-3.955888e+01
-3.632188e+01
8.108633e+01
3.590680e+01
1.680804e+02
-1.271577e+01
-1.658864e+01
2.932624e+01
3.351640e+01
6.330737e+01
-5.710562e+01
5.275001e+01
2.647598e+01
3.549709e+01
-7.142458e+01
-9.187965e+01
1.518535e+01
-1.098691e+01
-1.450347e+01
-9.093406e+01
-2.650329e+01
-5.260456e+01
8.049824e+01
1.175434e+01
-1.856363e+00
3.635086e+00
-6.543275e-01
1.041771e+00
1.393072e-01
-4.008586e-01
-3.620866e-01
-4.749033e-01
1.862575e-02
-4.401440e-01
-3.491609e-01
-6.714742e-01
-1.358150e-02
1.125593e-01
1.759669e-01
1.421634e-01
-1.967844e-03
8.673432e-02
6.142562e-02
-1.385758e-01
2.911089e-01
2.749559e-02
4.116289e-03
3.035567e-02
6.047782e-02
7.826658e-02
-7.636786e-02
-2.010610e-01
6.743193e-02
