1.737403e-01
-7.748346e-01
2.182040e-01
4.465778e+01
1.545622e+02
-2.211171e+01
3.204475e-04
-2.562527e+05
7.100514e+04
1.531302e+05
-2.213221e+05
5.827541e+04
1.298799e+05
-1.975068e+05
4.278429e+04
-1.714647e+05
2.094629e+03
-1.802658e+04
1.186728e+05
8.894009e+03
-4.662543e+04
7.344970e+04
2.846120e+03
2.083731e+04
2.809818e+04
-2.415364e+04
1.301890e+04
-9.459442e+03
-2.587438e+04
-3.693341e+04
-1.055862e+04
1.161895e+04
-2.558993e+04
-6.616522e+03
1.652580e+04
1.268839e+04
7.517302e+03
-5.977055e+03
-1.201524e+03
7.043700e+03
-1.104261e+04
-1.975880e+04
1.825778e+04
-7.458927e+03
-6.858215e+03
7.383277e+02
1.197861e+04
4.944031e+02
-7.365006e+03
-1.544402e+03
-1.550746e+03
-4.794351e+03
1.668522e+03
-1.705327e+03
3.023248e+02
2.824877e+03
3.315537e+03
4.244975e+03
-1.123792e+03
-5.618173e+03
-5.609803e+03
-7.536614e+02
1.574935e+03
-9.133290e+02
1.960046e+02
2.349975e+03
3.248103e+03
9.022971e+03
-2.661289e+03
-3.597467e+03
1.635496e+03
4.312400e+03
4.943498e+03
-3.649779e+02
5.182546e+02
-3.020273e+02
-4.322593e+02
-2.786039e+03
-5.157858e+03
-1.189231e+03
-1.525721e+03
-9.021807e+02
-2.019075e+03
3.585554e+02
1.893116e+03
-4.918749e+02
-1.703806e+03
3.783289e+02
-4.684267e+02
1.514297e+03
-2.112305e+02
5.912460e+02
1.537494e+03
1.278630e+03
-1.153405e+03
2.212451e+02
2.209712e+03
3.400649e+02
2.544367e+02
-3.163320e+02
-1.306200e+03
-7.344575e+02
5.078567e+02
-1.111727e+03
1.166971e+03
-9.149426e+02
-1.375665e+02
1.162799e+03
1.571809e+03
1.213316e+03
8.767099e+02
5.377784e+02
-1.353022e+02
7.798071e+01
-1.423556e+02
2.490340e+01
2.152696e+02
-4.179725e+02
-6.400327e+02
8.826807e+02
-1.102802e+02
7.036367e+02
-3.097808e+02
1.747696e+02
1.290756e+01
-2.549270e+02
9.425224e+01
1.778297e+02
-1.975512e+02
-1.963747e+02
-1.136245e+02
7.666777e+01
1.230604e+02
2.026088e+02
-3.115098e+02
-3.684636e+02
3.680277e+02
-3.845488e+02
-2.208507e+01
2.850272e+01
-3.210404e+02
-5.991174e+00
9.745345e+00
2.754296e+02
-3.168724e+01
5.028013e+01
2.991387e+01
-2.997218e+02
-4.658979e+01
3.790436e+01
1.664060e+02
2.333856e+02
-6.784340e+00
-7.213073e+01
-1.054676e+01
-2.608626e+01
-1.307128e+02
5.874843e+01
5.765219e+00
9.504651e+01
1.233441e+02
-3.065025e+00
-1.161417e+02
5.697528e+01
-2.024453e+02
6.838117e+00
-5.285542e+00
1.900529e+02
-1.400201e+02
5.740411e+00
6.102367e+00
1.083077e+02
1.428931e+02
5.229685e+01
-1.040606e+02
-9.644701e+01
2.657548e+01
6.351986e+01
-2.750809e+01
6.015519e+01
1.365750e+02
-4.159825e+01
-5.829008e+01
-9.393670e+00
6.402306e+01
2.992688e+00
7.077531e+01
9.497449e+01
-8.747323e+01
1.654494e+00
1.236736e+01
3.987484e+01
-2.421955e+01
-2.611123e+01
-4.044534e+00
1.500574e+01
-1.556682e+01
6.541493e+01
-5.402046e+01
3.728077e+01
9.728004e+00
-2.821926e+01
4.650789e+01
-3.002091e+01
3.814763e+00
3.563888e+00
-2.023540e+00
-6.640075e-01
-6.904582e-01
5.542399e-01
6.654195e-02
-2.843589e-01
-5.620498e-01
-7.153500e-02
1.535130e-01
1.094946e-01
7.833526e-01
2.075061e-01
2.423602e-01
1.705549e-01
2.611787e-01
-3.746671e-02
-5.343150e-03
-8.008906e-02
-3.686012e-02
5.345563e-02
-1.985531e-01
2.236181e-01
-5.145441e-02
-1.137196e-01
1.197577e-01
7.154477e-02
-7.063544e-03
5.973100e-02
-5.436652e-02
