-1.847174e-01
-4.542960e-01
3.645329e-01
4.892445e+01
1.924736e+02
-2.315221e+01
3.365111e-04
-6.855704e+04
-3.708514e+05
-2.323851e+05
-5.024980e+04
5.185042e+04
6.329454e+04
4.500069e+04
-9.624253e+04
-1.992509e+05
-1.571160e+05
-1.026769e+05
8.815216e+04
5.709134e+04
-3.673278e+03
4.135233e+03
-4.692087e+04
5.027661e+04
3.837988e+04
3.925543e+04
-3.262581e+04
1.564311e+04
-1.927147e+04
2.035282e+04
-3.506768e+04
4.966579e+04
-2.092354e+04
-3.575428e+04
21431
2.732970e+03
-1.392749e+04
-1.414192e+04
1.514246e+04
1.246312e+04
-4.109597e+03
-3.482520e+03
-1.078628e+04
1.432542e+04
1.470577e+04
-5.315449e+03
3.637275e+03
3.459230e+03
-1.706650e+02
4.091879e+03
5.471286e+03
-8.449299e+02
-1.053279e+03
-8.984275e+03
4.079025e+02
1.926701e+03
2.806488e+03
6.188592e+03
4.603882e+03
-9.489711e+03
-1.898859e+03
1.064546e+02
-2.655474e+03
-1.321117e+03
-2.356309e+02
5.006495e+03
4.152228e+03
2.762095e+03
-3.865116e+03
2.984256e+03
-2.360760e+03
-3.525590e+03
-9.986943e+02
2.364431e+03
1.531958e+03
-1.261277e+02
1.006510e+03
-5.905448e+02
-2.327493e+03
1.719844e+03
-2.236734e+03
4.334675e+02
-5.159667e+02
2.524775e+03
2.674888e+03
1.161879e+03
-1.967682e+03
8.397097e+00
-5.360027e+02
-3.489538e+02
-2.053587e+02
2.022278e+03
1.473007e+03
2.023435e+03
-1.537045e+03
-2.340208e+01
9.066882e+02
2.819071e+02
5.334221e+02
-2.546159e+02
-1.190988e+02
-2.749669e+02
8.999034e+02
-1.190175e+03
-8.113055e+01
-1.340258e+02
9.362740e+02
8.287281e+02
6.553186e+02
2.022927e+03
2.006333e+01
1.313219e+03
-3.858145e+02
9.189995e+02
-3.601999e+00
-1.323416e+02
3.544373e+02
-7.530048e+02
3.243302e+02
1.964507e+02
6.664999e+02
4.883510e+02
-2.385318e+02
5.231807e+01
3.553844e+02
-4.706357e+02
1.379924e+01
-1.429353e+02
-3.354436e+01
-2.663133e+02
2.753041e+02
5.956866e+02
-5.108953e+01
8.890512e+01
-4.608052e+02
1.651420e+02
2.125566e+02
-2.277912e+02
6.007002e+01
-9.493325e+01
-1.942486e+02
2.965668e+02
-4.223389e+01
2.220014e+02
-8.806448e+01
1.001952e+02
2.683703e+02
-1.457129e+02
3.738683e+01
2.401604e+02
4.835412e+01
1.994840e+02
2.267776e+02
-1.109581e+02
-1.807666e+02
-4.025160e+00
4.783912e+00
7.785246e+01
4.296007e+01
-2.748602e+02
6.087145e+01
6.112949e+01
1.733868e+02
-9.745079e+01
-2.296047e+01
-7.517059e+01
7.139056e+01
1.243537e+02
-6.431703e+00
1.286584e+02
1.276531e+02
-5.088591e+01
7.567523e+01
4.169184e+01
2.503903e+01
-3.986632e+01
4.794675e+00
6.453886e+01
-2.573604e+01
9.248736e+01
-7.437701e+00
9.246474e+01
-3.041460e+01
-2.545041e+01
7.597028e+01
8.672641e+00
1.037410e+02
3.231236e+01
-5.515865e+01
7.584526e+01
5.226554e+01
2.496643e+01
-9.040237e+01
2.850877e+01
1.884443e+00
4.341750e+01
-1.126235e+01
-2.183987e+01
-2.245581e+01
-2.920525e-01
-4.865842e+01
-5.584755e+01
-1.180970e+01
1.429231e+01
4.358334e+01
2.815349e+01
-3.236360e+00
2.330780e+00
-3.092887e-01
1.492414e+00
3.577779e-01
-4.544857e-01
-2.066071e-01
-7.569429e-01
2.372174e-01
-4.262692e-01
-3.222230e-02
-1.248652e-01
-3.779157e-02
7.216937e-02
5.759432e-02
-2.198562e-01
-2.617189e-02
-6.500807e-02
-5.281591e-02
8.243778e-02
7.106092e-02
2.013973e-01
1.679240e-01
-1.080358e-01
2.031014e-01
4.856111e-03
-5.101059e-02
-1.120437e-01
-1.227063e-01
