-3.319322e-01
-5.774975e-01
-1.578290e-01
4.437333e+01
1.868631e+02
-2.082868e+01
3.418143e-04
-1.661077e+05
2.802604e+04
3.633958e+05
4.469104e+05
4.440749e+05
-8.317975e+04
-2.401428e+04
1.205045e+05
8.895905e+04
1.604540e+05
-5.758074e+04
-7.077772e+04
5.144540e+04
1.955338e+04
-7.192094e+04
6.785648e+04
2.594447e+04
5.001352e+04
-7.866396e+04
8.765002e+04
-2.516223e+04
1.168433e+03
2.431683e+04
-4.414319e+04
2.767589e+04
1.648284e+04
-1.097445e+04
-4.073195e+03
5.806007e+03
2.298927e+04
1.959417e+04
-3.434430e+04
-4.424973e+02
-9.354695e+03
1.311041e+04
-2.191632e+04
1.514833e+04
6.980738e+03
-2.184163e+04
1.655949e+03
8.336546e+03
1.432375e+04
2.274030e+03
1.364136e+04
1.165771e+04
-6.633665e+03
1.454288e+04
-2.809570e+03
-6.748926e+03
8.573544e+02
9.603259e+02
-2.959542e+03
-8.706834e+03
-9.225456e+03
7.406654e+01
2.636596e+02
-2.323903e+03
9.614936e+02
1.094086e+03
-4.205689e+03
1.983540e+03
-6.497938e+03
2.914929e+03
3.371630e+03
5.782414e+03
-1.586474e+03
-9.579941e+02
-4.586171e+03
-4.911338e+02
-5.717281e+02
-1.906016e+03
-3.229392e+03
-1.474489e+03
-1.902206e+02
-3.687825e+03
7.032777e+02
3.479055e+02
1.779004e+03
1.896883e+03
-1.817691e+03
7.384479e+02
-3.971633e+02
-2.637142e+02
5.250756e+02
-2.867201e+03
-2.976409e+02
1.551938e+03
-6.081621e+02
7.221990e+02
1.438988e+02
2.692694e+02
-1.943930e+03
-6.656844e+02
-7.628440e+02
-9.595439e+02
1.566571e+03
-4.573438e+02
-2.793335e+02
-1.642294e+03
-1.168124e+02
5.023661e+02
1.033516e+03
7.034634e+02
-4.503691e+01
2.190832e+02
-1.999563e+02
9.882786e+02
-9.754514e+02
-5.015324e+02
-5.378281e+02
-3.596031e+02
-8.196693e+02
1.005930e+03
-2.442924e+02
-1.654410e+02
-4.827426e+02
2.496961e+02
3.038537e+02
-3.109582e+02
4.072572e+01
-4.051625e+02
1.764513e+02
8.213773e+01
1.129732e+02
2.128528e+02
3.845596e+02
2.678578e+02
2.202602e+02
-4.195446e+01
-1.361018e+02
2.685547e+02
-3.875605e+02
-5.107123e+02
7.418576e+01
-5.950986e+02
4.655098e+01
2.421283e+02
2.504138e+02
2.191466e+02
-2.215740e+02
-2.041278e+01
2.017352e+02
-9.207132e+01
4.683386e+02
-1.890050e+02
-1.728978e+02
6.960561e+01
-1.572565e+01
2.091788e+02
2.341853e+02
2.402619e+02
-3.846492e+01
1.776189e+02
3.081833e+02
1.179561e+00
-3.922001e+01
1.294259e+02
-1.588245e+02
-1.129942e+02
-1.293187e+00
7.586903e+01
-2.789367e+02
-1.207435e-01
-6.515857e+00
1.835766e+02
8.207200e+01
-5.696241e+01
-1.125318e+02
-7.236781e+01
1.524583e+02
8.866816e+01
-1.557593e+02
-9.062965e+01
1.841839e+01
6.051580e+01
-7.901768e+01
-1.549787e+01
-1.340809e+01
3.916319e+01
8.189893e+01
1.296444e+01
-8.701813e+01
-9.159536e+01
7.730653e+01
-1.461384e+01
6.316900e+01
5.047841e+01
-6.606829e+00
-4.219151e+01
6.069838e+00
1.740347e+01
1.925136e+01
6.576471e+01
6.439851e+01
-1.179379e+01
-6.711461e+01
-4.558932e+01
4.527024e+01
1.370073e+01
1.278530e+00
-2.170078e+00
3.619910e-01
-8.278916e-01
-1.178635e-01
-5.130686e-01
-1.220932e+00
5.018649e-01
3.498112e-02
4.097723e-01
3.257652e-01
-5.045143e-01
3.251398e-01
-8.896719e-02
-1.294368e-01
2.864406e-01
-5.558759e-02
-5.264791e-02
7.399939e-02
-3.233491e-01
-9.281290e-02
-6.382817e-02
-2.228025e-01
-1.393029e-01
-1.483095e-01
-6.170563e-02
-5.786495e-02
-8.020474e-02
-4.723524e-02
