-1.917306e-01
1.508253e+00
-1.789348e-01
5.916444e+01
1.772301e+02
-8.478196e+00
3.543144e-04
-4.287567e+04
-3.720504e+05
-2.228130e+04
3.052451e+05
1.163858e+05
-1.123405e+05
8.773766e+04
-3.996400e+04
-1.216064e+05
-7.438526e+04
-1.475823e+05
4.463178e+04
-2.700000e+04
-2.142416e+04
-6.180755e+04
-1.280665e+04
-6.813896e+03
1.624869e+04
1.638190e+04
-1.253759e+04
4.652572e+04
-2.696672e+04
2.835428e+04
-6.030904e+04
5.541312e+04
-1.134247e+04
-4.288306e+04
1.765454e+03
8.534208e+03
9.846244e+03
6.860372e+03
1.027400e+04
-1.081747e+04
-1.572245e+04
1.995144e+04
-2.096597e+04
-2.123039e+03
1.990616e+04
-5.232548e+03
-1.706823e+03
8.299478e+03
-5.556129e+03
-7.402854e+03
8.050412e+03
-7.778929e+03
7.823121e+03
-4.791871e+03
-1.379589e+04
1.420850e+03
7.802794e+03
1.459338e+04
-4.538724e+03
-1.513842e+04
-5.346379e+02
4.056281e+03
-2.907778e+03
-3.714062e+02
-1.810943e+03
4.529427e+03
7.378300e+02
-2.161920e+03
-3.936289e+03
8.129684e+03
-6.055706e+02
-3.265249e+03
-4.811067e+03
-3.499397e+02
-9.206364e+02
6.154654e+02
1.330120e+03
2.028424e+03
-3.803581e+03
1.308920e+03
-1.808997e+03
2.974664e+03
-4.728621e+01
1.797918e+03
4.922455e+03
1.277693e+03
-1.747937e+03
-8.812611e+02
-3.729131e+02
-1.235321e+03
2.581014e+01
-2.144916e+02
1.870067e+03
1.051980e+03
-1.650275e+03
7.653433e+02
6.659420e+02
4.965732e+02
5.666040e+02
1.758360e+02
1.900752e+02
8.163422e+02
-1.794447e+02
-1.619071e+03
1.195913e+02
-1.674383e+01
1.300740e+03
-1.675198e+02
-1.872026e+02
1.251285e+03
-9.967855e+02
1.389959e+03
-1.306790e+02
1.342121e+03
7.184373e+01
-2.045185e+02
2.657181e+02
-7.432872e+02
3.950222e+02
9.579016e+01
1.245559e+02
-2.194630e+02
-3.324655e+02
2.572619e+02
8.456142e+02
-2.685076e+02
-1.530724e+02
-1.940323e+02
-1.260893e+02
-5.185556e+01
6.926030e+02
5.031678e+02
1.739875e+02
1.920516e+02
-3.346241e+02
3.942494e+02
7.159228e+02
-1.426777e+02
1.211655e+02
1.134131e+02
-8.350076e+01
2.938192e+02
-1.105788e+02
1.114632e+02
-1.638678e+02
1.915372e+02
2.403911e+02
-1.137760e+02
8.669701e+01
1.526861e+02
-2.323913e+01
2.075620e+02
4.333942e+02
6.849934e+01
-2.847217e+02
-9.192771e+01
7.388138e+01
3.486135e+02
-6.004797e+01
-3.906054e+02
1.664574e+02
1.657811e+02
2.565494e+02
-3.275812e+01
1.560084e+02
-1.161790e+02
-1.941297e+01
2.344923e+01
7.053366e+01
2.476554e+02
1.992290e+02
-1.261083e+02
-6.394545e+01
8.549037e+01
2.255055e+01
-4.550084e+01
-1.768150e+01
-2.024102e+01
8.267420e+00
5.521451e+01
-1.099737e+02
1.818401e+02
2.624290e+01
-2.707323e+01
7.325040e+01
-2.093799e+01
5.663976e+01
-1.135634e+02
-4.147386e+01
4.417751e+01
2.066887e+01
-6.842963e+00
-5.677164e+01
8.251121e+01
-4.021952e+00
2.042295e+01
-2.474781e+01
-6.148062e+01
2.873912e+01
1.530126e+00
1.556681e+01
-4.758419e+01
4.750584e+00
1.271944e+01
5.451484e+01
5.236698e+01
-2.016092e+00
3.501283e+00
-8.603982e-01
5.844051e-01
1.367074e-01
-2.758437e-01
8.860018e-02
-1.089291e+00
-1.431258e-01
-6.009156e-01
-4.296790e-01
-7.578672e-01
-1.607812e-01
3.737543e-02
-2.454705e-01
3.382444e-04
6.486759e-02
8.580898e-02
4.785235e-03
-1.711692e-01
1.845287e-02
1.105167e-01
1.601840e-01
-1.282244e-01
-1.545767e-01
7.518810e-03
6.405487e-02
-1.205826e-01
7.579132e-05
