-2.039206e-01
8.903597e-01
-3.378987e-02
5.290667e+01
1.931702e+02
-1.776777e+01
3.567587e-04
-1.294104e+05
-3.456058e+05
1.737819e+05
2.172696e+05
6.539784e+04
8.892570e+04
-4.898181e+04
-4.908345e+04
-1.605248e+05
2.408962e+04
-1.622019e+04
5.435086e+04
3.076233e+04
-2.360189e+04
-4.579217e+03
-5.226478e+04
2.687668e+04
-3.927012e+03
6.119318e+02
-2.916336e+03
6.208089e+03
-1.621698e+04
3.744527e+04
-8.128746e+04
3.996860e+04
-2.689569e+04
-4.723035e+04
4.705473e+04
2.572460e+04
2.167512e+04
-6.476692e+02
1.146663e+04
-9.954271e+03
7.828176e+03
-2.592310e+03
-1.835993e+04
-1.178299e+03
1.417666e+04
-2.985304e+02
-5.376541e+02
6.474635e+03
-1.249658e+04
-1.974446e+03
1.660071e+04
-1.954089e+03
6.981136e+03
-8.923866e+03
-3.699948e+03
5.839659e+03
8.503705e+03
7.979956e+03
-4.086212e+02
-1.002694e+04
-3.450427e+03
-1.077742e+02
1.966068e+03
-3.880450e+03
1.427954e+03
6.471210e+03
3.741305e+03
3.542964e+03
-5.540678e+03
4.124885e+03
1.926598e+03
-7.487176e+02
-1.656367e+03
1.018963e+03
5.280814e+02
7.810247e+02
1.549546e+03
7.395148e+01
-4.623235e+03
7.955487e+02
-2.039809e+03
1.122619e+03
-2.722440e+03
2.503298e+03
2.819013e+03
1.653947e+03
-8.134935e+02
7.805637e+02
7.054426e+02
-1.550114e+03
6.146671e+02
2.726016e+01
2.426830e+03
2.393115e+03
-1.663440e+03
6.297929e+02
1.744121e+03
1.150131e+03
4.008125e+01
-3.887188e+02
-1.174853e+03
-3.812941e+02
-4.424778e+01
-1.230633e+03
8.425885e+02
-2.303364e+02
1.226954e+03
-2.707088e+02
1.139853e+03
1.845788e+03
-8.127394e+02
2.066211e+03
8.179142e+01
1.134277e+03
-3.217657e+02
-2.455646e+02
6.882812e+02
-3.223066e+02
-1.946917e+02
3.572589e+02
2.051483e+02
-9.381500e+01
-3.096983e+02
4.280742e+02
6.567151e+02
-6.246833e+02
4.282122e+00
2.140878e+02
7.681680e+00
-5.456138e+02
4.504095e+02
3.436380e+02
2.552474e+02
2.137108e+02
-4.310758e+02
1.645671e+02
6.634443e+02
-1.855381e+02
1.118387e+02
1.226813e+02
-4.448954e+01
1.002118e+02
2.713436e+01
2.432405e+02
-1.390412e+02
5.114600e+01
2.253814e+02
-1.656788e+02
1.666284e+02
1.937411e+02
1.075344e+02
3.147470e+01
3.425030e+02
1.735956e+01
-2.354772e+02
7.551508e+01
1.227567e+01
2.321945e+02
-2.503150e+02
-2.515765e+02
1.657946e+02
-1.699707e+01
1.930937e+02
2.227968e+01
2.421754e+01
-1.312215e+02
-1.796575e+01
7.620296e+01
-4.059276e+01
1.749868e+02
1.072253e+02
2.056087e+01
6.082132e+01
7.095165e+01
-8.371877e+00
-6.650274e+01
-7.096007e+01
-3.867438e+01
-5.171181e+01
4.434702e+01
-5.856884e+01
7.926381e+01
1.498824e+01
-1.392739e-01
6.436553e+01
1.494686e+01
1.292619e+02
9.855641e+00
-8.560998e+01
9.073550e+01
3.135186e+01
2.379531e+01
-7.757887e+01
7.450245e+01
1.126090e+01
1.310834e+01
-2.342532e+01
-4.120253e+01
-1.320133e+01
-1.032280e+00
-2.729990e+01
-6.667889e+01
-1.371928e+01
-2.958350e+00
5.119735e+01
2.386087e+01
-1.895533e+00
3.231218e+00
-4.346147e-01
1.038099e+00
4.426665e-01
-1.601823e-01
-1.722741e-01
-9.292160e-01
1.800207e-01
-5.533282e-01
-2.473578e-01
-5.145470e-01
-1.151559e-01
9.676761e-02
-6.441868e-02
-4.982753e-02
5.225302e-02
-4.719968e-02
-5.340420e-02
-7.812147e-02
1.346581e-01
7.576206e-02
3.869218e-02
-9.939460e-02
-5.303705e-02
4.604099e-02
-3.206141e-02
-9.671186e-02
-3.406039e-02
