1.948755e-01
9.237775e-01
-3.498329e-01
5.176889e+01
1.527254e+02
-2.197710e+01
3.468014e-04
-1.258339e+05
1.550672e+05
1.367336e+05
-2.328758e+05
-5.442616e+04
-1.166317e+05
-2.553147e+04
1.911569e+05
-4.124855e+04
4.179251e+03
-5.678406e+04
8.983923e+04
-4.842407e+04
-2.673054e+04
1.194626e+03
5.144867e+04
4.565744e+02
-1.144182e+04
-1.969417e+04
4.128736e+04
-2.853286e+04
-1.312779e+04
-2.887219e+04
1.821431e+04
-1.847105e+04
-3.409873e+04
-1.394620e+04
2.834946e+03
1.441620e+04
4.480892e+03
-5.516894e+03
-9.683159e+03
-7.535375e+03
-6.883379e+03
-1.563381e+03
1.063235e+04
-1.617005e+04
-2.284838e+03
-1.130864e+04
1.243921e+04
7.401290e+02
-1.041477e+04
-7.651169e+03
4.065776e+03
3.527527e+03
3.890825e+02
3.602529e+03
-3.973188e+03
6.202273e+03
4.505424e+02
7.159397e+03
-1.588113e+02
-9.092859e+03
-6.274620e+03
6.621017e+02
1.232480e+03
-2.988931e+03
5.686342e+02
2.489109e+03
1.073842e+03
1.867542e+03
1.273057e+02
-7.439132e+02
3.036457e+03
3.687189e+03
2.380996e+03
-1.855887e+03
-1.727005e+03
3.830079e+02
-4.908381e+02
-9.854617e+02
-5.347048e+03
-2.577627e+03
2.120804e+01
-1.260801e+03
7.397723e+01
1.793482e+02
2.427348e+03
-9.739477e+02
-1.918651e+03
-5.948396e+02
3.352309e+02
1.485891e+03
2.694825e+01
-7.721158e+02
8.203576e+02
1.246459e+03
-1.146988e+03
8.456156e+02
1.364471e+03
-8.556317e+02
-9.963463e+02
-1.942283e+02
-1.341309e+03
-3.523098e+02
5.316184e+02
-5.889440e+02
3.707021e+02
-1.444300e+03
2.796835e+02
5.205683e+02
7.363925e+02
6.833986e+02
4.809751e+02
-8.377107e+01
-6.979390e+02
4.940140e+02
-1.840380e+02
-9.601203e+01
-3.807908e+02
-1.465413e+01
-3.983753e+02
6.252155e+02
-2.770033e+02
2.262011e+02
-2.965775e+02
5.009653e+01
3.521393e+02
1.033430e+02
2.817003e+02
1.048708e+02
-2.464627e+02
6.540642e+01
8.807223e+01
2.047257e+02
5.094378e+01
2.930206e+02
-3.697886e+01
-1.148390e+02
3.228376e+02
-8.473088e+01
-8.697033e+01
-1.170000e+02
-1.843113e+02
-1.882490e+02
4.228681e+01
5.303120e+01
-1.710885e+01
7.319084e+00
-2.532529e+02
-2.653851e+02
-8.204033e+01
-1.395332e+01
1.528710e+02
1.909703e+02
-1.631135e+01
-7.768867e+01
-8.925548e-01
-4.179723e+01
-3.259521e+01
1.282604e+02
5.325901e+01
3.396918e+01
1.402068e+02
1.094994e+02
-4.937783e+01
6.837614e+01
-1.975500e+02
-2.334453e-01
-1.092498e+02
8.906329e+01
-1.753823e+02
-3.756194e+01
2.059648e+01
9.617455e+01
4.975937e+01
7.630106e+01
-6.101262e+01
-1.055098e+02
7.010883e+01
7.246146e+01
-8.984314e+01
-2.492223e+01
1.321903e+01
4.169579e+00
3.465041e+01
-3.292476e-02
6.320923e+01
-5.922741e+01
7.741361e+00
6.079045e+01
-6.347786e+01
-3.743117e+01
1.274461e+01
4.881101e+00
-7.754382e-01
-2.160396e+01
-1.729585e+01
-1.194082e+01
1.437078e+01
7.233971e+01
-1.003440e+01
2.800976e+01
4.899250e+01
-2.134415e+00
2.529286e+01
-1.972964e+01
3.193910e+00
1.185325e+01
-1.490333e-01
8.368152e-02
-2.985000e-01
-3.892629e-01
2.728595e-02
2.851720e-01
-2.254678e-01
-6.321704e-02
-8.232325e-02
1.180156e-01
4.860280e-01
4.261037e-02
1.184169e-01
-1.289401e-01
-1.131317e-02
7.029145e-02
3.863182e-02
6.626551e-02
3.179749e-04
-7.838129e-02
-2.083486e-01
1.487449e-01
-2.017199e-02
-1.282814e-02
-6.934766e-02
-1.851941e-02
4.315056e-02
3.041585e-02
-2.175946e-03
