-1.034506e-01
2.530213e-01
3.547378e-02
4.664889e+01
1.858757e+02
-2.902493e+01
3.625359e-04
-3.752223e+04
1.023736e+05
-2.451731e+04
-6.993133e+04
4.715568e+04
-1.089998e+05
4.534553e+04
-1.454533e+04
-7.301681e+04
8.997618e+03
-6.107528e+04
8.246997e+04
-8.957269e+04
4.260765e+04
-1.189916e+02
-5.723453e+04
5.120952e+04
-6.601271e+02
-1.682018e+04
-2.250088e+04
1.032853e+04
-1.145450e+04
-7.426926e+02
2.071016e+04
1.475677e+04
8.341671e+03
-1.213467e+04
-2.171395e+04
-9.449859e+03
4.914330e+03
1.342653e+02
9.248005e+03
-1.078836e+04
-5.790129e+03
2.852094e+03
-6.336219e+03
-7.180769e+03
9.918680e+03
1.975423e+03
8.321182e+03
1.894252e+03
-2.886261e+03
-2.074738e+03
9.415493e+02
2.635667e+03
3.417287e+03
7.545875e+03
3.894735e+03
-6.446492e+02
4.829171e+03
6.333490e+03
-1.933947e+03
9.145156e+02
-7.680266e+03
5.207545e+03
2.981368e+03
2.493026e+03
8.302599e+02
3.393652e+03
1.012050e+02
-2.101356e+03
-1.594572e+03
4.594365e+03
1.255680e+03
1.939291e+03
-1.278422e+03
9.420960e+02
-3.081418e+03
-3.612236e+03
-1.277627e+03
7.822524e+02
-1.881789e+03
-1.773594e+03
-3.944713e+02
-2.854635e+02
-6.768716e+02
1.493224e+03
1.445785e+03
1.720033e+03
-6.687315e+02
1.068006e+01
4.287812e+02
9.374326e+01
3.517588e+02
1.576031e+01
8.589163e+02
8.137370e+02
-9.218563e+02
5.370682e+02
1.338411e+03
-1.804446e+02
-6.478763e+02
-9.554276e+02
-6.255525e+02
-3.159558e+02
1.004067e+03
2.749448e+02
-6.603783e+02
-7.478580e+02
6.033312e+02
2.526677e+02
3.119422e+02
7.912042e+02
1.444886e+02
1.299481e+02
-4.024685e+02
2.241824e+02
-3.085635e+02
4.109930e+02
-2.238358e+02
-1.298781e+02
-1.312559e+02
4.855424e+02
1.674109e+02
5.055374e+02
1.370798e+02
9.002147e+01
8.560924e+01
8.828310e+01
-1.087974e+02
5.989322e+01
-2.302122e+01
1.508118e+02
2.751273e+02
4.969498e+02
2.447559e+02
2.078007e+02
1.500190e+02
-2.444640e+02
-2.247714e+01
2.157952e+02
1.695534e+01
-3.421241e+02
-8.779230e+01
1.098352e+02
-1.240689e+02
1.367200e+02
6.873763e+01
8.305936e+01
-1.668475e+02
-1.664366e+01
8.952862e+01
1.569782e+02
4.618428e+01
-9.196056e+01
-5.619456e+01
2.262444e+01
1.765744e+01
6.814866e+00
5.028549e+01
5.362950e+01
1.594392e+02
2.005865e+01
1.754321e+00
-3.792100e+00
3.097779e+01
2.794104e+01
-6.971591e+01
-4.612449e+01
-1.250276e+02
1.599953e+02
-1.109991e+00
-9.205576e+01
2.091373e+01
-1.350275e+01
-5.645403e+01
4.304458e+01
-5.885009e+01
-6.606764e+01
4.755417e+01
4.207820e+01
-7.594472e+01
5.612108e+01
-4.655715e+01
8.216977e+01
-6.312910e+00
3.017367e+01
2.912460e+01
-9.901220e+00
-5.404916e+00
8.178482e+00
-3.299110e+01
-5.287318e+01
5.594778e+01
2.756022e+01
3.808772e+01
1.973569e+01
1.966659e+01
-6.590658e-01
3.153149e+01
-3.470562e+01
1.615981e+01
-2.937240e+01
4.910736e+01
-4.101853e+01
-2.965007e+01
2.607826e+01
1.629409e+01
-1.102210e+00
-8.338288e-02
1.415240e-01
-3.095412e-01
-8.657662e-01
-1.144224e-02
-2.114450e-01
-1.726871e-01
-1.307312e-01
3.504040e-02
-1.924285e-01
2.474251e-01
1.107304e-01
-7.003739e-03
-1.458618e-01
9.208395e-04
7.571980e-02
5.658240e-03
1.871383e-01
1.472218e-01
7.380807e-02
-3.053245e-03
2.470626e-02
9.409569e-02
-1.300643e-01
-8.448262e-03
-1.683823e-02
2.346034e-02
6.292824e-02
7.347142e-02
