-4.759082e-01
-1.021601e+00
1.066461e-01
5.432889e+01
2.065501e+02
-1.710418e+01
3.629715e-04
-2.504520e+05
-2.938790e+05
3.881052e+05
1.524441e+05
3.229029e+05
-2.557168e+05
1.353699e+04
1.132238e+05
-9.549560e+04
1.025432e+05
-1.237341e+05
-6.942409e+04
-2.355198e+04
-2.803778e+04
-8.682032e+04
-3.241779e+04
-1.180261e+04
-1.238977e+04
-2.873160e+04
3.906707e+04
-1.946557e+04
2.082110e+04
-5.800398e+04
-3.926443e+04
2.679770e+03
1.010357e+04
-2.292825e+04
2.223006e+04
-2.648276e+03
-9.854279e+03
1.848561e+04
-2.127371e+04
-5.595760e+03
1.066598e+04
-2.418452e+04
-2.214914e+04
-4.627850e+03
1.873066e+04
-9.205771e+02
-1.144669e+03
8.507955e+03
-9.131726e+03
3.254294e+03
2.794623e+04
4.240713e+03
-2.318164e+01
-5.509407e+03
-1.406150e+04
3.235128e+03
5.632171e+03
9.708288e+03
-9.772670e+02
-2.177102e+04
-5.945625e+03
-2.014621e+02
5.438513e+02
4.260267e+03
5.724198e+02
6.502931e+03
1.900855e+03
5.704475e+03
-5.987227e+03
6.551437e+03
5.078881e+03
1.677286e+03
-3.345042e+03
-3.007215e+03
-9.891335e+02
1.128540e+03
-1.820289e+03
1.802288e+03
-6.559118e+03
1.880702e+03
6.121432e+02
-1.686573e+03
3.455407e+02
3.365771e+03
4.715801e+03
1.906090e+03
-5.881577e+02
-1.601473e+03
-3.158132e+02
-7.999185e+02
6.206706e+02
-7.102205e+02
3.622037e+02
1.772027e+03
-1.646759e+03
5.465969e+02
1.143902e+03
-1.583988e+02
-1.129774e+03
-1.351396e+03
-6.603427e+02
-1.621062e+03
3.622953e+02
-1.642226e+03
6.330115e+02
-8.838593e+02
1.462585e+03
9.884052e+02
1.210803e+03
1.492108e+03
-1.091647e+03
1.336869e+03
-3.556309e+02
1.480762e+03
-8.886042e+02
-1.045535e+03
-1.198271e+03
-4.375930e+02
-1.259544e+03
4.165692e+02
2.881936e+02
3.723834e+02
-7.538178e+02
6.341938e+02
1.241313e+03
-2.618379e+01
-2.536112e+02
-5.987490e+02
-4.042346e+02
-4.393303e+02
5.696534e+02
-9.545543e+01
-2.362014e+02
-1.000096e+02
-3.029872e+02
-4.217340e+00
5.531779e+02
-2.295852e+02
4.574206e+01
-4.369554e+01
-1.060059e+02
-3.655355e+02
1.685717e+02
1.560500e+01
-1.665639e+02
1.640541e+02
-4.545883e+01
-2.106425e+02
2.275862e+00
5.301646e+02
3.457037e+02
1.015932e+02
1.998098e+01
-5.514494e+01
-3.701781e+02
5.856229e+01
-1.922517e+02
4.125091e+01
-4.904453e+01
-1.280315e+02
2.055353e+02
-1.152954e+01
2.592317e+02
-8.511035e+01
-5.782974e+01
-7.428079e+01
6.287300e+01
4.525961e+01
-2.238501e+02
2.525463e+02
1.397036e+02
1.429173e+02
1.337051e+02
8.661771e+01
-9.959349e+01
3.842033e+01
1.080582e+02
1.777461e+02
-4.347812e+01
-1.954736e+02
3.644003e+01
1.718594e+02
1.502902e+01
-1.052854e+02
4.489437e+01
9.776998e+01
2.015077e+02
6.932161e+01
-1.114790e+02
2.528222e+01
2.078637e+01
5.082901e+01
1.987623e+01
5.514862e+01
-3.883674e+01
-3.094555e+01
-1.031622e+02
7.616201e-01
-1.683352e+01
9.315177e+01
3.991504e+01
-1.396596e+02
-2.550489e+01
-6.122855e+01
7.772047e+01
4.173202e+01
-2.445637e+00
1.914597e+00
1.947623e-02
7.281645e-01
-3.430077e-01
5.889278e-03
-4.477775e-01
-9.479691e-01
-3.838823e-02
-2.626123e-01
1.834331e-01
-9.064594e-01
2.446939e-01
4.122299e-02
2.176524e-02
-6.091228e-02
-1.027774e-02
8.771286e-02
1.209346e-01
-1.850953e-01
1.139983e-01
1.893246e-01
-6.731761e-02
-1.047060e-01
1.493979e-01
-3.997656e-02
9.424984e-02
-1.157802e-01
-1.387863e-01
