-3.703843e-01
1.369687e+00
-2.650791e-01
5.660444e+01
1.928795e+02
-1.021891e+01
3.550095e-04
-8.927078e+04
-1.379952e+05
-1.392170e+05
-1.279985e+05
2.077842e+04
-1.841811e+04
-2.106621e+04
2.318059e+04
-1.385658e+05
-1.603589e+05
-7.184715e+04
9.072480e+04
-2.265856e+04
-1.927507e+04
-3.275982e+04
3.328790e+04
8.479113e+04
2.571145e+04
4.196886e+03
-7.493188e+03
1.911870e+04
-2.929725e+04
4.634369e+04
-2.370994e+04
4.265695e+04
-1.544061e+04
-5.361516e+04
4.051733e+03
6.867136e+03
-5.975032e+03
-1.256446e+04
-2.574253e+03
6.680120e+03
1.647542e+04
-1.614223e+04
-1.889020e+04
-3.648452e+03
2.630088e+04
-6.268298e+03
8.270196e+03
4.495783e+03
-7.068116e+02
6.814250e+02
-4.758987e+03
7.922583e+03
7.804026e+03
1.519062e+03
-4.624792e+03
1.221921e+04
-1.631054e+03
6.726362e+03
4.149207e+03
-5.732013e+03
-6.170119e+03
2.314265e+03
1.532433e+03
-9.744991e+03
2.338120e+02
6.778171e+03
3.721257e+03
4.047654e+03
-3.238082e+03
4.527960e+02
3.233450e+03
-1.139976e+03
2.483369e+03
-1.201495e+03
-1.159583e+03
2.045604e+03
2.685251e+03
-1.240369e+03
-2.609677e+03
-1.677030e+03
-1.529594e+03
1.427313e+03
-2.451825e+03
1.649128e+03
3.322996e+03
1.695271e+03
-2.118881e+03
-3.064342e+01
-4.372841e+02
-4.535090e+02
4.103716e+00
1.699176e+03
4.096565e+03
2.345902e+03
-1.590605e+03
1.448544e+02
1.635816e+03
2.800900e+02
-5.966062e+02
-2.443226e+02
-1.834795e+03
-8.469951e+02
9.877834e+01
-4.708435e+02
3.468079e+02
-2.626063e+02
1.794579e+02
5.179842e+02
-7.188040e+01
2.581120e+03
4.249738e+02
1.641883e+03
-1.326466e+03
3.297879e+02
-7.173177e+02
-5.353271e+02
-9.233707e+01
-4.869619e+02
-1.681699e+01
4.717520e+02
2.097926e+02
1.242336e+02
-5.135748e+02
4.355213e+02
5.764998e+02
-3.119054e+02
-1.949277e+02
-8.040402e+01
2.058264e+02
7.029570e+01
-6.108956e+01
7.313923e+02
-2.639468e+02
6.503796e+02
-3.645946e+02
-1.840794e+02
3.828583e+02
-1.039043e+02
-2.685078e+01
1.941900e+02
-1.734159e+02
-2.590495e+02
5.396776e+00
3.748298e+01
-1.669501e+02
3.487284e+02
-3.083316e+02
-1.574196e+02
-2.865744e+01
1.569734e+02
2.145836e+02
1.944565e+02
3.570618e+02
4.629823e+01
-1.298769e+02
8.563717e+01
1.874159e+02
1.869158e+02
-7.704514e+01
-1.131541e+02
1.444692e+02
-1.910334e+01
9.660571e+01
-7.109087e+01
-3.624074e+01
4.761191e+00
7.143418e+01
1.188935e+02
3.616386e+01
-3.417733e+01
6.579708e+01
-3.169394e+01
9.628553e+00
1.640351e+01
-9.001326e+01
9.611925e+00
1.333693e+01
-1.149765e+01
-4.261552e+01
1.046249e+02
2.089363e+01
-2.022959e+01
2.458569e+01
6.989986e+01
9.891984e+01
-2.731034e+01
-1.054142e+01
9.340061e+00
-1.344256e+02
3.004008e+01
4.916913e+00
3.617942e+01
3.187217e+01
1.794176e+01
3.362363e+01
-6.506269e+00
-9.183210e+00
-2.363522e+01
1.402576e-01
-7.478539e+00
-7.685179e+01
-2.767650e+01
4.569232e+00
-1.773163e+01
2.364304e+01
1.790305e+01
-1.980089e+00
1.737120e+00
9.206812e-02
1.126431e-01
1.528842e-01
-3.015304e-01
-5.299892e-01
-8.822234e-01
3.319459e-01
-5.667453e-01
-2.838700e-01
-1.481802e-01
9.522366e-03
3.809798e-02
1.202435e-01
1.654853e-01
2.475807e-02
1.085524e-01
8.422096e-02
-1.641018e-01
1.167832e-01
1.572474e-01
9.581888e-02
9.772173e-02
-6.959785e-02
-2.177327e-02
6.850766e-02
-7.365383e-02
-4.933479e-02
