-3.653445e-01
-1.237456e+00
3.239543e-01
5.603556e+01
1.830758e+02
-1.421888e+01
3.477924e-04
-5.287859e+04
-6.331595e+04
1.480043e+05
9.352912e+04
8.608084e+04
8.005012e+04
-3.308306e+04
-4.575402e+03
1.105578e+02
3.187267e+04
1.552183e+04
5.550619e+04
7.339663e+04
-3.533644e+04
1.198696e+04
1.723368e+04
2.011877e+04
2.484588e+04
-3.501236e+04
4.634146e+04
-3.997529e+02
-7.377086e+02
3.384860e+03
-2.308572e+04
-7.638459e+03
-2.996999e+04
-1.449941e+04
-4.629526e+03
1.329454e+04
-2.970006e+03
-1.413144e+04
5.791731e+03
1.158768e+04
-1.142614e+04
1.248826e+04
-2.207224e+03
-1.369217e+03
-6.532891e+03
-9.343708e+03
2.950044e+03
4.058926e+03
-5.185618e+03
4.729035e+03
4.385792e+03
6.461567e+03
-4.008732e+03
-1.181862e+03
6.783501e+03
-8.516234e+02
7.762683e+02
1.143562e+03
1.396181e+03
-6.459434e+03
-3.203180e+03
-1.267086e+03
1.179305e+03
-3.272365e+03
-9.371672e+02
2.484599e+03
2.648296e+02
6.718958e+02
-3.238250e+03
1.569024e+03
1.901399e+03
2.400402e+03
-9.412249e+02
6.871243e+01
-2.190221e+03
-1.577263e+02
-2.412511e+02
-1.455397e+03
-2.033521e+03
1.598396e+02
-2.198252e+03
-1.599089e+03
4.845126e+02
8.127445e+02
3.111479e+02
-5.503513e+01
-1.274704e+03
1.104565e+03
6.794794e+02
-1.180764e+02
-3.213236e+02
2.645453e+02
1.561564e+03
1.099977e+03
-6.547712e+02
2.967839e+02
7.223680e+02
-1.081419e+03
-8.174637e+01
1.133303e+02
-7.888675e+02
-4.567497e+02
6.739064e+02
-6.827167e+02
-4.816432e+02
-3.797487e+02
2.630565e+02
6.590823e+01
1.057437e+03
5.786588e+02
5.027813e+02
1.014046e+02
-6.075604e+02
3.826461e+02
-4.062596e+02
1.231444e+02
-5.509159e+01
-4.240162e+02
-3.307105e+01
5.327366e+02
2.061873e+02
2.649241e+02
-4.303096e+01
-1.062401e+02
3.957310e+02
-3.858791e+02
7.963294e+01
1.431294e+02
-5.189240e+01
-2.330231e+02
-3.297821e+01
4.927231e+02
1.877470e+02
6.954045e+01
-9.434687e+01
-2.769489e+02
3.448327e+01
-1.250554e+02
-1.213842e+02
-2.770573e+02
-7.662747e+01
5.442190e+01
-4.017579e+00
2.721574e+02
1.296959e+01
-1.065551e+02
6.574930e+01
-2.356542e+02
1.803423e+02
7.976433e+01
1.928655e+02
-1.891239e+01
-4.585910e+01
-2.353462e+01
-8.127859e+01
-1.275139e+01
1.354698e+02
1.769294e+02
-3.713350e+01
-6.891056e+01
2.239213e+02
2.317249e+01
-9.525406e+00
6.759762e+01
-1.411932e+02
-3.494470e+01
-3.250681e+01
1.622787e+02
-1.561389e+02
3.642997e+01
1.383847e+01
5.773908e+01
1.039772e+02
-2.297692e+01
-3.748376e+01
-1.550312e+02
3.545010e+01
3.313983e+01
-1.239407e+02
6.721828e+01
-4.054107e+00
7.254604e+01
-6.427744e+01
-3.810398e+01
6.825336e+01
-1.718620e+01
1.434397e+01
2.579202e+01
-3.749498e+01
-2.678404e+01
3.671579e+01
3.255877e+01
-5.143297e+01
3.114178e+01
1.338062e+01
2.760085e+00
1.565571e+00
-2.455345e-01
-2.137887e+01
-2.176317e+00
-1.473575e+01
-3.048927e+01
-1.301440e+01
-8.365373e+00
3.233083e+01
4.315031e+00
3.929560e-01
-2.287786e-01
2.153978e-01
-3.096008e-01
4.115820e-01
-8.313031e-02
-2.173341e-01
3.843853e-01
4.493635e-01
-3.566879e-02
2.169262e-01
-2.876210e-01
1.326492e-01
4.502988e-03
-1.206762e-01
-7.398584e-02
-4.781040e-02
-1.954806e-01
-4.473768e-02
-1.379762e-01
-9.947387e-02
7.528469e-02
-1.144613e-01
6.256500e-02
-3.853694e-04
4.482631e-02
-6.702882e-02
-2.129677e-02
-5.523949e-02
