-4.678672e-01
-8.260603e-01
2.975972e-02
5.176889e+01
2.104525e+02
-1.881040e+01
3.648787e-04
-1.105369e+05
-7.198956e+04
1.766182e+03
9.046244e+04
1.346663e+05
8.713666e+04
-1.372989e+05
3.742187e+04
2.531887e+04
4.604850e+04
-5.800248e+04
6.107507e+04
-4.816822e+03
-5.299085e+04
-1.475025e+03
6.947664e+04
2.013511e+04
3.635228e+04
-2.354455e+04
6.244619e+03
-3.645840e+04
8.252225e+03
3.907586e+04
-4.724988e+04
-2.418417e+04
1.044381e+04
-1.848520e+04
8.758742e+03
-2.945756e+03
3.847292e+03
-1.834867e+04
-1.694514e+04
3.202234e+03
-1.218945e+04
-2.461923e+04
-1.705726e+04
8.060409e+03
1.156818e+04
-1.807001e+03
2.834709e+03
6.645420e+03
-6.721117e+03
-1.355690e+03
-1.519258e+03
-1.879093e+03
4.984563e+03
6.710474e+03
2.605175e+03
-1.457090e+03
-2.303231e+03
5.547537e+03
1.054504e+03
-6.682018e+03
-3.646828e+03
2.635770e+03
1.052733e+03
-8.369304e+03
-8.705338e+02
4.813484e+03
4.445093e+03
4.841437e+03
-8.303387e+03
8.741315e+02
6.186024e+03
4.137342e+03
-8.799855e+02
-1.010973e+03
-2.461830e+03
1.974819e+02
2.270958e+03
-9.635975e+02
-2.533184e+03
-8.390902e+02
-3.434395e+02
-1.589992e+03
-1.291514e+03
4.522896e+02
2.435773e+03
1.626537e+03
-1.584904e+03
1.529415e+03
-6.360359e+02
-1.007857e+02
-3.120905e+02
6.397637e+02
3.121202e+03
1.721336e+03
-1.671117e+03
1.046165e+03
8.513575e+02
-5.531558e+02
-1.104075e+03
-1.973433e+02
-1.784163e+03
9.187404e+01
5.292107e+02
-6.851270e+02
8.078138e+02
1.242026e+02
-2.703387e+02
2.569536e+02
7.046031e+02
1.078123e+03
-8.538441e+01
1.095499e+03
-6.024797e+02
8.944045e+02
-6.977457e+02
-8.843668e+02
-7.434534e+02
-4.056224e+02
-7.827152e+02
9.872854e+02
-5.029277e+02
-4.169418e+02
-4.453142e+02
1.024836e+02
6.144841e+02
-3.044654e+02
1.713974e+02
3.020540e+02
-1.945067e+02
-1.926934e+02
4.965005e+01
2.007180e+02
2.670044e+02
4.453006e+02
-3.372706e+02
-4.621909e+02
4.597947e+02
-4.162817e+01
-1.640297e+01
1.969114e+02
-2.609103e+01
-5.332075e+02
1.151950e+02
1.102525e+02
-4.413096e+01
1.677908e+02
-2.149562e+02
-2.825187e+02
2.296987e+02
1.645837e+02
3.343103e+02
6.163896e+01
2.009983e+02
1.256868e+02
-3.756227e+02
-9.129183e+01
2.490363e+02
1.599119e+02
-1.853317e+02
1.021874e+02
2.152656e+02
3.155363e+00
-4.060481e+01
8.922214e+01
-1.046965e+02
-2.253827e+01
8.800452e+01
5.760465e+01
-1.377978e+02
8.499977e+01
5.800946e+00
1.312744e+02
1.572419e+02
-4.287789e+01
-6.881460e+01
-1.573996e+01
6.046180e+01
-3.328330e+00
-5.752073e+01
4.476522e+01
1.046318e+02
-1.926864e+01
2.022433e+01
2.298096e-01
3.764936e+01
2.526211e+01
3.564772e+01
6.863591e+01
-1.076042e+02
-4.237982e+01
2.223223e+01
8.012985e+01
6.166580e+01
4.252203e+01
5.714508e+01
-3.844909e+01
-2.839133e+01
-2.560930e+01
-3.637231e+01
2.705407e+01
-1.438519e+01
-6.000682e+01
4.191495e+01
-5.544229e+01
4.212792e+01
9.629993e+00
-7.919624e-01
-8.399023e-01
-4.968081e-02
-7.631272e-02
6.921425e-02
-2.098924e-02
-3.905568e-01
-2.330980e-01
1.186815e-01
-3.735030e-01
-1.393499e-01
-5.516790e-01
3.486983e-01
6.051011e-02
2.634333e-02
3.346309e-02
-2.170127e-02
6.361666e-02
6.651925e-02
-2.100266e-01
1.166391e-01
1.182481e-02
-1.921816e-01
6.422550e-02
-1.706458e-02
1.059445e-02
1.539370e-03
-4.623491e-02
-6.298230e-02
