-3.733925e-03
1.154561e+00
2.893093e-01
5.290667e+01
1.679574e+02
-1.426654e+01
3.517595e-04
-9.810932e+04
-4.822582e+04
1.771690e+05
3.169408e+04
3.049221e+04
2.298328e+05
-5.474008e+04
8.423203e+04
-9.437201e+04
-1.522201e+04
4.960643e+04
5.446768e+04
9.202089e+04
-33350
8.044460e+03
3.107885e+04
-6.177867e+03
1.407660e+04
-3.408433e+04
4.281567e+04
9.512101e+03
-6.850689e+03
2.680211e+03
-4.094301e+04
1.516360e+04
-2.091709e+04
-4.278158e+03
2.646038e+04
1.241619e+04
5.373358e+03
9.569653e+03
-7.731303e+03
-2.482925e+03
-9.405029e+02
-2.157427e+04
-4.337618e+03
-1.893776e+04
1.521602e+04
-3.141623e+03
4.021730e+03
1.358693e+04
-2.291145e+04
-5.298201e+03
7.636397e+03
7.159396e+03
1.292648e+04
-3.175010e+03
1.325588e+03
1.135696e+04
-8.936396e+02
8.717635e+03
-3.513104e+02
-3.418342e+03
-2.345380e+02
1.266776e+03
-8.016163e+02
-4.817726e+03
1.325523e+03
2.300275e+03
4.499003e+03
5.696595e+03
-9.720792e+02
-3.409232e+02
2.239192e+03
2.590468e+03
2.917831e+03
-7.722343e+02
-1.401087e+03
-1.282583e+03
1.407106e+03
-2.041486e+03
-4.762742e+03
5.538505e+01
-2.476196e+03
2.173564e+02
-1.281409e+03
3.461599e+02
3.313831e+03
-8.487434e+02
-1.348250e+03
6.175841e+02
5.537060e+02
-6.209017e+02
1.613369e+03
-8.995847e+02
3.194062e+03
-3.867538e+02
-2.533235e+02
2.254270e+01
1.397453e+03
5.185187e+02
-3.603706e+02
7.945945e+02
-1.652915e+03
-7.141540e+02
1.016310e+02
-1.984304e+03
1.420653e+03
-6.035569e+02
-1.558443e+02
2.774699e+02
1.376820e+03
1.494133e+03
-2.044832e+02
1.088457e+03
-5.514745e+02
3.217747e+02
-2.140999e+02
-3.870279e+01
5.782266e+02
-5.559180e+02
-6.844641e+02
7.496592e+02
1.719501e+02
5.797123e+01
-2.278909e+01
6.492697e+02
-1.785564e+01
-3.037689e+02
4.709819e+02
5.059803e+01
1.600529e+02
5.560658e+01
1.279149e+02
-7.988680e+01
-2.421874e+02
-6.549467e+01
-7.152187e+01
-1.679077e+02
6.769426e+02
-2.882321e+02
-3.845307e+00
-2.814654e+01
-1.677290e+01
-1.038189e+01
-1.072658e+02
4.406839e+02
-2.757102e+02
3.686901e+01
-5.496580e+01
-1.704245e+02
-2.235884e+01
-2.356945e+02
1.829535e+02
7.953796e+01
1.323932e+02
-4.949337e+01
-3.137008e+02
6.534661e+01
-6.720972e+00
6.514915e+01
-2.355527e+02
2.921504e+00
3.211734e+02
1.300857e+01
2.115502e+01
5.164037e+01
-2.020736e+02
-2.339555e+01
-3.190185e+01
1.660242e+02
-1.802212e+02
1.786342e+01
2.175988e+01
1.014136e+02
1.116356e+02
-8.035237e-01
-7.398306e+01
-7.184282e+01
-3.408313e+01
-2.185320e+01
-1.178997e+02
-6.087413e+01
2.488678e+01
3.041726e+01
2.679978e+01
8.522930e+00
2.691387e+01
-4.556979e+01
1.028683e+02
5.413713e+00
-9.025053e+01
2.324589e+01
4.584083e+01
6.140151e+01
-3.882048e+01
2.758431e+01
1.832558e+01
-2.949883e+01
-8.374753e+00
9.114976e+00
-6.431721e+01
-2.468069e+00
1.378945e+01
-5.689769e+01
3.216471e+01
1.906262e+01
1.030011e+01
9.506869e+00
-4.669396e-01
-1.283313e-01
-4.352732e-01
5.102510e-01
4.715773e-02
2.484807e-01
-3.438869e-01
-2.964624e-01
-2.931708e-01
8.839619e-02
-1.716278e-01
-3.737338e-01
4.391267e-02
6.144054e-02
7.672425e-02
-3.150376e-02
-1.877783e-02
1.464053e-02
5.741685e-02
-2.078535e-01
8.341463e-02
9.535631e-02
-6.995291e-02
-1.222072e-01
-8.130438e-02
3.359618e-02
-4.664672e-02
-1.661625e-02
-2.681949e-03
