-5.632915e-01
3.553685e-01
1.285910e-01
5.233778e+01
2.146121e+02
-1.891810e+01
3.488956e-04
-1.614019e+05
-1.256403e+05
3.251495e+05
1.814617e+05
1.313019e+05
-2.125181e+04
-1.137793e+05
1.056876e+05
4.604987e+04
9.711175e+04
-8.229878e+04
1.059692e+05
-2.211017e+04
-4.642635e+04
-2.819246e+04
6.458383e+04
8.066689e+03
1.119688e+04
-8.380341e+04
5.067230e+04
9.837022e+03
2.458003e+04
3.970218e+04
-5.617616e+04
1.247587e+04
-3.295811e+03
-2.401113e+04
4.032972e+03
2.363278e+04
3.822958e+04
-2.537985e+03
-2.221082e+04
4.335313e+03
-2.085647e+04
-6.979424e+03
-2.178479e+04
-1.266777e+04
1.439211e+04
-1.127116e+04
-1.189919e+04
2.548699e+03
-5.192905e+03
2.907360e+03
1.250229e+03
9.401326e+03
1.620404e+03
6.322796e+03
-7.255355e+03
6.742561e+03
-1.567408e+03
9.016009e+03
-1.762356e+03
-1.081486e+04
-7.835777e+03
5.422711e+02
1.266602e+03
-4.891781e+03
-4.698127e+02
1.911264e+03
1.106812e+03
3.967183e+03
-6.787387e+03
1.388948e+03
3.896106e+03
4.698010e+03
4.019191e+02
-2.379107e+03
-3.366577e+03
9.260750e+02
9.682853e+02
-7.332822e+02
-3.050190e+03
-2.004234e+03
-2.098510e+03
-8.778760e+02
-9.588456e+02
-5.792144e+02
1.825661e+03
7.486645e+01
-1.782934e+03
9.974479e+02
1.049147e+03
-6.840460e+02
-3.467457e+02
-5.974158e+02
3.664851e+03
2.419958e+03
-7.402686e+02
3.042478e+02
1.708533e+03
-6.053239e+02
-6.731584e+02
8.169182e+02
-1.401775e+03
-1.284028e+02
-3.388305e+02
-1.664147e+03
8.438500e+02
-2.176947e+02
6.353687e+02
2.509833e+02
1.187597e+03
1.332412e+03
2.125443e+02
1.568944e+03
-3.502834e+02
1.151570e+03
-6.898841e+02
-6.833411e+02
7.235308e+01
-4.257831e+02
-3.963907e+02
5.798166e+02
-3.946634e+02
-2.961653e+02
-5.643351e+02
4.740906e+02
7.508868e+02
-5.016912e+02
-2.965551e+01
1.498843e+01
-1.733610e+01
-3.089441e+01
2.947760e+02
2.205129e+02
1.303335e+02
3.428283e+02
-1.671568e+02
-2.277111e+02
8.248663e+02
-1.464257e+01
-1.983898e+02
2.373617e+02
-1.616037e+02
-2.758804e+02
-4.417061e+01
2.735826e+01
-9.702895e+01
1.074153e+02
-1.276228e+02
-2.752042e+02
1.843891e+02
6.636619e+01
1.921554e+02
-6.978988e+01
2.041781e+02
1.294071e+02
-2.072139e+02
-3.337435e+01
2.380545e+02
2.377045e+02
-1.525547e+02
-3.472280e+01
2.700382e+02
-2.977754e+01
-1.821074e+00
1.019774e+02
-6.469676e+01
-2.521782e+01
2.563419e+01
1.150978e+02
-1.426791e+02
1.443189e+02
1.648875e+01
9.919650e+01
6.592002e+01
4.036638e+01
-1.140483e+02
-5.403251e+01
1.274742e+01
-1.453692e+01
-7.317410e+01
-4.068004e+01
-3.597371e+00
-3.885315e-01
2.481763e+01
-1.594444e+01
9.321555e+01
-2.344774e+01
1.053362e+02
3.011961e+01
-7.227584e+01
-3.352369e+01
3.673212e+01
9.420292e+00
-1.044901e+01
1.367623e+00
-1.906143e+01
1.644843e+01
-1.456607e+01
-1.695364e+01
1.629459e+01
3.591241e+01
-1.883146e+01
-3.507666e+01
5.214674e+00
-1.440709e+00
1.708200e+01
2.413419e+01
-4.227057e-01
3.333115e-01
-1.172724e+00
9.350942e-03
2.004507e-01
-2.952323e-01
-4.137279e-01
-1.262414e-01
1.384522e-01
-2.511594e-01
9.793621e-02
-6.411982e-01
5.252890e-02
7.011711e-02
-2.746184e-02
2.426852e-01
-4.557486e-03
6.375423e-02
9.947233e-02
-3.292951e-01
6.258260e-02
1.154388e-01
-1.667143e-01
-5.838448e-02
-1.668885e-01
-2.338208e-02
6.697111e-02
-6.629388e-02
-4.641271e-02
