-2.007965e-01
1.447892e+00
-1.560850e-01
5.376000e+01
1.812961e+02
-1.030097e+01
3.341371e-04
-2.103984e+05
1.092903e+05
3.528236e+05
-433822
-5.130021e+04
7.003637e+04
-4.437398e+04
1.078466e+05
-2.272139e+05
-1.566467e+04
-9.133409e+04
1.678786e+05
2.006078e+04
-7.701230e+03
3.910626e+04
-5.377088e+04
5.583757e+04
-3.428070e+04
-5.862145e+03
-4.502199e+04
-9.654987e+02
1.288301e+04
-1.425550e+04
1.026667e+04
1.367463e+04
-2.210477e+04
4.960314e+03
-3.073091e+04
-9.946290e+03
1.253736e+04
-6.333949e+03
3.047251e+04
1.224116e+04
1.679128e+03
-1.957169e+04
-1.988579e+04
-3.044571e+04
7.630181e+03
5.163594e+02
6.981640e+03
1.382794e+04
-2.507379e+04
-2.758589e+03
1.671710e+04
6.336943e+03
7.748767e+03
-7.272720e+02
-1.245382e+03
-1.649026e+02
5.630418e+03
5.071819e+03
3.950052e+02
-1.506528e+03
-7.883382e+03
4.006644e+03
9.008024e+02
1.057745e+03
-2.791059e+03
1.320287e+03
1.724449e+03
6.371207e+03
-4.963643e+03
3.997898e+03
-3.266167e+03
2.530398e+03
2.335573e+03
2.402184e+03
-1.524399e+03
-2.942462e+03
1.377382e+03
-9.369401e+02
-3.102826e+03
1.146096e+02
-2.410801e+03
-1.204636e+02
-1.399703e+03
2.642536e+03
-2.116418e+02
2.580608e+03
-1.189910e+03
6.486844e+02
3.003658e+02
-5.432210e+01
-3.743051e+02
1.512263e+03
2.270011e+03
1.312780e+03
-1.600785e+02
-2.998515e+02
2.761458e+03
-1.162135e+03
1.343012e+02
7.962917e+02
-1.848572e+03
1.825358e+02
2.388012e+01
-1.447312e+03
-2.343939e+02
-4.361563e+02
9.625800e+02
1.565301e+03
1.419222e+03
1.169916e+03
1.558261e+03
5.199159e+02
-6.245435e+02
7.247175e+02
6.606041e+02
1.232110e+02
2.025147e+02
-7.362255e+02
-6.201645e+02
8.805777e+02
5.110826e+02
9.905648e+02
1.781681e+02
-3.788168e+01
4.085934e+02
-3.395572e+02
1.724881e+01
2.056736e+02
-1.743101e+02
-2.596424e+02
-3.180224e+02
2.088961e+02
-3.355647e+02
9.010362e+00
-8.429926e+01
-4.075148e+02
8.442338e+01
-1.712905e+02
2.337653e+00
-3.624915e+02
-4.005742e+02
2.381452e+02
-2.193034e+02
4.669124e+02
-1.687941e+02
-1.126256e+02
2.992878e+01
-3.846108e+01
-1.101262e+01
1.262838e+02
2.060979e+02
8.556810e+01
-3.620969e+02
-5.135094e+01
5.421728e+01
1.987547e+01
-7.064630e+01
1.235519e+02
5.429982e+00
-1.265736e+02
2.997126e+02
-8.517117e+01
-8.161777e+01
-5.293024e+01
-2.398479e+02
-6.233278e+01
-7.486602e+01
2.338356e+02
-2.238410e+02
2.237970e+01
1.201153e+02
5.131420e+01
8.055346e+01
1.394565e+02
-4.986762e+01
-1.506389e+02
4.661720e+01
-3.824569e+01
-9.072289e+01
1.422827e+01
9.876496e+00
8.019517e+01
-8.151573e+01
-3.861898e+01
4.152766e+01
7.448516e+00
1.086282e+02
9.923225e+01
-1.386041e+02
-2.762010e+01
9.492928e+01
6.208495e+01
-2.623719e+01
-6.396389e+01
2.409324e+01
2.968250e+01
2.799826e+00
5.783069e+00
-3.973429e-01
-1.043217e+01
3.468603e+00
-7.210229e+01
1.489320e+01
1.541438e+01
-7.114798e+00
1.407644e+01
-1.867130e+00
-1.361962e+00
-5.544263e-01
-2.469604e-01
4.258985e-01
-5.482158e-01
-1.351056e-01
2.018389e-01
-1.498147e-01
-1.460893e-03
8.109949e-01
9.254421e-02
-7.066444e-02
-1.633561e-01
3.494642e-01
4.650746e-02
-5.304386e-02
2.904597e-02
2.130330e-02
1.442650e-01
9.924950e-02
6.451215e-02
3.727955e-03
-2.056834e-01
2.118321e-01
6.340542e-02
1.624296e-02
6.490470e-02
-6.171556e-03
