-1.415968e-01
-5.445961e-01
-3.402383e-04
4.750222e+01
1.920931e+02
-2.370683e+01
3.426620e-04
-3.705812e+04
-2.737596e+05
-2.306364e+05
-5.294696e+04
5.753517e+04
-2.392367e+04
8.028817e+04
-3.951102e+04
-8.243525e+04
-6.874565e+04
-5.310199e+04
1.182893e+05
9.001043e+04
-2.404131e+04
2.612382e+04
-2.965834e+04
2.768238e+04
3.200374e+03
3.991562e+04
1.213901e+04
2.903445e+04
3.139615e+03
1.172882e+04
-3.442623e+04
1.224635e+04
-4.014477e+04
-2.944105e+04
1.859191e+04
5.912500e+03
-1.158859e+04
-9.585439e+03
2.604075e+04
-6.303439e+03
-1.609943e+03
-5.908356e+03
-5.665624e+03
1.101123e+03
3.400696e+03
-6.422385e+03
5.695779e+03
7.226561e+03
-5.193071e+03
-1.483148e+03
-2.159038e+02
7.488021e+02
-2.245485e+02
-3.236448e+03
-6.799256e+02
2.532812e+03
8.236894e+03
6.162604e+03
4.560853e+03
-7.985916e+03
-2.859484e+03
-3.300536e+02
-1.547130e+03
-7.971425e+01
-3.311840e+03
5.600733e+03
-5.917507e+02
-1.520494e+02
-5.013555e+03
2.588580e+03
-4.461057e+03
-4.089235e+02
-2.256622e+03
2.745862e+03
5.697375e+02
8.330768e+02
-1.680527e+03
-1.443709e+03
-3.268210e+03
4.987829e+02
-1.862228e+03
-1.542113e+02
-4.064379e+02
1.919139e+03
1.705674e+03
1.503141e+03
-1.293298e+03
-2.722346e+02
1.225056e+02
-1.634396e+03
2.569604e+01
1.275121e+03
9.146698e+02
9.267846e+02
-1.355769e+03
1.049034e+02
9.334409e+02
1.281274e+02
-1.964530e-01
7.044614e+02
-6.712962e+01
-1.201022e+02
1.479221e+02
-8.624293e+02
-6.968346e+02
-8.183464e+02
1.214191e+03
1.023681e+03
7.616837e+02
1.384563e+03
-4.478306e+02
7.134813e+02
-1.794624e+02
5.996241e+02
2.208400e+02
4.289740e+02
4.822962e+02
-4.168599e+02
-1.475018e+02
-6.217493e+01
6.156741e+02
2.554143e+02
-9.055923e+00
-3.024056e+02
4.306135e+02
-4.093075e+02
9.374373e+01
6.917369e+01
-1.131173e+02
-1.551013e+02
4.981671e+02
4.760469e+02
-2.262440e+02
1.156160e+01
-8.031629e+01
6.698815e+00
2.075323e+02
-2.286234e+02
-3.913604e+01
-3.055803e+02
-3.022319e+02
1.763512e+02
1.500363e+02
1.543381e+02
2.973008e+01
-2.224183e+01
1.921734e+02
-1.493824e+02
4.076128e+01
1.545273e+02
1.006067e+02
7.990961e+01
1.634986e+02
-1.139085e+02
-9.767890e+01
2.629010e+00
7.280727e+01
3.264896e+01
1.662792e+01
-2.264728e+02
5.320306e+01
7.027623e+00
1.607847e+02
-6.845774e+01
-1.098232e+02
-8.070156e+01
-6.714192e+01
1.113721e+02
-4.922692e+01
9.527267e+01
1.247101e+02
-3.583821e+01
4.774260e+01
2.080383e+01
4.661282e+01
-8.832778e+01
4.602385e+01
9.447019e+00
-4.434912e+01
6.290177e+01
-3.877036e+01
1.110223e+02
2.315898e+01
-5.781697e+01
9.489412e+01
-6.087751e+01
9.739471e+01
5.850266e+01
-5.102569e+01
3.564165e+01
6.352787e+01
1.612606e+01
-7.935337e+01
5.490939e+01
3.321145e-01
2.258965e+01
1.312901e+01
-1.494599e+01
2.778525e+00
-3.234411e+01
-2.096511e+01
-5.578195e+01
-1.183300e+01
1.253560e+01
4.717469e+01
3.357823e+01
-2.049747e+00
2.114817e+00
-7.860469e-01
4.397241e-01
4.158492e-01
-2.029366e-01
-2.851885e-02
-4.124167e-01
7.310601e-03
-2.684691e-01
1.096144e-01
-1.019330e-01
-1.390008e-01
7.296626e-02
1.794127e-02
2.209144e-03
1.105390e-03
-9.875673e-02
-2.728665e-03
7.345320e-02
3.022905e-02
9.727774e-02
5.479534e-02
-3.847904e-02
1.676832e-01
7.130626e-02
-9.157248e-02
-6.382392e-02
2.699459e-03
