-4.406676e-02
-1.094827e+00
-2.850380e-01
5.205333e+01
1.748719e+02
-1.639818e+01
3.407666e-04
-2.495521e+05
-2.587919e+05
1.991255e+05
3.295083e+05
3.174821e+05
-4.873772e+04
-1.455264e+05
9.053973e+03
-8.027627e+04
7.817806e+04
-8.726567e+04
-3.474864e+04
-8.126614e+04
-8.415738e+04
3.239190e+04
1.104121e+04
-6.344952e+04
2.255467e+04
-1.971946e+04
-1.930595e+04
-9.738038e+03
-1.819006e+04
1.234099e+04
-4.811811e+04
6.902218e+03
5.529220e+03
-3.156141e+04
4.739448e+04
1.618843e+04
2.927925e+04
-1.157085e+02
-3.511646e+03
9.819578e+03
-1.130098e+04
-2.405850e+04
-1.519937e+04
8.190275e+02
8.136018e+03
7.978513e+03
-1.116181e+04
-9.055308e+02
9.459244e+02
-3.087043e+03
7.920500e+03
-1.182339e+04
3.083286e+03
-3.745641e+03
-1.360956e+04
3.763700e+03
1.397686e+02
7.634572e+03
-3.734743e+03
-1.464089e+04
-2.394308e+03
-2.273569e+03
-2.766851e+01
1.511596e+03
3.372684e+03
5.254011e+03
6.058511e+03
1.006789e+04
-7.847313e+03
2.907881e+03
5.068205e+03
8.221041e+02
-2.525465e+03
-1.042167e+03
4.953803e+02
3.146204e+03
2.252913e+03
1.319193e+03
-4.851956e+03
-1.946077e+02
-2.949102e+02
-9.793660e+02
-1.626385e+03
-5.540892e+02
4.938463e+03
3.779718e+02
-1.536305e+03
-2.182413e+02
-5.601908e+02
2.853331e+02
-4.537417e+02
9.967375e+02
9.951247e+02
2.613578e+03
-2.409289e+03
1.104183e+03
1.199492e+03
1.077502e+03
2.982247e+02
-5.954123e+02
-4.750589e+02
-2.308277e+01
-1.375098e+03
-1.151002e+03
1.371212e+03
8.246967e+02
6.763039e+02
3.300420e+02
2.500851e+02
1.348818e+03
-5.515345e+02
1.436169e+03
-4.287236e+01
7.259573e+02
-4.222300e+01
-1.114648e+03
-7.412781e+02
-4.097624e+02
-8.525410e+02
4.098650e+02
-5.725031e+02
-2.435810e+01
-1.240455e+03
3.979340e+02
8.423422e+02
-2.354537e+02
-5.826110e+02
1.936228e+01
-4.468805e+02
-5.639821e+02
6.441608e+02
1.282631e+02
2.005490e+02
3.033757e+02
-9.046749e+02
1.349446e+01
7.619753e+02
-4.808806e+02
4.507713e+01
6.533411e+02
-1.427879e+02
-4.141934e+02
2.786801e+02
-1.885251e+02
-1.721413e+02
2.209768e+02
8.864233e+01
-1.479999e+02
7.587123e+00
3.782232e+02
1.818810e+02
2.143930e+02
4.233336e+02
1.472979e+01
-1.866371e+02
-9.906521e+01
1.048764e+02
4.519131e+01
-1.018993e+02
-2.083210e+01
6.228026e+01
-1.014527e+02
2.003787e+02
-4.629114e+01
9.624662e+01
-7.651230e+01
8.064848e+01
-4.802720e+01
4.866443e+00
2.469344e+02
1.860648e+02
6.324153e+01
8.903511e+01
6.842668e+01
-3.258229e+01
4.644977e+01
2.099841e+01
6.787696e+01
8.188990e+01
5.906229e+01
1.079066e+02
-6.261268e+00
-2.317705e+01
-8.895505e+00
7.218936e+01
1.660863e+01
9.240222e+01
4.677716e+01
-5.045726e+01
5.815632e+01
-2.502243e+01
3.506229e+01
5.002994e+01
6.191538e+00
-1.659603e+01
-2.524367e+01
-9.340982e+01
-1.871550e+01
-2.652682e+01
8.076180e+01
-6.156918e+00
-5.357126e+01
3.644484e+01
-7.644473e+01
4.921639e+01
3.996729e+01
-2.732032e+00
2.231454e+00
-6.620361e-01
6.311163e-01
-2.827719e-01
-5.344374e-01
1.439991e-01
-7.611915e-01
-2.972116e-02
-6.406815e-01
1.778820e-01
-5.515912e-01
2.835923e-01
2.470921e-01
-2.796402e-02
1.500637e-02
5.362896e-02
1.124811e-01
3.673024e-02
-7.057817e-02
-2.306050e-02
9.795600e-02
-5.655168e-02
-1.259380e-01
3.932277e-02
1.648433e-02
9.993068e-02
-8.265179e-02
-8.775453e-02
