6.996930e-02
-1.058852e+00
-1.487143e-01
5.176889e+01
1.688175e+02
-1.671379e+01
3.396839e-04
-1.703348e+05
-3.483449e+05
-2.184112e+04
-5.023908e+04
7.754730e+04
-3.179278e+03
-6.608523e+04
2.681193e+04
-1.691014e+05
5.919888e+04
-7.842004e+04
4.466172e+04
6.681129e+04
-2.967155e+04
-5.168184e+04
1.590856e+04
5.635152e+02
6.036014e+02
-2.900089e+04
1.134355e+04
-2.280310e+04
-1.170535e+04
-1.109639e+04
-7.031945e+04
-3.231090e+04
-1.264285e+04
-2.336659e+04
1.440025e+04
4.035919e+03
-9.486743e+02
3.951115e+03
-6.027967e+02
1.212846e+04
3.683360e+03
1.342278e+03
-4.878914e+03
-5.519527e+03
2.772673e+03
-4.329662e+03
1.618962e+04
6.296907e+03
-6.335744e+03
-2.689576e+03
1.245543e+04
-1.084586e+04
-2.914418e+02
-4.892310e+03
-3.694841e+03
7.250826e+02
1.889924e+03
9.181531e+03
1.200921e+03
-1.071676e+04
-2.088289e+03
2.867381e+03
-2.319240e+03
-1.253475e+03
3.136424e+02
5.704649e+03
3.098560e+03
6.827430e+03
-3.705463e+03
1.819212e+03
1.336407e+03
3.301820e+02
-2.745800e+03
-2.068808e+03
1.050340e+03
-3.147450e+02
1.037572e+03
1.117540e+03
-3.585841e+03
1.345354e+03
-1.048308e+03
-4.070170e+02
-4.008830e+02
2.392896e+01
3.038384e+03
4.464503e+02
4.772258e+02
-7.348513e+02
-2.811038e+02
3.076352e+02
5.927147e+02
-3.805323e+02
6.082499e+02
1.863034e+03
-9.449966e+02
9.997644e+02
7.728264e+02
-5.539047e+02
6.043768e+01
-5.918840e+02
2.911156e+02
3.224045e+01
4.966952e+02
-1.372843e+03
4.248668e+02
-2.159089e+02
1.231238e+03
9.835846e+01
8.351714e+02
7.600693e+02
1.225361e+02
1.132867e+03
-2.151536e+01
7.772122e+02
-1.193240e+01
-2.252426e+02
-2.379482e+02
-7.056865e+02
-3.991520e+02
2.958585e+02
-1.730769e+02
-5.158762e+01
-2.212550e+02
1.250113e+02
6.786902e+02
-3.951810e+02
1.233840e+02
-2.674967e+02
-2.900901e+02
-5.249852e+02
1.571968e+02
4.608473e+02
4.257278e+01
7.398766e+01
-3.910349e+02
1.450030e+02
3.690704e+02
-1.254304e+02
1.637433e+02
-7.725079e+01
2.566948e+01
7.362098e+01
1.443666e+02
1.148621e+02
-8.146188e+01
9.593212e+01
3.899255e+02
-2.121473e+02
-3.256819e+00
1.662057e+02
1.738511e+02
2.509954e+02
1.112564e+02
-1.764502e+01
-6.305729e+01
-1.799922e+00
-1.567516e+00
2.635030e+02
-1.616050e+02
-1.798866e+02
1.682570e+02
2.620650e+01
7.619403e+01
-3.494471e+01
-2.798654e+01
-9.648013e+00
-2.276300e+01
4.498832e+01
-1.476854e+02
1.391607e+02
1.256250e+02
1.098008e+02
1.662013e+02
4.842276e+01
5.138585e+01
-6.480228e+01
3.334793e+01
1.846191e+01
-5.162851e+01
2.194975e+01
3.604362e+01
1.220802e+02
-4.885228e+01
-8.578404e+00
5.688844e+01
-9.840660e+00
7.366347e+01
5.073594e+01
-1.174024e+02
-1.123161e+01
1.616754e+01
3.725499e+01
-4.206914e+01
5.867831e+01
-1.764898e+01
-2.072972e+01
-4.743336e+01
-4.231655e+00
-2.613129e+01
2.878471e+01
1.417263e+01
-4.755963e+01
3.410282e+01
-6.068617e+01
4.653658e+01
1.973370e+01
-2.958251e+00
2.487120e+00
-6.265304e-01
8.663732e-01
1.320406e-01
-3.816107e-01
-2.419668e-01
-5.055720e-01
-2.102658e-01
-2.294236e-01
2.536169e-01
-3.726940e-01
5.051894e-02
9.147093e-02
2.378053e-04
-2.506692e-03
2.973057e-02
-1.354082e-01
-1.363755e-01
-2.229348e-03
-1.040444e-01
1.034641e-01
-4.111320e-02
-1.034657e-01
1.281307e-01
6.223938e-02
-8.758096e-02
-1.145855e-01
5.865717e-02
