-1.038769e-01
1.254498e+00
-1.150677e-02
5.461333e+01
1.741468e+02
-1.336075e+01
3.340881e-04
-7.488543e+04
-8.829845e+04
-3.082769e+04
9.381923e+04
1.137504e+05
-2.077215e+04
-6.750206e+04
9.881355e+04
-1.701321e+04
5.235580e+04
3.280288e+03
4.446746e+04
3.562467e+04
-4.742282e+04
-4.711055e+04
3.903550e+04
-9.355955e+03
6.886310e+03
-2.411317e+04
2.126456e+04
1.487967e+04
-8.420537e+03
3.255753e+03
-1.180739e+04
-7.242368e+03
2.218205e+03
-1.238664e+03
-7.051985e+03
-2.304997e+03
-1.071953e+04
9.205001e+03
-1.125764e+04
-2.150306e+03
-1.893736e+04
8.812951e+03
3.982320e+03
1.205796e+04
1.638547e+04
-1.282717e+04
7.046391e+03
1.377278e+03
9.142318e+03
1.324612e+03
7.110860e+02
2.525041e+03
-5.043191e+03
3.284062e+03
2.003789e+02
1.811455e+03
1.386018e+03
9.219265e+03
9.879125e+02
-5.427756e+03
-1.432777e+03
1.900040e+03
-3.579936e+03
-8.092224e+02
1.616319e+03
2.319780e+03
1.199673e+02
9.457645e+02
-4.132295e+03
1.771675e+03
3.772696e+03
2.634893e+03
-6.090366e+02
-8.543264e+02
-2.175709e+03
-5.262698e+02
-1.682307e+02
2.238685e+02
-2.931504e+03
-8.222566e+02
1.569785e-02
-8.175753e+02
1.167382e+03
1.048182e+01
1.724048e+03
2.473978e+02
-2.525531e+03
2.388707e+02
-2.169522e+02
1.479758e+02
-5.664446e+02
-2.778597e+02
1.172006e+03
8.521934e+02
-7.455798e+02
2.386214e+02
1.932099e+02
-8.577599e+01
-1.234312e+02
3.284298e+02
-7.858345e+01
1.184776e+02
5.459797e+02
-9.363558e+02
-1.433493e+02
-3.991041e+02
-1.134085e+01
6.293605e+02
4.790887e+02
6.263781e+02
6.716542e+00
6.035985e+02
-2.303545e+02
8.162845e+02
-2.029086e+02
-8.634145e+01
-2.507473e+01
-1.534944e+02
1.138906e+01
1.699121e+02
-8.788857e+01
1.006297e+02
-4.618678e+02
1.917626e+02
2.639413e+02
-3.454285e+02
1.409742e+02
-5.787387e+01
-8.884461e+01
2.876790e+02
1.217290e+02
4.915349e+02
1.504996e+01
1.446641e+02
-5.391137e+01
5.113712e+01
2.194655e+02
8.192166e+01
5.045668e+01
-1.807887e+02
1.353190e+00
-7.790479e+01
5.296020e+01
5.303412e+01
9.700854e+01
9.564613e+01
-1.100609e+01
-2.084531e+02
7.387818e+01
1.641616e+01
1.951254e+02
1.084836e+02
-6.356598e+00
2.960437e+01
-1.322203e+02
-4.414121e+01
1.466854e+02
1.288740e+02
1.173849e+01
-1.323023e+02
1.314427e+02
8.155925e+01
-4.035442e+01
6.429440e+00
-6.800800e+01
-1.952476e+01
1.105389e+01
1.441329e+02
-9.815266e+01
6.964890e+01
3.841350e+01
3.971163e+01
6.171537e+01
-1.013091e+00
-2.636511e+01
-7.314719e+01
6.128663e+01
1.921120e+01
-7.310419e+01
4.078596e+00
9.275301e+00
4.887617e+01
1.078521e+00
-2.392595e+01
6.120977e+01
-6.566644e+01
4.807811e+00
-9.070621e+00
-4.227312e+01
-6.260480e+01
5.310973e+01
6.759682e+00
-1.218222e+01
3.540816e+01
-7.852967e+00
-2.790865e+01
8.313890e+00
1.688541e+01
-1.846564e+01
2.362263e+01
1.482353e+01
-1.446840e+01
2.737545e+00
-1.756321e+01
2.865482e+01
2.005581e+01
-5.476975e-01
1.888663e-01
3.362743e-02
-3.981558e-01
2.314548e-02
-2.433356e-01
-2.699240e-01
-1.872860e-02
-1.111375e-02
-1.167837e-01
1.481205e-01
-4.074541e-01
1.391930e-01
-7.995749e-03
-4.475899e-02
1.127567e-01
2.663117e-02
2.587217e-03
1.575360e-02
-2.009697e-01
-1.086617e-01
9.059843e-02
-5.627482e-02
-3.710289e-02
-3.564809e-02
-1.504479e-02
-6.251663e-02
-2.128158e-02
-2.633094e-02
