1.761987e-01
-1.520172e+00
-3.421130e-01
5.831111e+01
1.665610e+02
-8.571981e+00
3.568381e-04
8.549310e+04
-8.062615e+04
-1.034791e+05
1.952210e+05
-8.593773e+04
4.326301e+04
-6.619045e+04
-8.632148e+04
4.979611e+04
9.817109e+04
4.587154e+04
1.310455e+05
-4.175389e+04
-4.849883e+04
-9.001694e+04
6.951815e+04
-8.664718e+03
6.276867e+04
-4.922919e+04
-1.787897e+04
-3.729133e+04
-4.486875e+04
-3.142731e+04
-3.740956e+04
-5.483253e+04
-2.053068e+04
-1.942730e+04
-9.658929e+02
-5.531982e+03
-2.766429e+04
-3.831344e+03
1.046743e+04
4.372179e+03
-1.432924e+04
4.907047e+03
4.235568e+03
-8.580783e+03
9.351137e+03
-2.777412e+03
-5.878278e+03
-1.599573e+03
3.705166e+03
5.684922e+03
-9.167892e+03
-1.025334e+04
-8.589954e+03
7.474523e+03
2.276445e+03
-3.143369e+03
-6.844771e+03
4.909933e+03
1.736140e+03
-6.929976e+03
-1.397885e+03
-3.356368e+03
-1.053600e+03
-5.627120e+03
2.882478e+03
5.994997e+03
3.225681e+02
-1.644480e+03
-5.558901e+03
1.703961e+03
4.147589e+03
1.220684e+03
-2.078896e+03
-4.806905e+02
2.376481e+03
2.818829e+03
2.986885e+03
3.766848e+03
-2.224257e+03
-1.785271e+03
-1.182988e+03
-1.069241e+03
-9.787974e+02
-1.000804e+03
-3.949425e+02
1.106602e+03
-6.585128e+02
6.401668e+02
-3.000239e+02
1.624369e+03
-1.421538e+02
-1.188270e+03
2.565737e+03
2.164434e+02
-3.775016e+02
1.601428e+03
1.351749e+03
-1.060209e+03
5.449626e+02
4.227951e+02
-5.357256e+01
-3.669282e+02
7.415764e+02
1.914783e+02
-2.249599e+02
1.605340e+02
9.568160e+02
-4.868666e+02
2.041563e+02
-8.474139e+01
-9.425072e+01
-7.113873e+01
-1.987358e+02
-3.902466e+02
-7.041807e+02
6.008691e+02
-1.594224e+02
3.972345e+01
-2.335068e+02
1.330625e+02
-4.786175e+02
-7.320165e+02
-3.571788e+02
2.321497e+02
-2.665439e+02
4.426992e+01
-2.607177e+02
2.820940e+02
-1.386718e+02
-4.492322e+01
5.923674e+01
8.514449e+02
5.067487e+02
4.720787e+02
2.268014e+02
-4.053625e+01
1.943169e+02
1.654778e+01
6.268885e+01
-1.454310e+02
2.721032e+02
2.494113e+02
1.178954e+02
5.408505e+01
7.035378e+01
-1.404599e+00
-2.882246e+01
-1.002626e+02
3.105689e+02
2.597082e+02
3.188463e+01
-2.028329e+02
1.637116e+02
1.254979e+02
-8.038165e+01
-9.730957e+01
3.194861e+02
1.234946e+02
-9.250230e+01
-1.219787e+01
1.097501e+02
1.148258e+01
2.620978e+00
1.662130e+02
1.004026e+02
-2.146968e+01
-1.205229e+02
8.786234e+01
-7.004622e+01
-8.843972e+01
-3.173028e+01
2.135709e+02
2.695347e+01
-1.347450e+02
1.086228e+02
-9.815605e+01
6.015181e+00
-6.344362e+01
-1.085758e+02
1.031943e+02
3.958077e+01
3.712487e+00
-1.337722e+01
3.371045e+01
5.392840e+01
-9.166473e+01
-8.150300e+01
-9.174874e+00
1.855709e+01
-5.702850e+01
-2.305906e+01
-1.479876e-01
-2.097683e+01
9.744186e+01
1.080111e+02
-2.797204e+01
-3.659318e+01
-4.066248e+01
-2.728661e+01
-4.250488e+01
-1.861070e+01
-5.857030e+00
4.003593e+01
-2.700183e+01
2.394962e+01
-8.694746e+00
6.055346e-01
2.728149e-02
1.044930e-02
-6.609238e-02
5.309805e-01
-6.192968e-02
1.427584e-01
-1.712658e-03
2.676483e-01
-1.888376e-01
-4.627800e-01
-2.934759e-01
1.790330e-01
1.065086e-01
-3.346547e-02
1.769984e-01
-4.906000e-02
-1.217363e-01
-5.115335e-02
-2.623227e-01
-5.958086e-02
-1.027218e-01
-1.627194e-01
1.522144e-01
-1.179713e-01
9.061064e-02
-1.588172e-01
-9.076074e-02
1.535934e-01
