-2.540912e-01
1.502713e+00
1.461093e-01
5.148444e+01
1.816401e+02
-9.958034e+00
3.247658e-04
-7.082095e+04
-2.061699e+05
-4.026275e+05
-3.199577e+05
-9.298443e+04
-1.629457e+04
-3.651522e+04
-1.909737e+04
-1.852991e+05
-2.219678e+04
-3.558489e+04
1.254674e+05
-5.155154e+04
4.051453e+03
1.374586e+04
-7.525023e+04
3.654493e+04
3.574419e+04
7.697105e+04
-5.547533e+04
7.591329e+02
-2.870833e+04
-8.755167e+03
-1.962733e+04
8.105666e+03
3.741293e+03
-4.367370e+04
1.110261e+04
-1.055807e+04
-5.371708e+02
-1.149112e+04
3.685567e+04
-1.202189e+04
1.091262e+04
-1.318052e+04
-6.225754e+03
-8.484080e+03
1.059666e+04
-2.830114e+02
1.715533e+04
1.183092e+04
-1.443762e+04
-4.466686e+03
-4.336566e+03
-1.072053e+04
4.779088e+03
-3.014720e+02
-1.885050e+03
3.450585e+03
4.752336e+03
6.403137e+03
2.867441e+03
-7.672889e+03
-9.051720e+03
1.523655e+03
-1.863031e+02
-2.755026e+03
-2.404621e+03
6.489864e+03
3.343996e+03
9.000777e+02
-2.835719e+03
2.561268e+03
-1.393781e+01
-1.319068e+03
-4.433517e+02
3.803068e+03
2.453215e+03
1.106880e+03
1.238769e+03
2.917170e+02
-4.366271e+03
1.254466e+03
-3.061300e+02
1.390398e+03
-1.534772e+03
2.961972e+03
3.045285e+03
2.341466e+03
-1.381300e+03
9.913141e+00
-3.770192e+02
-7.295731e+02
-7.244454e+02
1.959983e+03
7.444952e+02
1.448488e+03
-1.420604e+03
8.409443e+02
1.249377e+03
2.123427e+02
-3.121012e+02
-1.855551e+02
-6.411229e+02
-1.820515e+02
4.346244e+02
-9.821244e+02
1.309371e+02
-7.046423e+02
1.087187e+03
3.567775e+02
6.484649e+02
1.320600e+03
-9.518586e+02
1.095188e+03
-5.840497e+01
6.583813e+02
4.002816e+02
-2.915309e+01
3.849377e+02
-7.323364e+02
-4.069616e+02
1.736289e+02
1.313890e+02
1.128550e+02
3.189616e+01
-1.274316e+02
2.457735e+02
-2.190498e+02
1.248423e+02
3.782776e+01
-2.139971e+02
-1.230503e+02
2.182867e+02
4.723063e+02
6.860084e+01
3.161885e+02
-3.298775e+02
-3.008244e+01
2.209955e+02
-2.649692e+02
3.396770e+01
-7.041306e+01
-1.757866e+02
1.268490e+02
8.731207e+01
2.202417e+02
-1.071326e+02
-6.459280e+00
3.233505e+00
-1.802702e+02
6.646698e+01
1.558277e+02
5.121410e+01
2.704150e+02
1.639109e+02
-3.898135e+01
-1.547177e+02
-1.140160e+02
-3.807235e+00
1.120286e+02
-4.973790e+01
-1.066229e+02
2.088492e+02
6.394499e+01
1.149326e+02
-4.629370e+01
-4.721335e+01
-1.513923e+01
-5.049553e+01
1.156805e+02
5.144919e+00
9.479124e+01
9.659599e+01
6.934020e+00
2.758823e+01
6.556694e+01
5.736251e+01
-4.388168e+01
3.390030e+01
4.004311e+01
-7.929884e+00
8.718279e+01
-7.016202e+01
9.905170e+01
2.525173e+01
-5.910572e+00
8.346338e+01
-4.201826e+01
3.738543e+01
3.054370e+01
-1.172717e+02
2.360381e+01
5.350495e+01
2.729622e+01
-3.539084e+01
1.488908e+01
4.613747e+01
-7.681197e+00
1.792728e+01
1.769177e+01
-1.418973e+01
4.454206e+00
-3.867142e+00
-7.357328e+01
4.280105e+01
-4.947362e+00
2.637208e+01
1.875005e+01
-3.590506e+00
2.155605e+00
-1.333403e-01
8.192391e-01
2.758516e-01
-2.201926e-01
1.590579e-01
-6.188760e-01
-7.481682e-04
-3.608210e-01
2.563814e-01
1.666897e-01
-1.562334e-01
5.202690e-03
9.140031e-02
-7.918607e-02
-2.195205e-02
4.800538e-02
1.803747e-02
2.174706e-01
3.035363e-02
1.318475e-01
1.980469e-02
-9.186651e-02
1.779275e-01
6.931236e-02
1.775390e-03
-1.144992e-01
-7.246179e-03
