-1.409580e-01
6.825747e-01
-3.673188e-02
4.977778e+01
1.945459e+02
-2.217562e+01
3.130275e-04
-2.059707e+05
-1.616792e+05
-2.608898e+05
-4.024652e+05
-1.292492e+04
-1.297472e+04
4.392764e+04
-1.486174e+03
-2.348268e+05
-7.500057e+04
-1.432494e+04
-5.355260e+04
-5.351987e+04
9.948300e+03
5.473051e+04
-1.370230e+03
-2.757839e+04
6.964039e+04
1.086943e+05
-5.720371e+04
-8.912844e+03
-4.560006e+04
-7.909830e+04
-1.427706e+04
-2.860958e+04
-6.132238e+03
-3.661084e+04
5.306230e+04
-2.907750e+04
-4.125945e+04
-1.206329e+02
1.918598e+04
-2.871861e+04
8.859833e+03
-3.716974e+04
1.459514e+04
7.080276e+03
-4.335039e+03
-7.173899e+03
2.579870e+04
1.037753e+04
-2.267065e+04
-2.331119e+03
-9.254096e+03
8.911915e+02
8.354479e+03
-1.245044e+04
-4.405255e+03
8.583277e+03
1.426867e+03
8.742630e+03
3.828090e+03
-2.247508e+04
-2.032018e+03
1.004248e+03
-6.330016e+03
-5.658333e+03
4.878879e+02
5.727802e+03
1.024789e+04
6.774051e+03
5.353010e+02
1.622781e+03
1.036041e+03
-1.481617e+03
5.285930e+02
4.384261e+03
5.789467e+03
3.291799e+03
1.471030e+03
-1.628189e+03
-9.386604e+03
2.078965e+03
6.106606e+02
1.546574e+03
9.178832e+02
3.618371e+03
5.277828e+03
1.235876e+03
-3.347743e+03
2.007311e+03
-2.078572e+03
4.222989e+02
-7.484352e+02
2.970528e+03
2.102257e+02
1.599757e+03
-2.172602e+03
1.516845e+02
1.350570e+03
8.457467e+02
-1.040834e+02
3.885578e+02
-7.225032e+02
5.902984e+02
-1.084112e+02
-1.654302e+03
1.469836e+03
-8.587903e+02
4.493293e+02
9.170449e+02
4.452679e+02
2.328422e+03
-5.762452e+02
1.017744e+03
-6.085986e+01
7.093529e+02
8.384977e+02
-7.251104e+02
6.219810e+01
-8.286907e+02
-7.668829e+02
8.714033e+02
1.212263e+02
1.090271e+03
-6.814373e+02
4.402011e+02
2.549057e+02
-3.180004e+02
-1.971851e+01
5.914381e+01
-3.811059e+02
-1.680015e+02
2.736937e+02
2.233090e+02
-1.809670e+02
-3.570288e+02
-5.738574e+02
-4.956424e+01
2.027576e+02
-6.504874e+02
2.820696e+02
3.102418e+02
-3.793626e+02
-4.319440e+00
2.797135e+02
3.907752e+02
-1.340195e+01
-2.346587e+01
-2.227075e+01
-4.428954e+02
2.776062e+01
3.756554e+01
3.391734e+01
6.809188e+02
3.778923e+01
-3.780941e+02
-3.569680e+02
-2.568658e+02
-7.487888e+01
-1.667374e+02
-1.267275e+02
-2.549012e+01
2.253929e+02
1.014439e+02
3.442089e+00
-2.575565e+02
-1.822874e+02
3.854131e+01
1.246105e+02
1.425220e+02
-1.362871e+01
7.726775e+01
1.743494e+02
2.201466e+01
2.499269e+02
2.184783e+02
2.640242e+01
-6.084128e+01
1.059127e+02
1.507510e+02
7.583453e+01
1.489802e+02
7.188175e+01
1.354188e+01
4.591829e+00
-7.171916e+01
1.202441e+02
-1.560019e+01
-4.818120e+01
4.654977e+01
-1.502990e+02
7.324318e+01
3.020309e+01
6.261181e+01
-6.689309e+00
-4.152463e+01
2.287236e+01
-7.225896e+01
-6.203846e+00
9.640104e+01
-8.045622e+01
6.415317e+01
-3.215884e+01
-1.007758e+02
1.109395e+02
-2.206522e+01
1.757563e+01
6.173381e+01
-5.427615e+00
1.659441e+00
2.282763e+00
2.289507e+00
-4.136920e-02
5.330857e-02
3.786756e-01
-1.072023e+00
-3.866286e-01
-3.221747e-02
7.209873e-01
9.429023e-02
5.015367e-01
2.241223e-01
2.791393e-01
-3.814567e-01
1.410186e-01
8.054135e-02
5.045595e-06
3.235586e-01
-6.637051e-02
4.619140e-01
-2.167731e-03
1.477824e-01
5.757698e-01
1.438320e-01
-2.889566e-02
-1.120697e-02
-2.933667e-01
