-9.691119e-02
6.552848e-01
-6.400662e-02
4.721778e+01
1.844180e+02
-2.455261e+01
3.540466e-04
-1.821405e+05
5.740849e+04
2.141682e+05
2.139617e+05
9.263692e+04
-1.013916e+05
-2.108587e+04
-1.276366e+05
-2.606626e+05
1.525508e+05
-1.115387e+04
9.324677e+04
-5.847821e+04
-7.024875e+04
1.357478e+04
-3.801221e+04
1.151429e+03
-9.792442e+03
2.344773e+04
2.641708e+04
1.405834e+04
-5.485364e+03
-2.956128e+04
1.214367e+04
2.066530e+04
-2.463766e+04
-2.453146e+04
-2.706217e+04
1.095253e+04
2.771232e+04
-1.346606e+04
1.192532e+03
1.216564e+04
-6.803869e+03
-1.219898e+04
-5.022417e+03
-1.873785e+04
-1.205158e+03
-3.084131e+03
-1.300709e+04
1.068801e+04
-7.593042e+03
3.473403e+03
8.212371e+03
-1.013181e+04
5.924290e+03
-3.117665e+03
-3.132941e+03
6.654442e+03
5.508355e+03
6.644774e+03
2.023937e+03
-4.237591e+03
-4.606276e+03
-2.454452e+02
2.785046e+03
1.254998e+03
-1.337134e+03
5.144452e+03
3.077584e+03
3.265508e+03
-6.092235e+03
2.645422e+03
1.544509e+03
2.899977e+03
-7.066509e+02
-3.882047e+02
-1.578183e+03
-5.258799e+01
-1.700218e+03
-6.036677e+02
-3.787164e+03
-1.442986e+03
-4.436214e+02
7.501679e+02
-9.373305e+02
1.755321e+03
3.455205e+03
-8.436731e+02
-1.224854e+03
-1.574686e+03
5.933891e+02
-9.621824e+01
-5.945789e+02
5.430571e+01
6.545933e+02
2.007216e+03
-1.675704e+03
-4.384496e+02
1.404612e+03
-4.172449e+00
3.420800e+02
1.477045e+02
-1.161351e+03
-7.345249e+01
1.200016e+02
-7.821201e+02
7.511213e+02
-5.241717e+02
5.408081e+02
3.640657e+01
9.300147e+02
8.963732e+02
-4.695378e+02
9.363677e+02
-2.216900e+02
6.468777e+02
3.498595e+02
-7.255536e+01
-4.971107e+02
-2.856704e+02
1.966988e+01
3.750067e+02
9.853835e+01
5.563154e+02
-4.238773e+02
4.673437e+01
8.302813e+02
2.440868e+01
-4.375770e+00
1.115557e+02
-4.149206e+02
-2.267753e+02
4.829124e+02
1.814285e+02
1.722335e+02
1.946460e+02
-4.483196e+02
-2.930543e+02
4.530440e+02
-2.128158e+02
1.634950e+02
2.792074e+02
-3.411437e+02
2.669164e+01
1.007334e+02
-4.161066e+01
-8.832710e+01
-4.138251e+01
6.688958e+01
-1.909099e+02
-2.057485e+01
2.114342e+02
2.240195e+02
4.020625e+01
2.042569e+02
7.618327e+01
-1.312186e+01
9.318970e+01
1.845477e+01
1.363065e+02
3.032343e+01
-1.875483e+02
4.257095e+01
-5.610766e+01
3.541771e+01
-1.632368e+01
-6.578636e+01
-2.436289e+01
-7.033183e+01
3.224174e+01
-5.914130e+01
1.748536e+02
1.546392e+02
1.127795e+01
-8.089449e+00
7.016683e+01
-1.361173e+02
-4.081517e+01
2.781693e+01
-3.862297e+00
6.507444e+00
3.894664e+01
2.249277e+01
9.229701e+01
4.293784e+00
3.514337e+00
8.105824e+01
2.949554e+01
7.028999e+01
3.210122e+01
-7.469649e+01
1.734042e+01
1.175160e+01
2.459822e+01
-1.997765e+01
9.884252e+00
-4.956289e+01
1.108081e+01
-5.048243e+01
-3.235036e+01
-1.916756e+00
1.874526e+01
2.611218e+01
-5.624239e+01
1.678460e+01
-3.337856e+01
3.438470e+01
1.839348e+01
-1.207444e+00
-6.292076e-02
-1.109113e+00
-4.385841e-01
-1.778556e-02
-9.599235e-02
2.251137e-01
-4.985322e-01
-2.463986e-01
-4.161834e-01
5.456169e-01
-3.932836e-01
-8.477003e-02
-1.295948e-02
-2.706361e-02
-1.543000e-02
4.221006e-02
1.029190e-01
5.250477e-02
1.067498e-01
3.475219e-02
6.791645e-02
6.059404e-03
-1.995782e-01
-7.670746e-02
2.259370e-02
3.699147e-02
-4.432940e-02
2.473801e-02
