-2.443008e-01
-1.250399e+00
1.903052e-01
5.774222e+01
1.888546e+02
-1.552631e+01
3.735241e-04
-1.539290e+05
-1.255883e+05
1.461606e+05
2.621928e+05
4.176762e+05
-1.708297e+05
-7.961468e+04
3.742144e+04
6.611632e+04
5.622588e+04
1.762585e+04
8.937933e+04
-1.005532e+05
1.702658e+04
7.410945e+04
-7.485709e+03
-5.236966e+04
2.702704e+03
-3.718916e+04
-5.466877e+04
-2.830367e+04
1.287778e+04
-1.081687e+04
-1.318246e+04
-5.277743e+04
1.324526e+04
-3.894468e+04
2.867172e+04
-3.196941e+03
1.942233e+04
1.291081e+04
-6.881684e+03
-4.492837e+03
-1.591719e+04
-5.344511e+03
-2.545503e+04
-1.316013e+04
4.627629e+03
2.138399e+03
1.452638e+03
1.275288e+04
-3.484798e+03
3.333135e+03
2.800173e+03
-9.638290e+03
2.284786e+03
1.401245e+04
-8.926860e+03
-4.082793e+03
1.156192e+03
7.340285e+03
-4.944403e+03
-1.517619e+04
-1.091093e+04
-4.016881e+03
9.943473e+02
1.287833e+03
4.269643e+03
9.895365e+03
3.131262e+03
4.089205e+03
-6.905507e+03
8.503700e+03
4.359628e+03
1.528816e+03
-5.732302e+03
1.589440e+03
4.114637e+02
2.158312e+03
1.903347e+03
4.341907e+03
-5.401551e+03
-3.291613e+03
2.669231e+03
-2.619526e+03
-2.008306e+03
6.985806e+02
3.563297e+03
1.789364e+03
-2.296515e+03
-3.190019e+02
1.260120e+03
-1.331627e+03
1.304194e+03
-7.095337e+02
-4.395307e+02
2.414660e+03
-9.830366e+02
7.029431e+02
2.354561e+03
-5.821375e+02
-1.550095e+03
-1.318347e+03
-1.017659e+03
-1.120259e+03
3.055814e+02
-7.383239e+02
2.715915e+02
4.942028e+01
1.069074e+03
9.252154e+01
2.440722e+02
1.201518e+03
-8.987999e+02
7.941247e+02
-5.518850e+02
1.339690e+03
1.151664e+02
-7.500574e+02
-1.069044e+03
-6.889911e+02
-1.319629e+03
8.056183e+02
-9.861841e+02
-8.311505e+02
-6.164702e+02
1.980439e+02
6.484656e+02
3.754581e+02
-4.574925e+02
-1.370040e+01
-7.888599e+02
-4.611938e+02
8.062468e+02
3.309200e+02
5.571801e+02
2.101021e+02
-2.414324e+02
-1.045630e+02
5.551236e+02
-3.529786e+01
-6.651553e+01
2.606069e+02
1.316751e+02
-4.882270e+02
4.605614e+02
1.132740e+02
9.535432e+01
1.368672e+02
-3.146794e+02
-6.777029e+01
2.754491e+02
2.779433e+02
2.612167e+02
-4.979584e+01
7.304913e+01
1.324134e+02
-1.345697e+02
-1.572220e+02
1.549388e+02
7.190647e+00
-3.389001e+02
4.066830e+02
2.930891e+02
-4.007964e+01
1.172118e+02
2.400346e+01
-8.211234e+01
-8.683518e+01
6.224690e+01
-1.187151e+01
6.839201e+00
8.161064e+01
-1.323168e+00
8.546050e+01
1.154437e+02
2.855231e+01
1.348078e+01
4.178672e+01
1.237259e+02
1.716597e+02
-5.932631e+01
1.856735e+01
5.177909e+00
7.602301e+01
5.273805e+00
-5.050554e+01
3.335742e+01
1.010310e+01
9.770945e+01
6.033042e+01
-6.557161e+01
3.330093e+01
-1.992351e+01
6.955887e+01
1.733808e+02
1.499953e+01
7.077800e+01
-7.987862e+01
-2.040742e+01
3.490384e-01
-3.570288e+00
7.258360e+01
6.051825e+01
-9.852263e+01
-2.136148e+01
-2.677487e+01
4.436442e+01
3.396093e+01
-7.182256e-01
4.077029e-01
-5.196573e-01
-3.712159e-01
-1.416418e-01
-1.706875e-01
-3.118403e-01
-2.002846e-01
-9.436622e-02
1.299052e-01
1.511272e-01
-2.296462e-01
1.193019e-01
-3.683288e-02
8.082646e-02
3.335589e-02
-3.048791e-02
1.701432e-01
1.898168e-02
-3.587485e-03
1.076819e-01
7.494534e-02
8.088100e-02
-1.781687e-02
6.352004e-02
2.935403e-02
-4.207119e-02
-9.054007e-02
7.633816e-03
