-1.660187e-01
-9.065759e-01
-1.494165e-01
5.034667e+01
1.838031e+02
-1.944944e+01
3.461733e-04
-2.784372e+05
-4.370851e+05
4.134824e+05
8.651634e+04
2.492950e+05
-2.238778e+05
-6.491514e+04
1.542628e+04
-2.018514e+05
-3.722859e+04
-8.098289e+04
4.125627e+04
6.021950e+04
-4.939109e+04
-3.017609e+04
-3.624981e+04
-3.604412e+04
2.345380e+03
-2.826950e+04
-8.840271e+03
1.549444e+04
-6.782472e+03
-2.676202e+04
-5.168816e+04
3.068024e+04
3.946189e+03
-2.351865e+04
-2.019243e+04
2.017002e+04
-5.323916e+03
5.483602e+03
4.252838e+03
9.955685e+03
1.923219e+04
-3.066613e+03
-1.582154e+04
-3.670349e+02
-1.561230e+03
5.197779e+03
2.455457e+02
7.323852e+03
7.198536e+03
3.618502e+03
1.796374e+04
-1.136610e+03
3.185548e+03
-7.161197e+03
-1.340941e+04
2.566967e+03
7.884048e+03
3.098577e+03
-1.362027e+03
-2.340735e+04
-4.151740e+03
7.239226e+02
-6.317004e+03
-1.833861e+03
-4.037988e+03
3.362888e+03
3.335037e+03
7.104535e+03
-5.707480e+03
3.979267e+03
-1.148418e+03
2.042233e+03
-9.536631e+02
-2.125816e+03
3.864702e+02
2.059607e+03
6.525117e+02
-1.107731e+02
-3.411659e+03
8.137463e+02
-1.306600e+01
2.888714e+03
-9.072866e+02
2.175181e+03
4.261709e+03
2.402997e+03
-1.407392e+03
-1.933644e+03
-1.683713e+03
-1.875220e+02
2.028971e+03
6.932776e+01
2.342423e+03
1.481679e+03
-1.040259e+03
-1.043231e+02
8.070871e+02
2.350049e+02
1.150745e+03
-2.508985e+02
7.151989e+02
-3.406276e+02
-3.125955e+02
-1.973526e+03
3.939771e+02
3.290252e+02
8.960453e+02
1.133239e+03
8.875026e+02
2.172819e+03
-5.820434e+02
1.845257e+03
2.993099e+02
1.286281e+03
-2.480494e+01
-1.539484e+02
-2.942130e+02
-5.934271e+02
-2.679030e+02
2.575681e+02
2.262171e+02
1.745333e+02
-3.915854e+02
5.858904e+02
8.855921e+02
-5.168758e+01
-3.175774e+02
-4.554577e+02
-5.401594e+02
-5.814229e+02
2.513470e+02
3.984268e+02
-4.891412e+02
1.393318e+02
-3.317571e+02
6.351176e+01
5.746631e+02
-2.171629e+02
3.133299e+02
7.602770e+01
-2.591493e+02
-6.447479e+01
5.784028e+01
-1.118486e+02
-2.590294e+02
2.331185e+02
3.254448e+02
-1.018772e+02
1.364010e+02
4.045207e+02
1.760450e+02
3.525836e+02
1.622901e+02
8.906535e+01
-1.869535e+02
8.763441e+01
-6.545729e+01
3.870837e+02
-7.872307e+01
-2.569438e+02
1.962646e+02
-4.099143e+01
2.410126e+02
-2.059346e+02
-7.156021e+01
-2.931461e+01
-5.936176e-01
4.950023e+01
-1.858675e+01
2.467903e+02
1.895972e+02
2.945025e+01
-5.122572e+00
2.746599e+01
-3.581053e+00
3.991227e+01
6.239762e+01
1.202720e+02
2.917652e+01
-1.911886e+00
7.025159e+01
2.151062e+02
-5.837154e+01
1.517089e+01
7.434758e+01
9.877728e+01
1.078674e+02
3.049507e+01
-7.401591e+01
3.423204e+01
-1.514811e+00
8.623046e+01
-3.487033e+01
3.777712e+01
-5.602977e+01
-2.948898e+01
-8.218187e+01
-2.991022e+01
-2.304492e+00
4.744928e+01
-3.073522e+01
-1.016752e+02
-1.414222e+01
-6.041285e+01
8.637468e+01
2.154246e+01
-2.396007e+00
3.376648e+00
-2.137911e-01
8.889489e-01
9.151350e-02
-7.705016e-02
-3.548384e-01
-8.535990e-01
2.694663e-01
-8.878266e-01
2.148421e-01
-7.057878e-01
3.817256e-01
1.238838e-01
2.715914e-01
2.148677e-01
8.675840e-02
-7.969879e-02
2.097776e-03
-6.275694e-02
3.780290e-02
1.853234e-01
6.763880e-02
1.479325e-02
1.129896e-01
7.689172e-02
-2.012723e-02
-1.860324e-01
-9.693664e-02
