-2.056372e-01
-1.490777e+00
-1.080026e-02
5.489778e+01
1.801112e+02
-7.742255e+00
3.487843e-04
-1.768802e+05
-190992
4.159105e+05
1.449198e+05
7.737223e+04
1.239500e+05
-1.096835e+05
5.303702e+04
-1.453484e+05
1.825295e+04
-3.808666e+04
1.642809e+04
-2.934338e+04
-8.636647e+03
1.585577e+04
-2.445886e+03
1.504336e+04
3.300205e+04
-5.686618e+04
-8.866297e+02
-2.424494e+04
-3.971432e+04
1.035135e+04
-6.086419e+04
2.941133e+04
-1.831333e+04
-2.952145e+04
3.358971e+04
1.062676e+04
2.009162e+04
1.973026e+03
-4.654128e+03
-1.034479e+04
4.710671e+03
2.063152e+03
-8.902858e+03
-4.369667e+03
7.499018e+03
-5.753031e+03
-3.842746e+02
2.316771e+03
-2.772027e+03
1.864637e+03
8.740589e+03
3.633631e+03
5.278516e+03
-4.703228e+03
-7.268327e+03
1.610666e+03
1.226591e+03
7.311702e+03
-4.142687e+03
-1.215553e+04
-4.181183e+03
-3.798404e+03
-7.074759e+02
-4.083402e+03
1.209666e+03
2.168731e+03
5.800228e+03
3.946879e+03
-2.921685e+03
2.042358e+03
2.033556e+03
2.677396e+03
6.332189e+02
8.662033e+02
1.422841e+03
1.945311e+03
3.825660e+03
9.948657e+02
-5.409587e+03
-4.838431e+02
-1.521688e+03
3.654434e+02
-2.005028e+03
9.016074e+02
2.818122e+03
1.643506e+03
-1.749180e+03
3.784936e+02
-1.415845e+02
5.353791e+02
-4.803832e+01
-5.882245e+02
2.060763e+03
2.001199e+03
-1.593076e+03
1.073427e+03
1.830523e+03
1.118625e+03
3.420283e+02
-3.219067e+02
-9.340276e+02
-3.610867e+02
-5.942294e+02
-9.150909e+02
9.078957e+02
-1.330631e+02
1.125116e+03
1.011836e+01
8.976754e+02
1.203726e+03
8.926894e+01
1.313707e+03
-6.119844e+01
8.693896e+02
-2.271534e+02
-7.990444e+02
-2.261852e+01
-3.779539e+02
-4.576924e+02
6.873854e+02
-3.986434e+02
1.832885e+01
-7.097250e+02
6.200617e+02
1.100190e+01
-3.981830e+02
-2.485353e+02
3.042008e+02
2.127895e+02
-4.870654e+02
2.290758e+02
2.200356e+02
3.418198e+02
2.545863e+02
-4.449745e+02
1.181544e+02
4.892917e+02
-1.101095e+02
-8.482919e+01
7.150175e+01
-2.818504e+01
-7.636943e+01
-1.306992e+02
1.046744e+02
-1.063489e+02
1.180352e+02
1.001674e+02
-1.110056e+02
1.348856e+02
1.326810e+02
2.145792e+01
1.318055e+02
1.227026e+02
-2.204433e+01
-7.249929e+01
-6.073290e+01
5.530302e+00
1.808213e+02
-1.260249e+02
-3.612940e+01
2.741304e+02
-3.194969e+01
4.884586e+01
2.761138e+01
7.114602e+00
-6.731796e+01
-3.698325e+00
5.273059e+01
-2.555119e+01
7.289264e+01
1.454423e+02
1.248529e+02
2.992120e+01
7.620989e+01
2.365784e+01
-8.673210e+01
-4.016161e+01
-7.119197e+00
-5.521991e+01
4.637031e+01
6.680463e+01
2.218009e+01
-3.670756e+01
1.024324e+01
3.496301e+01
-5.958115e-01
5.387159e+01
-9.729358e-01
-5.490447e+01
4.662948e+01
8.939708e+00
9.881558e+00
-2.841518e+01
-1.690324e+00
2.217047e+01
4.630722e+00
-3.986892e+01
2.566450e+00
-6.587905e+00
3.576832e+01
9.865054e+00
-4.047012e+01
1.052289e+01
-3.244505e+01
2.678143e+01
2.115763e+01
-1.035426e+00
2.047913e+00
-3.924708e-01
6.244352e-01
-7.227366e-02
-6.649544e-01
-3.463217e-01
-2.725578e-01
-8.924050e-02
-3.972258e-01
1.581147e-02
-2.877342e-01
3.107099e-01
7.731584e-02
-5.092187e-02
1.301003e-01
1.791473e-02
-1.198359e-02
-1.816688e-02
-1.948215e-01
-3.747064e-02
1.200052e-01
-1.002218e-02
-9.540686e-02
-6.264400e-02
3.920524e-02
3.022816e-02
-5.665480e-02
-8.299511e-02
