2.258677e-01
5.575082e-01
-1.915122e-01
4.124445e+01
1.533293e+02
-2.587177e+01
3.250827e-04
-1.875551e+05
-2.033565e+03
5.226425e+04
-2.114376e+05
4.122854e+04
8.579973e+04
-7.951116e+04
2.322789e+04
-1.324430e+05
2.361084e+04
6.418614e+04
1.504361e+05
-8.004833e+04
-2.952622e+04
2.315840e+04
-3.622396e+04
1.908943e+04
2.692997e+03
6.327598e+04
1.276197e+02
-6.462368e+03
-1.380600e+04
-2.771629e+04
-1.505070e+04
-8.415800e+03
-3.073437e+04
-1.733928e+04
-4.164480e+03
8.922996e+03
-1.164682e+04
-1.372275e+04
2.286288e+04
-2.896740e+03
8.052881e+03
-1.951873e+04
5.292205e+03
-7.912569e+03
4.491385e+02
-1.022706e+04
1.005948e+04
5.723483e+03
-1.283560e+04
6.956416e+02
4.547306e+03
-4.311747e+03
3.271745e+03
-2.695691e+03
1.560143e+03
3.904592e+03
3.904728e+03
6.199977e+03
3.302649e+03
-3.211060e+03
-6.671903e+03
-9.463925e+02
1.109467e+03
-2.230776e+03
-2.733880e+03
4.123435e+03
1.421250e+03
6.771505e+03
-2.544380e+03
1.598251e+03
1.570969e+03
2.484843e+03
3.180245e+03
1.271379e+03
-3.743154e+02
-2.778047e+02
3.778806e+02
-1.913145e+03
-5.247311e+03
-5.985862e+01
-1.333977e+03
-4.821808e+02
-1.388934e+03
2.314349e+03
1.479342e+02
1.061848e+03
-2.611792e+02
-2.290339e+01
1.805527e+02
8.732363e+02
-7.519621e+01
1.334036e+03
7.018716e+02
1.457998e+03
-6.095131e+02
8.268736e+02
2.097801e+03
-4.767422e+02
-4.479404e+02
-1.176806e+02
-1.600938e+03
-4.155240e+02
6.739772e+02
-2.705778e+02
5.809141e+02
-1.541085e+03
8.212609e+02
7.241014e+02
1.512726e+03
1.134874e+03
4.774553e+02
2.773357e+02
1.595176e+02
-9.043583e+01
1.785371e+02
2.507203e+02
6.882184e+01
-6.509910e+01
-6.470995e+02
5.857758e+02
4.178312e+02
5.361194e+02
-1.816218e+02
-4.265615e+01
2.974254e+02
-3.885147e+02
2.413553e+02
1.613592e+02
-2.216658e+02
-3.973017e+02
7.242202e+01
3.572058e+01
-2.101817e+02
9.909039e+01
-1.777034e+02
-3.230054e+02
2.213202e+02
-1.391119e+02
-6.169228e+01
-9.517949e+01
-2.393783e+02
3.387993e+01
1.542513e+02
2.912635e+02
-3.063494e+01
-1.262828e+02
-9.667715e+01
-1.871460e+02
-1.056833e+02
2.258671e+02
2.953318e+02
1.337254e+02
-9.136566e+01
-1.884561e+02
1.428867e+02
6.356767e+01
-8.112778e+01
-8.527017e+01
3.870416e+00
-3.836719e+01
4.323271e+01
-6.790611e+01
-5.093387e+01
-4.104705e+01
-2.382607e+02
2.705079e+00
-4.919867e+01
1.595820e+02
-2.347993e+02
-1.889636e+01
8.285217e+01
1.138795e+02
1.159096e+02
6.265710e+01
-4.483427e+01
-9.284055e+01
5.171038e+01
7.956189e+00
-9.137911e+01
5.288580e+01
7.129588e+01
3.309581e+01
-1.074389e+01
-3.232188e+01
6.589962e+01
-1.039602e+01
8.529608e+01
1.021709e+02
-1.032497e+02
1.256500e+00
4.966678e+01
1.202082e+01
-3.977132e+01
-2.669743e+01
5.244343e+00
1.352445e+01
-1.170282e+01
2.791541e+01
-2.324019e+01
4.032732e+00
1.273946e+00
-3.235230e+01
1.647224e+01
-2.916269e+01
1.540456e+01
1.731360e+01
-1.863309e+00
2.233296e-01
-3.896029e-01
2.202308e-01
3.832446e-02
-6.788867e-02
-2.562943e-01
1.165732e-02
5.954215e-02
-5.927316e-02
9.389626e-01
1.457341e-01
-2.833991e-02
-5.078178e-02
9.686852e-02
-1.666329e-01
-6.012936e-02
-2.377245e-02
-6.583086e-02
1.188820e-01
-3.939863e-02
1.196211e-01
-2.064735e-01
-1.130294e-01
2.114787e-01
8.357655e-02
-1.160229e-01
2.719431e-02
-1.503249e-02
