3.420567e-02
-1.084248e+00
-2.192467e-01
5.575111e+01
1.660384e+02
-1.685740e+01
3.568346e-04
8.583895e+04
-8.047798e+04
-1.030170e+05
1.954328e+05
-8.628549e+04
4.339766e+04
-6.594077e+04
-8.628838e+04
4.983482e+04
9.821880e+04
4.586080e+04
1.309086e+05
-4.179134e+04
-4.856361e+04
-9.007573e+04
6.954102e+04
-8.731020e+03
6.281418e+04
-4.927591e+04
-1.791979e+04
-3.731461e+04
-4.491229e+04
-3.138300e+04
-37364
-5.483868e+04
-2.045487e+04
-1.943045e+04
-9.967897e+02
-5.578924e+03
-2.764744e+04
-3.805074e+03
1.046594e+04
4.356750e+03
-1.436209e+04
4.953578e+03
4.208534e+03
-8.551646e+03
9.288650e+03
-2.800360e+03
-5.885853e+03
-1.602669e+03
3.735781e+03
5.705596e+03
-9.175378e+03
-1.025100e+04
-8.599718e+03
7.511576e+03
2.294126e+03
-3.149775e+03
-6.839370e+03
4.912287e+03
1.736234e+03
-6.920851e+03
-1.394817e+03
-3.356337e+03
-1.053185e+03
-5.625404e+03
2.883366e+03
5.986725e+03
3.118397e+02
-1.648220e+03
-5.551965e+03
1.707827e+03
4.153738e+03
1.220987e+03
-2.086330e+03
-4.819426e+02
2.374564e+03
2.814525e+03
2.984481e+03
3.762828e+03
-2.224951e+03
-1.783276e+03
-1.178058e+03
-1.066495e+03
-9.831406e+02
-1.001242e+03
-3.955504e+02
1.105197e+03
-6.604583e+02
6.389331e+02
-2.983078e+02
1.619194e+03
-1.421606e+02
-1.192682e+03
2.562731e+03
2.132135e+02
-3.768423e+02
1.601294e+03
1.347142e+03
-1.059498e+03
5.427925e+02
4.250878e+02
-5.602656e+01
-3.681657e+02
7.445955e+02
1.935625e+02
-2.274086e+02
1.594143e+02
9.549036e+02
-4.853580e+02
2.016370e+02
-8.721783e+01
-9.312017e+01
-7.358644e+01
-2.000834e+02
-3.910088e+02
-7.024919e+02
6.009542e+02
-1.572272e+02
3.985959e+01
-2.341589e+02
1.335916e+02
-4.779889e+02
-7.343199e+02
-3.560920e+02
2.322965e+02
-2.664189e+02
4.422456e+01
-2.608229e+02
2.816079e+02
-1.378269e+02
-4.461290e+01
6.023704e+01
8.523189e+02
5.059735e+02
4.730168e+02
2.282417e+02
-3.978424e+01
1.933017e+02
1.710414e+01
6.332427e+01
-1.465492e+02
2.718839e+02
2.479388e+02
1.183738e+02
5.459767e+01
7.077763e+01
-7.823552e-01
-2.938371e+01
-9.996574e+01
3.113147e+02
2.595907e+02
3.260254e+01
-2.033449e+02
1.637929e+02
1.262132e+02
-7.958297e+01
-9.711510e+01
3.198723e+02
1.239557e+02
-9.226730e+01
-1.147995e+01
1.096988e+02
1.134365e+01
2.675009e+00
1.664188e+02
1.004401e+02
-2.168756e+01
-1.206066e+02
8.769263e+01
-6.974587e+01
-8.881805e+01
-3.191626e+01
2.133997e+02
2.665440e+01
-1.351642e+02
1.086280e+02
-9.798868e+01
6.019337e+00
-6.357594e+01
-1.084906e+02
1.033786e+02
3.928851e+01
3.846666e+00
-1.340491e+01
3.383601e+01
5.375501e+01
-9.198263e+01
-8.164518e+01
-9.522141e+00
1.833020e+01
-5.705666e+01
-2.326155e+01
-2.201327e-01
-2.053936e+01
9.766130e+01
1.081016e+02
-2.796741e+01
-3.645149e+01
-4.069790e+01
-2.739066e+01
-4.248673e+01
-1.869318e+01
-5.861995e+00
3.988750e+01
-2.695442e+01
2.395913e+01
-8.726039e+00
6.030027e-01
2.806393e-02
9.656860e-03
-6.713551e-02
5.311741e-01
-6.152061e-02
1.422712e-01
-1.353329e-03
2.677557e-01
-1.888272e-01
-4.635158e-01
-2.931290e-01
1.790531e-01
1.065582e-01
-3.369756e-02
1.772405e-01
-4.895724e-02
-1.219011e-01
-5.131043e-02
-2.623254e-01
-5.969637e-02
-1.029120e-01
-1.625002e-01
1.525290e-01
-1.182559e-01
9.066490e-02
-1.596404e-01
-9.080924e-02
1.538750e-01
