-1.012733e-01
1.448190e+00
3.168412e-02
5.774222e+01
1.811394e+02
-1.059558e+01
3.562453e-04
-9.322733e+04
-4.876384e+05
3.166377e+05
2.446044e+05
6.980436e+04
-2.712392e+04
-1.856305e+04
1.654664e+04
-1.140264e+05
6.699153e+04
4.700170e+04
7.571487e+04
3.651798e+03
-4.816392e+04
-3.807555e+04
-2.707804e+04
-9.370396e+03
-1.524628e+04
-3.391160e+04
-3.902289e+04
5.875283e+04
2.408553e+02
1.821638e+04
-3.003571e+04
3.850868e+04
-2.141441e+04
-1.815389e+04
-2.631120e+03
1.840296e+04
1.745585e+04
3.795447e+03
1.335516e+04
9.771663e+02
7.845568e+03
-5.612921e+03
-2.191833e+04
-1.136705e+04
1.344857e+04
-4.189141e+03
-2.007973e+04
1.282326e+04
-1.389783e+04
9.837296e+02
1.325681e+04
8.856170e+03
5.008948e+03
-7.420014e+03
-3.050577e+03
8.371335e+03
4.032035e+03
9.908045e+03
-1.381655e+03
-1.153429e+04
-4.150144e+03
7.738686e+00
-2.495936e+03
-2.211580e+03
-1.758611e+03
3.134630e+03
5.260259e+03
-7.731258e+02
-6.234243e+03
4.347417e+03
2.354587e+01
-1.336631e+03
-3.251542e+03
1.616961e+03
5.127699e+02
1.099893e+03
2.401710e+03
-6.286595e+02
-2.175490e+03
-2.038618e+00
-1.591663e+03
2.739990e+03
9.034740e+01
3.412000e+03
3.097467e+03
2.009474e+03
-9.050878e+02
-5.062850e+02
4.085740e+02
-1.606260e+03
-1.156981e+03
-4.693423e+02
2.571177e+03
1.494009e+03
-7.830450e+02
-5.858218e+01
1.009555e+03
6.723681e+01
1.319300e+03
8.379340e+02
-9.892946e+02
3.976908e+02
-2.454344e+02
-1.745881e+03
8.984454e+02
-6.353423e+01
1.426663e+03
-6.770095e+02
8.213307e+02
1.165322e+03
-9.364061e+02
2.156806e+03
-1.813585e+02
1.838188e+03
7.673149e+01
-9.642501e+01
8.085054e+01
-2.289616e+02
2.621534e+02
1.890668e+02
1.336742e+01
-6.984715e+01
-2.891548e+02
3.451352e+02
6.661733e+02
-3.832175e+02
-9.717903e+00
1.552830e+02
-7.317000e+00
-2.758770e+02
2.050534e+02
2.532251e+02
2.222692e+02
7.091384e+00
-2.618143e+02
1.601482e+02
5.536481e+02
-1.235515e+01
6.825210e+01
2.314118e+02
-8.009766e+01
2.708222e+02
-1.531974e+02
-4.650210e+01
-1.479333e+02
-6.755564e+01
2.474220e+02
-5.085630e+01
1.597877e+02
2.144749e+02
-5.531625e+01
-6.716525e+01
4.197440e+02
1.227866e+02
-1.918615e+02
3.250963e+01
1.488433e+02
2.176113e+02
-2.049028e+02
-3.707113e+02
2.423672e+02
-1.006363e+02
2.206715e+02
-1.594986e+01
8.957729e+01
-4.295926e+01
-1.501012e+01
4.484777e+01
8.334591e+01
3.084885e+02
2.054059e+02
-5.445840e+01
-7.495264e+01
7.596435e+01
4.044683e+01
-4.966711e+01
-6.406488e+01
-4.365251e+01
-4.376183e+01
-1.374081e+01
-6.117364e+01
1.481401e+02
-9.780709e+00
4.073391e+01
5.904173e+01
2.274146e+01
1.231122e+02
-2.506813e+01
-4.323034e+01
5.582757e+01
5.747531e+01
4.433416e+01
-9.363004e+01
2.749439e+01
4.203301e+00
4.041003e+01
-4.192449e+01
-7.726442e+01
2.829000e+01
2.327441e+00
-2.015275e+00
-8.423194e+01
-1.983733e+01
3.591600e+00
5.998846e+01
3.785027e+01
-1.424367e+00
4.010174e+00
-1.112360e+00
9.532362e-01
1.412011e-01
-3.538931e-01
1.068423e-02
-5.650171e-01
-2.456327e-01
-7.608457e-01
-3.437805e-01
-6.163811e-01
-8.443002e-02
-2.859644e-03
6.863363e-02
7.374304e-02
-1.572624e-02
4.370799e-02
3.968228e-02
-1.002198e-01
1.663950e-01
6.721614e-02
9.597164e-02
-1.180820e-01
1.632838e-02
2.193590e-02
4.539680e-02
-2.035583e-01
-6.346365e-02
