-2.306945e-01
-8.665345e-01
3.054087e-01
5.233778e+01
1.879668e+02
-2.064657e+01
3.540419e-04
-7.961884e+04
9.471765e+04
8.926117e+04
2.811012e+04
3.236587e+04
-1.609392e+05
2.457676e+04
1.937655e+04
-5.206366e+04
6.958360e+04
-6.598432e+04
8.265762e+04
4.086504e+03
-1.329521e+04
-1.154127e+04
1.034949e+04
-1.967527e+04
9.659333e+03
-5.322557e+03
2.160997e+04
-2.452302e+03
-9.956815e+03
-1.950724e+04
5.554926e+02
2.158252e+03
-2.106871e+04
-2.346026e+04
-1.154999e+03
-2.384810e+03
1.558052e+04
-1.487040e+03
6.022106e+03
-1.021982e+04
-3.498773e+03
7.824367e+03
-4.793325e+03
-1.376049e+04
1.144756e+04
-4.616251e+03
-8.476694e+02
1.014946e+03
-1.278362e+03
5.911869e+03
-5.798981e+02
1.329143e+03
-1.912218e+03
6.310852e+03
-1.347786e+03
1.141350e+03
1.927214e+03
6.480631e+03
1.649557e+03
-6.110023e+03
-4.669787e+03
-6.859267e+01
1.307696e+03
1.774859e+03
7.396143e+02
2.449363e+03
-1.372601e+03
-3.726255e+02
-3.578164e+03
2.431770e+03
1.508322e+03
2.510138e+03
-7.371641e+02
4.604447e+02
-8.772980e+02
1.352572e+03
-1.737572e+03
1.692065e+02
-3.507174e+03
-1.320856e+03
-8.081267e+02
-9.801079e+02
8.509832e+02
4.386850e+02
1.612746e+03
8.683527e+02
-1.573576e+03
1.562552e+02
6.855308e+02
-3.595451e+01
-7.016143e+02
1.180305e+02
1.201103e+03
8.119807e+02
-8.861915e+02
6.341418e+02
1.175105e+03
-5.832130e+02
-3.053076e+02
-2.107673e+02
-5.224392e+02
-2.741384e+00
3.145860e+02
-6.988720e+02
-6.744151e+02
-5.500814e+02
4.798364e+02
9.607239e+02
8.649716e+02
6.362977e+02
-9.251148e+01
3.291862e+01
-1.892385e+02
6.713126e+02
1.004649e+02
-1.982424e+02
-2.262190e+02
-9.814830e+01
-2.030874e+02
4.483231e+02
1.107322e+01
8.857264e+01
-4.187940e+02
-2.745132e+01
4.858415e+02
-1.589680e+02
-4.316897e+01
1.456611e+02
-1.553559e+02
1.246765e+02
3.436043e+02
4.716538e+02
1.313702e+02
2.012309e+02
-6.568739e+00
-8.385098e+00
1.769205e+02
7.474908e+00
-1.062562e+02
-5.017722e+01
-1.591501e+02
-7.558356e+01
8.229130e+01
6.409782e+01
2.951553e+00
4.075554e+01
-9.507717e+01
-1.560813e+02
6.491446e+01
1.015030e+02
1.564678e+02
1.432649e+01
2.027216e+01
-1.165920e+01
3.143242e+01
-6.169605e+01
1.701046e+02
3.874658e+01
8.617005e+01
-4.651099e+01
5.061384e+01
3.019409e+01
3.583374e+01
-4.951003e+00
-4.028175e+01
-5.488704e+01
-9.320318e+01
8.959428e+01
-9.215773e+01
5.050117e+00
7.499470e+01
4.190128e+01
-1.364378e+01
5.412053e+01
-1.120247e+01
-8.971658e+01
7.772367e+01
2.782460e+01
-6.607417e+01
5.147672e+01
-1.249109e+01
5.126361e+01
-1.168346e+01
-9.239861e+00
5.177118e+01
-6.760599e+01
2.428132e+01
3.726513e+01
-2.536419e+01
-9.836946e+00
2.943541e+01
-7.275936e+00
-2.696382e+00
1.482392e+01
6.805034e+00
1.013348e-02
9.996053e+00
-1.359874e+00
-1.149272e+01
2.433837e+00
1.569234e+01
-2.069220e+01
-8.412352e+00
8.060611e+00
2.601951e+01
2.171341e+01
-6.255967e-02
-5.535100e-01
-5.304388e-01
-4.240392e-01
7.796507e-02
-1.677806e-01
-1.553089e-01
-4.935928e-02
-7.424053e-02
-9.532127e-02
3.750875e-01
-1.456077e-02
6.250989e-02
-9.476934e-02
-9.835939e-02
-1.592326e-03
-2.321175e-02
-5.250840e-02
2.996669e-03
7.902889e-04
-1.040950e-01
7.305896e-02
-4.643865e-02
-1.196677e-01
-2.444703e-02
1.191007e-02
-3.528976e-02
-4.541082e-02
1.541454e-02
