7.157653e-02
8.313398e-01
1.195306e-01
4.579556e+01
1.628520e+02
-1.976187e+01
3.342058e-04
-3.472718e+05
-2.210152e+05
1.624762e+05
3.135986e+05
2.370771e+05
2.536052e+05
-1.330505e+05
-2.926123e+05
-8.545838e+04
1.752213e+05
9.129651e+04
2.513566e+05
-3.335059e+05
-1.042500e+04
-1.267990e+03
-6.219452e+04
5.000543e+04
-5.212326e+04
-1.461926e+04
-3.674295e+04
5.445250e+04
6.659872e+03
1.008709e+05
-1.543270e+05
-5.744265e+04
7.610155e+04
-7.886329e+03
-6.513161e+03
6.497218e+04
2.775605e+04
5.057916e+04
2.865014e+03
4.598697e+03
-5.396052e+04
-5.705266e+04
7.538188e+03
4.352320e+04
-3.795790e+04
-1.136205e+04
-2.516451e+03
-7.817624e+03
-1.691018e+04
-3.427384e+04
2.521902e+04
-2.341218e+04
6.964164e+03
-8.328599e+03
-1.942489e+04
1.528071e+04
-6.425375e+02
1.464184e+04
-2.303340e+04
-6.246192e+03
-1.987888e+04
1.436001e+04
-2.352292e+03
-8.076448e+03
8.278716e+03
2.046416e+03
1.737946e+03
1.984183e+04
-6.330815e+03
4.286802e+03
2.460384e+03
-4.677764e+03
1.739399e+03
4.289397e+02
-4.831908e+03
-4.049348e+03
4.119472e+03
1.985017e+03
-5.737327e+03
1.511192e+03
-4.283632e+02
-6.333210e+02
-6.563562e+03
-2.426197e+03
-4.882460e+02
2.189660e+03
7.114751e+03
6.663379e+02
-8.567466e+02
2.477350e+03
3.050064e+03
4.077389e+02
5.778331e+02
2.364151e+03
-2.602278e+02
2.161045e+03
5.916530e+03
-1.712199e+03
4.136815e+02
7.497721e+02
-4.982665e+02
3.964114e+02
-2.065161e+02
-6.809587e+02
2.976354e+03
-1.634628e+03
4.516736e+03
-1.300352e+03
1.030910e+03
1.069401e+03
8.015553e+02
1.266328e+03
8.580554e+02
-1.247821e+03
-1.001091e+03
1.226216e+03
1.341471e+02
-4.082203e+02
-1.324793e+03
5.320628e+02
-1.856011e+02
2.694913e+02
-3.167645e+02
9.168034e+01
1.145537e+03
-6.727627e+02
-2.382667e+02
-3.762268e+02
-6.009989e+02
-1.084241e+03
6.921061e+02
-9.617127e+02
6.509471e+01
-6.985704e+01
-2.990505e+02
-7.296733e+02
8.732592e+02
-5.016154e+02
2.369717e+02
-2.077324e+02
2.101041e+02
1.260490e+02
-2.874445e+01
3.191170e+02
-4.515687e+01
-2.944940e+02
9.193037e+01
-1.498300e+02
-1.372575e+02
4.478165e+02
7.550620e+01
2.204023e+02
-2.346452e+01
1.027562e+02
-1.809658e+02
2.238399e+02
-1.092239e+02
1.884228e+02
-2.663520e+02
-1.992691e+02
-1.427506e+02
-2.396158e+02
-2.125780e+01
-5.051030e+01
4.541175e+01
-9.684011e+01
1.063783e+02
1.593928e+02
-1.342303e+02
6.539419e+00
2.769035e+02
2.329095e+02
1.523430e+02
2.210684e+02
-1.470491e+02
7.893608e+00
7.496677e+01
5.354506e+01
1.591443e+01
-2.292686e+01
1.713513e+02
6.400309e+01
-1.135779e+02
-2.621356e+01
1.937135e+02
2.380811e+02
2.261445e+02
4.682655e+01
-2.159131e+02
6.398061e+01
9.349999e+00
-1.079279e+01
7.006465e+00
3.693456e+01
6.640757e+00
5.053401e+01
-1.345909e+02
-1.195525e+02
1.361283e+01
7.131098e+01
9.417548e+01
-5.147441e+01
5.902624e+01
-5.990779e+01
8.849976e+00
7.987426e+01
-3.456969e+00
-9.385540e-01
-1.810396e+00
-1.809390e-01
-1.857848e-01
-9.446474e-01
-5.306931e-01
-2.143553e-01
-1.923322e-01
5.583133e-01
8.737953e-01
-6.079904e-01
1.688345e-01
-1.409366e-01
5.656025e-01
2.268630e-01
-3.875139e-02
2.130434e-01
-1.358320e-01
2.616087e-01
1.992239e-01
-6.821170e-02
-3.420871e-02
-4.452233e-01
2.422718e-01
1.646934e-01
1.092963e-01
7.477456e-02
6.990075e-02
