1.992222e-01
1.235047e+00
-8.255810e-02
5.831111e+01
1.607788e+02
-1.820023e+01
3.692815e-04
-2.395668e+04
1.345057e+04
-8.158920e+04
-1.782066e+05
-1.706315e+05
-1.386180e+05
4.773666e+04
-1.153471e+04
-1.418557e+05
-1.253892e+04
4.596130e+04
1.336999e+05
-4.989282e+04
-1.447376e+04
-4.276931e+04
1.555754e+04
1.384081e+04
-2.533472e+03
4.517016e+04
2.941122e+03
1.206737e+04
-2.289946e+04
-2.320510e+04
1.862985e+04
9.288989e+02
-3.115709e+04
-6.548356e+03
-3.943293e+04
5.194335e+02
6.252230e+02
-1.742367e+04
1.268555e+04
-1.067746e+04
-2.210068e+03
-3.423101e+03
-2.020179e+03
-1.392609e+04
1.189241e+04
-1.083394e+04
6.980820e+03
4.637172e+03
-1.315101e+04
-8.455077e+02
-7.743820e+03
-1.884356e+03
6.302283e+03
-5.951688e+03
1.660210e+02
8.324100e+03
1.961888e+03
1.136951e+04
6.385833e+03
-2.262252e+03
-4.664700e+03
5.876910e+03
2.569555e+02
-3.874453e+03
-4.486672e+02
6.369380e+02
4.021982e+03
-1.435879e+03
-2.740086e+03
2.990098e+03
2.217174e+03
2.005721e+03
3.083604e+02
-3.578752e+02
-1.559941e+03
-1.025472e+03
-5.872021e+00
6.672874e+02
-3.466811e+03
-7.806357e+02
9.813294e+02
3.783539e+02
9.789159e+02
3.037193e+03
2.408606e+03
-1.239922e+01
-6.492348e+02
-1.304050e+03
-6.110146e+02
1.183982e+03
-8.678564e+02
7.343039e+02
1.389385e+03
1.158238e+03
-1.352078e+03
2.259797e+02
3.891927e+02
-6.931625e+02
-2.262189e+02
1.645411e+02
-9.011966e+02
1.399786e+02
9.918494e+02
-1.976424e+02
-9.743304e+00
-8.187888e+02
1.040520e+03
4.634892e+02
-6.256121e+01
2.958753e+02
-3.054434e+02
5.051783e+02
-4.705078e+02
8.044948e+02
3.954832e+02
3.758867e+02
-4.204485e+02
-1.138777e+02
-3.200485e+01
5.048893e+02
2.189220e+02
4.704379e+02
2.327280e+02
-1.177426e+02
6.264427e+02
-1.939067e+00
3.137605e+02
3.723503e+01
-1.521933e+02
1.509255e+02
1.737912e+02
4.144782e+02
-6.627758e+01
5.708543e+01
-5.652087e+01
-1.752957e+02
4.081110e+02
-1.783415e+02
1.290514e+02
-9.337724e+01
-3.187008e+02
1.972967e+02
-3.486129e+01
1.588374e+02
-7.473158e+01
8.926751e+01
-4.776294e+01
-2.657465e+02
-6.213329e+01
1.630055e+02
-3.349768e+01
1.228366e+02
1.365004e+02
-4.544735e+01
5.970523e+00
-3.397256e+01
-2.547759e+00
3.223735e+01
1.591799e+02
-1.678294e+02
-3.516327e+00
8.889204e+01
-1.958819e+01
6.764188e+01
-9.531759e+01
6.730380e+01
-1.404037e+02
1.600158e+02
2.382039e+00
1.269082e-01
9.461899e+01
1.550564e+01
-3.439380e+01
6.371823e+01
-4.818995e+01
-6.050095e+01
1.208034e+00
1.314594e+00
-7.486897e+01
3.834377e+01
-5.535287e+01
1.006202e+02
4.082788e+01
9.389847e+00
6.115866e+01
-4.384430e+01
1.074340e+01
2.105147e+01
-6.608855e+01
-4.574836e+01
4.738004e+01
3.482625e+01
-3.758466e+01
1.243265e+01
5.621394e+00
2.157563e+01
2.524927e+01
9.889665e+00
-1.217309e+01
-8.695624e+00
1.838573e+01
-3.926665e+01
4.694004e+01
7.826496e-01
2.267823e+01
1.411529e+01
-8.230596e-01
8.961035e-01
3.399736e-02
3.105345e-01
1.105871e-01
4.280214e-01
7.076754e-02
-5.127083e-01
-1.839882e-02
-1.636996e-01
2.493977e-01
-1.562351e-02
2.397394e-02
4.187915e-02
-6.189300e-02
-1.634118e-01
5.963566e-02
-3.121764e-02
-3.722652e-02
9.852589e-02
-7.084628e-02
1.533404e-01
4.423736e-02
-1.331505e-02
1.978993e-02
2.745014e-02
-3.504403e-02
-3.828910e-02
2.251629e-02
