-2.109085e-01
-5.805941e-01
4.737420e-02
5.034667e+01
1.996941e+02
-2.629581e+01
3.559866e-04
8.918687e+02
2.400693e+05
-2.558872e+05
-1.123274e+05
3.883485e+04
-1.987088e+05
3.203159e+04
2.829768e+04
6.348122e+04
-2.017957e+02
-1.828226e+05
-1.069358e+04
-2.063282e+03
1.980435e+03
5.409318e+04
3.064999e+04
-4.002984e+04
3.715596e+03
1.868568e+04
-2.941823e+04
-2.713786e+04
-1.247175e+04
-1.466216e+04
2.949118e+04
-1.828340e+04
8.040426e+03
3.680264e+04
5.841768e+03
-1.296141e+03
1.341226e+04
-5.899037e+03
1.984729e+03
3.864279e+03
-2.393286e+04
6.016682e+02
2.160978e+03
1.983965e+03
-8.045844e+03
1.674665e+03
1.421934e+04
-5.602507e+03
1.041034e+04
-1.570694e+03
2.723251e+03
-1.066531e+04
-6.296218e+03
1.161595e+04
-1.218117e+03
-6.122006e+03
3.914992e+03
3.955069e+03
-1.964456e+03
-2.011309e+03
-3.048132e+03
2.981495e+03
2.875193e+03
5.481832e+03
5.868624e+03
-2.145194e+03
1.945000e+03
-1.742316e+03
-8.044865e+02
1.464573e+03
1.603868e+03
-1.436467e+03
-2.891851e+03
-6.023918e+02
-1.945986e+03
-2.201613e+03
-3.627113e+03
3.293960e+03
-1.497517e+03
-9.116270e+02
4.153134e+03
-3.002947e+03
2.848189e+03
-1.996142e+03
2.565811e+03
-1.038628e+03
-1.503481e+03
8.850613e+01
-1.049185e+02
1.730886e+03
-9.242020e+02
1.146935e+03
-2.007257e+03
4.547074e+02
-1.595540e+03
5.815770e+02
-5.050554e+01
-1.840270e+02
-8.870511e+02
-1.076538e+03
2.001941e+02
7.562192e+02
-1.560179e+02
-1.315493e+02
-7.501132e+02
3.914057e+02
-2.157084e+02
1.580512e+03
-1.406816e+02
2.114972e+02
5.124831e+02
-1.675557e+03
-4.428850e+02
4.281200e+02
1.704939e+00
-2.283703e+02
-5.244685e+02
-2.303291e+02
-6.742423e+02
4.093151e+02
-2.037235e+02
1.296891e+02
-1.693873e+02
-1.683295e+02
1.768515e+02
2.465739e+02
-1.383533e+02
-5.693889e+01
-5.842116e+02
4.353163e+02
5.266340e+02
5.418104e+02
3.090608e+02
1.440207e+02
-1.299702e+02
-7.850772e+01
-4.308700e+01
-2.190029e+02
-7.590194e+01
-5.748092e+01
-2.655731e+02
-4.113774e+02
6.681232e+01
-1.279024e+01
1.083530e+02
1.971612e+02
-1.780114e+02
-1.192979e+02
-2.618410e+01
6.379596e+01
4.784430e+01
2.047725e+02
-1.352371e+02
-9.320223e+01
-6.468882e+00
-9.794950e+01
1.264997e+02
-4.595478e+01
2.214094e+02
6.498858e+01
-1.394038e+02
8.103705e+01
1.752668e+01
-8.047285e+01
-4.082432e+01
-1.108137e+02
-1.281673e+01
5.853941e+01
3.533039e+01
-1.179427e+01
4.729164e+01
-1.542005e+01
-2.219348e+01
9.166479e+01
-9.215157e+00
-2.113641e+01
1.138709e+02
1.093113e+02
-9.119891e+00
3.979436e+01
-1.301183e+01
9.921648e+00
-1.702841e+01
-1.485922e+01
7.066441e+01
-8.885345e+01
-7.475683e+01
8.061236e+01
4.739668e+00
-1.061846e+01
4.376489e+01
1.467471e+01
6.854162e+01
-2.720373e+00
2.808562e+01
-3.237218e+01
4.349872e+01
4.190390e+01
-5.387440e+01
1.273460e+01
5.168962e+01
5.213064e+00
4.215513e+01
3.599642e+01
5.766322e+00
9.574415e-01
-5.655449e-01
-7.705864e-01
-1.348512e-01
-3.622388e-01
-3.090362e-01
-1.100377e-01
2.855138e-01
-2.689508e-01
-5.397525e-02
1.059627e-01
2.640838e-01
4.757050e-01
2.337466e-01
-4.038060e-02
-2.054269e-01
-2.694323e-01
3.656803e-02
-6.146013e-03
-5.894614e-02
2.393611e-01
-1.928641e-01
5.877107e-02
1.020146e-01
-7.203542e-02
8.731657e-02
4.890236e-02
3.783970e-02
4.845064e-02
-2.658742e-02
