-2.734002e-01
9.565258e-01
-1.513165e-01
4.977778e+01
1.863570e+02
-1.632465e+01
3.272712e-04
-3.519111e+04
-3.970769e+05
7.490327e+04
4.400084e+05
1.002996e+05
9.509524e+04
-1.602793e+05
7.001731e+04
1.880235e+04
7.360394e+04
4.528009e+04
-4.452839e+04
1.634947e+04
-8.819751e+04
-3.942803e+04
6.686266e+04
-6.048539e+04
2.388770e+04
-8.665653e+03
1.469919e+04
-5.808800e+03
2.539084e+03
3.743037e+04
-6.281001e+04
-8.974771e+03
1.878081e+04
-2.846606e+04
2.945804e+04
2.145720e+04
-2.863758e+03
1.127721e+04
-1.445246e+04
4.146483e+03
-3.801396e+03
4.098965e+03
-1.799748e+04
2.352631e+04
2.595506e+04
-1.362935e+04
-1.211464e+04
7.283456e+03
1.309073e+04
2.360342e+03
8.488306e+03
-4.812094e+03
-2.733722e+03
-2.344347e+02
-5.266490e+03
2.341603e+03
-1.242670e+03
6.371652e+03
-2.598346e+03
-1.167493e+04
3.453327e+03
-2.689796e+03
-5.537124e+03
-8.016551e+03
2.176396e+03
4.900132e+03
2.080031e+03
8.230932e+02
-7.159286e+03
1.610405e+03
4.162425e+03
-1.590651e+02
-4.274917e+03
-1.666166e+03
6.512665e+02
3.052334e+03
1.407792e+03
1.489369e+03
-2.532665e+03
1.728852e+02
6.975467e+02
-8.266841e+02
1.604239e+02
-6.327287e+02
2.634357e+03
1.598270e+03
-1.112521e+03
-4.673736e+02
-1.150750e+03
-1.431260e+03
-1.120716e+03
-1.230314e+02
1.228169e+03
1.874081e+03
-1.597053e+03
1.747734e+02
-2.023693e+02
5.556995e+02
-2.209299e+02
1.036520e+03
-2.651483e+02
-2.213767e+02
-1.448328e+02
-1.104610e+03
6.426183e+02
-3.880698e+02
4.692747e+02
-4.299695e+02
-9.867759e+01
7.731224e+02
-7.493826e+02
1.613186e+03
-1.817743e+02
1.233687e+03
-6.614957e+02
-8.092746e+02
-4.044499e+02
1.424871e+02
1.591061e+02
-3.463441e+01
-3.142843e+02
-7.518615e+02
-6.740040e+02
6.674349e+02
3.118276e+02
-3.033822e+02
2.543757e+02
6.513930e+01
6.335271e+01
-1.941356e+02
2.399330e+02
3.272667e+02
2.834547e+02
3.573679e+02
-8.775101e+01
3.218246e+02
5.387495e+02
-9.324770e+01
8.077872e+01
3.491887e+02
1.960768e+02
-2.202526e+02
7.826515e+01
-2.311891e+02
5.848886e+01
5.766720e+01
1.348613e+00
-2.107695e+02
1.873918e+02
7.723701e+00
1.756210e+02
6.705961e+01
3.658816e+02
1.067906e+02
-3.667265e+02
-8.272386e+01
2.769550e+02
1.413965e+02
-2.567327e+02
-1.976024e+02
2.021438e+02
2.326592e+01
1.425269e+02
4.586895e+01
1.686626e+02
-6.218481e+01
8.773347e+01
-7.685421e+01
-5.701341e+00
2.253581e+02
9.548012e+01
1.137805e+02
1.933787e+01
-4.243298e+01
2.264132e+01
2.304045e+01
5.646712e+01
-6.430916e-01
-7.073960e-01
8.851103e+00
6.488266e+01
1.488427e+01
3.640995e+01
1.288451e+00
7.343542e+01
-3.797054e+01
-2.261251e+00
-3.018456e+01
1.591576e+01
3.456828e+01
-5.441386e+00
2.209492e+01
-3.262228e+00
6.452705e+01
4.515373e+00
-4.464095e+01
-2.185954e+01
-4.150564e+01
2.139763e+00
3.314093e+01
-1.524357e+01
-1.887846e+00
-2.411559e+00
-4.440506e+01
5.006192e+01
2.725566e+01
-1.262173e-01
2.208397e+00
-1.207709e-01
4.183348e-01
-4.002429e-02
6.604573e-02
-1.323422e-02
-2.026724e-01
-6.860915e-02
-6.514439e-01
-4.862091e-01
-9.738941e-01
-8.545435e-02
1.516849e-01
-2.123554e-01
-2.256887e-02
2.987404e-02
1.434709e-01
8.997792e-02
-3.495031e-01
9.970770e-02
3.836993e-03
-1.371264e-01
1.108463e-01
-1.439864e-01
-3.010429e-02
-4.183887e-02
-2.163884e-01
-8.493596e-02
