-9.793770e-02
-1.390974e+00
3.072703e-01
5.603556e+01
1.674661e+02
-1.231920e+01
3.307289e-04
-2.178560e+05
-9.804997e+03
2.216301e+05
-2.982044e+05
7.965075e+04
-2.000961e+05
-7.304359e+04
1.503244e+05
-1.594723e+05
-4.872942e+04
-2.248946e+05
9.332509e+04
-8.725386e+04
-1.381680e+04
-2.071414e+04
1.060742e+04
4.842671e+04
-3.027061e+03
-5.935560e+04
-8.206423e+04
-5.673834e+03
-2.028469e+03
-3.141965e+04
2.644262e+04
1.302674e+04
5.817262e+03
-2.040013e+03
-1.217601e+04
-9.493356e+03
-4.733403e+03
-6.972706e+03
-1.081716e+04
1.340934e+04
9.780790e+03
-1.084637e+04
1.071617e+03
-1.839569e+04
-8.933820e+02
4.858846e+03
6.239569e+03
-1.566764e+03
-4.412859e+03
-4.461094e+02
7.234387e+03
8.766890e+02
6.012481e+03
6.759961e+01
-9.819380e+03
-5.929413e+03
2.905460e+03
3.930392e+03
-4.976781e+02
-1.059196e+04
-5.101269e+03
8.550162e+02
2.814334e+03
6.000282e+02
-2.051357e+03
2.405071e+03
4.367010e+03
3.456774e+03
-4.216675e+03
4.958255e+03
9.208635e+02
3.979225e+03
1.930187e+03
7.274783e+00
6.171963e+02
3.288441e+02
2.358284e+03
1.642192e+03
-3.205591e+03
-2.223342e+03
-6.338746e+02
-1.130713e+03
-8.494218e+02
1.354066e+03
2.134815e+03
1.383172e+03
-2.452648e+03
-7.562086e+02
-5.006635e+02
2.508665e+03
5.695339e+02
2.786168e+02
1.403995e+03
2.233280e+03
-6.245812e+02
-1.998656e+02
2.272721e+03
-5.054588e+02
3.642182e+02
-7.959520e+02
-3.778362e+02
-3.136361e+02
8.642377e+01
1.042079e+02
4.621895e+02
-1.532795e+02
9.602293e+02
8.376124e+02
6.407081e+02
1.441907e+03
1.031691e+03
6.669653e+02
-8.042650e+02
8.379516e+02
5.099886e+01
-2.633174e+02
-9.293212e+02
-1.043244e+02
-6.831399e+02
7.761577e+02
-1.898530e+02
3.805123e+02
-6.334136e+02
6.848206e+01
2.720609e+02
1.994997e+02
-2.543943e+02
1.920201e+02
-3.579904e+02
-4.571609e+01
-4.470909e+01
4.647691e+02
1.237390e+02
1.319837e+02
-3.167489e+02
-3.054167e+02
3.140415e+02
-7.637997e+01
7.604672e+01
9.167623e+01
-2.178252e+02
-4.802815e+01
-1.988238e+01
2.588131e+01
-1.605887e+02
2.293965e+02
-5.561318e+01
4.389746e+01
2.083115e+01
4.177677e+02
1.133458e+02
1.925007e+02
-2.069376e+02
6.022541e+01
1.010600e+01
5.021661e+01
-6.709445e+01
2.640274e+02
2.618505e+01
-1.079758e+01
1.031686e+02
-3.250930e+01
2.705180e+00
-9.785852e+01
-7.719976e+01
-1.979592e+01
-4.504607e+01
1.017619e+02
3.529900e+00
-5.741501e+00
8.668539e+01
6.400666e+01
3.842738e+00
1.362736e+02
-7.117919e+01
-5.406375e+01
2.931498e+01
1.661548e+01
-1.365973e+01
2.062322e+00
2.760908e+01
1.387892e+01
-5.836850e+01
2.475725e+01
5.013283e+01
2.491828e+01
7.757153e+01
7.808270e+01
-9.501385e+01
-3.913863e+01
-6.979757e+00
2.838497e+01
-2.683162e+00
-1.090898e+01
2.761437e+01
7.595893e+00
-5.882298e+01
-5.786739e+00
-1.425189e+00
3.286165e+01
2.114956e+01
-7.115282e+01
1.353441e+01
-2.509464e+01
1.418350e+01
2.567362e+01
-2.002164e+00
3.390154e-01
-5.103281e-01
-5.330086e-01
-1.821923e-02
-4.455093e-01
-1.786109e-01
-1.593230e-01
-7.464055e-03
-3.074696e-01
3.348172e-01
-1.248806e-01
4.432574e-01
-3.035039e-03
3.129016e-01
3.883038e-01
1.305146e-02
-9.962910e-02
-9.634863e-02
-1.221976e-02
-1.583791e-01
-4.195642e-02
1.056776e-01
-8.044567e-02
7.277006e-02
-4.045876e-02
1.234550e-01
-1.584678e-02
-4.454205e-02
