4.297794e-02
8.823259e-01
3.181497e-02
4.949333e+01
1.732697e+02
-2.186488e+01
3.426130e-04
1.090085e+05
7.478184e+04
-3.189806e+05
2.999198e+03
-1.607475e+05
2.422419e+04
4.376348e+04
-1.151407e+04
-1.897842e+04
1.773127e+04
-1.871546e+04
1.265984e+05
1.763017e+04
-5.803989e+04
2.655323e+04
3.173550e+04
6.945284e+03
7.418927e+03
3.746203e+04
-1.845654e+04
4.443178e+02
-3.637043e+04
-8.860256e+03
2.729494e+04
-9.674041e+03
-1.813642e+03
-1.336426e+04
2.563618e+01
-1.074326e+04
-1.225381e+04
-6.295213e+03
1.749033e+04
-1.623004e+04
-3.113829e+03
2.791665e+03
2.241676e+01
-5.234868e+03
1.093792e+04
-1.592684e+04
1.544073e+04
9.539323e+03
1.010792e+03
1.949510e+03
-5.971398e+03
-4.886436e+03
-2.895539e+03
2.430913e+03
2.139089e+03
1.873222e+03
-3.547817e+02
6.267510e+03
4.534738e+03
-3.089330e+03
-1.531591e+03
-2.150691e+03
1.517463e+03
-2.701675e+03
1.258428e+03
6.336402e+03
1.498715e+03
-6.793671e+03
-2.484044e+03
2.273724e+03
3.067887e+00
-1.317219e+02
-1.623367e+03
2.678489e+03
2.411185e+02
-4.233932e+00
-6.601138e+00
2.614046e+03
-3.395104e+03
-1.598995e+03
1.401596e+03
-1.100133e+03
7.173324e+02
6.716584e+02
1.611637e+03
1.520965e+03
-1.748962e+03
3.186553e+02
-4.079171e+02
6.775854e+02
-1.162557e+03
-4.499811e+02
2.094261e+01
6.055228e+02
-2.085833e+03
4.649751e+02
1.204310e+03
3.788230e+02
-6.596716e+02
7.674731e+02
-5.175804e+02
1.852647e+02
6.022897e+02
4.534782e+02
-5.294513e+02
-7.597267e+02
7.169637e+02
2.984975e+02
-1.566678e+02
5.861160e+02
-1.880701e+02
-2.842495e+02
-2.783837e+02
3.823340e+02
3.559569e+02
3.864987e+02
5.266588e+02
-1.150690e+02
2.186493e+01
1.187961e+02
-8.146854e+01
-2.688193e+02
1.254158e+02
-1.482888e+02
-1.541670e+02
-1.468443e+02
3.731723e+02
5.405303e+02
-1.344062e+02
9.244135e+01
3.276461e+02
4.670249e+02
5.079964e+02
3.598019e+02
2.393668e+02
3.025160e+01
1.240483e+02
-1.492762e+02
-5.166138e+00
-1.836003e+02
-1.156129e+02
3.228845e+02
9.099551e+01
1.199391e+02
2.157903e+02
-1.395062e+02
-7.514062e+01
-2.162807e+02
2.201625e+02
-4.082892e-01
4.317128e+01
8.153226e+01
1.130416e+02
-5.021035e+01
-4.259718e+01
-1.332589e+02
1.756803e+02
-6.152766e-01
-4.091187e+00
-6.501414e+01
7.297492e+01
5.288377e+01
1.400983e+01
5.999946e+01
-3.633637e+01
-1.234274e+02
-1.386430e+02
7.167703e+01
3.108173e+01
-2.821511e+01
1.713407e+01
4.481453e+01
-7.531278e+01
4.563186e+01
9.639342e+01
-1.380052e+02
5.762523e+01
-6.140672e+01
-5.120929e+01
9.901331e+01
-7.378234e+01
-3.269722e+01
7.628977e+01
4.961096e+01
4.650900e+01
-1.248361e+02
-8.486239e+01
7.144997e+00
2.576843e+00
2.255714e+00
5.586690e+01
-5.501420e+00
-4.934003e+01
2.006246e+01
4.125438e+01
-1.447351e+01
6.148485e+01
1.113020e+01
1.667426e+01
-3.150527e+01
4.171527e+00
2.908736e+00
2.266850e+01
4.634111e+01
1.025563e+01
1.056168e+01
2.618584e-01
8.810556e-01
-5.203004e-01
5.862173e-02
2.822971e-01
1.341919e-01
6.804542e-01
-1.519215e-02
-7.900967e-02
-2.355308e-01
-4.685975e-02
3.592411e-01
-9.696022e-02
2.259062e-02
-2.023746e-01
-1.708348e-02
5.918391e-03
-6.245157e-02
2.573349e-02
4.644211e-02
-1.329619e-01
3.261668e-02
9.070306e-03
-1.700831e-02
-4.892485e-02
3.333242e-02
-4.450808e-02
-3.408189e-02
7.170048e-02
