2.669131e-01
-7.361484e-01
1.141601e-02
4.437333e+01
1.491215e+02
-2.139972e+01
3.327988e-04
3.125480e+04
1.012844e+04
-1.516081e+05
2.765865e+05
-4.920246e+04
3.875589e+04
-2.810857e+04
-1.604584e+03
-1.495670e+04
9.709677e+04
-2.400357e+04
5.691218e+03
5.989064e+04
-6.102795e+04
-2.251607e+03
6.250281e+04
-3.187049e+04
5.199934e+04
4.581280e+03
2.339363e+04
-4.477574e+03
-1.731406e+04
2.023065e+04
-1.606289e+04
1.466985e+04
5.418348e+03
-2.327929e+04
3.612219e+04
2.555748e+03
1.479279e+04
1.064726e+04
-1.123452e+04
-1.535129e+04
-2.011044e+04
2.405970e+03
-1.736307e+03
1.073846e+04
1.234120e+04
-1.521701e+04
-2.126629e+02
1.049920e+04
4.528699e+03
-1.562863e+03
-6.209517e+03
2.364975e+03
7.488853e+02
5.041368e+03
-2.038688e+03
2.040996e+03
-4.174777e+02
9.316431e+03
-9.886013e+02
-1.023625e+04
1.084127e+03
-9.398875e+02
-4.901290e+02
-4.082544e+03
3.259856e+03
2.255997e+03
2.520958e+03
-3.065116e+03
-2.485437e+03
1.294876e+03
2.389817e+03
3.111735e+02
-3.993478e+03
1.122536e+03
-6.133453e+01
6.298953e+02
-1.170706e+03
7.433578e+02
-4.159143e+03
-3.642027e+02
9.122798e+01
-7.202908e+02
6.696321e+02
-2.490751e+02
3.685604e+03
5.532711e+02
-2.476454e+03
1.205522e+03
-8.627614e+02
-5.676622e+02
-1.368250e+03
-4.669612e+02
1.049950e+03
9.880887e+02
-2.120152e+03
7.087924e+02
-5.395171e+01
1.224159e+03
-6.253053e+02
5.835977e+02
-4.516631e+02
5.603085e+02
2.766484e+01
-8.221059e+02
-2.824505e+02
-3.692557e+02
1.510515e+02
7.943071e+02
-2.157213e+02
6.905652e+02
-8.664099e+02
9.399899e+02
-5.712509e+02
1.174284e+03
1.155942e+02
-8.371441e+02
1.632630e+02
-3.189993e+02
1.577595e+02
2.864972e+02
-5.322665e+02
-2.711417e+02
-2.683732e+02
1.300430e+02
3.018806e+02
-2.301248e+02
1.446627e+02
1.988314e+02
3.190737e+01
2.619830e+02
3.293846e+02
3.575506e+02
3.853622e+02
2.734687e+02
-4.764758e+01
1.121137e+02
5.475509e+02
-1.875313e+02
4.277860e+01
7.330058e+01
-1.165761e+02
-9.991608e+01
1.130969e+01
1.690132e+02
1.781815e+02
1.634954e+02
2.114352e+01
-1.274283e+02
2.568459e+02
-2.686441e+02
-9.199913e+01
6.540805e+01
2.765320e+02
-3.585390e+01
-3.117106e+02
-1.913390e+02
2.134158e+02
3.947417e+01
-9.214017e+01
-8.205953e+00
1.788660e+02
1.069098e+02
3.606203e+00
1.048663e+02
6.430360e+01
-8.724440e+01
-7.762629e+01
4.671280e+01
5.671950e+01
8.366373e+01
5.170818e+01
2.420051e+01
3.292745e+01
8.342123e+01
2.357767e+01
-7.886707e+01
3.280001e+01
5.518024e+01
-2.779628e+01
4.258452e+01
-3.142595e+01
-3.628380e+01
4.153293e+01
1.655678e+01
3.831242e+01
-6.557754e+01
-1.650238e+01
-1.872479e+01
-2.959299e+01
1.514273e+01
3.066059e+01
-7.916789e-01
-8.408146e+00
3.260940e+01
3.406573e+01
-3.006780e+01
4.195720e+01
1.916390e+01
-5.128413e+00
2.010650e+01
1.099858e+01
-1.985870e+01
3.157059e+01
3.414622e+01
2.056779e+01
2.655337e+01
-2.800945e-01
-6.540757e-01
2.005094e-01
9.866198e-01
2.351480e-01
-4.542097e-02
2.706181e-01
-3.817659e-01
-1.174048e-01
-4.902142e-02
-3.067602e-01
-1.620906e-01
6.865416e-02
1.179728e-01
-2.050021e-01
-7.203569e-02
-1.618800e-02
6.036066e-02
5.084907e-02
-1.023207e-01
-2.319763e-02
1.146280e-01
-5.622553e-03
-1.331244e-02
-1.603727e-01
6.454907e-03
-7.325374e-03
-1.144477e-01
-3.157219e-02
