-1.613477e-01
-9.674770e-01
-9.495080e-02
5.091555e+01
1.850578e+02
-1.681882e+01
3.487795e-04
-1.763228e+05
-1.905352e+05
4.164344e+05
1.451891e+05
7.694930e+04
1.241357e+05
-1.092948e+05
5.318057e+04
-1.453701e+05
1.836215e+04
-3.805318e+04
1.624329e+04
-2.939760e+04
-8.672270e+03
1.578800e+04
-2.428900e+03
1.493489e+04
3.310788e+04
-5.690754e+04
-9.529520e+02
-2.426441e+04
-3.975725e+04
1.041254e+04
-6.080648e+04
2.938547e+04
-1.820882e+04
-2.953847e+04
3.354920e+04
1.055860e+04
2.012231e+04
2.013882e+03
-4.659122e+03
-1.036897e+04
4.681365e+03
2.120962e+03
-8.945446e+03
-4.325474e+03
7.406866e+03
-5.785232e+03
-3.889254e+02
2.311370e+03
-2.738483e+03
1.891667e+03
8.738958e+03
3.634082e+03
5.265845e+03
-4.661557e+03
-7.251760e+03
1.595969e+03
1.236518e+03
7.320782e+03
-4.140283e+03
-1.215276e+04
-4.177914e+03
-3.794696e+03
-7.123030e+02
-4.081311e+03
1.209263e+03
2.156948e+03
5.790672e+03
3.948809e+03
-2.912424e+03
2.046066e+03
2.041913e+03
2.676509e+03
6.233340e+02
8.633542e+02
1.420419e+03
1.941497e+03
3.825618e+03
9.888448e+02
-5.409403e+03
-4.788184e+02
-1.516263e+03
3.697553e+02
-2.011436e+03
9.011933e+02
2.816860e+03
1.642182e+03
-1.752173e+03
3.771802e+02
-1.403842e+02
5.285583e+02
-4.836480e+01
-5.934819e+02
2.056392e+03
1.996573e+03
-1.591352e+03
1.072750e+03
1.823565e+03
1.118995e+03
3.398467e+02
-3.184688e+02
-9.371830e+02
-3.626763e+02
-5.910208e+02
-9.128245e+02
9.052220e+02
-1.345860e+02
1.122455e+03
1.175189e+01
8.946497e+02
1.200990e+03
9.075124e+01
1.311240e+03
-6.293641e+01
8.686331e+02
-2.254927e+02
-7.994010e+02
-2.048733e+01
-3.777733e+02
-4.588343e+02
6.883119e+02
-3.974395e+02
1.592134e+01
-7.088793e+02
6.204487e+02
1.175420e+01
-3.982016e+02
-2.486315e+02
3.033693e+02
2.134881e+02
-4.871357e+02
2.302413e+02
2.212319e+02
3.405194e+02
2.556481e+02
-4.433269e+02
1.190833e+02
4.879901e+02
-1.095176e+02
-8.398450e+01
7.029560e+01
-2.857302e+01
-7.873999e+01
-1.299690e+02
1.053074e+02
-1.058520e+02
1.188270e+02
9.954424e+01
-1.106097e+02
1.357664e+02
1.327266e+02
2.241531e+01
1.314619e+02
1.227993e+02
-2.109994e+01
-7.145827e+01
-6.047010e+01
6.028823e+00
1.814305e+02
-1.259141e+02
-3.513652e+01
2.741186e+02
-3.221290e+01
4.895528e+01
2.774603e+01
7.150502e+00
-6.752139e+01
-3.597462e+00
5.250078e+01
-2.521131e+01
7.251997e+01
1.453394e+02
1.245747e+02
2.955680e+01
7.567013e+01
2.360979e+01
-8.639788e+01
-4.009271e+01
-7.207631e+00
-5.509567e+01
4.663337e+01
6.650825e+01
2.241382e+01
-3.680878e+01
1.031615e+01
3.478059e+01
-9.576669e-01
5.372862e+01
-1.408445e+00
-5.524485e+01
4.661975e+01
8.668118e+00
9.841479e+00
-2.784610e+01
-1.438352e+00
2.231149e+01
4.612820e+00
-3.976395e+01
2.523921e+00
-6.772332e+00
3.583532e+01
9.753281e+00
-4.054644e+01
1.032426e+01
-3.247920e+01
2.683291e+01
2.113080e+01
-1.038407e+00
2.049608e+00
-3.939149e-01
6.236146e-01
-7.189706e-02
-6.646573e-01
-3.472662e-01
-2.719338e-01
-8.897193e-02
-3.969705e-01
1.501943e-02
-2.876488e-01
3.108094e-01
7.734245e-02
-5.101287e-02
1.304260e-01
1.808301e-02
-1.222070e-02
-1.844005e-02
-1.947217e-01
-3.745259e-02
1.197434e-01
-9.823614e-03
-9.474634e-02
-6.278565e-02
3.928408e-02
2.910079e-02
-5.669918e-02
-8.270430e-02
