-2.222943e-01
7.521552e-01
8.540203e-02
4.807111e+01
1.898692e+02
-1.850244e+01
3.570553e-04
-1.114775e+05
-3.132153e+05
7.387931e+04
5.814662e+04
2.182772e+05
-3.808666e+04
2.571492e+04
4.861507e+04
-2.205159e+04
-4.793017e+04
-3.767208e+03
1.171136e+05
1.321938e+05
-3.794202e+04
1.732621e+04
2.466848e+04
2.208419e+04
-9.339893e+03
-5.089892e+04
3.188780e+04
8.982599e+04
5.071034e+04
3.718330e+04
-3.645248e+04
1.858936e+04
-5.793069e+04
-1.157639e+04
4.142771e+04
2.766412e+04
3.590889e+04
-5.523381e+03
2.603579e+04
-3.199211e+03
9.600957e+03
-1.122779e+04
-1.636758e+04
-1.410012e+04
1.215437e+04
2.503061e+02
-4.071468e+03
6.616336e+03
9.977289e+02
-3.719302e+03
1.036881e+04
1.301378e+04
7.471616e+03
-3.131416e+03
-1.168918e+03
2.006028e+03
4.078812e+03
6.824949e+03
-4.876023e+03
-8.094490e+03
-3.660268e+03
-4.819838e+03
-4.888712e+03
-1.472037e+03
1.814478e+03
-2.169554e+03
-1.906532e+03
1.034119e+04
-5.709128e+03
1.564303e+03
-1.168999e+03
3.158352e+03
-1.629071e+01
-2.405128e+03
-1.759834e+03
5.618723e+02
1.066510e+03
-5.022496e+03
-2.279921e+03
2.408630e+03
-4.815228e+03
-1.459692e+03
-9.808294e+02
2.864569e+02
2.098493e+03
-3.263350e+02
-6.734784e+02
1.185668e+03
2.209079e+03
-2.138887e+03
1.353677e+03
1.111305e+03
3.669174e+03
-1.994480e+02
-1.284273e+02
1.283617e+03
1.490352e+03
6.332543e+02
-1.857899e+01
-4.073016e+01
-6.345397e+02
-1.051491e+03
-3.087130e+02
-1.499226e+03
4.014529e+02
-1.745901e+02
1.139972e+03
1.670126e+03
1.047443e+03
1.236969e+03
5.901923e+02
7.040566e+02
-9.579214e+02
7.906945e+02
7.365343e+01
8.152058e+01
6.106153e+02
-5.140445e+02
-6.454962e+02
3.909080e+02
3.682921e+02
-4.603634e+02
-1.914599e+02
-5.240290e+01
8.370408e+02
-5.761492e+02
-3.152521e+02
-8.954928e+01
2.270116e+02
-7.172638e+01
-1.868200e+02
1.840067e+02
-3.064673e+02
-1.193344e+02
-1.041153e+01
-1.457697e+02
4.336783e+02
-2.655090e+02
-2.018026e+02
-1.866870e+02
-2.475031e+02
1.080893e+02
-5.968913e+01
2.838973e+02
-2.017209e+02
3.260484e+01
1.539715e+02
-4.391707e+01
2.235848e+02
8.290966e+01
2.475742e+02
-1.055413e+02
1.758594e+02
1.690161e+02
-6.143762e+01
6.511015e+01
7.723719e+01
1.746446e+02
-1.322312e+02
-2.184908e+02
2.633704e+02
-1.116088e+02
2.791347e+02
-1.843882e+01
-9.415234e+01
-9.049136e+01
-6.677381e+01
9.144893e+01
-1.097018e+02
1.338414e+02
9.092298e+01
-3.792393e+00
4.641268e+01
2.849021e-02
4.045137e+01
-1.026186e+02
-7.006564e+01
-4.677458e+01
-5.086575e+01
7.046392e+01
2.660743e+00
6.691359e+01
-5.451884e+01
6.964218e+01
6.842122e+01
-4.442275e+01
1.684701e+02
6.591725e+01
-7.647739e+01
5.830695e+01
2.720259e+01
3.500378e+01
-1.038222e+00
3.829504e+01
3.699062e+01
3.043204e+01
1.926673e+01
-3.724818e+01
-3.787046e+01
-1.614970e+01
-1.642797e+01
-3.811937e+01
-2.689418e+01
1.908630e+01
3.447832e+01
1.100499e+01
-1.091146e+00
1.536641e+00
-1.233627e+00
2.593931e-01
5.089542e-01
-2.880165e-01
-6.673778e-01
-1.975514e-01
-1.048876e-01
-1.409894e-01
-1.379453e-01
-1.464650e-01
-1.319756e-01
-1.913942e-01
2.909847e-01
5.615717e-02
-5.997390e-02
-7.839225e-02
-1.247414e-01
-1.346964e-01
9.416752e-02
1.670661e-02
3.791462e-02
-2.479098e-01
-4.049421e-02
-4.797983e-03
-3.450738e-03
-1.819078e-01
3.323766e-02
