-1.295104e-01
-1.295822e+00
-2.285725e-01
5.176889e+01
1.747128e+02
-1.111085e+01
3.342881e-04
8.338635e+04
-2.384605e+05
9.955683e+04
4.625677e+05
2.716318e+04
1.920523e+05
-1.096159e+05
-1.350065e+04
9.881297e+04
7.552602e+04
5.617345e+04
4.636491e+04
6.680005e+04
-8.246113e+04
5.310327e+03
6.922652e+04
-4.557451e+04
2.955780e+04
-4.865300e+04
9.341695e+03
-3.415253e+04
-1.575376e+04
4.230086e+04
-4.582596e+04
-2.209901e+04
2.578936e+03
-1.654608e+04
1.957458e+04
2.343971e+04
2.565657e+03
1.260850e+04
-7.886330e+03
-2.269049e+03
-6.755967e+03
3.605590e+03
-7.982088e+03
1.003912e+04
8.436624e+03
-1.248674e+04
-9.273799e+03
9.796312e+03
3.108214e+03
2.266811e+03
1.437067e+03
-4.175965e+03
-4.071426e+03
2.971285e+03
-2.512623e+03
1.113089e+03
-3.503897e+03
4.199900e+03
-3.627885e+03
-7.209482e+03
1.268241e+03
-2.792072e+03
5.070085e+02
-5.691746e+03
2.767280e+03
5.020356e+03
1.255146e+03
-2.847067e+03
-4.194113e+03
9.252601e+02
2.777750e+03
3.668623e+02
-4.239161e+03
2.746978e+02
3.569939e+02
2.202962e+03
2.354794e+03
2.557152e+03
-2.277334e+03
-5.583336e+02
9.833879e+02
-1.644413e+03
-9.358319e+02
-7.327949e+02
1.127986e+03
1.323708e+03
3.637207e+02
2.938581e+02
-4.926554e+02
-1.786618e+02
-5.365226e+02
-1.398891e+03
1.338587e+03
9.778683e+02
-1.384235e+03
9.907322e+02
5.054976e+02
1.651947e+02
9.174378e+01
4.794481e+02
-4.958851e+02
5.291338e+01
1.915863e+02
-2.886328e+02
2.233605e+02
-2.100261e+01
1.093041e+03
-6.514658e+02
1.125283e+02
3.315025e+02
-4.572711e+02
6.406672e+02
-2.001273e+02
6.867763e+02
-8.762917e+02
-9.933009e+01
-3.177737e+01
2.532699e+02
-2.482177e+02
3.859027e+02
-6.528618e+02
-8.943680e+02
-1.809013e+02
4.342494e+02
-1.131701e+02
-6.807384e+01
2.158047e+02
4.326748e+02
-2.226724e+01
-2.683746e+02
3.053114e+02
2.960262e+02
6.606136e+02
3.289991e+02
5.923161e+01
-5.958776e+01
4.238879e+02
-1.781899e+01
-5.417207e+00
-6.111443e+00
1.594241e+02
3.287379e+01
2.135842e+01
-1.817587e+01
1.012536e+02
-1.564090e+01
1.601350e+01
-1.422603e+02
3.496438e+02
-6.434199e+01
-1.980315e+01
-1.436493e+02
2.368341e+02
6.237806e+01
-2.362582e+02
-8.675185e+01
1.882238e+02
9.221938e+01
-2.195096e+02
1.186946e+01
1.083915e+02
1.576281e+01
7.162150e+01
1.494169e+02
1.203341e+02
-1.002688e+02
-4.667643e+01
-3.488302e+01
7.336003e+01
1.021764e+02
5.141780e+01
1.406079e+02
-1.690242e+01
-5.804242e+01
6.392308e+01
-4.650233e+01
7.723311e+00
-4.014595e+01
-7.798611e+01
4.892401e+01
6.019457e+01
3.962202e+00
3.257565e+01
2.041311e+01
2.485327e+01
-3.394231e+01
-8.592199e+00
-5.739575e+00
2.268404e+01
1.799670e+01
9.686406e-01
3.400378e+01
-4.465919e+00
5.294629e+01
5.459740e+01
-2.232532e+01
2.473712e-01
-4.846857e+01
1.363103e+00
-8.910222e+00
2.588996e+01
2.957172e+00
1.533445e+01
-1.053151e+01
3.882024e+01
-4.201898e+00
1.590179e+00
1.289006e+00
-1.002388e+00
5.930744e-01
-5.179835e-02
1.365069e-01
1.034803e-01
2.567376e-01
-3.543367e-03
-9.918505e-02
-5.694936e-01
-3.208647e-01
7.727566e-02
1.237833e-01
-2.125922e-01
-1.089160e-01
-5.802761e-02
6.680025e-02
4.664516e-02
-2.446991e-01
1.416582e-01
-3.653732e-02
-8.022575e-02
8.135112e-02
-1.658564e-01
6.071972e-02
-7.259953e-02
-1.189716e-01
4.098383e-02
