-1.591714e-01
2.895880e-01
-2.575967e-01
4.124445e+01
1.753072e+02
-2.350945e+01
3.460346e-04
-1.844551e+05
-1.150705e+05
4.975384e+05
3.047632e+05
1.256681e+05
2.361616e+05
-2.704865e+05
2.047035e+05
-5.500479e+04
1.390476e+05
1.125880e+05
2.559923e+04
-1.735784e+02
-9.228348e+04
-6.269406e+04
7.911397e+04
-3.756595e+04
-4.946558e+03
-9.707512e+04
6.353325e+04
-4.136601e+03
6.607770e+03
1.600740e+04
-7.043467e+04
6.966396e+03
-2.031337e+03
-7.539506e+03
1.517880e+04
2.598918e+04
1.740840e+04
2.593013e+04
-3.060419e+04
3.821513e+03
-9.597416e+03
-6.537839e+02
-7.928675e+03
-1.031832e+04
2.524257e+04
-1.521186e+04
-7.640541e+03
7.536647e+03
-7.228637e+03
-3.439566e+03
1.312292e+04
3.740948e+03
9.917833e+02
3.146201e+02
-6.744888e+03
7.959716e+03
-1.180913e+03
1.072944e+04
-2.361847e+03
-6.893016e+03
-5.731984e+03
-2.244193e+03
1.474255e+03
-4.508472e+03
4.517156e+02
1.292162e+03
1.270812e+03
5.518535e+03
-5.083155e+03
5.469766e+02
7.040936e+03
6.237708e+03
8.204666e+02
-3.280781e+03
-3.049647e+03
1.743488e+01
1.649009e+03
-8.456531e+02
-4.562848e+03
-1.761129e+03
-2.919583e+03
-1.188347e+03
-1.138916e+03
7.966350e+02
1.962664e+03
7.831091e+02
-1.018381e+03
1.062539e+03
-1.003681e+02
-2.493042e+02
3.762930e+02
-2.887810e+03
2.909350e+03
1.055713e+03
-1.608026e+02
6.321218e+02
1.493505e+03
5.233300e+02
-2.189908e+02
1.149594e+03
-1.483260e+03
-1.041901e+03
-2.915002e+02
-1.126488e+03
1.580908e+03
-7.116365e+02
6.621069e+02
-1.801782e+02
1.529485e+03
4.107531e+02
3.384767e+02
1.759558e+03
-3.047191e+02
6.033465e+02
-8.670441e+02
-4.387344e+02
6.328107e+00
1.717267e+02
-5.261753e+02
4.722373e+02
-2.861463e+02
-1.347032e+02
-4.209532e+02
7.975264e+02
5.283737e+02
-4.154248e+02
1.486862e+02
5.213410e+01
3.148810e+02
-3.870951e+02
1.101911e+02
-5.093961e+01
4.289417e+01
2.768130e+02
9.488500e+00
-1.450600e+02
7.736661e+02
6.663970e+00
-8.872797e+01
1.503412e+02
2.083204e+02
-1.546616e+02
-1.290005e+02
8.721887e+01
-9.638692e+01
1.446750e+02
1.034583e+01
-2.462026e+02
1.653090e+02
-3.018569e+01
3.128735e+02
-9.281570e+01
2.068511e+02
1.118129e+02
-1.278146e+02
4.455859e+01
1.413707e+02
1.864827e+02
-2.785248e+02
-2.858647e+01
3.809341e+02
-5.523151e+01
1.566735e+00
2.127408e+02
-4.225219e+01
-5.299947e+01
-8.055346e+01
1.099964e+02
-2.631120e+02
7.704794e+01
1.281417e+01
2.053632e+02
9.435278e+01
-3.135461e+01
-9.714869e+01
-6.381845e+01
-5.666811e+00
-2.394371e+01
-1.122569e+02
-1.124912e+02
4.620303e+01
-2.534657e+01
-1.665692e+01
2.522049e+01
1.428773e+01
-5.434178e+01
1.056404e+02
6.643458e-01
-6.717091e+01
-5.528112e+01
1.665318e+01
3.805664e+01
-2.429635e+01
5.373240e+01
-1.960781e+01
-1.869588e+01
-5.143858e+01
-8.804360e+00
-1.285822e+01
2.687460e+01
1.049688e+01
-2.254871e+01
-1.563694e+01
-4.470379e+01
3.549352e+01
2.184583e+01
5.375510e-01
1.245177e-01
-4.678295e-01
-1.310253e-01
2.034532e-01
5.211569e-02
-6.220496e-01
3.296392e-03
-9.910349e-02
-5.394895e-02
-1.398435e-01
-9.234446e-01
-9.426916e-02
2.078717e-03
-7.432354e-02
2.333957e-01
-6.694466e-02
-2.873626e-02
-7.023980e-03
-5.062131e-01
1.618544e-02
5.380034e-02
-2.696282e-01
-7.530746e-02
-2.715015e-01
-1.673196e-02
-3.702880e-02
-5.666905e-02
5.732290e-02
