-1.097791e-01
-9.329668e-01
-3.209783e-01
4.835556e+01
1.694039e+02
-1.403597e+01
3.163326e-04
1.225491e+05
-4.884554e+05
3.405674e+05
1.091614e+06
2.087058e+05
9.643605e+04
-1.722337e+04
-5.773638e+04
1.350308e+05
1.554466e+05
5.042542e+04
-3.803854e+04
3.282905e+04
-1.189350e+05
-3.442940e+03
5.038834e+04
-1.023895e+05
3.397785e+04
-4.649573e+04
8.813964e+04
2.120496e+03
-7.621162e+03
6.014613e+04
-8.744961e+04
5.609031e+03
-1.723309e+03
-5.685397e+04
3.083629e+04
3.438375e+04
3.522394e+04
2.783078e+04
-1.388511e+04
-1.003721e+04
-5.695232e+03
2.740506e+04
-2.590551e+04
5.082676e+03
2.039595e+04
-1.278026e+04
-2.907284e+04
1.453988e+04
7.354330e+03
2.001429e+03
-1.938802e+03
-2.981145e+03
2.742721e+03
-3.690825e+03
-7.134979e+03
6.451927e+03
-3.275509e+03
9.235371e+03
-5.752747e+03
-1.294476e+04
3.248373e+03
-5.725988e+03
-3.316521e+03
-6.094354e+03
2.809759e+02
5.509398e+03
-1.186114e+03
-4.038801e+03
-7.251021e+03
2.987261e+03
3.497072e+03
1.991593e+03
-6.149328e+03
4.123856e+02
-6.840107e+02
5.593986e+03
1.903875e+03
2.484328e+03
-2.241962e+03
-6.098183e+02
-4.902678e+02
-1.223087e+03
1.900230e+02
-2.293925e+03
4.318024e+03
7.507342e+02
-5.452038e+02
-1.121932e+03
8.970120e+02
-2.215669e+03
5.873490e+02
-2.726828e+03
2.463732e+03
1.273803e+03
-2.180047e+03
4.996500e+02
-1.155071e+03
8.370601e+02
1.217845e+02
6.953632e+02
3.020513e+02
-1.053166e+02
-5.014650e+02
-1.446571e+03
3.690222e+02
-7.512064e+01
1.239935e+03
-8.623899e+02
-6.452593e+01
2.626109e+02
-2.302789e+03
1.690083e+03
3.871901e+02
1.059122e+03
-8.730407e+02
-2.644704e+02
-2.172510e+01
1.230908e+02
4.608359e+01
3.609761e+01
-7.942363e+02
-1.458500e+03
-6.544604e+02
6.670211e+02
2.516449e+02
-1.698166e+02
1.841920e+02
4.636798e+02
-1.129192e+02
-2.849195e+02
9.178041e+02
6.672198e+01
8.083402e+02
2.437872e+02
7.203497e+01
2.116302e+02
9.186642e+02
-1.396841e+02
-5.201899e+01
3.657639e+02
3.181421e+01
1.259345e+02
2.000331e+02
-1.641404e+02
-4.180683e+01
7.096013e+01
1.083308e+02
-3.175707e+02
4.553779e+02
-3.695380e+01
-4.456339e+01
-1.977601e+02
7.005170e+02
1.908548e+02
-3.348744e+02
-1.831447e+02
2.513835e+02
1.325953e+02
-3.544581e+02
-1.060244e+02
9.759942e+01
-1.561200e-01
2.346191e+02
1.262219e+02
1.820336e+02
-1.363479e+02
-3.447446e+01
-1.723963e+02
1.313571e+02
2.459068e+02
7.679284e+01
1.163391e+02
-5.831108e+01
-5.176401e+01
8.099727e+01
-8.519582e+00
-2.059739e+01
-4.707708e+01
-2.430556e+01
2.773083e+01
-2.397137e+01
4.898899e+01
6.964094e+01
1.336328e+01
5.791003e+01
-3.871805e+01
3.126786e+01
-1.011428e+02
1.112533e+02
6.362112e+01
-2.014710e+01
-3.391411e+00
-5.886937e+01
9.689491e+01
-1.495479e+01
-3.024050e+01
-2.777709e+01
-9.255398e+01
1.311246e+01
2.913736e+01
2.196625e+01
-5.571493e+00
-1.945566e+01
-5.164602e+00
7.656293e+01
1.205348e+01
2.414814e+00
3.613818e+00
-1.335886e+00
1.026900e+00
2.058000e-01
2.841252e-01
5.936754e-01
-1.519919e-01
6.829934e-02
-4.281315e-01
-1.134878e+00
-1.037368e+00
-5.840062e-02
2.367527e-01
-6.822606e-01
-3.216687e-03
-3.226892e-02
1.596713e-01
1.473972e-01
-4.990626e-01
2.015459e-01
-3.360376e-02
-1.201431e-01
-4.111111e-03
-4.482359e-01
1.245905e-02
-7.300013e-02
-2.701915e-01
6.153197e-02
