-7.594631e-01
-9.194220e-01
-1.557754e-01
5.262222e+01
2.103531e+02
-1.607289e+01
3.598061e-04
-8.869330e+04
1.607141e+05
-9.805636e+04
-4.762879e+04
1.310006e+05
-5.403671e+04
-4.828531e+04
5.741691e+03
-2.652264e+04
1.329885e+05
-9.861325e+04
1.090856e+05
-5.298759e+04
-4.613328e+04
-4.126659e+04
2.811052e+04
3.455885e+04
3.346480e+04
-3.044631e+03
-4.896348e+03
6.434660e+03
8.213882e+03
-5.581281e+04
3.111219e+04
-3.078425e+04
1.534547e+04
3.166301e+02
-5.054599e+04
-2.810216e+04
-1.985759e+04
-1.644001e+03
-1.523354e+03
1.842153e+04
-1.691541e+04
-1.920814e+04
3.277542e+03
-9.532148e+03
1.418105e+04
2.498400e+01
-4.288275e+03
7.040290e+03
-4.002717e+03
2.872526e+03
2.496359e+01
1.453509e+03
1.764774e+03
1.230466e+04
5.231550e+03
-4.685703e+03
-1.363173e+03
6.151493e+03
2.229943e+03
-8.604724e+02
-4.896817e+03
2.553269e+03
6.343252e+02
2.205141e+03
-1.612500e+03
3.481753e+03
7.540717e+02
1.488311e+03
-6.510158e+03
7.959140e+02
2.154561e+03
2.668529e+03
9.591693e+02
-1.879459e+03
-2.341148e+03
-1.472767e+03
-1.129081e+03
1.456033e+02
-3.561750e+03
-1.199411e+03
2.310117e+01
-9.343450e+02
1.627407e+03
1.562108e+03
5.132872e+02
8.281367e+02
-1.856540e+03
-1.100965e+02
1.766645e+02
1.335451e+03
-5.907292e+02
5.435818e+02
1.324897e+03
1.141765e+02
3.601769e+02
4.674756e+02
1.755360e+03
-9.874860e+02
-1.887644e+02
-4.015118e+01
-6.204630e+02
-1.357740e+02
1.036540e+03
2.407875e+01
-3.187298e+02
-4.733493e+02
-1.368168e+02
1.109307e+03
1.213216e+03
6.858322e+02
1.864159e+02
-9.954673e+01
-4.635289e+02
-2.491221e+01
-1.183316e+02
4.274114e+01
-5.422032e+02
-1.052124e+02
-6.162190e+02
8.416539e+02
-2.704292e+01
7.230304e+02
-3.628708e+02
-1.075671e+02
3.592144e+02
1.349000e+02
9.289500e+01
-1.505029e+02
-2.907386e+02
3.433667e+02
-1.192945e+02
2.477916e+02
-2.666482e+01
5.442981e+01
2.909574e+02
-5.948249e+02
1.351042e+02
1.093933e+02
-3.308119e+00
-2.426255e+02
-9.200946e+01
-1.499823e+02
1.479683e+02
1.674864e+02
-1.854249e+02
6.684355e+01
-2.111023e+02
7.097360e+01
7.943763e+01
2.779771e+02
2.046520e+02
-1.122864e+02
-2.171666e+02
4.745110e+00
-1.004730e+02
6.449790e+01
1.418772e+02
-7.745107e+01
1.999122e+02
1.298115e+02
4.149753e+01
-6.315898e+00
-9.729073e+01
-3.294369e+01
-1.718596e+02
2.660373e+01
-1.540965e+01
1.786701e+02
-2.790608e+02
-4.928885e+01
-1.255822e+01
1.356919e+02
1.151996e+02
-2.040267e+01
-1.378176e+02
-1.632272e+01
1.133103e+02
2.954566e+01
-1.664011e+02
-1.413440e+01
1.221410e+02
2.726971e+01
6.332599e+00
-1.411699e+01
-1.256800e+01
2.107161e+01
5.541790e+01
6.510570e+01
-8.028088e+01
-1.137595e+02
7.621176e+01
3.368022e+01
3.600518e+01
5.252469e+00
5.381686e+01
-3.404545e+01
-4.568453e+01
-2.060849e+01
-3.087416e+01
1.462211e+01
3.844231e+01
-6.149630e+01
3.370751e+01
-3.468438e+01
2.255117e+01
1.485123e+01
-8.354345e-01
-2.726087e+00
-3.831375e-01
6.659960e-03
2.296982e-01
1.682400e-01
-4.275382e-01
-2.103113e-01
-1.304344e-01
7.352985e-02
2.295773e-01
-1.307547e-01
1.937738e-01
-4.200598e-02
2.441534e-02
3.804332e-02
-2.546985e-02
1.187144e-01
9.198859e-02
-6.497428e-02
8.317733e-02
-8.023507e-02
-1.822635e-01
-1.710263e-01
7.819326e-02
-8.303176e-04
-4.101820e-02
1.664784e-02
1.898848e-02
