-3.294788e-01
1.501167e+00
-1.060509e-01
5.944889e+01
1.747435e+02
-7.107525e+00
3.497329e-04
-8.969342e+04
-1.897797e+05
1.807263e+05
5.387031e+04
-4.111514e+04
2.356283e+05
-1.076202e+05
2.519959e+04
-1.618749e+05
6.527488e+04
1.268543e+05
9.493205e+04
1.998830e+03
-2.771755e+04
-2.785042e+04
7.721035e+04
4.094149e+04
1.760220e+04
-3.082710e+04
8.989709e+04
-1.770885e+04
3.708487e+03
-2.490564e+04
-4.984195e+04
-4.388249e+04
-4.541244e+04
-3.845074e+04
2.590663e+03
8.578458e+03
-6.664115e+03
8.771361e+03
-1.606218e+04
7.286675e+03
4.171411e+03
9.630899e+03
6.139798e+03
-1.057223e+04
9.281008e+03
-6.551182e+03
1.725373e+03
1.159277e+04
-1.221340e+04
2.636270e+03
3.405087e+03
2.550717e+03
4.070502e+03
-9.747882e+03
1.110203e+03
3.875288e+03
-5.789446e+03
4.809644e+03
2.983400e+03
-6.146428e+03
-2.408872e+03
-2.640283e+03
-9.412737e+01
-7.261690e+03
3.449765e+03
4.178181e+03
-4.452799e+02
4.936688e+03
-4.320684e+03
-8.010554e+02
5.579583e+03
5.846311e+03
2.389199e+03
6.034155e+02
-3.378042e+02
7.242959e+02
2.118395e+03
-1.707082e+02
-5.204351e+03
-1.356023e+03
-9.550321e+02
-1.711139e+03
-2.328138e+02
1.474340e+03
8.585619e+01
1.082151e+02
-9.582461e+02
2.774974e+02
1.401831e+02
-1.144469e+02
8.538605e+02
-1.587062e+03
2.236748e+03
1.128239e+03
-1.317772e+01
5.629455e+02
9.356727e+02
-3.739730e+02
3.800366e+02
5.001136e+02
-1.120724e+03
-8.573388e+02
1.405446e+03
-1.074897e+03
8.820460e+02
-1.153189e+03
5.799984e+02
-5.285236e+02
1.419264e+03
6.703746e+02
1.788022e+02
8.280364e+02
-3.140014e+02
3.533430e+02
-2.836927e+02
3.522831e+02
-6.959646e+01
9.626953e+01
-1.771735e+02
7.995176e+02
-1.982884e+02
-4.590892e+01
-1.804827e+02
5.386997e+02
-7.329875e+01
-4.104576e+02
4.682652e+02
3.186224e+02
2.388905e+02
-2.643947e+02
-1.241173e+02
3.875352e+01
-2.266587e+01
-1.923557e+01
1.732588e+02
-3.583899e+02
1.957113e+02
7.711118e+01
-1.809751e+01
-1.318745e+02
6.975353e+01
2.269407e+02
1.077299e+01
1.810616e+02
-7.913376e+01
-4.638544e+01
8.540711e+01
-3.913276e+02
2.421960e+02
-1.585735e+01
2.061939e+02
-1.051078e+02
-1.016446e+02
8.748672e+01
-1.587153e+02
-1.517659e+01
4.123703e+01
8.940940e+01
-2.062012e+02
-5.959917e+01
1.463738e+02
8.867023e+01
-3.946331e+01
9.773774e+01
-1.664897e+02
2.569555e+01
3.569961e+00
8.451682e+01
-1.582621e+02
-2.476630e+01
-3.972397e+01
2.074460e+02
9.913190e+01
-3.840864e+01
-3.534505e+01
-1.453203e+02
3.758633e+00
-3.241339e+01
-1.227221e+02
3.978966e+00
8.809382e+01
3.553096e+01
-1.884797e+01
2.756639e+01
3.577574e+01
-5.199247e+01
1.885894e+01
1.451013e+01
-3.135038e+01
-1.527306e+01
-5.056360e-01
2.496226e+01
-3.379482e+01
6.138222e+01
-7.508826e+00
-2.074735e+01
-2.697968e+01
4.109062e+00
-5.634270e+01
4.716040e+00
3.270830e+01
-2.243419e+01
1.065648e+01
-4.468030e+01
3.152171e+01
4.165021e+00
2.095597e-02
7.837041e-01
-3.577183e-01
-3.785974e-01
-7.900982e-02
-3.240548e-02
-5.249549e-01
2.329470e-01
-2.142314e-01
-6.245913e-02
5.747744e-02
-6.897626e-01
1.631385e-01
-1.049010e-02
4.672340e-02
5.766804e-02
-3.497933e-02
7.102435e-02
9.507563e-03
-3.212787e-01
-8.188383e-02
9.156321e-02
-1.485400e-01
3.175697e-03
-9.450075e-02
3.313221e-02
-1.039479e-01
-7.414412e-02
1.237206e-02
