-3.102959e-01
-1.293892e+00
-4.092380e-02
5.632000e+01
1.933072e+02
-1.253648e+01
3.508886e-04
2.684569e+04
-3.021852e+05
-3.054278e+05
1.130807e+05
-2.538890e+04
-7.410110e+04
9.806460e+04
-1.089828e+05
-5.691518e+04
4.610932e+03
-6.051951e+04
7.163244e+04
2.315694e+03
-9.105381e+03
-5.924303e+04
2.391129e+04
-5.694762e+03
4.056364e+04
2.051546e+04
3.772692e+03
9.069969e+03
-2.524493e+04
-1.154261e+04
-3.256809e+04
2.477323e+03
-2.861340e+04
-2.124312e+04
1.646094e+04
-3.714353e+03
-7.327148e+03
-7.559573e+02
9.803649e+03
-1.091173e+04
-2.291844e+04
-9643
1.196760e+03
2.530661e+03
6.178771e+03
-8.046379e+03
-9.382498e+02
5.241933e+02
-4.829934e+03
-9.485546e+02
-6.341708e+03
-2.395235e+03
-3.398977e+03
-1.276080e+03
-4.133912e+03
5.441001e+03
-3.428949e+02
9.666748e+03
1.918937e+03
-1.069405e+04
2.466592e+02
9.885092e+02
-3.756006e+03
-2.663765e+03
2.172575e+03
4.564416e+03
3.804902e+03
-1.613274e+03
-4.158990e+03
7.428867e+02
1.325106e+03
-2.479755e+03
-3.201324e+03
1.051995e+03
1.079416e+03
1.847416e+03
5.301344e+02
1.310887e+03
-3.756448e+03
9.582892e+02
-6.233751e+01
1.034363e+03
1.527216e+03
1.090567e+03
3.811601e+03
-2.881963e+01
-1.233583e+03
-3.229233e+02
-2.148820e+02
5.864011e+02
-5.812961e+02
6.941287e+02
5.180323e+02
9.811145e+02
-1.814389e+03
9.784136e+02
2.000831e+01
1.901629e+02
7.498073e+02
3.113538e+02
-7.032567e+00
7.000983e+02
6.658520e+02
-1.223770e+03
3.371341e+02
-5.254727e+01
8.277143e+02
8.640196e+01
1.130320e+02
1.105435e+03
-8.519366e+02
8.147584e+02
-2.544994e+02
8.078535e+02
-1.617252e+02
1.417438e+02
4.729307e+02
-3.913676e+02
7.977628e+01
1.558374e+02
-1.635604e+02
-2.076386e+01
-3.247318e+02
4.022381e+01
3.736643e+02
-1.874161e+02
-6.614120e+01
-1.284011e+02
-2.316573e+02
1.420181e+02
5.574728e+02
5.438382e+02
3.039609e+02
1.974562e+01
-3.145903e+02
5.999756e+01
3.257170e+02
-2.933343e+02
2.352756e+02
-4.158855e+01
-1.417067e+02
1.510928e+02
9.395509e+01
1.035415e+02
-2.148638e+01
1.826841e+01
2.052054e+02
-2.718598e+02
1.145314e+02
1.197895e+02
-7.569833e+01
1.480820e+02
2.819696e+02
-6.117078e+01
-3.703078e+02
-4.140966e+01
1.199436e+02
6.220424e+01
3.345106e+01
-2.702964e+02
1.117051e+01
1.644037e+02
1.313539e+02
-3.469921e+01
4.603849e+01
-4.010805e+00
6.632258e+00
8.100414e+01
6.249249e+01
1.854604e+02
1.340359e+02
-6.069191e+00
-2.708166e+00
3.023031e+01
3.661799e+01
-3.584977e+01
-8.731658e+00
3.058375e+01
-1.179983e+01
4.361918e+01
-3.206725e+01
1.184354e+02
2.289244e+01
-2.112146e+01
1.090859e+02
-2.936488e+01
4.883931e+01
-2.271995e+01
-5.254840e+01
2.124969e+01
4.278061e+01
-2.913242e-01
-5.002221e+01
5.409746e+01
1.373720e+01
9.543958e+00
-7.027406e-01
-1.482654e+01
-1.820024e+01
1.187032e+01
4.878512e+00
-3.973056e+01
6.566052e+01
1.433322e-01
4.132772e+01
3.846049e+01
-2.114823e+00
2.416017e+00
-5.988675e-01
1.065189e+00
5.129548e-03
-1.278414e-01
1.216744e-01
-7.250817e-01
-1.942409e-01
-2.195142e-01
-1.674170e-01
-2.606611e-01
1.176216e-01
1.078038e-01
-1.097172e-01
-8.017991e-02
-2.468141e-03
-6.639179e-02
-8.086111e-02
-5.769843e-02
1.758489e-02
1.356424e-01
1.397356e-02
-4.051284e-02
8.061732e-02
2.205785e-02
-2.977456e-02
-1.130965e-01
-5.321416e-02
