-2.184053e-03
5.697309e-01
-1.275923e-01
4.721778e+01
1.752970e+02
-2.606068e+01
3.530283e-04
6.586619e+04
-4.512791e+04
-1.434591e+05
1.684948e+05
-1.152591e+04
-1.889019e+05
1.767067e+05
-8.712808e+04
-2.157671e+04
-5.868821e+04
-8.405950e+04
4.541125e+04
3.065829e+03
-1.068072e+04
2.638027e+03
-3.546278e+03
9.596051e+03
3.875445e+04
6.401083e+04
-6.524524e+03
1.425311e+04
-4.184649e+04
-5.457781e+03
-7.058133e+03
1.734626e+04
-1.623274e+04
-4.187050e+04
8.234443e+03
5.814579e+03
-3.316864e+03
-7.445113e+03
1.191969e+04
-1.914999e+04
-1.166891e+04
6.818134e+03
-1.721963e+04
5.879366e+03
1.053818e+04
-1.097797e+04
1.035409e+03
6.506524e+03
1.636965e+03
1.090112e+03
-6.501510e+03
3.262960e+03
4.695707e+02
-6.555832e+01
-7.546055e+02
4.105085e+03
3.319255e+03
6.408625e+03
4.167336e+03
-1.041958e+04
-1.047252e+03
1.473994e+03
-9.898560e+02
-2.686003e+03
4.149218e+02
5.744581e+03
4.985983e+02
-4.723775e+03
-3.637258e+03
6.189661e+03
-1.137750e+02
-1.877910e+03
-2.497853e+03
1.544203e+03
4.131012e+02
1.403632e+03
-6.175353e+02
1.366828e+03
-3.441431e+03
-1.033202e+03
1.252736e+03
-3.889166e+02
5.789340e+02
1.903844e+03
3.276187e+03
1.216524e+03
-2.631879e+03
-4.695629e+02
-5.605201e+02
-7.296871e+02
-5.135305e+02
5.547275e+02
1.032601e+03
1.435659e+03
-2.182583e+03
2.043576e+02
-1.643641e+02
2.169190e+02
-4.729697e+01
-5.324647e+02
-6.616136e+02
-2.513974e+01
5.351171e+02
-7.059701e+02
-3.907355e+02
-5.906136e+02
9.366408e+02
2.941302e+02
7.131901e+01
1.355942e+03
-1.031248e+03
4.676679e+02
-2.493565e+02
7.955528e+02
-9.857063e+01
2.852032e+02
4.068843e+01
-8.988745e+01
2.728744e+02
3.698082e+02
3.500048e+02
9.315092e+01
-2.239330e+02
9.351405e+01
3.220717e+02
-9.140388e+00
6.665452e+01
9.034361e+01
-3.671922e+02
1.716129e+02
5.841882e+02
6.281277e+02
2.226850e+02
2.715226e+02
9.376689e+01
8.017144e+01
2.661152e+02
-2.033974e+02
-6.929042e+01
-2.061762e+01
-2.395585e+02
8.189443e+01
1.766184e+02
8.159132e+01
4.754712e+01
1.436972e+01
-1.743974e+02
-2.868863e+02
8.543288e+01
2.386015e+02
1.691123e+01
1.314833e+02
2.625270e+02
-8.299195e+01
-1.550971e+02
-9.611069e+01
1.809928e+02
3.495815e+01
3.840625e+01
-1.108195e+02
1.051377e+01
9.730820e+01
1.565966e+02
-8.088435e+01
1.026935e+01
-1.078648e+02
-3.731882e+01
4.098041e+01
1.183051e+02
1.336631e+01
1.191134e+02
-2.502076e+01
-6.070806e+01
5.094252e+01
2.220073e+01
-3.548226e+01
4.160833e+01
4.078773e+01
-1.344875e+01
8.935913e+01
-7.299821e+01
6.864447e+01
5.057745e+01
-2.022107e+01
9.126952e+01
-3.621364e+01
-4.739699e+01
-4.720401e+01
2.025093e+01
7.020422e+01
2.097989e+01
-1.077158e+01
-3.734444e+01
3.770002e+01
2.733592e+00
-1.731335e+01
3.520025e+01
-1.387664e+01
3.389383e+00
-1.690319e+00
-2.449216e+01
-2.284066e+01
-1.039724e+01
4.278082e+01
3.673616e+01
2.861887e+01
-9.306829e-02
1.394080e+00
2.618125e-01
2.566844e-01
3.852358e-01
2.069010e-01
1.944883e-01
-5.618955e-01
1.567549e-01
-1.974380e-01
-1.131693e-01
-3.571335e-02
4.181290e-02
-8.090313e-03
-2.699152e-01
-2.897388e-01
5.329183e-02
9.415589e-02
1.803197e-01
1.298065e-01
8.915839e-02
1.889565e-01
1.515826e-01
4.371108e-02
-2.050220e-02
2.540128e-02
-3.569279e-02
-6.008364e-02
-3.932176e-02
