4.377624e-01
9.785541e-01
3.688969e-03
5.262222e+01
1.357903e+02
-2.171323e+01
3.517881e-04
-1.359290e+05
5.237895e+04
1.589054e+03
-1.452941e+05
1.055838e+05
-1.382298e+05
1.442740e+05
-3.628384e+04
-1.762608e+05
3.528258e+04
-7.967282e+04
6.018617e+04
3.899302e+04
4.141892e+04
-3.652854e+04
-2.042983e+04
1.282473e+05
2.656313e+04
3.556388e+04
3.370899e+04
2.018976e+04
-2.158053e+04
-2.196412e+04
-2.897953e+04
5.880230e+03
-2.238480e+04
-3.179379e+04
-2.496958e+04
-1.108407e+04
-1.451787e+04
-2.723229e+04
1.081778e+04
-1.547916e+04
3.122295e+03
1.998320e+03
-8.863086e+02
-5.153732e+03
6.337618e+03
-2.037146e+04
2.750148e+04
6.917331e+03
-1.865888e+03
-1.125130e+03
6.635803e+03
3.984142e+03
1.055734e+03
-4.427103e+03
-7.908556e+02
-1.853324e+03
4.365620e+03
9.755247e+03
1.061704e+04
-5.966541e+03
-7.049253e+03
3.805794e+03
3.389737e+02
-2.170206e+03
-3.955985e+03
4.497289e+03
-4.986775e+02
5.159722e+03
-2.639964e+03
2.038052e+03
1.013208e+03
1.773063e+03
2.576201e+03
1.303592e+03
-2.224104e+03
-2.547983e+03
-5.597214e+02
-2.143537e+03
-5.449312e+03
3.038370e+02
-1.128077e+03
-1.786479e+03
-1.413854e+02
2.733066e+03
1.151972e+03
7.180389e+02
-2.645450e+03
5.434370e+02
-2.393139e+02
9.381013e+02
8.432439e+02
3.573734e+02
8.902040e+01
2.466844e+03
-1.209717e+03
3.849821e+02
1.487409e+03
2.847660e+02
-1.290335e+03
-1.216083e+03
-8.542768e+02
-7.959609e+02
1.280719e+03
-7.654510e+01
3.458061e+02
-2.113280e+03
4.896364e+02
1.194122e+03
1.722898e+03
1.771044e+03
5.196548e+02
3.510138e+02
8.808163e+01
-1.552329e+02
-6.313692e+01
4.722452e+02
-1.066496e+02
-6.826666e+02
-6.224094e+02
5.666146e+02
5.925184e+02
8.144210e+02
-1.643020e+02
-8.696592e+01
3.871201e+02
-4.372501e+02
3.635328e+02
-2.230107e+02
-8.263889e+01
-2.413501e+02
1.592337e+02
3.389593e+02
-2.651147e+02
6.174947e+01
-1.910670e+02
-1.506090e+02
-2.210592e+01
-4.978768e+00
-7.746680e+01
-3.469508e+02
-1.399750e+02
-4.523128e+01
1.806178e+02
4.502766e+02
6.898982e+01
1.601102e+01
-1.394307e+02
-2.774638e+02
-7.641788e+01
3.504248e+02
3.253430e+02
2.838485e+02
-2.670985e+02
-2.018057e+02
6.886723e+01
1.978626e+02
1.290327e+01
1.892799e+02
9.909312e+01
-1.455838e+02
1.353493e+02
1.316408e+02
-8.519519e+01
-3.825804e+01
-3.823329e+02
-8.306065e+00
2.391690e+01
2.088873e+02
-3.141934e+02
-9.181653e+01
1.054132e+02
8.337629e+01
1.439040e+02
8.593377e+01
-6.428085e+01
-1.170689e+02
6.437093e+01
-7.868090e+00
-1.392745e+02
-1.592873e+00
-1.670352e+01
7.592280e+01
4.091763e+00
-4.542968e+01
2.674706e+01
1.986471e+01
5.557878e+01
4.334047e+01
-1.571472e+02
-5.036200e+01
5.292942e+01
-4.157022e+01
-6.186553e+01
4.166844e+01
-3.923820e+01
-1.410220e+01
1.101304e+01
4.163097e+01
-1.274329e+01
1.293492e+01
1.134807e+01
-5.112111e+01
-1.458443e+01
-2.722535e+01
2.659245e+01
3.326778e+01
-1.584888e+00
-4.926655e-01
1.878126e-01
-3.502269e-01
2.852957e-01
-8.186559e-02
-2.758400e-01
-1.079663e-01
7.161923e-02
2.952911e-01
7.201268e-01
-8.611936e-02
-2.927829e-01
-5.866506e-02
-1.978585e-03
1.189763e-01
-3.338122e-02
-1.238865e-01
-1.539490e-01
3.855460e-02
-1.064224e-01
1.366940e-01
-9.447897e-02
-1.048898e-01
1.134780e-01
-2.775455e-02
-2.011847e-02
2.916656e-02
-3.102894e-02
