-1.132848e-02
3.319795e-01
5.126649e-01
4.209778e+01
1.643306e+02
-2.591785e+01
3.346392e-04
-5.845484e+04
1.963055e+05
-3.038566e+05
3.673617e+05
2.645771e+05
-2.155037e+05
8.843480e+04
-6.787589e+04
-8.585106e+04
2.715362e+05
-4.922056e+03
-1.156602e+05
6.440540e+04
-1.274450e+04
-1.266976e+05
8.185923e+04
3.253180e+04
-7.421461e+02
-2.184819e+04
9.511809e+04
6.727615e+04
-2.917833e+04
-4.235961e+04
4.075706e+04
5.666792e+04
2.112786e+03
1.819957e+04
-5.236339e+04
-2.713851e+04
4.339475e+04
1.225684e+04
-2.431050e+04
-6.197063e+03
-3.378866e+04
-7.045073e+03
3.906832e+02
-1.685347e+04
1.148834e+04
-5.581690e+03
9.626556e+03
7.819709e+03
5.748530e+03
-1.010307e+04
-9.401515e+03
7.545873e+03
3.579373e+03
1.279933e+04
-4.053173e+02
8.801640e+03
2.583630e+03
9.346922e+03
-1.563185e+03
7.676111e+02
-5.538121e+03
4.259388e+03
2.008255e+03
5.897597e+03
5.949719e+02
-2.892922e+03
-2.774213e+03
-1.854143e+03
-2.768449e+03
6.907510e+02
6.443188e+03
3.282627e+03
-6.649660e+02
-1.036053e+03
-5.690525e+03
-3.844676e+03
-3.297198e+03
-5.492342e+02
-3.365996e+03
-2.254017e+02
8.534495e+02
-6.934592e+02
2.882715e+03
-4.634758e+02
5.612127e+03
-1.667519e+03
-3.023409e+03
-2.187166e+02
3.965536e+01
4.035072e+01
4.963904e+02
-1.733966e+03
-4.241640e+02
-5.324647e+02
-6.628823e+02
-2.578478e+02
-1.339281e+03
1.509266e+03
-1.033026e+03
-1.005711e+02
3.621814e+02
6.340984e+02
1.182202e+03
-1.060418e+03
-3.352819e+01
-6.249071e+02
-1.701594e+03
1.647581e+03
-8.787012e+01
1.344421e+02
-9.413878e+02
2.750043e+02
-2.829055e+02
2.933400e+02
1.713488e+02
-3.036706e+02
2.451255e+01
-8.086237e+02
-4.494769e+02
5.836226e+02
-6.954515e+01
3.813615e+02
-3.165158e+02
1.101827e+02
4.430047e+02
-1.207930e+02
5.510281e+01
-4.121295e+02
8.283226e-01
9.351553e+02
4.035951e+02
4.934988e+02
1.161248e+02
1.397528e+02
-1.003150e+02
-5.111908e+01
5.604967e+01
4.380351e+01
-2.662854e+01
-3.924970e+02
-1.463865e+02
-3.401286e+02
7.357732e+01
1.332093e+02
8.764864e+01
2.967710e+02
-7.478891e+01
-2.636190e+01
-7.329692e+00
-1.048086e+02
2.257137e+02
3.911983e+01
-3.923134e+01
1.366600e+02
-8.904440e+01
1.340005e+02
2.816913e+02
1.421484e+02
2.412537e+02
-5.081241e+01
9.206868e+01
1.148727e+02
-5.531055e+01
9.305130e+01
-1.218689e+02
2.567368e+01
-1.098817e+02
2.144598e+02
-6.700508e+01
-2.743557e+01
-1.686731e+00
-4.105615e+01
-1.155819e+02
2.374893e+01
-1.687623e+02
-4.228497e+01
3.618470e+01
7.159835e+00
-4.283829e+01
-4.779973e+01
-1.747611e+02
6.345913e+01
4.764795e+01
5.224417e+01
4.279046e+01
-5.806409e+01
-2.135221e+01
-5.840892e+01
-1.125610e+02
-1.613864e+02
9.459187e+01
-6.862569e+00
2.713091e+01
6.960447e+01
-4.273786e+01
-6.927351e+01
4.625106e+01
4.521606e+01
-2.915971e+00
2.410704e+01
6.235664e+01
-2.167865e+01
3.112274e+01
3.811838e+00
2.923814e+01
1.852157e+01
1.414208e-01
-2.750202e-02
1.092568e+00
-1.026258e+00
-1.987717e-02
1.706002e-02
-3.237421e-01
-4.267605e-01
1.283582e-01
6.098864e-02
2.545097e-01
-2.098882e-02
-8.041268e-02
-9.561361e-03
-1.819877e-01
3.102991e-01
4.278307e-02
-1.230871e-01
1.070330e-02
-5.580540e-02
-3.053218e-01
-9.096919e-02
-4.744964e-02
-2.809797e-01
-2.021544e-01
-1.236498e-01
3.326327e-02
1.333860e-02
3.191070e-02
