-4.155438e-02
-1.191776e+00
-3.840913e-02
5.120000e+01
1.784728e+02
-1.690596e+01
3.563876e-04
-2.479512e+04
1.632606e+05
-2.201488e+05
-2.719156e+05
6.906282e+03
1.451965e+05
1.420639e+04
-3.238178e+04
-4.201257e+04
-1.009331e+05
6.272516e+02
1.612464e+05
-3.519808e+04
6.882323e+03
2.150494e+04
-1.141755e+03
3.808137e+04
1.218070e+04
3.108162e+04
-6.031342e+04
-1.916854e+04
-2.263826e+04
-3.161215e+04
4.132724e+04
-5.802798e+03
2.564545e+03
1.904620e+04
-4.126603e+04
-2.466186e+04
-3.820258e+04
-2.067453e+04
1.747859e+04
-1.640430e+03
-2.562237e+04
-2.029931e+04
2.820111e+04
-6.523871e+02
-9.277653e+02
7.205816e+03
1.774041e+04
6.365632e+03
-1.079036e+04
-4.381250e+03
-7.738760e+03
-3.112118e+03
3.670556e+02
6.777923e+03
8.500255e+03
-2.439376e+03
-1.341806e+02
1.201546e+03
1.693117e+02
1.950715e+03
-3.860550e+02
9.164951e+03
-2.290502e+02
2.485453e+02
-2.817561e+03
2.065757e+03
1.210026e+03
3.927225e+02
-2.939206e+02
7.147945e+02
1.835413e+03
3.401507e+03
3.649179e+03
3.534849e+03
-2.318955e+03
-3.380042e+03
1.772063e+03
-9.753112e+02
-3.601904e+03
-2.837922e+02
5.780378e+02
-4.833321e+02
-7.698492e+02
1.498071e+03
4.568606e+02
1.176656e+03
-9.148329e+02
7.922368e+02
-2.221806e+03
2.859316e+03
-8.048997e+02
1.952783e+03
2.669636e+02
-5.977997e+02
-8.728376e+02
8.882311e+02
2.036848e+03
-7.676693e+02
6.345193e+02
2.105521e+02
-1.240378e+03
5.524424e+02
1.542874e+03
8.353259e+02
-8.549578e+02
-6.571675e+02
-6.084410e+02
1.796331e+03
6.375956e+02
6.096110e+02
1.292264e+03
-7.827994e+02
-3.453269e+02
-2.130402e+02
3.344573e+02
4.907622e+02
-7.687972e+01
-8.209116e+01
-3.247303e+02
5.921851e+02
2.029437e+02
1.074974e+03
-1.292206e+01
-4.058653e+02
-2.708795e+02
4.638710e+01
1.798018e+02
4.082425e+02
-3.541486e+02
2.141217e+02
-2.410285e+02
3.250589e+02
-2.850854e+01
4.619091e+01
1.252026e+02
-5.316783e+02
4.665415e+01
-7.393059e+01
2.315131e+02
-4.633975e+02
-6.756068e+01
2.452728e+02
-2.345065e+02
2.975221e+02
1.166167e+01
-2.279335e+01
-8.015042e+01
-3.373906e+01
-3.059999e+01
2.314764e+01
5.133617e+01
1.903740e+02
-4.093733e+02
-2.356505e+02
-4.429910e+01
-4.537950e+01
-3.171468e+01
-1.179624e+02
2.209963e+02
7.759418e+00
2.152110e+01
5.202146e+01
-2.578887e+02
-3.733417e+00
-1.972365e+02
4.469180e+01
-5.509442e+01
2.352277e+02
-1.394204e+02
-1.720433e+02
-8.524590e+00
6.172770e+01
2.869602e+01
7.368501e+01
-6.182672e+01
-1.417273e+02
9.112563e+01
5.774406e+01
-9.602886e+01
7.047782e+01
4.613433e+01
-2.157592e+01
-2.948582e+01
1.475169e+01
4.856881e+01
-1.410968e+01
-2.292276e+01
6.443645e+01
-8.594362e+01
-1.119887e+02
6.299855e+01
4.619290e+01
-4.859837e+00
-5.584964e+01
7.150206e+01
-7.128113e+00
5.163513e+01
4.281183e+01
-1.330775e+01
-3.290855e+01
3.715167e+01
-3.025912e+01
5.488843e+01
2.347286e+01
3.101864e+00
5.843112e+00
-8.872246e-01
-4.894875e-01
7.916548e-02
-5.474569e-01
1.572864e-01
-8.507339e-02
-1.641532e-01
-5.833482e-03
8.574615e-03
1.161224e-01
4.821284e-01
3.114080e-01
2.023827e-01
-1.918133e-02
9.359957e-02
-3.047424e-02
3.559278e-02
3.237049e-02
-5.305615e-04
5.499026e-02
-5.390839e-02
9.055430e-02
-4.151618e-02
-3.986271e-03
1.802020e-01
2.788192e-02
-3.153402e-02
1.395779e-01
-1.588884e-02
