-3.205413e-01
2.872601e-01
1.132072e-02
5.546667e+01
2.101359e+02
-2.409904e+01
3.569571e-04
-2.502399e+05
-4.442244e+05
-3.398225e+04
9.175109e+03
2.890851e+05
7.946454e+04
-2.347858e+02
-6.205046e+04
-2.232159e+05
-8.474154e+04
6.067404e+04
6.702609e+04
-5.526282e+03
4.297143e+04
5.651456e+02
-1.896750e+04
2.803388e+04
1.781211e+04
-3.939989e+03
-2.681453e+04
-1.987754e+04
5.364746e+04
8.999820e+04
-9.890999e+04
-2.460879e+04
1.647678e+04
-6.787965e+04
3.532425e+04
-4.955016e+03
1.015099e+04
1.825025e+04
4.826740e+03
9.142459e+03
1.226143e+04
-1.462227e+04
-2.142158e+04
1.155961e+04
1.977547e+04
9.519761e+03
5.636106e+03
1.892962e+03
-5.234494e+03
-1.724285e+04
2.203429e+04
-1.825155e+04
4.467827e+03
-1.224152e+04
-1.868292e+04
1.423600e+04
8.896406e+03
1.501123e+04
-1.476768e+04
-1.374704e+04
-9.660102e+01
9.391901e+03
-4.987570e+03
-1.725361e+03
5.266744e+03
3.608901e+03
-2.764080e+03
1.387746e+04
-5.536656e+03
1.048125e+04
1.031476e+03
-1.200710e+03
-1.511245e+02
-3.199509e+02
4.619341e+02
-3.845391e+03
5.070047e+03
1.647386e+03
-7.739564e+03
2.841609e+03
-3.602734e+03
-6.871711e+02
-4.113661e+03
9.506902e+02
2.636387e+03
3.484041e+03
-1.888645e+03
2.941328e+02
-6.865294e+02
-3.439925e+03
3.394489e+03
2.431662e+03
1.916475e+03
1.796493e+03
-5.767784e+02
1.250389e+03
3.080038e+03
-1.106665e+02
-5.281332e+02
-9.880812e+02
-1.396160e+02
-4.667533e+02
-4.863654e+00
-2.489810e+03
-1.713715e+02
2.018309e+02
1.821862e+03
2.385975e+03
2.023050e+02
1.992976e+03
4.240078e+02
1.993968e+03
-1.095624e+02
7.822789e+02
7.958010e+02
-7.878633e+02
1.976176e+02
-1.174167e+03
-9.840015e+02
-5.866483e+01
6.544277e+02
1.545875e+02
-5.289429e+02
5.994852e+02
1.089235e+03
-9.944808e+02
-6.411243e+02
-6.759184e+02
1.734308e+02
-6.428582e+02
4.281069e+02
4.787903e+02
-8.348650e+02
1.723476e+02
-5.952614e+02
1.366978e+02
6.961420e+02
-4.013901e+02
2.494968e+02
-3.545686e+02
2.400996e+00
-7.401914e+01
-2.971786e+01
3.232903e+02
-2.462460e+02
1.565309e+02
3.691414e+02
1.172299e+02
8.794931e+01
1.352569e+02
3.784820e+02
3.948852e+02
-1.248667e+02
4.816622e+01
-2.557883e+02
5.583622e+01
-1.017993e+02
2.219484e+02
-1.761280e+02
-1.338519e+02
1.590217e+02
-5.600001e+01
2.176064e+02
-3.093820e+00
-5.541712e+01
-7.327935e+01
8.371021e+01
9.782228e+01
-1.720685e+02
1.124261e+02
1.733765e+02
-9.229925e+00
2.079644e+02
7.839189e+01
1.118293e+02
-7.815841e+01
8.284167e+01
5.387661e+01
7.364372e+01
6.278690e+01
-8.855865e+01
1.302432e+02
-3.123750e+01
-9.760422e+01
1.008307e+02
-1.239966e+01
1.694159e+02
6.123302e+01
-1.898641e+02
-1.786167e+00
-2.129406e+00
6.789025e+01
6.027368e+01
8.078035e+01
-1.465697e+01
-7.668840e+01
3.701659e-01
1.301107e+01
-1.197247e+01
4.002847e+01
-1.719471e+00
-1.058833e+02
2.709681e+01
-4.144791e+01
4.162924e+01
4.113074e+01
-3.835590e+00
3.283488e+00
5.626020e-01
6.101861e-01
2.093337e-01
-4.521258e-01
-3.134001e-01
-9.913023e-01
2.562327e-02
-5.091349e-01
1.903702e-01
-4.815401e-01
-1.830495e-02
1.870697e-03
3.102217e-01
1.499921e-01
3.665813e-02
1.395979e-01
-5.291544e-04
-1.095602e-02
6.564461e-02
7.615954e-02
7.855519e-02
-9.482802e-02
1.515008e-01
8.203103e-02
1.198076e-02
-5.285072e-02
2.684250e-02
