-4.612764e-01
-1.328223e+00
2.020246e-02
5.319111e+01
1.966076e+02
-1.172949e+01
3.558520e-04
-1.108584e+04
1.003840e+05
-1.624980e+05
-2.063590e+05
-1.689976e+05
9.691495e+04
-6.324705e+04
3.552020e+04
-9.054345e+04
-1.101535e+05
-7.443691e+04
1.304630e+05
9.127267e+02
-4.968852e+04
4.945572e+04
1.250705e+04
-1.784988e+04
-4.779348e+03
3.483490e+04
-2.061951e+04
-3.730995e+04
-3.486721e+04
-7.471360e+03
4.349218e+03
1.484681e+03
-3.416111e+04
-4.704220e+03
7.919660e+03
1.012868e+04
1.143927e+03
-1.304117e+04
1.876255e+04
4.288212e+03
-1.449694e+04
-2.392913e+03
1.302545e+04
-2.304208e+03
4.107287e+03
2.740560e+03
4.374308e+03
1.866450e+03
-1.103795e+03
-5.543076e+02
3.999877e+03
-7.424332e+03
-6.413717e+03
4.129292e+03
2.520441e+03
-1.520671e+03
-1.025864e+03
1.318786e+03
-1.400585e+02
-3.262638e+02
-9.169265e+02
-1.612493e+03
9.962523e+02
-7.451135e+02
2.503138e+03
3.484561e+03
4.794406e+02
-1.515504e+02
-2.006525e+03
-1.453245e+03
5.554470e+02
4.048543e+02
3.907153e+02
1.231055e+03
3.162556e+02
1.228211e+03
-5.374287e+01
1.531371e+03
-3.577589e+03
-9.040911e+02
9.205225e+02
-1.416237e+03
-3.380186e+02
-6.509991e+02
5.515272e+02
5.294595e+02
-1.121368e+03
-3.550739e+02
-6.829276e+02
9.009210e+02
-6.916331e+02
1.173829e+03
4.201471e+02
4.282091e+02
-1.706310e+03
1.105178e+03
1.670380e+03
1.734352e+02
6.817716e+02
2.925783e+02
-9.976145e+02
1.042860e+02
5.663660e+02
1.475679e+00
-2.159476e+02
2.521774e+02
1.098049e+02
6.311890e+02
4.496245e+02
6.975940e+02
8.681998e+02
-7.458231e+02
-4.719013e+02
1.086638e+02
-8.967499e+01
2.617550e+02
3.431101e+01
1.669360e+02
6.897387e+01
3.754167e+02
-3.031677e+02
1.718477e+02
-8.593035e+01
-9.368085e+01
-8.603221e+01
-2.801565e+01
8.930682e+01
5.405364e+02
-1.357941e+02
5.442937e+01
1.695844e+02
4.580983e+02
2.901881e+02
3.308237e+02
-1.806594e+02
-1.105157e+02
8.722736e+01
-1.440641e+02
1.564889e+02
-2.273900e+01
-1.891172e+02
1.022591e+02
-1.430145e+02
-1.525985e+01
-5.193619e+01
-1.882128e+01
-6.165879e+01
-2.348952e+02
1.085420e+02
-7.747502e+00
1.280377e+02
9.363305e+01
2.219577e+01
1.814161e+01
-5.012893e+01
-4.854403e+01
6.539417e+01
3.020471e+01
1.353276e+02
-9.330881e+01
-6.853722e+01
1.176927e+02
8.182222e+00
2.461683e+01
-3.264587e+01
-9.562495e+01
-2.527632e+01
5.261974e+01
7.083554e+00
3.086126e+01
3.494970e+01
4.424310e+01
-5.325972e+01
4.139081e+01
1.709355e+01
-1.105613e+02
4.547319e+01
-7.062430e+00
-3.597787e+01
7.249777e+01
4.375297e+01
4.342522e+00
-5.842295e+00
4.294538e+01
5.130743e+01
-7.592138e+01
-1.241697e+01
7.819855e+01
-1.061710e+01
2.913416e+01
-2.951366e+00
2.303514e+01
-3.973127e+00
1.981176e+01
2.619814e+01
2.221768e+01
2.606230e+01
2.776249e+00
-4.602598e+01
-4.378938e+01
8.437788e+00
1.023589e+01
2.960111e+01
3.904690e+00
1.812290e+01
1.856415e+00
-4.081201e-01
6.094186e-01
-1.133126e+00
-6.561759e-01
-3.558022e-01
-5.090000e-02
1.927771e-01
-1.784653e-01
-6.649306e-05
-4.475189e-01
2.166970e-01
9.915513e-02
-7.925960e-02
-1.079457e-02
-1.419090e-01
-1.334817e-01
7.740349e-03
3.887967e-02
1.168031e-02
3.883606e-02
-8.157834e-02
6.806616e-02
6.232889e-02
-2.569773e-02
3.502780e-02
2.142972e-02
-2.450350e-02
3.892590e-02
-1.715324e-02
