-2.460089e-01
1.441101e+00
-3.387462e-01
5.888000e+01
1.718399e+02
-9.139868e+00
3.472248e-04
-1.890624e+05
3.234204e+04
2.813003e+05
4.555763e+05
2.381807e+05
-7.662258e+04
-1.912227e+05
1.533226e+05
5.999517e+04
2.146699e+05
-2.064805e+05
-7.985130e+04
-1.097579e+05
-1.313017e+05
-1.055344e+05
9.284096e+04
-6.700191e+04
-4.301155e+04
-1.180914e+05
-1.573251e+04
6.065662e+04
1.422643e+04
6.802465e+04
-6.634719e+04
-2.738121e+04
8.831471e+04
4.857565e+04
2.325474e+04
2.276711e+04
4.644877e+04
2.266091e+03
-2.424099e+04
-7.537130e+02
-1.032880e+04
4.958276e+03
-1.746579e+04
-7.105054e+03
4.470506e+03
-1.393670e+04
-1.191363e+04
9.458322e+02
1.436440e+04
-1.540387e+04
2.462795e+04
-2.542962e+02
3.798808e+03
9.751037e+03
-1.837182e+04
5.101269e+03
-1.963059e+03
9.416658e+03
-1.374016e+04
-3.782549e+03
1.780086e+02
2.415782e+01
2.661038e+03
-6.088042e+03
4.697572e+03
-4.353488e+02
5.980438e+03
5.589570e+03
-4.560817e+03
5.444594e+03
7.889922e+03
4.619617e+03
-2.683041e+03
-6.989140e+03
-5.407085e+03
1.948423e+03
6.453579e+03
-4.055616e+03
-3.478321e+03
-1.299353e+03
-7.554145e+02
2.333770e+02
-8.817939e+02
-2.260625e+03
4.013596e+03
-1.400058e+03
-9.691988e+02
1.748946e+03
-5.983873e+02
1.319133e+03
-1.258095e+03
-2.966109e+03
1.934120e+03
1.497408e+03
-1.332540e+03
1.257485e+03
2.277010e+02
1.209921e+03
-1.180181e+03
7.283864e+02
-8.377533e+02
4.898225e+02
-2.177016e+03
-4.928131e+02
2.043114e+03
2.635458e+01
9.225983e+02
-1.647970e+03
6.675378e+02
7.580539e+02
5.711863e+02
1.082633e+03
8.035736e+01
1.481014e+03
-6.934090e+02
-1.051597e+03
-6.074864e+02
-2.529585e+01
-8.570393e+02
2.843347e+02
-3.354145e+02
-6.666727e+02
-8.874211e+02
1.208640e+03
6.383969e+02
-4.333599e+02
1.016035e+02
2.023085e+02
1.819399e+02
4.040610e+02
2.464827e+02
2.630314e+02
5.452836e+02
3.093108e+02
-1.807217e+02
-5.283824e+01
7.304615e+02
-2.678702e+02
-7.193485e+01
7.466971e+02
-6.931218e+01
-5.375406e+02
-1.130195e+02
-2.097267e+02
9.276660e+01
3.163881e+02
-2.654274e+02
-9.846674e+01
2.296432e+02
1.732653e+02
7.649709e+01
2.101559e+02
3.559408e+02
4.372526e+02
-2.510863e+02
6.204428e+00
3.016032e+02
5.566061e+02
-4.154054e+02
-2.264429e+02
2.311595e+02
-2.015953e+02
2.052134e+02
1.263644e+02
1.573431e+02
-1.212891e+02
-3.868032e+01
-3.408960e+01
-2.551005e+01
2.313454e+02
1.089936e+02
4.645599e+01
-4.058681e+01
6.047728e+01
-8.985935e+01
-1.601690e+01
1.048619e+01
-8.285413e+01
1.359589e+01
-7.406439e+01
1.002010e+02
1.237289e+01
1.358288e+01
1.193261e+02
3.641665e+01
-3.614769e+01
-3.672354e+00
-5.671826e+01
-3.418462e+01
-1.859181e+01
-5.106565e+01
2.273922e+01
5.387275e+01
6.884277e+01
1.564014e+01
-3.573853e+01
-6.009667e+01
-5.034749e+01
-3.837309e+00
7.814368e+01
3.584132e+01
-1.204194e+01
2.354588e+01
-6.466162e+01
2.388610e+01
2.596904e+01
4.658880e-01
-1.992787e+00
-8.108434e-01
-9.905018e-01
-5.272104e-01
-1.696935e-01
-1.397776e-01
1.558052e-03
-1.538680e-01
-5.238151e-01
-5.592938e-02
-1.011856e+00
6.387881e-02
1.024310e-01
-2.228654e-02
3.451233e-01
-3.037408e-03
7.398211e-02
-1.444448e-02
-4.323417e-01
6.929878e-02
-2.126109e-01
-1.898627e-01
-1.306749e-01
-4.036207e-01
-7.877292e-02
2.170465e-01
-1.207115e-01
3.936678e-02
