-1.723404e-01
-1.968256e-01
-3.013479e-02
4.551111e+01
1.923912e+02
-2.593719e+01
3.561864e-04
-5.854072e+04
-3.003597e+05
2.778481e+05
3.189971e+05
2.653626e+04
-9.927215e+04
-2.997921e+04
3.263252e+04
-6.323068e+04
3.543668e+04
-6.919315e+04
-2.578773e+04
-5.384827e+04
-1.464125e+04
-3.300833e+04
3.917809e+04
-4.379283e+04
2.562067e+04
-4.559285e+04
-2.259336e+04
-4.658277e+04
-2.509614e+04
1.648057e+04
-7.625305e+04
1.039685e+04
-9.026540e+03
-2.699186e+04
2.347682e+04
2.183500e+04
3.153759e+04
9.894465e+03
-1.288775e+03
-1.182386e+04
2.910495e+03
5.509068e+03
-3.202813e+04
3.718922e+03
9.720508e+03
3.137893e+03
-1.423478e+04
3.496168e+03
5.299502e+03
-3.162960e+03
1.074446e+04
-5.911279e+03
1.887802e+03
4.260476e+03
-1.333478e+04
1.379265e+03
4.600097e+03
5.697887e+03
-4.687638e+03
-1.422046e+04
1.230066e+03
-1.630767e+02
-3.244597e+03
-3.983087e+03
2.998885e+03
2.760864e+03
2.002777e+03
-1.521971e+03
-4.444944e+03
7.374949e+03
3.673854e+03
1.317016e+03
-5.742511e+03
-3.456631e+02
2.716744e+03
2.350008e+03
3.703053e+03
3.965639e+03
-3.798758e+03
-1.710891e+03
1.538182e+03
-4.675698e+02
-1.100269e+03
-2.357321e+02
3.933940e+03
3.444104e+03
-8.787474e+02
-4.073331e+02
-1.403501e+03
-1.119004e+03
2.247016e+02
-1.837718e+03
1.809909e+03
2.322666e+03
-2.206543e+03
1.168881e+03
3.611660e+02
9.688534e+02
1.423075e+02
-2.059041e+02
-5.528629e+02
1.095386e+02
-9.334340e+02
-7.681642e+02
2.410676e+01
8.184766e+02
1.775062e+03
1.982036e+02
-6.301847e+02
7.417662e+02
-9.387076e+02
1.591139e+03
8.220686e+01
1.694562e+03
-1.713387e+02
-7.031070e+02
-5.800979e+02
-2.369937e+01
-2.351337e+02
2.028164e+02
-6.884374e+02
-7.797637e+02
-5.567446e+02
7.421824e+02
4.814861e+02
-1.494189e+01
-7.111025e+02
1.014424e+02
-1.877246e+02
-3.273385e+02
6.715610e+02
5.333571e+02
3.301189e+02
4.296957e+02
-2.838444e+02
3.960045e+02
5.983701e+02
-1.536274e+02
1.102681e+02
2.938491e+02
-7.352229e+01
-1.620187e+02
-1.227064e+02
-1.662059e+02
-5.291358e+01
2.792753e+02
1.674941e+02
-5.745610e+01
2.104357e+02
1.811576e+02
4.449160e+00
9.267289e+00
3.260605e+02
2.012996e+02
-1.734426e+02
-6.162825e+01
2.002578e+02
2.511000e+02
-2.125431e+02
-1.243343e+02
1.237669e+02
2.574844e+00
2.793490e+02
4.258637e+01
2.377832e+02
-1.613264e+02
-8.330901e+01
-1.360534e+02
1.755861e+02
1.381285e+02
1.350567e+02
6.218188e+01
-1.149893e+02
7.788181e+01
9.587428e+01
-5.197750e+00
-1.427430e+01
3.062177e+01
3.782651e+01
2.746173e+01
-4.019139e+01
9.052596e+01
-5.673968e+00
3.762425e+01
7.298147e+01
-2.786825e+01
-1.589652e+01
-2.896613e+01
1.312861e+01
3.701051e+01
-2.752097e+01
3.276031e+01
3.743383e+01
5.884597e+01
9.632553e+00
-2.781694e+01
-1.477642e+01
-5.934772e+01
3.341152e+01
1.117433e+01
1.575255e+01
-4.185801e+01
6.378991e+00
-2.115159e+01
5.167302e+01
2.403599e+01
-2.627946e-01
3.913768e+00
-4.671771e-01
4.126491e-01
-1.683749e-01
-2.632791e-01
-3.409775e-02
-7.620153e-01
-2.045866e-01
-7.513582e-01
-4.450891e-01
-5.150631e-01
1.211290e-01
1.500506e-01
-2.276491e-01
9.667151e-02
7.058116e-02
1.554993e-01
1.251735e-01
-1.655388e-01
7.663315e-02
2.463213e-02
1.278941e-01
4.981217e-02
-1.715561e-01
4.681135e-02
6.019552e-02
-1.777836e-01
1.740834e-02
