1.556953e-01
8.567975e-01
4.573343e-02
4.693333e+01
1.637979e+02
-2.265914e+01
3.381109e-04
-2.251896e+05
3.739705e+05
2.357959e+05
-5.078846e+05
-2.175988e+05
-2.269903e+05
4.288521e+04
7.507329e+04
-2.476247e+05
8.881704e+03
-1.480891e+04
2.227151e+05
-2.147055e+05
6.134021e+04
-2.818882e+04
-3.442986e+04
5.399509e+04
-2.480193e+04
1.407803e+04
2.876401e+04
-8.569502e+03
-8.109573e+04
-6.624021e+04
-1.934084e+04
1.512775e+04
-3.915159e+04
-2.154005e+04
-4.862562e+04
2.209876e+04
2.350558e+04
-1.823790e+04
2.965518e+04
-3.493185e+04
-2.294920e+03
-1.155919e+04
1.662455e+03
-3.796375e+04
-4.746108e+03
-1.325714e+04
2.431413e+04
-5.801284e+03
-2.143450e+04
-1.018318e+04
-1.057608e+04
3.813471e+03
7.443675e+03
1.958813e+03
-1.038132e+04
1.403763e+04
6.226206e+03
1.283124e+04
2.599663e+03
-3.331172e+03
-1.562652e+04
3.818497e+03
7.586794e+02
-1.458802e+03
2.128330e+03
7.468964e+02
2.344564e+03
8.264163e+03
2.913881e+03
1.607962e+03
2.715259e+03
4.461101e+03
6.137024e+03
-1.763462e+03
-2.897170e+03
-1.233076e+03
7.773319e+02
-3.540986e+02
-7.041603e+03
-1.344882e+03
-4.177291e+02
1.343224e+03
-3.825666e+03
1.582578e+03
1.387839e+03
-2.285659e+02
5.049926e+01
-1.624030e+02
8.926321e+02
2.547471e+03
1.032945e+03
-4.686266e+02
1.688162e+03
1.650018e+03
-5.627484e+02
2.291862e+03
3.422044e+03
-7.647078e+02
-6.986487e+02
-7.677939e+02
-1.465594e+03
-1.015980e+03
7.140872e+02
-2.858020e+02
8.051528e+02
-2.285381e+03
1.478679e+03
5.917858e+02
1.231643e+03
1.197280e+03
5.173600e+02
6.891110e+02
-2.308120e+02
-9.426673e+02
1.293708e+02
8.412753e+02
1.290510e+02
-3.305931e+02
-8.010696e+02
6.365710e+02
-2.239783e+02
7.084589e+02
-2.614023e+01
-9.557108e+01
5.399330e+02
-3.965797e+01
8.203613e+00
-1.165073e+02
-2.201495e+02
2.195049e+01
3.458112e+02
1.580269e+02
-3.174296e+02
4.360856e+02
-2.718575e+02
-3.919352e+02
4.871705e+02
1.088559e+02
-3.635126e+01
-1.076149e+02
-3.070335e+02
5.247288e+00
1.011436e+02
4.248358e+02
-7.562584e+01
-5.132037e-01
-4.117712e+02
-2.968331e+02
-3.082796e+02
2.386626e+02
1.752901e+02
2.431521e+02
-4.917673e+01
-1.185653e+02
3.115646e+02
1.235859e+02
-2.340516e+02
2.000714e+02
1.573641e+02
5.234040e+01
4.341241e+01
7.544953e+01
-1.208081e+02
4.996761e+01
-2.980867e+02
9.307177e+01
-2.082956e+02
2.543306e+02
-1.744712e+02
-2.610696e+02
1.027460e+02
1.229250e+02
5.126305e+01
1.138746e+02
-1.174917e+02
-3.888089e+01
-1.169173e+01
-1.135811e+01
-1.373195e+02
6.633725e+01
-2.194631e+01
2.419291e+01
4.585564e+01
2.385835e+01
9.445796e+01
-2.237176e+01
-9.165350e-01
1.673398e+01
-1.892953e+02
-7.801762e+01
5.349728e+01
-9.775361e+00
-5.287294e+00
-6.441367e+01
-1.963939e+01
2.715718e+01
2.130134e+01
5.273019e+01
2.152448e+01
-3.530114e+00
4.563582e+01
-8.681903e+00
3.967442e+01
-1.554417e+01
-1.923369e+01
2.494264e+01
-6.479542e-01
-1.250411e-01
-2.457221e-01
-1.118134e-01
5.401996e-01
5.290338e-01
-4.818895e-01
-5.818452e-01
-1.045620e-01
-1.295438e-01
8.230693e-01
5.412538e-01
-8.458941e-02
-2.705168e-01
2.489456e-01
1.255688e-01
-4.957250e-02
5.637839e-02
-4.117855e-02
2.781276e-01
-2.883263e-01
1.755618e-01
-3.570378e-02
-2.543624e-01
-3.064983e-02
3.602187e-02
-3.770350e-02
1.205421e-01
1.350935e-01
