-1.979611e-01
3.400914e-02
-7.849711e-02
5.120000e+01
1.983121e+02
-2.692307e+01
3.526913e-04
-1.320409e+05
-1.169066e+05
-5.797640e+03
-1.227635e+05
9.198757e+04
1.009685e+05
-7.497450e+04
4.096108e+04
-9.061427e+04
-1.314185e+04
2.141056e+04
1.139450e+05
1.612766e+04
-3.097390e+04
1.444472e+04
4.419816e+03
2.026506e+04
8.822303e+03
1.133513e+04
3.024890e+04
4.451032e+03
-2.839267e+03
4.441295e+03
-4.525906e+03
2.041491e+03
-3.160978e+04
-2.436950e+03
-1.090031e+04
7.134245e+03
-1.580969e+04
-9.848131e+03
5.216949e+03
1.804311e+04
-1.379574e+03
-9.831825e+03
2.560057e+03
-3.897591e+03
6.944508e+03
-1.132179e+04
8.880899e+03
2.119996e+03
-5.583038e+03
2.690989e+03
2.147602e+03
-7.028506e+02
4.203358e+03
-4.760502e+03
7.130095e+01
7.180840e+03
4.197220e+01
6.497576e+03
2.122388e+03
-2.546158e+03
-6.085448e+03
1.671349e+03
2.955486e+02
-2.588673e+03
9.193932e+02
3.630360e+03
2.427710e+03
6.472513e+03
-4.436679e+03
-7.159504e+02
1.142264e+03
9.502021e+02
2.329482e+03
-1.436878e+02
-1.391285e+03
-9.960845e+02
3.699004e+02
-1.220428e+03
-2.857937e+03
7.338091e+02
-1.195691e+03
-1.068165e+03
5.081110e+01
1.398540e+03
1.309161e+03
-6.612050e+00
-3.818399e+02
-1.440422e+02
7.005594e+02
8.899507e+02
1.906432e+02
1.677143e+03
1.836803e+03
1.191103e+03
-4.659565e+02
6.006594e+02
1.089439e+03
-7.293871e+02
-2.708786e+02
3.423552e+02
-9.146835e+02
-4.369043e+02
1.019517e+03
-9.678387e+02
6.071890e+02
-7.780986e+02
5.603651e+02
8.258947e+02
1.114122e+03
1.024475e+03
5.704937e+02
7.230748e+02
-6.635104e+02
2.616415e+02
-1.577556e+02
5.142188e+01
-3.097078e+01
-4.856802e+02
-4.179994e+02
6.885732e+02
2.524812e+02
6.099957e+02
-2.822087e+02
3.678948e+00
4.290563e+02
-3.300165e+02
3.326766e+02
-9.873489e+01
-5.093372e+01
-1.698299e+02
-6.905585e+01
2.345829e+02
-1.753064e+02
6.330803e+00
-1.999341e+02
-2.879834e+02
2.441168e+02
-9.298547e+01
-3.602384e+01
-2.182439e+02
-2.372910e+02
4.182693e+01
9.355668e+01
2.527620e+02
-1.142668e+02
1.144077e+02
3.581966e+01
-2.309599e+02
-9.488570e+00
1.751406e+02
1.806874e+02
1.251758e+02
-7.466064e+00
-1.190128e+02
-3.866043e+01
8.254830e+01
-5.251851e+01
-6.072377e+01
1.256775e+01
-3.144575e+01
5.541044e+01
-2.529367e+01
-5.845546e+01
-3.354092e+01
-1.663348e+02
5.264654e+01
2.583155e+01
2.097239e+02
-1.951313e+02
1.797310e+01
7.970965e+01
1.056148e+02
1.682271e+02
-4.546412e+00
-6.378691e+01
-5.320536e+01
3.878310e+01
5.464174e+00
-1.040627e+02
2.732626e+01
9.572459e+01
7.787239e+01
-3.124838e+01
-4.522831e+01
6.443582e+01
-8.719000e+00
9.859583e+01
8.563467e+01
-1.033200e+02
-2.937687e+01
7.731661e+01
4.666527e+01
-3.120289e+01
-1.045856e+01
1.251790e+01
1.136645e+01
-2.909177e+01
1.745655e+01
-4.635378e+01
1.878636e+01
3.988498e+00
-3.711340e+01
2.058240e+01
-3.238363e+01
2.751936e+01
1.859199e+01
-2.038486e+00
-4.014339e-02
-3.905480e-01
7.599051e-01
6.178973e-03
-1.356493e-01
-4.141048e-01
-2.694217e-01
2.287894e-02
8.727633e-02
2.547689e-01
-1.012071e-01
2.212578e-01
1.200388e-02
1.426110e-01
-9.309797e-02
1.992406e-03
-9.728521e-02
-5.848298e-02
9.364846e-03
-4.420956e-03
1.265246e-01
-1.148828e-01
-8.908056e-02
1.524428e-01
3.652407e-02
-8.752471e-02
-1.739692e-02
-4.311733e-02
