-6.467292e-01
-1.531927e+00
4.392338e-01
5.859555e+01
1.907604e+02
-8.151398e+00
3.619794e-04
-1.775366e+05
-1.415782e+05
3.385171e+05
8.686197e+01
-2.602129e+04
-1.409491e+03
-6.877724e+04
7.214073e+04
-1.654114e+05
8.049124e+03
-4.225408e+04
6.275479e+04
-4.547179e+04
-3.340096e+03
2.767690e+04
-7.982250e+03
1.361087e+04
2.424021e+04
-2.613633e+04
4.022365e+02
-3.913259e+04
-1.224073e+04
2.061919e+04
-3.934539e+04
4.971434e+04
-2.529985e+04
-3.910257e+04
2.777962e+04
1.900014e+04
2.737265e+04
9.654515e+02
2.380210e+03
-7.876467e+03
1.310596e+04
-8.661346e+03
-2.260633e+04
-7.584334e+03
1.174286e+04
-2.435688e+03
-8.662323e+03
-3.015895e+03
-7.781400e+03
-1.247755e+02
8.835014e+03
3.672236e+03
7.633381e+03
1.878427e+02
-8.526942e+03
6.215036e+03
5.773468e+03
5.192392e+03
-2.180522e+03
-8.190815e+03
-2.827998e+03
4.941154e+02
-4.572719e+02
-3.445276e+03
1.367886e+03
1.979675e+03
2.905834e+03
3.259684e+03
-5.035254e+03
3.097263e+03
1.933992e+03
2.489148e+03
7.320070e+02
1.129939e+03
1.283418e+03
1.332242e+03
2.284130e+03
1.052204e+03
-5.123023e+03
-1.589064e+03
-1.488339e+03
2.744129e+02
-2.299887e+03
1.282203e+03
3.612045e+03
3.805668e+03
-1.306647e+03
-4.917176e+02
1.519256e+02
-2.708265e+02
2.670464e+02
6.985532e+01
2.342586e+03
2.605612e+03
-1.908323e+03
6.992983e+02
1.915382e+03
9.184380e+02
1.696491e+02
-2.175629e+02
-1.880640e+03
-2.867590e+02
1.043641e+02
-1.298985e+03
5.540593e+02
-3.414521e+02
1.457044e+03
8.037498e+02
5.977738e+02
1.541256e+03
-2.412184e+02
1.844084e+03
-4.293018e+01
1.306462e+03
-1.464669e+02
-6.137804e+02
8.212294e+01
-1.585407e+02
-5.023116e+02
6.183979e+02
-1.569418e+02
7.861140e+01
-5.983787e+02
4.614468e+02
5.021321e+02
-3.371642e+02
-3.934546e+02
1.284139e+02
-3.462088e+00
-2.935884e+02
2.502976e+02
1.532837e+02
1.867514e+02
3.971983e+02
-4.320787e+02
1.321274e+01
6.434055e+02
-2.256685e+02
-2.754611e+01
1.828158e+02
-2.734015e+02
-1.152048e+02
-1.354401e+02
1.072471e+02
-2.214595e+02
8.791283e+01
4.913955e+01
-1.135760e+02
6.240201e+01
1.969346e+02
1.184645e+02
3.989936e+01
1.831520e+02
1.975701e+01
-1.304347e+02
1.776628e+01
-1.443500e+01
1.595667e+02
-1.056386e+02
-7.500537e+01
1.210813e+02
-3.302879e+01
1.396687e+02
2.293031e+01
4.817508e+01
-9.615259e+01
-1.083598e+01
2.690938e+01
-3.224767e+01
6.347839e+01
1.224100e+02
9.389913e+01
-2.488847e+01
9.286922e+01
-1.070381e+00
-3.879569e+01
-4.249422e+01
7.652824e+00
6.434441e-02
5.000797e+01
-8.415705e+00
1.046914e+01
-2.772330e+00
1.209711e+01
8.152498e+01
1.484647e+01
1.311621e+02
4.012694e+01
-5.188537e+01
4.523829e+01
4.541032e+01
3.219539e+01
-2.138125e+01
-7.509468e+00
8.322751e-01
2.336415e+01
-1.889440e+01
-2.648146e+01
2.817379e+01
1.967308e+01
-2.007606e+00
-4.789935e+01
2.171721e+00
-8.126885e+00
2.294966e+01
3.377156e+01
-1.554889e+00
2.384740e+00
-6.718572e-01
7.690590e-01
-3.306350e-02
-4.214073e-01
-3.228940e-01
-7.467448e-01
-8.663522e-02
-4.505300e-01
3.163010e-02
-1.387165e-01
1.222444e-01
5.910484e-02
2.401615e-02
9.979884e-02
2.482834e-02
5.208987e-02
6.645007e-02
-7.959318e-02
-2.953984e-02
8.683138e-02
2.062082e-02
-1.207462e-01
-3.241415e-02
-3.865563e-04
9.242781e-02
-8.980013e-02
-6.725939e-02
