-4.796824e-02
-1.145359e+00
2.179880e-02
5.575111e+01
1.741881e+02
-1.324994e+01
3.506486e-04
1.534174e+05
-2.501754e+05
-4.811854e+03
5.726441e+05
-6.646720e+04
-2.622380e+04
6.101524e+04
-3.264948e+04
3.412102e+04
7.362281e+04
2.053223e+04
-1.686962e+03
-4.683688e+04
-5.519148e+04
-7.596614e+04
8.076694e+04
-3.559419e+04
3.431074e+04
-6.868221e+03
1.643887e+04
3.863899e+04
-3.836457e+04
2.725364e+04
-3.356753e+04
5.460693e+03
-9.627150e+03
-3.931014e+04
-1.014608e+03
3.751158e+02
2.574754e+04
8.543453e+01
-1.123844e+03
-2.206183e+04
-2.596601e+04
2.212233e+04
-2.099246e+04
-1.082957e+02
3.339401e+04
-1.295227e+04
-2.242605e+04
1.018622e+04
4.463976e+03
-2.027363e+03
-5.472742e+03
4.206357e+03
1.121160e+03
-4.286553e+03
-7.449070e+03
8.246979e+03
-4.634162e+03
1.439605e+04
-2.458440e+03
-8.783946e+03
4.141956e+03
-3.044235e+03
-4.309837e+03
-7.883102e+03
2.370682e+03
2.236514e+03
4.560000e+03
-7.669593e+03
-5.520596e+03
3.822701e+03
4.366055e+03
-1.865231e+03
-6.475793e+03
1.134329e+02
-6.044751e+02
3.964056e+03
2.806451e+03
4.029863e+03
-4.075123e+03
-2.331559e+02
8.844269e+02
1.813993e+03
2.136687e+03
5.621989e+02
3.832700e+03
-4.009308e+02
-3.295813e+03
-3.689982e+02
-3.523011e+02
-1.027224e+03
-1.236397e+03
-1.115015e+03
2.855679e+03
1.204523e+03
-2.155802e+03
4.977584e+02
-7.655078e+02
7.266682e+02
1.825030e+02
7.801088e+02
-5.988167e+02
2.577682e+02
-4.710719e+01
-1.261489e+03
7.847943e+02
-9.167287e+01
9.304275e+02
-9.011255e+02
-1.033488e+03
5.392985e+02
-1.576723e+03
1.471785e+03
-5.083188e+02
1.417052e+03
-4.644964e+02
-6.412960e+02
-4.388261e+01
-2.857544e+02
5.689182e+02
3.554509e+02
-6.016151e+02
-8.579069e+02
-6.215696e+02
8.983065e+02
4.325972e+01
-8.295904e+01
3.367130e+02
3.829271e+02
1.655224e+02
3.192653e+02
5.315346e+02
5.077240e+02
8.407651e+02
3.702851e+02
-1.166533e+02
3.510378e+02
7.415615e+02
-8.877072e+01
1.009393e+02
2.724785e+02
1.312478e+02
1.778299e+02
-1.247071e+02
7.697787e+01
3.320702e+01
1.133625e+02
-1.062637e+02
-3.767897e+02
4.181986e+02
6.537223e+01
-2.265713e+02
2.404774e+01
4.914397e+02
2.211391e+02
-4.858427e+02
-2.566541e+02
3.727112e+02
1.628065e+02
-1.528940e+02
-2.716019e+02
2.029515e+02
2.644173e+02
1.589318e+02
1.406742e+02
2.361386e+02
-6.464479e+01
4.903358e+01
3.002282e+01
1.340533e+02
1.808486e+02
7.114840e+01
5.443542e+00
-1.288754e+02
-1.663921e+01
1.500716e+01
-8.811214e+01
-6.374423e+01
-8.970168e+01
-3.557708e+01
2.214566e+01
-8.772543e+01
7.758456e+01
1.080663e+02
1.804193e+01
5.669541e+01
-6.816467e+01
-5.124998e+01
-1.656685e+02
5.436985e+01
2.865689e+01
-2.626689e+01
-2.923388e+01
-4.088409e+01
9.681770e+01
4.762439e+01
-1.153658e+01
5.651000e+00
-5.205251e+01
1.912042e+00
1.090355e+01
1.800650e+01
-1.040687e+01
4.028149e+01
2.004307e+01
3.733992e+01
2.281973e+01
7.097542e-01
2.296042e+00
-1.601585e-01
3.361478e-01
-9.714168e-02
1.530336e-01
7.226250e-01
-6.524463e-01
-9.183634e-02
-5.051948e-01
-9.774357e-01
-9.822334e-01
9.443083e-02
1.837239e-01
-6.287763e-01
1.000960e-02
4.804423e-02
6.523471e-02
2.201138e-02
-5.377905e-01
3.899099e-02
1.138991e-01
4.648574e-02
1.054765e-01
-3.978298e-01
-5.118229e-02
4.157919e-02
-1.511812e-01
-5.444930e-02
