-2.817666e-01
5.090806e-01
-2.226196e-01
5.376000e+01
2.063307e+02
-2.636728e+01
3.573981e-04
-9.059256e+03
-9.483104e+03
-7.803172e+04
-2.418268e+05
-1.728545e+05
4.885545e+04
2.366988e+04
-1.491091e+04
-2.050011e+05
-6.878579e+04
7.718964e+03
1.571834e+05
-1.186108e+04
-2.638500e+04
2.527488e+04
-2.137312e+04
7.443293e+04
-8.202647e+03
-6.944853e+03
-2.245214e+04
2.699807e+04
-3.649838e+04
1.697872e+03
8.074957e+03
4.204597e+03
-3.984988e+04
-2.188370e+04
-1.401197e+04
-1.492869e+03
-2.355720e+02
-6.828121e+03
2.292316e+04
3.529139e+03
5.060042e+03
-1.906597e+04
-3.664090e+03
-1.137803e+04
8.462011e+03
1.726374e+03
4.450733e+02
1.192645e+04
-2.898293e+03
5.259475e+02
-2.301353e+03
5.020433e+03
3.098636e+03
-2.180722e+03
7.726009e+03
4.268498e+03
-1.103215e+03
7.562086e+03
3.056168e+03
6.963406e+02
-4.692583e+03
-4.472616e+02
-2.397765e+03
9.647336e+01
2.741796e+02
4.308259e+03
3.203383e+03
1.839106e+03
-4.560450e+03
-2.482499e+02
-1.327135e+03
1.483796e+03
2.450665e+03
2.933148e+03
5.969056e+02
-2.679321e+02
2.062958e+03
2.311203e+02
-2.977870e+03
-1.422969e+03
-2.438271e+02
2.745272e+02
-2.080629e+03
1.872555e+03
1.885552e+03
2.150328e+03
-1.258993e+03
-9.307921e+02
-5.356671e+02
-3.549398e+02
-1.542269e+02
7.014902e+02
1.693800e+03
7.858478e+02
-9.377490e+02
3.330182e+02
2.037725e+03
3.866193e+02
1.302103e+03
2.628939e+02
-9.411237e+02
-2.137414e+02
6.883897e+02
-2.677787e+02
-5.932684e+01
-7.952845e+02
6.991418e+02
3.118325e+02
8.005491e+02
1.429553e+03
3.804734e+02
4.737204e+02
-6.601379e+02
-8.020926e+01
1.754758e+02
8.869905e+02
1.321226e+02
-6.225674e+01
1.799203e+02
4.128670e+02
3.173314e+02
4.064295e+02
-9.626694e+01
7.917278e+01
-2.518699e+02
-2.990929e+02
-9.730869e+01
5.086860e+02
-1.640351e+01
-1.294007e+01
-2.275775e+01
5.382544e+02
1.703716e+01
2.403028e+02
6.014774e+01
-2.494674e+02
-1.295169e+02
-2.053703e+02
-3.425536e+01
-2.256274e+02
-1.957022e+02
4.597433e+02
-9.555053e+01
2.303919e+01
-3.497934e+01
-5.067265e+01
5.796349e+01
-1.346085e+02
-2.505308e+01
8.473331e+01
8.294781e+01
-3.704663e+01
2.107699e+01
8.583173e+01
2.507594e+01
-3.260287e+01
-1.310277e+01
5.678153e+01
1.330754e+02
-2.260580e+02
7.910934e+01
1.357827e+00
1.027582e+01
-6.500909e+01
-8.155508e+01
-4.722378e+01
-2.540827e+01
1.068276e+02
2.204005e+01
-6.529270e+01
3.028675e+01
9.868788e+00
-5.856890e+01
9.938159e+00
-3.554068e+01
-1.373311e+02
-2.909641e+01
-6.317720e+01
-4.677971e+01
7.491483e+01
2.224901e+00
1.279236e+01
-1.612594e+01
7.001489e+01
8.191798e+01
-5.937592e+01
4.172039e+00
2.077611e+01
-4.276060e+01
4.423087e+01
4.095090e+01
4.985662e+01
-3.180217e+01
1.986812e+01
4.118961e+01
3.938768e+01
4.053050e+00
-4.889634e+01
6.414967e-01
-5.182941e+01
-1.199820e+01
-2.507010e+01
-1.409197e+01
8.519916e+00
5.745658e+00
4.073383e+00
-7.839157e-01
8.462065e-01
-4.481870e-01
-5.465810e-01
2.843552e-01
-3.113752e-01
-4.609407e-02
-1.404314e-01
1.069865e-01
-3.569937e-01
9.200334e-02
1.698230e-01
-1.758974e-01
-1.416331e-01
1.707845e-01
6.174558e-02
-3.733465e-02
1.617614e-01
1.674712e-01
1.541639e-01
2.064674e-01
-1.043440e-02
1.596820e-01
-1.090431e-01
3.196491e-02
3.692077e-02
-3.313682e-02
-5.756084e-03
5.091831e-02
