-1.073367e-01
1.131220e+00
2.084343e-02
5.404445e+01
1.781820e+02
-1.523765e+01
3.481858e-04
-1.436545e+05
8.331549e+04
1.216194e+05
1.595835e+05
7.850851e+04
-2.870203e+05
-1.218050e+05
1.770201e+05
3.986291e+04
2.397149e+05
-1.695103e+05
-4.108191e+04
-1.051405e+05
-5.994228e+04
-5.587901e+04
6.959973e+04
-1.110474e+05
-2.278267e+04
-9.584685e+04
-7.046491e+04
-1.810392e+03
-3.415794e+04
-1.445192e+04
-2.483045e+04
-5.302606e+04
8.260566e+04
1.092033e+04
1.266087e+04
1.615681e+04
2.856933e+04
1.992915e+04
-2.429808e+04
-2.337401e+04
-1.760177e+04
-7.616138e+02
-4.027290e+03
9.393596e+02
-4029
-8.673597e+03
5.846856e+03
-5.151664e+03
1.225815e+04
-7.581992e+03
7.849083e+03
1.324304e+03
-5.925956e+03
1.604833e+04
-1.397054e+04
2.079772e+03
4.502539e+03
1.394373e+04
-7.109043e+03
-1.001680e+04
-2.738508e+03
3.388066e+03
-1.815061e+03
-1.635527e+03
3.845880e+03
-1.618820e+02
6.740472e+03
-7.837203e+02
-3.170656e+03
5.613075e+03
5.216536e+03
2.788869e+03
-4.452297e+03
-2.933599e+03
-7.521180e+02
1.121109e+03
8.635682e+02
4.524716e+03
-6.236591e+03
-1.942413e+03
4.207148e+03
7.011256e+02
-6.518399e+02
-3.114479e+03
4.601088e+03
6.386601e+02
-1.976961e+03
1.262658e+03
-1.442129e+03
1.826044e+03
-1.038658e+03
-2.320357e+03
7.223136e+01
3.165160e+03
-1.719172e+03
1.498392e+03
7.368250e+02
8.927508e+02
-4.894831e+02
-8.446736e+01
1.001605e+02
1.214679e+03
-8.929686e+02
-9.325200e+02
1.256270e+03
1.688309e+01
1.035658e+03
7.245306e+01
-3.960711e+02
1.044438e+03
-4.648122e+02
1.321036e+03
1.034548e+03
1.529072e+03
-2.598350e+02
-3.500586e+02
-4.583214e+02
1.449753e+02
-8.592179e+02
-4.542300e+01
-1.404845e+03
-3.852110e+02
-6.619838e+02
7.741232e+02
3.572481e+02
4.056756e+01
-8.472453e+01
9.850492e+01
-6.929448e+02
5.221291e+02
6.042951e+02
5.243405e+02
5.531403e+02
2.348380e+02
-2.788008e+02
2.474532e+02
7.085402e+02
-7.038688e+01
2.227061e+02
3.876214e+02
-2.821172e+01
-4.350520e+02
2.261428e+02
-8.385040e+01
2.541279e+02
1.488467e+02
-1.296075e+02
-1.506455e+02
-4.792110e+01
2.586337e+02
6.234169e+01
4.027367e+02
1.115910e+02
2.839816e+02
-2.174650e+02
-1.627060e+02
1.614400e+02
4.688262e+02
-2.000740e+02
-1.251527e+02
1.270996e+02
8.241437e+01
-3.063239e-01
1.578912e+01
5.785531e+01
-5.453769e+01
-2.156242e+01
9.238396e+01
-1.755988e+01
1.869719e+02
5.169427e+01
6.910534e+01
2.308883e+01
1.315705e+02
-2.722840e+01
-4.365096e+01
2.315641e+00
1.963970e+01
-2.143512e+01
-3.736209e+01
-2.529844e+00
3.697128e+01
8.471429e+01
4.452580e+01
8.141895e+01
-1.751369e+01
-7.235722e+01
-2.041953e+01
-6.622439e+01
-7.544030e+01
1.767186e+01
2.289673e+01
5.008541e+01
5.802251e+01
1.010457e+01
-8.183825e+01
-1.863059e+01
-1.214143e+00
5.278302e+00
6.192902e+01
8.016366e+01
-3.749502e+01
4.050197e+01
-3.320231e+01
5.284678e+00
3.275389e+01
-4.122782e-01
-4.232489e-02
-3.674209e-02
3.184302e-02
-8.803738e-02
2.107135e-01
2.287247e-01
-6.422604e-01
-2.205409e-01
-3.651409e-01
2.301227e-02
-3.813013e-01
2.064940e-01
1.049019e-01
-1.765689e-01
1.816626e-01
3.570900e-02
1.632107e-02
9.656138e-02
-6.240379e-02
-7.674756e-02
-7.959843e-02
3.113556e-04
-8.371952e-02
-6.577783e-02
-1.580000e-02
6.649952e-02
-2.313057e-02
-1.656462e-02
