-1.149331e-01
-6.332725e-01
-1.218679e-01
4.579556e+01
1.771819e+02
-1.887409e+01
3.355301e-04
-5.287567e+04
-4.232258e+05
3.753922e+05
5.311065e+05
6.282204e+04
1.302185e+05
-6.250361e+04
5.885975e+04
-6.858235e+04
4.529241e+04
-3.631728e+03
1.337723e+04
6.272017e+04
-4.852890e+04
2.824258e+03
4.886727e+04
-1.319491e+04
6.080637e+03
-8.893931e+04
3.119894e+04
4.630138e+04
-1.350887e+04
9.097731e+04
-7.096766e+04
4.367789e+04
-1.261780e+04
-4.150039e+04
3.890869e+04
1.720007e+04
4.481891e+04
1.190472e+04
-1.512764e+04
-1.688077e+04
-1.052411e+04
1.169963e+04
-2.593676e+04
3.640978e+03
2.562738e+04
-1.905682e+04
-1.800595e+04
5.113350e+03
4.334439e+03
5.564115e+01
5.657871e+03
1.717867e+04
5.607309e+03
-8.628802e+03
-1.077703e+04
1.092691e+04
-9.092332e+02
1.201454e+04
-4.466755e+03
-1.150439e+04
5.177429e+02
-5.716417e+03
-4.522617e+03
-7.014539e+03
2.966185e+03
1.028155e+03
6.215223e+03
-1.036702e+03
-5.431286e+03
8.873508e+02
1.541148e+03
7.856245e+02
-3.347153e+03
7.211055e+02
-3.791694e+02
3.106580e+03
3.486171e+03
1.106866e+03
-2.848135e+03
-7.677577e+02
-1.729720e+03
1.976732e+03
-3.437595e+01
9.249886e+02
4.108733e+03
3.103783e+02
-3.581976e+03
7.975565e+02
5.204091e+02
-1.284533e+03
-5.451518e+02
-1.489724e+03
3.633251e+03
1.886668e+03
-2.252163e+03
-9.388307e+01
1.850157e+02
1.679090e+03
5.334504e+02
8.300167e+02
-7.839843e+02
1.994054e+02
-9.875994e+02
-1.721227e+03
1.205496e+03
5.008163e+02
7.602200e+02
-5.500936e+02
3.230256e+02
1.558220e+03
-1.002987e+03
2.475625e+03
-2.141865e+02
1.990191e+03
-2.866478e+02
-8.948072e+02
6.219970e+02
-2.990385e+02
3.039768e+02
3.418159e+02
-5.842761e+02
-6.895469e+02
-8.067057e+02
7.921333e+02
1.831770e+02
-5.121249e+02
8.690845e+01
3.340419e+02
4.344856e+02
-1.017318e+02
5.405203e+02
2.051356e+02
4.741668e+02
2.310349e+02
-3.179287e+02
3.969459e+02
8.532186e+02
-4.645195e+01
4.850336e+01
3.103568e+02
-4.368970e+01
1.133367e+01
-1.926979e+02
-6.223957e+00
-3.025891e+01
1.380446e+02
1.402887e+02
-1.860182e+02
3.252343e+02
-4.778246e+01
-9.945872e+01
1.623080e+00
5.046128e+02
1.294721e+02
-3.917575e+02
-1.093099e+02
2.931419e+02
2.340175e+02
-3.219936e+02
-2.603081e+02
2.775587e+02
4.929406e+01
1.832646e+02
2.746683e+01
1.588477e+02
-1.020462e+02
5.805587e+01
5.827111e+00
1.846634e+02
2.616548e+02
1.181254e+02
-1.815955e+01
-8.419556e+01
3.633505e+01
3.210838e+01
-4.550067e+01
-1.150732e+02
-9.301387e+01
-2.697583e+01
-6.601267e+00
-2.845129e+01
3.117766e+01
3.516385e+01
2.981881e+01
3.661565e+01
-3.797654e+01
7.176130e+01
-1.192103e+02
-6.258630e+00
5.837085e+01
1.592475e+01
-1.290086e+01
-5.178563e+01
3.728934e+01
-1.769794e+01
9.686057e+00
-2.394831e+01
-6.057693e+01
9.358891e+00
2.791050e+01
-8.688495e+00
-2.969605e+01
-6.685564e+00
1.048538e+01
4.103452e+01
3.784404e+01
-2.396598e-01
3.221157e+00
-1.158574e+00
5.045964e-01
-1.353759e-01
-5.586008e-01
1.276212e-01
-5.006019e-01
-3.008457e-01
-6.970712e-01
-7.395108e-01
-1.078190e+00
1.470830e-01
9.431485e-02
-2.715464e-01
2.810843e-01
9.845643e-02
8.624841e-02
7.185625e-02
-5.089899e-01
1.241176e-01
1.040679e-01
5.123042e-02
-4.998143e-02
-3.286358e-01
-2.419390e-02
9.937691e-02
-1.836858e-01
-9.811631e-02
