3.385893e-02
-9.403238e-02
2.947892e-02
4.152889e+01
1.721920e+02
-2.858748e+01
3.635167e-04
-1.611782e+05
2.135709e+05
5.673794e+05
-4.788593e+04
7.407148e+04
-2.528519e+05
7.205762e+04
6.869913e+04
-8.058145e+04
3.620720e+04
-4.496616e+04
4.268318e+04
-9.932606e+02
5.852463e+04
5.238182e+04
-6.352446e+04
6.357560e+03
2.056529e+04
1.382458e+04
-2.733164e+04
-1.299568e+04
-2.095668e+04
-1.180043e+04
7.643428e+03
1.873328e+04
1.353538e+04
-2.369173e+04
-1.769937e+04
-4.876292e+03
1.678629e+04
-2.085015e+04
9.363970e+03
-3.465050e+04
1.367880e+04
-8.100278e+02
-1.892235e+04
-7.243935e+03
1.341325e+04
-1.687337e+04
2.440467e+03
1.449579e+04
-4.161606e+03
7.218833e+03
5.518587e+03
7.806339e+03
8.322363e+02
4.795325e+02
-1.892159e+03
-2.974750e+03
5.060587e+03
5.894693e+03
3.547354e+03
-1.222971e+04
-7.780417e+03
1.922928e+02
-6.133614e+02
-2.100729e+02
-3.599115e+03
3.771323e+03
-2.345423e+02
-2.860138e+01
-2.687592e+03
5.798889e+03
-4.563666e+02
5.032639e+03
6.926370e+02
2.674235e+03
-1.709426e+03
8.986528e+02
2.903931e+02
-9.476978e+02
-4.896435e+03
-9.876002e+02
1.238771e+03
-8.253723e+02
-1.439212e+01
2.809885e+03
1.505703e+03
2.513999e+03
-3.436604e+03
7.882256e+02
-5.707922e+02
-2.642076e+02
-5.494013e+02
1.732716e+01
1.172979e+03
2.367272e+03
-8.774816e+02
-6.186370e+02
1.680461e+03
-4.919916e+02
-8.831687e+02
-5.622417e+02
-1.167120e+03
-8.294727e+02
6.214344e+02
-8.754387e+02
4.486613e+01
-1.791122e+03
7.271457e+02
7.387380e+02
1.368952e+03
1.600438e+03
1.581907e+02
3.031602e+02
2.509775e+02
7.530009e+02
-8.118021e+01
-1.179387e+02
-7.166852e+02
-1.052984e+02
-5.419255e+02
1.006445e+03
3.360997e+02
5.804449e+02
-3.125469e+02
3.839117e+02
7.291199e+01
3.981309e+01
1.601348e+02
1.678475e+02
-3.055614e+02
-3.301619e+01
2.839312e+02
2.618558e+02
4.496962e+01
8.905206e+01
7.573756e+01
-8.851550e+01
9.399962e+01
9.825897e+01
-2.667574e+02
-1.542176e+01
-2.238459e+02
-1.124165e+02
1.025867e+02
1.348329e+02
6.272419e+01
-8.213208e+01
-4.370042e+02
-1.976616e+02
8.774018e+00
2.209959e+02
1.919367e+02
1.801703e+02
-2.110567e+02
-5.713551e+01
-2.428931e+01
7.982233e-01
5.075801e+00
1.848779e+02
3.868607e+01
4.209206e+01
2.122303e+02
-5.388494e-01
-1.758222e+01
-1.073103e+02
-2.520898e+02
-6.158207e+01
4.300875e+01
7.739746e+01
-1.225842e+02
-1.233007e+01
1.695725e+02
8.885214e+01
1.378833e+01
1.253075e+02
-3.998260e+01
-5.751820e+01
1.691028e+02
6.100596e+01
-8.053279e+01
3.560325e+01
-2.287923e+00
7.858860e+01
1.678880e+01
-6.053094e+01
1.679865e+01
3.621410e+01
1.225976e+00
3.026198e+01
-4.791954e+01
2.529015e+01
3.521738e+01
9.139924e+00
1.807628e+01
-4.463647e+01
3.020376e+00
-3.702961e+01
2.133844e+01
1.357481e+01
2.502296e+01
2.633771e+01
2.594971e+01
-5.132875e+01
-5.018863e+01
1.189134e+00
1.314554e+01
2.621251e+01
5.795830e-01
-1.482710e+00
-1.482637e-04
-5.481113e-01
-1.464392e-01
-5.838605e-02
-3.385400e-02
1.645008e-01
-6.564297e-02
3.073438e-02
6.526408e-01
4.065128e-02
-5.230817e-02
-9.985769e-02
7.093321e-02
7.125394e-02
-8.106304e-03
1.433039e-01
1.120360e-01
1.284906e-01
5.001418e-02
1.253945e-01
4.348781e-02
-8.238348e-02
3.780974e-02
-2.628076e-02
-1.337490e-02
3.101196e-02
-1.022411e-01
