3.632254e-01
-2.895498e-01
5.570751e-02
3.726222e+01
1.297897e+02
-2.836639e+01
3.420624e-04
1.266054e+05
-6.899919e+04
-7.991224e+05
2.580666e+05
-6.967187e+04
-9.697437e+04
2.515172e+04
-8.111345e+04
-7.379980e+04
-1.139943e+04
-1.522996e+05
7.313893e+04
-3.770419e+04
-8.101310e+04
-8.272492e+04
9.525364e+04
7.812313e+02
4.410206e+04
6.449327e+04
1.905988e+04
4.752388e+04
-4.681423e+04
-1.894808e+04
1.806276e+04
3.776679e+04
-1.549796e+04
-2.936083e+04
8.976831e+03
-1.358948e+04
8.645948e+03
1.330350e+04
-1.548733e+03
-1.698006e+03
-4.237927e+04
1.625201e+04
4.524131e+03
8.045488e+02
2.343767e+04
-6.696862e+03
-3.641364e+03
-4.611636e+02
8.445199e+03
-5.673982e+03
-1.418501e+04
-4.254468e+03
1.664781e+02
8.693547e+03
-5.705814e+02
4.589958e+03
-1.047883e+03
1.068802e+04
8.792412e+02
-3.451902e+03
3.444160e+03
-6.984359e+02
-3.756221e+02
-2.856279e+03
7.234893e+02
2.079689e+03
2.864738e+03
-7.590829e+03
-4.836544e+03
2.936709e+03
4.377299e+03
-1.783153e+03
-4.141401e+03
8.951164e+02
-8.067144e+02
1.330720e+03
-2.342884e+03
2.817956e+03
-2.721931e+03
-2.570599e+03
1.872930e+02
9.070250e+02
2.856920e+03
1.320627e+02
5.850932e+03
-1.347051e+03
-3.751409e+03
-1.171931e+03
2.929749e+01
5.573265e+02
-6.679829e+02
-5.289802e+02
4.624863e+02
7.131793e+02
-2.866377e+03
7.382121e+02
-8.796636e+02
1.480926e+03
6.337703e+02
3.303788e+02
1.800806e+02
7.345730e+02
2.274433e+02
-3.468562e+02
-2.309777e+02
2.875877e+02
-2.141766e+02
2.849294e+02
-9.472589e+02
1.051535e+02
-1.624398e+03
7.414301e+02
-6.479133e+02
7.271828e+02
2.435136e+02
-5.242236e+01
3.591544e+02
-1.794536e+02
7.308016e+02
1.412007e+02
-5.915496e+02
-2.657434e+02
-6.234305e+02
1.492994e+01
1.856340e+02
1.559493e+02
-1.360254e+01
2.936872e+01
-1.144335e+02
9.231792e+02
5.700215e+02
6.492296e+02
4.996680e+02
3.676435e+02
-2.199359e+02
2.436585e+02
5.608289e+02
-2.087108e+02
2.250883e+02
1.807439e+02
-1.045315e+02
-1.787794e+01
1.715426e+02
-5.226752e+01
1.051189e+02
2.864009e+02
8.911116e+01
-2.803007e+02
2.204739e+02
-3.092143e+01
-1.902265e+02
1.376868e+02
4.839229e+02
1.352444e+02
-2.702707e+02
-1.678244e+02
3.796513e+02
2.242399e+00
2.798498e+01
-2.129281e+02
-1.332816e+02
2.471794e+02
8.500248e+01
3.761060e+01
2.373319e+02
-6.581345e+01
-7.103646e+01
5.470625e+01
2.449221e+02
6.984013e+01
1.778784e+01
-1.303100e+02
-1.438493e+02
2.855691e+01
-3.131621e+01
-2.482094e+01
-4.438163e+01
-6.828356e+00
5.529252e+01
9.167506e+01
-1.189895e+02
3.393734e+01
7.094425e+01
8.839258e+01
7.140571e+01
-1.120499e+02
-4.187801e+01
-9.664641e+01
1.278363e+01
-6.166301e+00
1.605976e+01
-5.816640e+01
-3.280554e+01
9.790683e+01
6.489617e+00
2.205009e+01
1.128214e+01
-6.506222e+00
-1.543896e+01
-4.862528e+00
1.307887e+01
1.098939e+00
7.091950e+01
3.562452e+01
3.409960e+01
3.043986e+01
-1.915823e+00
2.142794e+00
-8.227813e-01
-3.290481e-01
-1.989471e-01
-4.182355e-02
5.233567e-01
-1.125220e+00
-1.124105e-01
-2.962005e-01
-4.232127e-01
-3.882699e-01
1.073624e-01
1.714165e-01
-5.366418e-01
2.174755e-02
6.063482e-02
-4.467271e-02
-1.466442e-02
-1.284338e-01
-1.139045e-01
6.163172e-02
8.018873e-02
-3.113268e-02
-3.450957e-01
-6.270508e-02
5.834369e-02
-1.044955e-01
4.315645e-02
