-1.415851e-01
3.706449e-01
-5.265786e-02
4.664889e+01
1.913040e+02
-3.001139e+01
3.590045e-04
5.294659e+04
8.656153e+04
-3.057616e+05
-2.136839e+05
-1.324693e+03
-1.849482e+05
2.283212e+05
-4.177577e+04
3.935448e+03
-3.519526e+04
-1.032683e+05
7.082873e+04
-7.286084e+03
1.668481e+03
-4.255713e+03
-5.045299e+03
4.319801e+04
7.882343e+03
1.502070e+04
-3.457746e+03
3.955834e+04
-4.362030e+03
-1.799240e+04
5.517238e+04
-2.316541e+04
-2.511759e+04
-2.276455e+04
-6.689265e+03
-1.290561e+04
-1.515531e+04
-1.217951e+04
1.509306e+04
1.032613e+04
2.788505e+03
-8.759945e+03
-1.653778e+03
-1.835235e+04
7.420825e+02
9.794938e+03
1.137110e+04
2.673592e+03
-7.787752e+03
-2.253324e+03
-1.259259e+03
7.555581e+03
4.124366e+03
2.726733e+03
8.920936e+03
9.831162e+03
6.643755e+02
8.122563e+03
3.668813e+03
-1.017778e+02
-5.220780e+03
5.535429e+03
-1.476595e+02
2.573651e+03
2.117847e+03
3.869970e+03
-6.956396e+02
-1.603605e+03
-1.628811e+03
2.384329e+03
-1.532333e+03
-1.178510e+03
1.259553e+03
1.227128e+03
-3.538852e+02
-1.278878e+03
-1.365741e+03
1.881552e+02
-3.069616e+03
-9.691710e+02
-1.826335e+02
-8.517550e+02
1.722802e+03
4.696713e+02
1.295972e+03
1.543891e+02
-1.745961e+03
-1.130863e+03
1.025937e+03
2.672258e+02
6.091855e+02
1.877781e+03
8.657042e+02
-3.437209e+02
-4.922155e+02
6.713293e+02
8.114918e+02
-1.082443e+03
-8.503246e+02
-8.266799e+02
-3.841898e+02
6.569801e+01
1.121417e+03
-8.031699e+02
-7.656910e+02
-1.060530e+03
5.474236e+02
1.073356e+03
2.314809e+02
9.434889e+02
6.466150e+01
-1.074592e+03
-7.266136e+02
1.401304e+02
3.905192e+02
5.755103e+02
-3.426290e+02
-7.974539e+02
-2.937248e+02
6.169628e+02
7.439176e+02
5.957641e+02
-9.212844e+01
-1.201763e+02
1.479013e+02
-2.958161e+02
3.091683e+02
2.192184e+02
-2.328961e+02
3.241366e+02
5.055649e+01
4.704757e+02
-2.212630e+02
7.631248e+01
2.566700e+02
-2.159370e+02
-2.210343e+02
-3.478193e+02
-2.783943e+02
-4.172203e+02
-3.503164e+02
2.792558e+02
9.796741e+01
2.945546e+02
-3.531891e+01
-4.418845e+01
-1.010088e+02
-3.239722e+01
-2.080891e+02
2.546261e+02
1.514076e+02
1.013813e+02
-1.295898e+02
-6.045669e+01
4.716928e+01
-1.256810e+02
2.369703e+01
-1.029340e+02
2.752721e+02
-7.088482e+01
-6.804113e+01
-7.714130e+00
4.112479e+01
-5.431078e+01
-1.867932e+02
-2.351603e+00
-3.288966e+01
1.920140e+02
-1.600815e+02
-9.225996e+01
-2.699418e+01
-4.740987e+01
2.126217e+01
2.239931e+01
2.760617e+00
-1.655272e+02
5.962471e+01
2.453763e+01
-6.941725e+01
3.035916e+01
-5.866306e+01
8.958765e+01
1.969043e+01
-3.379151e+01
7.096648e+01
-7.324574e+01
6.929415e+00
5.690875e+01
-1.225779e+01
-7.887111e+00
5.850144e+01
3.302313e+01
-1.365021e+01
2.908443e+01
2.699798e+01
-1.231390e+01
4.598354e+01
5.776179e+00
-2.838843e+01
-9.542060e+00
1.271787e+01
-3.845108e+01
1.156306e+00
3.814047e+01
1.144413e+00
-4.085525e+00
-7.435388e-01
-1.317585e-01
3.460270e-01
-5.425274e-01
3.106374e-01
-2.554749e-02
1.393511e-01
-9.948834e-02
2.512169e-01
6.317963e-02
2.922336e-01
2.814399e-01
4.865222e-02
-8.367519e-02
-2.427924e-02
-2.069579e-01
-8.058859e-03
5.277519e-02
1.799052e-01
1.981785e-01
2.502770e-02
3.845663e-02
8.368906e-02
-4.916028e-02
1.643982e-01
-1.490443e-02
-1.833283e-03
5.007965e-02
2.760700e-02
