-4.415432e-02
1.438502e+00
5.274218e-02
5.404445e+01
1.701689e+02
-1.132304e+01
3.443897e-04
-1.377921e+05
-3.218722e+04
1.479225e+05
-2.680932e+05
-1.547555e+05
-2.506180e+05
3.483947e+04
1.621388e+04
-1.955052e+05
8.420748e+04
-3.991438e+04
8.810882e+04
-9.981057e+04
-8.184932e+02
-4.322568e+04
-1.735435e+04
2.473644e+04
-2.667438e+03
-1.529228e+04
-5.098172e+03
-1.242452e+04
-3.547507e+04
-5.905102e+04
-1.605310e+04
-2.892523e+04
-2.849505e+04
-3.150599e+04
-1.308386e+04
5.868186e+03
6.129806e+03
-4.238888e+03
2.172574e+04
-1.029113e+04
9.880194e+03
-1.191770e+04
3.920983e+02
-1.440134e+04
-4.388699e+03
-5.116201e+02
9.123339e+03
9.880115e+02
-1.015463e+04
-2.766900e+03
-9.761313e+02
-4.781619e+03
-7.308566e+02
-5.397706e+03
-6.853320e+03
5.196587e+03
2.815431e+03
9.203399e+03
4.132957e+03
-1.325193e+04
-8.380246e+03
-5.686754e+02
-1.684362e+03
-1.494474e+03
1.920432e+03
4.567432e+03
2.007205e+03
3.225148e+03
-3.022991e+03
1.053406e+03
2.270063e+03
2.866330e+03
4.657810e+02
-3.689915e+02
1.883588e+03
1.594166e+03
1.609805e+03
4.069895e+02
-5.345668e+03
-2.192710e+02
3.352568e+02
-9.874691e+01
-7.112013e+02
1.596705e+03
1.676618e+03
8.115048e+02
-6.380699e+02
-3.855457e+02
9.571754e+01
7.224846e+02
-3.508908e+01
8.915247e+01
1.190366e+03
2.130126e+03
-1.310838e+03
7.787440e+02
1.640593e+03
-9.498978e+02
2.240855e+02
1.018007e+02
-3.236293e+01
-1.354712e+01
1.770366e+02
-7.679813e+02
4.517195e+02
-9.956159e+02
1.613697e+03
4.523385e+02
6.786542e+02
1.063086e+03
-4.534767e+01
6.941130e+02
-2.598385e+02
4.025218e+02
-8.722112e+01
3.456212e+02
-4.778791e+02
-3.956345e+02
-4.498267e+02
4.466431e+02
-4.541790e+01
3.587957e+02
-2.794557e+02
3.350176e+02
4.299926e+02
1.549375e+01
-2.726047e+02
5.368174e+01
-4.338569e+02
-2.265805e+02
9.386385e+01
5.548793e+02
6.816844e+01
1.675447e+02
-7.906140e+01
-2.803636e+02
2.101976e+02
-2.252208e+02
-1.067279e+01
-1.785565e+01
-3.410247e+02
2.360056e+02
1.109329e+02
9.482918e+01
-4.069561e+01
5.337161e+01
2.981065e+01
-2.932805e+02
6.311499e-01
3.134404e+02
2.077801e+00
1.810121e+02
7.454739e+01
6.064200e+01
4.505621e+01
-9.049801e+01
-5.511714e+01
2.298023e+02
1.149594e+02
-6.189357e+01
6.449915e+01
3.490081e+01
8.651048e+01
-9.941826e+00
-1.047275e+02
3.972475e+01
-9.975745e+01
1.304680e+02
-4.319352e+01
6.760823e+00
1.173910e+02
9.342790e+01
3.255318e+01
7.435841e+01
-4.044628e+00
-1.086102e+02
3.011039e+01
3.919984e+01
-1.692820e+01
5.110902e+01
1.284413e+01
7.817458e+01
-8.091710e+00
2.453967e+00
1.132732e+02
-2.325892e+01
-2.348931e+01
6.249763e+01
-8.258831e+01
-1.430065e+01
1.754421e+01
4.115377e+01
-1.025013e+01
2.371992e+01
-4.267447e-01
-5.278384e+00
-5.589912e+00
9.205624e+00
-6.073775e+00
1.645131e+01
2.079854e+01
-5.008610e+01
4.581163e+01
-3.248511e+01
1.758880e+01
2.010106e+01
-1.593774e+00
1.379740e+00
6.445858e-02
2.016017e-01
2.576823e-01
-5.477637e-02
6.094459e-02
-3.756826e-01
-1.804028e-02
-2.700156e-01
5.621006e-01
-1.484472e-02
3.477075e-02
8.250865e-03
8.371378e-02
1.002936e-01
2.228128e-02
-1.531639e-02
1.909464e-02
1.133870e-01
-1.021638e-01
1.408408e-01
5.271543e-02
-2.229782e-02
1.121990e-01
6.506077e-02
1.102921e-02
-4.128166e-02
4.299326e-02
