7.480567e-01
3.418722e-01
-2.209620e-01
4.721778e+01
9.976766e+01
-2.318465e+01
3.461279e-04
-4.305873e+04
4.472116e+04
-9.695936e+04
1.613005e+05
1.569983e+05
1.928807e+05
-1.911533e+04
-1.217484e+05
2.622494e+04
8.846666e+03
-1.332512e+05
4.973216e+03
2.519509e+04
-5.640420e+04
2.016551e+04
-1.676360e+04
1.966123e+03
1.284078e+05
2.467483e+04
-1.907076e+04
-8.748440e+03
-2.074662e+04
1.138607e+04
-7.771346e+04
7.264971e+03
1.538586e+04
-5.105169e+04
3.686179e+04
-9.635145e+03
-1.135432e+04
-1.371624e+04
2.130919e+04
1.772310e+04
1.893250e+04
1.659151e+04
-6.815456e+03
-1.577565e+03
1.215713e+04
8.440531e+03
-1.445451e+02
-1.123440e+03
1.417426e+03
1.215509e+04
3.324416e+03
-3.815606e+03
4.542121e+03
9.917861e+02
4.412440e+03
-6.225699e+03
-1.345713e+03
-1.032705e+02
1.266361e+03
-5.814152e+03
-3.745873e+03
-4.133585e+03
3.309807e+03
-3.694779e+03
2.149922e+03
8.333671e+02
5.445837e+02
3.270265e+03
-1.827421e+03
4.956526e+03
3.326932e+03
-7.020737e+02
1.809350e+03
2.358034e+03
2.880333e+03
1.959253e+03
1.836797e+03
-2.498042e+01
-3.450975e+03
-2.945495e+02
-2.723409e+03
-1.658263e+03
-9.220983e+02
-7.406489e+02
-8.433672e+02
2.902636e+03
-2.821486e+03
3.067110e+03
8.736121e+02
-1.796673e+02
1.361416e+01
2.602495e+03
2.099088e+03
3.105468e+02
-1.425125e+02
8.950275e+02
2.105797e+03
6.112955e+02
-5.769382e+02
-8.338094e+02
-2.849764e+02
8.394534e+01
-1.037701e+03
-9.408408e+02
-4.887005e+02
2.494286e+02
1.640014e+02
1.332766e+03
1.711594e+03
1.267353e+03
3.837988e+02
-3.589528e+02
2.954819e+02
-3.132150e+02
2.438738e+02
-6.171165e+02
3.730309e+02
-6.046473e+02
-5.715115e+02
4.715707e+02
4.328910e+02
-1.395680e+02
-3.552700e+02
2.338260e+02
-3.999058e+02
-8.671910e+02
-1.437183e+02
4.203204e+02
3.576573e+02
-4.275448e+02
9.960231e+01
4.822903e+02
-1.593585e+02
3.008851e+02
-3.336628e+02
-1.288511e+02
1.485250e+01
-2.052972e+02
-3.059043e+02
1.949830e+01
1.341886e+01
-3.208760e+02
1.377543e+02
4.050801e+02
-1.518813e+02
6.574302e+01
-1.486826e+02
6.567774e+01
1.863620e+02
1.944899e+02
2.482047e+02
1.369256e+02
-3.210756e+01
-8.922804e+01
-8.336284e+01
-1.574562e+02
3.644803e+02
-9.230629e+01
-1.133776e+02
6.946471e+01
1.469332e+02
-8.301970e+01
9.873626e+01
1.769914e+01
-8.874962e+01
-1.335981e+02
-3.824900e+01
1.359494e+02
-1.996360e+02
-5.027795e+01
5.964937e+01
8.350826e+01
9.907221e+01
-2.975881e+01
1.147628e+02
-9.636532e+01
3.778325e+01
3.494690e+00
-9.049935e+01
1.552008e+02
1.145073e+02
1.176069e+01
-3.509877e+01
-6.533332e+00
-1.136782e+01
-5.610905e+01
3.234782e+01
6.954971e+01
1.325569e+01
5.426802e+01
3.424873e+01
-1.317854e+01
-3.188689e+01
4.855883e+01
7.379092e+01
-2.979121e+00
-1.670183e+01
-1.862260e+01
-7.510847e+01
-2.283112e+01
-6.219124e+01
-3.103089e+01
-3.676031e+00
5.228290e+00
2.859654e+01
8.894870e+00
1.775004e-01
-2.289856e+00
1.508883e-01
9.834202e-01
4.044681e-01
-5.610283e-02
-1.383481e-01
3.148833e-01
2.755492e-01
-5.536500e-01
5.063692e-02
2.494284e-01
1.646316e-01
-1.389933e-01
-1.473225e-01
-1.251666e-01
-1.862953e-01
-2.194829e-01
-1.505802e-01
-5.434623e-02
1.169191e-01
-9.138769e-02
-2.438760e-01
-1.290133e-01
1.495113e-01
7.622663e-02
-1.435418e-01
-2.630641e-02
-2.509423e-02
