-3.185334e-01
7.084474e-01
6.524698e-03
5.034667e+01
2.047066e+02
-2.166316e+01
3.575744e-04
-9.588767e+04
-1.778727e+05
-4.914205e+04
1.002769e+05
1.466481e+05
-3.648332e+04
-6.341661e+04
4.908895e+04
-6.046525e+03
4.679330e+04
-3.452674e+04
5.074020e+04
-9.812212e+04
-7.220681e+04
-2.649809e+04
2.649847e+04
-4.671451e+04
-2.295404e+04
-8.304574e+03
2.420411e+03
1.294286e+04
-3.467014e+02
-1.472967e+04
-3.181530e+04
-3.799986e+04
-1.812268e+04
-1.699241e+03
8.153614e+01
-7.283590e+03
-7.768787e+03
6.060014e+03
-4.172632e+01
-3.606014e+03
-1.324572e+04
-7.659983e+03
-6.695057e+03
-9.195425e+03
1.032545e+04
-1.059693e+03
1.470941e+03
1.434162e+02
-6.405580e+03
-3.992362e+03
-1.034847e+03
-1.032340e+04
3.727677e+03
7.841904e+02
-5.030240e+03
5.546712e+03
-2.733267e+03
1.069034e+04
-2.206284e+03
-5.697734e+03
-2.354691e+03
3.823879e+03
-3.284655e+03
1.156249e+03
6.326893e+02
3.948700e+03
3.447884e+03
4.080803e+03
-7.648688e+03
2.422888e+03
4.704003e+03
1.484535e+03
-6.924620e+01
-1.161718e+03
-1.801870e+03
6.521175e+02
1.322905e+03
1.949740e+03
-3.961896e+03
-7.748602e+01
-5.540901e+02
-3.491073e+02
-4.935187e+02
4.603522e+02
2.851976e+03
4.334296e+02
-7.845383e+01
-9.495400e+02
-7.743920e+01
4.472800e+00
-6.684808e+01
2.520895e+02
1.789469e+03
9.568981e+02
-1.258936e+03
1.480154e+03
3.491461e+02
-1.020010e+02
2.016551e+02
6.272999e+02
-6.502490e+02
3.400706e+02
-2.851425e+02
-1.122174e+03
5.106992e+02
1.656590e+02
7.179589e+02
2.722880e+02
2.286859e+02
8.574117e+02
-3.110395e+02
1.048551e+03
-9.837739e+01
3.827920e+02
-3.378238e+02
-1.765243e+02
-1.585671e+02
-2.057984e+02
-6.409457e+02
5.280540e+01
-1.642839e+02
-1.596242e+01
-6.380667e+02
3.602346e+02
6.148875e+02
-2.725133e+02
-1.262280e+02
2.123560e+01
-5.281528e+02
4.234203e+01
4.436021e+02
4.179155e+02
2.124647e+00
1.281440e+02
-2.055724e+02
-1.878699e+02
4.949683e+02
-2.411765e+02
1.518302e+02
1.491046e+02
-1.591723e+02
-5.512450e+01
1.590609e+02
3.882508e+01
-2.038444e+01
9.874113e+01
-3.288089e+01
-2.353318e+02
1.457808e+01
2.760350e+02
1.086110e+02
1.078609e+02
1.804828e+02
1.035135e+02
-1.607314e+02
-9.902289e+01
7.631332e+01
9.986294e+01
-1.001978e+02
-1.711794e+02
4.568884e+01
-2.897116e+01
3.971429e+01
-5.642322e+01
2.216741e+01
-1.057594e+01
-3.108817e+01
1.341405e+02
-7.799519e+01
1.290364e+02
7.968896e+01
5.740951e+01
4.771214e+01
1.009110e+01
-3.346974e+01
-3.263451e+01
7.732246e+00
-3.167494e+01
-3.069108e+01
2.353358e+01
5.392315e+01
9.577631e+01
6.016973e+00
-1.564673e+01
1.025210e+02
-4.698667e+01
4.560379e+01
3.248961e+01
-5.600902e+01
-3.832986e+01
2.655484e+01
4.452869e+01
-1.204377e+00
4.992988e+01
1.151551e+01
-2.974541e+01
-4.053637e+01
-3.147488e+01
-2.770217e+01
3.375338e+01
1.363043e+01
-5.000372e+01
5.298616e+01
-3.705482e+01
3.776139e+01
2.317768e+01
-1.521848e+00
1.494532e+00
-1.297040e-01
-6.360035e-02
1.231705e-01
-6.531904e-02
2.688026e-02
-4.543841e-01
1.439012e-01
-3.966118e-01
7.926384e-02
-5.448405e-01
1.225480e-01
1.389191e-01
-5.597317e-02
-3.780949e-02
-1.163667e-02
8.716772e-02
6.430419e-02
-8.764452e-02
2.040778e-02
1.109624e-01
-1.442756e-01
-3.866106e-02
8.685636e-02
5.574672e-02
-5.222925e-03
1.395169e-03
5.562196e-02
