-1.701669e-01
-7.937607e-01
9.300197e-02
5.205333e+01
1.889907e+02
-2.259079e+01
3.635660e-04
-1.439446e+05
2.738912e+05
1.641667e+05
-1.847333e+04
2.299032e+05
-1.952123e+05
2.219910e+04
2.910885e+04
9.283942e+04
1.711714e+05
-8.653879e+04
8.911629e+03
-2.461105e+05
4.984138e+04
2.052587e+04
-5.366913e+04
-2.820390e+04
-2.089671e+04
-2.412483e+04
-5.594436e+04
-4.940925e+04
5.603742e+03
-2.354473e+04
-1.664568e+01
-3.099424e+04
4.660722e+04
4.135395e+03
-3.379560e+04
-1.430669e+04
5.814371e+03
7.413950e+03
-4.323012e+03
-1.023292e+03
4.935253e+03
-1.843468e+04
-6.986518e+03
-9.347183e+02
-5.330555e+03
1.273538e+04
2.354327e+04
-5.068271e+03
4.284755e+02
-7.910538e+03
2.933244e+03
-8.277598e+03
4.690653e+03
1.369493e+04
-5.116443e+03
2.625425e+03
7.810314e+03
4.029154e+03
-6.046683e+03
-6.513149e+03
-1.099692e+04
6.907481e+03
1.976973e+03
2.329828e+03
3.668931e+03
1.500258e+03
2.201861e+02
2.287912e+03
-3.950487e+03
6.890629e+03
6.310698e+03
4.565339e+03
2.390575e+03
-1.266530e+03
-1.811616e+03
-2.525246e+03
-2.291564e+03
2.860684e+03
-6.233103e+03
-2.616525e+03
3.819950e+03
-2.735817e+03
-1.629462e+03
-1.714628e+03
1.585675e+03
2.700474e+03
1.040236e+02
-2.707887e+01
-8.981483e+01
1.971158e+03
1.578014e+03
1.136206e+03
3.021789e+02
1.124207e+03
-1.610031e+03
9.613390e+02
2.092204e+03
-7.157130e+02
-1.996519e+03
-1.468679e+03
-7.381071e+02
-6.635622e+02
3.942481e+02
-5.575150e+02
-1.733947e+02
-9.477422e+02
6.774979e+02
1.876955e+03
6.011779e+01
1.222566e+02
-4.539307e+02
-4.488459e+02
-1.107679e+02
2.470289e+02
3.306063e+01
-2.603031e+02
-6.987997e+02
-1.520464e+02
-1.569034e+03
3.545229e+02
-6.306900e+02
1.041810e+02
-3.054122e+02
-1.301021e+02
5.493890e+02
6.971719e+01
7.266770e+00
-1.538632e+02
-8.447310e+02
1.730624e+02
2.374680e+02
-1.208649e+02
8.175791e+00
5.232106e+02
1.037463e+00
-3.230373e+02
2.154170e+02
-2.184522e+02
1.492531e+02
-1.082541e+02
-1.777928e+02
-4.210193e+02
2.371533e+02
3.017982e+02
2.054700e+02
2.862258e+02
-4.842356e+02
9.329877e+00
-1.575544e+02
3.241034e+02
3.451016e+02
1.512562e+02
-3.275134e+02
8.006972e+01
-1.330442e+02
5.161230e+01
7.216516e+01
-3.334587e+01
6.976693e+01
2.981504e+02
-1.131979e+02
-9.742772e+01
-1.173327e+02
-8.852084e+01
-3.744666e+01
-3.105610e+01
-3.489913e+01
1.318578e+02
-2.441464e+02
-1.549347e+02
-6.697342e+01
1.642174e+02
4.292916e+01
6.361582e+01
-5.642292e+00
1.861762e+01
1.965030e+02
9.369960e+01
-4.228613e+01
-3.658666e+01
-4.369482e+01
3.998569e+01
1.241078e+01
-9.285670e+01
3.794568e+01
3.075497e+01
2.019863e+01
1.064699e+02
-1.088924e+02
-1.119668e+02
7.385296e+01
3.828650e+01
1.198135e+02
-1.308818e+01
4.559136e+01
-1.171643e+02
1.064815e+01
3.412479e+01
9.618266e+00
4.035359e+01
7.735892e+01
-3.576382e+01
2.905514e+01
-2.687250e+00
-4.172135e+00
1.211786e+01
-5.058406e-01
-1.354524e+00
4.833760e-01
-4.520046e-01
-2.034447e-01
-5.632956e-02
-1.526904e-02
-3.322703e-01
8.804034e-02
8.823950e-02
3.921756e-01
1.646575e-01
2.008733e-01
-3.059789e-02
2.681491e-03
9.869339e-02
1.837852e-02
1.822700e-01
1.048487e-01
1.487764e-01
-4.997983e-02
-5.511268e-02
-1.070857e-01
-1.045289e-01
2.019358e-01
-8.083728e-03
7.026028e-02
1.425422e-01
1.678782e-02
