1.439748e-01
1.207706e+00
-7.978502e-02
5.603556e+01
1.538903e+02
-1.489604e+01
3.553000e-04
-3.714594e+04
1.971660e+05
3.906087e+05
1.712591e+05
5.436634e+04
-3.727901e+04
4.228168e+03
1.715056e+05
2.060357e+05
-5.520974e+04
-2.648133e+04
1.056341e+05
-4.207390e+04
1.412342e+04
-2.028358e+04
59837
-7.176248e+04
2.493216e+04
-2.636776e+04
-6.392018e+03
1.606769e+03
-3.747320e+04
-2.038553e+04
-3.517029e+04
2.589730e+04
-2.853739e+04
1.995730e+04
1.467973e+02
1.907798e+04
9.605525e+03
4.636866e+03
1.314718e+04
-2.521970e+04
-2.650966e+04
1.012424e+04
-3.628472e+03
-1.461967e+04
1.230752e+04
-2.048170e+04
-2.693589e+02
-9.333464e+02
-7.799959e+03
1.836623e+03
5.825643e+02
7.873706e+03
1.707726e+03
1.359067e+04
-1.571547e+03
4.267459e+03
-9.118752e+02
5.102833e+03
-5.454379e+03
-1.000447e+04
3.904781e+02
-1.723525e+03
-2.678378e+03
-6.370085e+03
-9.365993e+02
-2.253413e+03
1.429269e+03
-2.148654e+03
2.306387e+03
2.924808e+03
2.731483e+03
3.696005e+03
2.252809e+03
-2.160327e+03
-2.723863e+03
4.903368e+02
-2.927672e+01
-4.018171e+02
-3.158464e+03
-2.867262e+03
-6.856257e+02
5.591368e+02
1.348209e+03
-8.532072e+02
1.587753e+03
-1.217241e+03
-2.259958e+03
2.500854e+03
5.184966e+02
1.867800e+03
-3.834542e+02
-1.187226e+03
2.936924e+03
-9.862386e+02
-3.734103e+01
8.153314e+02
1.702053e+03
-1.290224e+02
-4.574105e+02
1.500828e+03
-1.540004e+03
-6.446455e+02
-2.685659e+01
-9.583685e+02
9.899081e+02
-8.549134e+02
-6.566027e+01
-5.193938e+01
1.180291e+03
5.032858e+02
5.658853e+02
-3.229062e+02
-4.027754e+02
1.517697e+02
-6.692453e+02
-2.436451e+02
6.296169e+02
-6.642902e+01
-3.680409e+02
8.711317e+02
-4.561474e+02
-2.881497e+02
-2.991546e+02
6.590486e+02
-3.221757e+02
1.862003e+02
2.563235e+02
7.313522e+01
-8.966800e+01
5.163325e+02
2.209612e+02
3.540419e+01
2.382233e+02
3.541372e+02
4.451746e+02
6.524254e+01
6.354135e+02
5.855901e+01
3.574214e-01
2.110932e+02
9.187378e+01
-2.220048e+02
-2.092822e+02
3.745039e+02
8.495124e+01
6.846052e+00
-5.173050e+02
-2.627472e+02
3.933504e+01
-2.603589e+02
4.102364e+01
3.132902e+01
9.267936e+01
-1.656786e+02
-8.993423e+01
-8.149545e+01
2.264944e+02
6.509857e+01
-1.446141e+02
3.594672e+01
2.664742e+02
7.588388e+01
-7.879449e+01
2.266143e+01
1.314270e+01
-1.112299e+02
-1.215463e+02
1.062921e+02
-1.693597e+02
-5.471867e+01
2.768395e+01
1.145586e+02
-1.912815e+01
3.556910e+01
-3.107092e+01
-7.397299e+01
4.569435e+01
2.077625e+01
-1.056610e+02
-1.130119e+01
1.243266e+01
-1.150388e+01
1.219646e+01
-1.958520e+01
3.909752e+01
-7.763702e+01
-6.078249e+01
-7.485747e+01
-2.583127e+01
-4.043243e+01
3.932558e+01
-3.729379e+01
1.629741e+00
-2.773630e+01
4.918090e+01
-1.732548e+01
3.607218e+01
4.334696e+01
-7.411818e+00
-2.644809e+01
2.056230e+01
4.925226e+01
3.772363e+01
5.792238e+01
-4.076368e+00
2.138106e+01
1.996752e+00
-6.294554e-01
-7.287748e-01
-5.610156e-02
1.619013e-01
4.842685e-01
-3.703988e-01
-8.732130e-02
-2.688241e-01
3.812861e-01
-1.743036e-01
-1.900447e-01
3.546675e-01
4.229341e-02
-1.716055e-01
2.006334e-01
-3.799055e-03
-7.115015e-02
1.963993e-03
-3.187476e-01
-2.120150e-01
2.104494e-01
-1.900630e-01
3.289578e-02
-2.864638e-01
5.036305e-02
-4.444095e-02
4.332942e-02
1.908001e-02
