-1.429045e-01
1.255384e+00
7.990609e-02
5.063111e+01
1.854147e+02
-1.309547e+01
3.252331e-04
-2.752990e+05
-4.396052e+05
-9.630855e+04
-2.220069e+05
1.155697e+05
-1.629503e+05
-2.157972e+04
-1.197413e+04
-3.624028e+05
-4.293783e+04
-9.430455e+04
1.091991e+05
2.183671e+04
-7.130560e+04
-1.245995e+03
-3.122048e+04
3.247386e+04
2.135472e+04
3.725535e+04
8.250025e+03
1.052404e+04
1.265511e+04
-1.902546e+04
-1.067921e+04
7.509790e+03
-5.126431e+04
-4.635565e+04
-1.038251e+02
7.929228e+03
-2.546978e+04
-1.092393e+04
1.358120e+04
2.695043e+04
2.952604e+04
-1.464444e+04
-6.870614e+03
4.455591e+02
3.699661e+03
-5.015445e+03
1.084510e+04
3.074887e+03
-1.937218e+03
2.308437e+03
1.717185e+04
-1.696063e+04
1.716788e+03
-1.513386e+04
-7.443100e+03
1.292252e+04
5.957865e+03
8.280034e+03
5.189661e+03
-1.583723e+04
-1.708628e+03
2.565632e+03
-5.914881e+03
1.031999e+03
1.072491e+03
8.219782e+03
3.591502e+03
1.081981e+04
-5.802230e+03
4.010955e+03
-1.913789e+03
-2.223502e+03
6.641990e+02
-2.482209e+03
1.623007e+03
1.369488e+03
1.462957e+03
-2.450414e+03
-3.758161e+03
1.383699e+03
-3.915013e+03
1.182025e+03
-4.752215e+02
2.411349e+03
4.261043e+03
3.556888e+02
-2.094273e+03
-1.547611e+03
1.833226e+02
-1.089334e+03
7.630342e+02
1.894338e+03
1.582101e+03
2.068185e+03
-1.663169e+03
-5.972663e+02
1.385203e+03
-6.843287e+02
8.044180e+01
-2.311556e+02
2.422389e+01
-4.457651e+02
3.334143e+02
-2.050006e+03
1.434348e+02
-3.410220e+02
8.913344e+02
7.454949e+02
7.799922e+02
2.400754e+03
1.348124e+02
1.843285e+03
-5.757995e+02
8.712303e+02
6.860540e+02
-3.745299e+02
-1.437116e+02
-1.359959e+03
-3.917432e+01
2.118528e+02
6.458625e+02
4.955184e+02
-6.724319e+02
3.967322e+01
1.176423e+03
-5.919883e+02
-1.397534e+02
-5.786177e+02
-2.432175e+02
-4.148011e+02
1.792520e+02
6.938360e+02
-3.700461e+02
1.529387e+02
-7.258075e+02
-1.485132e+01
3.772207e+02
-4.686941e+02
2.074422e+02
6.125889e+01
-4.181752e+02
2.370243e+02
9.489076e+01
8.523173e+01
-2.631271e+02
7.548857e+01
3.430234e+02
-2.124469e+02
1.130665e+01
2.407755e+02
3.737833e+02
3.496895e+02
3.714296e+02
-1.383846e+02
-1.736162e+01
1.338503e+02
-4.061684e+01
1.863957e+02
-3.669681e+01
-3.097561e+02
1.934968e+02
-4.702477e+01
2.547299e+02
-1.463790e+02
-1.321761e+02
-1.714685e+01
2.668404e+01
3.705057e+01
-9.915691e+01
1.814090e+02
1.908804e+02
-2.741361e+01
2.187211e+02
2.676975e+01
2.685251e+01
-4.535816e+01
7.994411e+01
8.103644e+01
6.199890e+01
1.115749e+02
1.462708e+01
1.292498e+02
-4.666014e+01
-4.131119e+01
1.516745e+02
-8.185987e+00
1.202437e+02
7.258367e+01
-1.524410e+02
4.143251e+01
4.561030e+00
5.946493e+01
-4.473722e+01
2.262961e+01
-4.079483e+01
7.830627e+00
-6.505414e+01
-3.555948e+00
-2.417176e+01
5.836784e+01
-3.685765e+01
-1.069241e+02
3.206502e+01
-6.171865e+01
4.828524e+01
4.524871e+01
-5.117818e+00
2.680174e+00
-6.663640e-01
1.371886e+00
3.223258e-01
-2.033269e-01
-4.313573e-01
-1.269390e+00
-1.067284e-01
-6.766978e-01
3.031948e-01
-5.166880e-01
-1.685846e-01
5.195897e-02
2.986963e-01
-6.161831e-02
-6.096716e-04
4.881918e-02
-5.231301e-02
1.142962e-01
-4.812229e-02
2.905141e-01
1.190069e-01
-8.005406e-04
2.152833e-01
1.245935e-01
2.662924e-02
-2.062823e-01
4.727962e-02
