-3.688891e-01
-1.298234e-01
-1.316907e-02
5.262222e+01
2.024833e+02
-2.401410e+01
3.585550e-04
-3.013878e+05
1.810746e+05
5.384272e+05
-1.138102e+05
1.275909e+05
1.040670e+05
-1.270587e+05
1.694447e+05
-2.222304e+05
4.751695e+04
-5.545761e+04
-4.101350e+04
-1.313902e+04
5.768514e+04
-3.391751e+04
1.355082e+04
6.946066e+04
2.967066e+04
-7.102363e+04
-1.580290e+04
-5.397671e+04
-8.482455e+03
4.752433e+03
-5.077903e+04
2.007566e+04
-1.429827e+04
-8.651297e+03
3.153124e+04
-3.526699e+03
2.815640e+04
3.191763e+03
-8.174967e+03
-5.159943e+03
3.402027e+02
-1.040956e+04
-8.535773e+03
-8.736414e+03
1.069002e+04
8.105125e+03
5.970727e+03
5.683970e+03
-7.523379e+03
-2.400039e+03
2.543887e+04
1.167585e+04
6.621270e+03
9.904786e+03
-4.019171e+03
-4.216125e+03
5.676228e+03
4.798214e+03
-6.688889e+03
-7.112563e+03
-5.695803e+03
1.437938e+03
-5.509279e+02
-6.215956e+03
1.378579e+03
-1.034588e+03
1.568403e+02
8.508321e+03
-4.151178e+03
3.464373e+03
3.325735e+03
5.955833e+03
3.069270e+03
1.158147e+03
-3.436850e+02
2.119639e+02
4.392479e+03
-1.561295e+03
-6.261396e+03
-3.428876e+02
-2.721972e+03
-5.057882e+02
-1.939449e+03
1.585002e+03
9.015325e+02
3.288932e+03
-4.139912e+03
2.827945e+03
-4.635519e+02
-1.514637e+03
7.826869e+02
-2.849748e+02
2.878536e+03
1.791709e+03
-1.028075e+02
3.809603e+02
3.021628e+03
7.889505e+02
-9.718286e+02
1.895355e+02
-1.968707e+03
-1.132261e+03
3.498563e+02
-1.231258e+03
4.283169e+02
-4.560151e+02
-1.621001e+02
1.410991e+03
1.259753e+03
1.434562e+03
1.378573e+03
4.449555e+02
-3.470377e+02
1.113509e+03
-2.187413e+02
-1.101253e+03
-3.336094e+02
-6.900045e+02
-9.208150e+02
1.240686e+03
7.446999e+01
4.459180e+02
-6.279485e+02
9.777111e+02
1.219813e+02
-6.459306e+02
-4.776233e+02
1.822207e+02
6.636300e+02
-1.782216e+02
-3.451512e+02
3.587960e+02
-1.342956e+02
1.643654e+02
-3.195837e+01
7.438639e+01
4.153238e+01
1.255939e+02
-1.612243e+02
-2.950778e+02
-4.426860e+01
-4.607888e+02
-3.676762e+02
4.668588e+02
-1.005748e+02
1.906855e+02
-1.852688e+02
1.930929e+02
4.588823e+01
-1.295241e+02
4.629144e+02
-1.704244e+01
-4.777696e+02
2.038317e+02
-1.971711e+01
1.128605e+02
5.263795e+01
3.313616e+02
-8.790894e+01
-2.863561e+01
4.545385e+02
3.467555e+01
-7.997223e+01
1.274429e+02
-1.932067e+02
-7.877672e+01
3.904665e+01
1.563114e+02
-3.594673e+02
-3.792384e+01
1.216514e+01
1.175293e+02
1.367191e+02
9.134319e+01
-7.517596e+01
-1.774047e+02
2.608457e+01
1.087256e+01
-8.173363e+01
-8.135939e+01
2.120360e+01
1.347960e+01
-9.154186e+01
-2.195795e+01
-2.035508e+01
1.376518e+01
5.456710e+01
4.272112e+01
-1.604910e+02
-4.739277e+01
1.041823e-01
3.020268e+01
1.013923e+02
4.423315e+01
5.098381e+01
-3.524983e+01
-3.538746e+00
4.309455e+01
-3.410031e+01
2.092423e+01
1.486053e+01
-6.436722e+01
-2.040678e+01
-6.217434e+01
-5.366390e+00
1.276259e+01
-2.176101e-01
-2.297827e+00
1.177269e+00
-1.750890e+00
-1.402394e-01
-7.765524e-01
-1.253881e+00
2.434707e-01
-9.391139e-02
-8.507594e-02
7.066922e-01
-5.266612e-01
3.122211e-01
-4.785393e-02
7.716980e-02
2.919705e-01
7.718586e-03
-5.246023e-02
-5.498558e-02
-3.173919e-01
-2.558423e-02
-5.188848e-02
-2.074301e-02
-5.971092e-02
-8.499396e-02
-2.024030e-03
3.598478e-02
7.841992e-02
-1.022937e-01
