-2.419035e-01
3.659945e-01
1.604858e-01
4.209778e+01
1.856607e+02
-2.214124e+01
3.329340e-04
1.218278e+05
-8.784570e+04
8.225030e+04
4.480232e+05
7.568241e+04
1.295882e+05
1.098382e+04
-2.613545e+04
8.227185e+04
3.389655e+04
9.151379e+04
9.056688e+03
1.003187e+05
-5.184506e+04
1.525379e+03
6.722597e+04
-5.693532e+04
4.645601e+04
-2.488922e+04
3.711248e+04
5.312814e+04
-1.882709e+04
1.170545e+04
-9.542443e+02
-8.661622e+03
4.889188e+03
3.013293e+03
9.475853e+03
1.442394e+04
-5.540661e+03
1.015444e+03
6.453569e+03
-8.786043e+03
1.325554e+04
3.078613e+04
8.061432e+03
-2.813510e+03
1.515923e+04
-5.396133e+03
-1.068139e+04
1.316571e+04
7.766933e+03
2.405048e+03
-7.846146e+03
5.327562e+02
4.979443e+03
-1.558875e+03
4.943198e+03
4.330079e+03
-6.039045e+03
1.642085e+02
-2.931310e+03
-3.837924e+03
2.868512e+03
8.233427e+01
8.369591e+02
-5.349081e+03
3.155502e+03
-4.586713e+01
4.142277e+02
-3.376018e+03
-1.443413e+03
2.006337e+03
1.937087e+03
3.459883e+03
-1.948346e+03
9.861108e+02
-1.460480e+03
1.684176e+03
3.840870e+03
-8.281985e+02
-1.698597e+03
-1.537118e+03
-4.315214e+02
-7.943046e+02
1.857628e+03
1.521843e+02
1.043052e+03
1.603653e+02
-1.542979e+03
2.038320e+03
1.730546e+02
-7.933710e+02
-2.788085e+02
-1.324819e+01
2.966052e+03
-9.051919e+02
3.024567e+02
2.353616e+02
-3.129738e+02
2.736644e+02
-3.144942e+02
1.016255e+03
6.353929e+02
-4.941534e+02
1.107147e+02
-3.828909e+02
-1.349767e+01
-1.931779e+02
3.192805e+02
-1.158744e+02
9.318729e+01
-3.393534e+01
-3.057986e+02
2.151807e+02
-4.079710e+02
3.957281e+02
-2.104662e+01
3.513912e+00
4.859365e+01
-5.740151e+01
1.844986e+02
4.101423e+02
-5.163643e+01
-5.442736e+02
-7.306816e+01
6.016047e+02
-4.602912e+02
1.384001e+02
2.873889e+02
5.496759e+02
3.824326e+02
2.625520e+02
1.779804e+02
5.040467e+02
1.330232e+02
-2.038710e+02
3.747377e+02
-7.561572e+01
3.221520e+02
3.149627e+01
-1.100395e+02
-2.556213e+01
1.459168e+02
2.454427e+02
-9.024352e+01
-3.398103e+01
-8.921049e+01
1.352796e+02
-9.655377e+01
-9.776262e+01
3.321206e+02
-1.634969e+02
-9.496519e+01
-6.454030e+01
1.532939e+02
3.245562e+01
-1.464905e+02
-1.274737e+02
2.136931e+02
-7.044793e+01
-1.279344e+02
-6.269948e+00
1.645663e+02
4.505425e+01
1.213319e+02
1.358835e+02
2.118450e+01
1.148600e+00
-8.422160e+01
-1.408678e+01
7.325664e+01
-4.751392e+01
1.553367e+01
5.518253e+01
-4.686448e+01
-6.755894e+01
5.450188e+01
-6.764826e+01
-1.370626e+01
-1.360933e+01
-4.957597e+01
3.827314e+01
2.420112e+00
1.920383e+01
2.569010e+01
9.478026e+01
7.913957e+00
-1.040729e+02
-4.922613e+01
-4.952473e+01
6.927711e+01
7.436556e+00
4.706017e+00
1.699965e+01
-9.051653e+00
4.572791e+01
6.876514e+01
-3.190730e+01
1.071447e+01
-3.446753e+01
-4.216302e+01
-2.283278e+01
1.692570e+01
-5.147879e-01
-7.779382e+00
2.395021e+01
2.781123e+01
-1.344579e+01
2.510725e+00
-7.314515e-01
-2.294852e-01
3.085521e-01
-1.438688e-02
2.104414e-01
2.340846e-02
4.327480e-01
-1.382547e-01
-4.702954e-02
-6.154605e-01
-1.786084e-01
1.255218e-01
1.661586e-02
-9.142210e-02
5.071324e-02
-8.204527e-02
3.339263e-02
5.577773e-02
-3.234555e-01
1.697818e-01
-2.184686e-02
6.104124e-02
3.606307e-02
-2.756182e-01
3.200332e-02
-1.291501e-01
-1.486116e-01
8.379979e-02
