-1.707587e-01
-7.160274e-01
5.782954e-02
4.835556e+01
1.911375e+02
-2.301049e+01
3.537008e-04
-1.318111e+05
1.633851e+05
1.686804e+05
-2.167294e+05
3.126365e+04
-1.500175e+03
-5.420113e+04
3.775764e+04
-5.560476e+04
2.400825e+04
-7.349308e+04
1.116946e+05
2.445244e+03
-4.846448e+02
3.650110e+04
-2.469714e+04
3.619833e+04
5.882824e+03
-2.270779e+04
-4.285526e+04
-1.941705e+04
-1.031244e+03
-1.665127e+04
-2.311087e+03
-1.369768e+04
2.171085e+03
-9.667674e+03
-5.772237e+03
-6.627724e+03
-3.638794e+03
-1.671007e+04
1.311332e+04
1.021314e+04
1.547842e+03
-9.072591e+03
8.653263e+03
-6.691108e+03
5.453920e+03
6.051569e+02
6.638369e+03
2.282901e+03
-6.581151e+03
-6.040670e+03
1.164515e+04
3.513296e+03
2.408830e+03
3.442981e+03
5.234457e+03
5.102606e+02
1.728700e+02
2.305709e+03
5.894269e+02
-4.357279e+03
-1.097051e+04
6.050827e+02
2.283887e+03
-4.503692e+03
-1.506389e+03
5.437553e+03
-1.503088e+03
2.377949e+03
-7.777687e+02
-2.614703e+03
1.293536e+03
3.795122e+03
1.300468e+03
-3.564892e+02
-2.280590e+03
-7.269040e+02
1.122290e+03
-4.060338e+03
-2.692556e+03
-4.047966e+02
-9.312392e+02
-2.134274e+02
-6.868976e+02
2.155039e+03
3.398556e+02
9.566279e+02
-7.688111e+02
5.769843e+01
-6.381630e+01
1.546660e+03
7.994471e+02
-3.180620e+02
2.107760e+03
6.485906e+02
2.575544e+02
3.253349e+02
2.113510e+03
-1.886226e+03
-1.713369e+02
-5.205663e+02
-1.355423e+03
-8.933318e+02
8.815566e+02
-5.633206e+01
3.476202e+02
-6.559364e+02
3.055180e+02
9.818890e+02
1.794985e+03
7.938112e+02
1.023857e+03
2.280039e+01
-3.539493e+02
-7.498283e+01
-7.942906e+02
2.028594e+02
-4.460971e+02
-1.899465e+02
-6.595364e+02
7.535505e+02
1.850759e+02
6.020829e+02
4.919741e+01
2.744490e+01
2.512396e+01
2.147857e+02
1.362385e+02
-6.548612e+00
-3.317492e+02
-2.655626e+02
-3.853493e+02
2.777066e+02
-7.619861e+01
1.225338e+02
4.148602e+02
-4.465288e+02
8.052988e+01
2.262271e+01
-7.218486e+01
-3.823249e+02
-1.883764e+02
5.924383e-01
7.314502e+01
1.632129e+02
4.933425e+00
1.279711e+02
-1.543758e+02
-4.139915e+01
-7.799700e+01
1.313855e+02
1.515658e+02
8.456838e+01
-1.158538e+02
5.906585e+01
4.325649e+01
1.254542e+01
-1.955900e+01
2.777457e+01
1.065235e+02
1.114661e+02
5.415407e+01
-1.192634e+02
-9.874509e+01
-2.898869e+01
-1.780220e+02
-5.817679e+01
-7.683903e+01
1.579294e+02
-2.115249e+02
-8.591954e+01
4.136529e+01
1.462498e+02
7.006223e+01
3.964438e+01
-6.905008e+01
-6.100910e+01
1.412116e+02
4.300184e+01
-1.156824e+02
5.103402e+01
9.315973e+01
7.606704e+01
-4.055806e+01
4.525672e+01
1.677021e+01
4.093817e+01
2.636326e+01
1.476705e+02
-8.242047e+01
-5.250365e+01
4.459589e+01
6.957611e+01
1.130125e+01
-3.436128e+00
4.224933e+01
-4.062600e+01
8.998263e+00
-3.324372e+00
-1.859721e+01
-1.136745e+01
1.531737e+01
-3.548682e+01
2.007171e+01
-2.741807e+01
1.825565e+01
-1.201268e+01
-5.001752e-01
-1.639298e+00
-3.377745e-01
-3.488962e-01
1.747409e-01
-8.853194e-03
-3.199747e-01
8.808295e-02
1.382064e-01
1.089263e-01
5.321093e-01
1.564074e-01
2.173079e-01
-4.221253e-02
1.704095e-01
1.539081e-02
-3.343597e-02
8.219907e-04
6.983514e-02
1.244673e-01
1.263857e-01
-1.607643e-02
-5.295383e-02
-6.719162e-02
1.295283e-01
8.832247e-03
3.824422e-04
1.032424e-01
-6.959329e-03
