-3.349581e-01
1.035742e+00
-4.210533e-02
5.233778e+01
2.010125e+02
-1.794932e+01
3.447280e-04
-1.548379e+05
-9.377238e+04
-3.254194e+05
-2.078838e+05
4.565835e+05
-2.565551e+05
1.064830e+05
6.642983e+04
2.488984e+04
6.178871e+04
-1.425301e+05
1.031680e+03
1.842228e+05
4.550230e+04
-1.244246e+05
-4.844053e+04
1.507996e+03
-1.372539e+05
-2.208443e+03
-7.121095e+04
4.819000e+04
3.884482e+04
-2.190304e+04
-6.436977e+03
-6.348359e+04
1.848936e+04
5.317430e+04
-1.802819e+04
-1.983438e+04
-2.251531e+04
1.819564e+04
1.492639e+03
1.376416e+03
-7.141711e+03
-9.515365e+03
-2.031013e+04
-1.253469e+04
7.875648e+03
-7.566059e+03
4.355642e+04
2.441895e+04
-3.803441e+03
-6.959921e+03
2.414980e+04
2.509161e+03
-1.274356e+04
1.897682e+04
1.001423e+04
-7.621110e+03
1.356219e+04
1.100564e+04
3.429301e+02
-1.291346e+03
-9.406131e+03
1.027493e+04
1.357548e+03
7.405724e+03
-5.347025e+03
1.655725e+03
-1.830826e+03
3.655614e+03
9.587771e+02
8.307379e+03
-1.338219e+03
5.720195e+02
-3.747055e+03
-1.921186e+03
-7.259746e+03
-6.843604e+03
-3.804600e+03
7.612194e+02
-3.452604e+02
1.949917e+03
1.584511e+03
-3.374380e+02
4.532524e+01
4.692894e+01
1.488265e+03
4.445170e+02
-2.799723e+02
2.411223e+03
-5.899595e+02
-7.128508e+02
1.901723e+03
-6.919701e+02
-1.193777e+03
2.276207e+02
5.440247e+02
-8.934292e+01
1.942397e+02
-1.748690e+03
-2.625030e+03
-1.283573e+03
6.875421e+02
-3.000637e+01
2.272396e+03
-1.856801e+03
-1.086466e+03
-7.232771e+02
-4.114872e+02
1.818818e+03
7.232996e+02
1.301387e+03
2.066252e+03
-5.558963e+02
1.501946e+02
1.023317e+03
8.304248e+01
1.124759e+02
-3.129075e+02
-1.269845e+03
-1.359269e+03
3.373641e+02
8.103698e+02
4.225674e+02
9.945577e+02
-5.037105e+01
1.002916e+03
-3.912841e+02
3.710579e+02
-4.434793e+02
-7.702980e+02
2.463276e+02
3.900403e+02
8.456700e+02
-1.189350e+03
-4.007664e+02
1.606901e+02
-1.331278e+01
-5.725422e+02
2.111740e+02
2.184283e+02
-8.343095e+02
-1.124068e+02
-5.212873e+01
1.967696e+02
5.277474e+02
4.275874e+02
1.585998e+02
-6.738071e+01
1.417269e+02
-3.751220e+02
1.286055e+02
6.081077e+02
2.590828e+02
-6.005009e+02
3.017265e+01
1.647705e+02
8.902833e+01
-1.041464e+02
3.527041e+02
6.371679e+01
-3.048214e+02
1.454133e+02
-3.422849e+01
-6.009240e+01
-1.950309e+02
-4.581812e+02
-1.033514e+02
-4.520104e+01
2.638046e+02
-3.837738e+02
1.423603e+02
-3.317382e+01
-1.650679e+02
2.621287e+02
1.138653e+02
8.439982e+00
-1.103227e+02
1.279816e+02
7.065044e+01
-1.532207e+02
-8.134155e+01
-1.962103e+02
2.526612e+02
3.261128e+00
-9.599086e+01
1.990242e+01
-1.884710e+01
5.200639e+01
1.315192e+02
-2.681454e+02
-1.335160e+02
1.155983e+02
1.063766e+02
7.063160e+01
8.180925e+01
4.231772e+00
-9.815927e+01
5.360663e+01
2.660139e+01
-2.473994e+00
-3.047277e+01
5.681091e+01
-7.994591e+01
-4.947798e+01
3.436626e+01
1.841590e+01
-2.406671e+01
-2.408964e+00
5.190901e-01
6.840209e-01
-8.739742e-01
1.441163e-01
-3.478000e-01
-4.564818e-01
-2.055619e-01
3.272125e-01
9.604873e-02
8.638157e-01
1.107065e-01
-2.394299e-01
-1.466887e-04
2.136129e-01
6.932194e-03
-4.170897e-02
-1.217891e-01
-5.017745e-02
2.641382e-01
-3.904853e-02
1.731419e-02
1.196912e-01
-1.130918e-01
3.880613e-01
5.433711e-02
-1.700200e-01
1.211586e-01
7.080159e-02
