-1.365171e-02
1.062596e+00
-5.982312e-02
4.920889e+01
1.744358e+02
-1.632596e+01
3.322444e-04
-2.863926e+05
2.004527e+05
3.955638e+05
-4.278406e+05
5.608235e+04
-1.458754e+05
2.867841e+04
1.092466e+05
-2.131088e+05
-2.810955e+04
-6.811593e+04
9.116126e+04
-1.345845e+04
5.679243e+04
3.138127e+04
-5.789088e+04
2.653360e+04
5.720878e+03
1.553305e+04
9.063442e+03
-1.601119e+04
-6.368969e+03
-4.735316e+04
2.990010e+03
-6.995978e+03
-2.248632e+04
-5.174932e+03
-3.173605e+04
-9.917992e+03
4.994565e+03
-2.150046e+04
8.130847e+03
-1.465069e+04
-1.160775e+04
-1.263510e+04
9.708052e+03
-1.655848e+04
9.831312e+03
-6.044779e+03
1.339480e+04
6.372459e+03
-1.650345e+04
-1.545832e+03
8.553326e+02
-1.500160e+03
2.908496e+02
-3.241404e+03
-1.238038e+03
-8.997067e+01
2.755178e+03
7.811727e+03
3.394704e+03
-7.500572e+03
-6.151697e+03
1.724363e+03
-4.412661e+03
2.540673e+03
-4.540758e+03
2.584570e+03
-1.727619e+03
8.395510e+03
-1.058162e+03
9.203769e+02
-8.695414e+02
5.942040e+03
3.913254e+03
8.652366e+02
-2.332675e+03
-1.069331e+03
-9.044900e+02
-2.323890e+03
-4.545037e+03
-6.957164e+01
-1.119855e+03
-1.702346e+03
5.603067e+02
1.171734e+03
8.367180e+02
5.504218e+02
-2.817274e+03
2.817846e+02
8.169697e+01
8.130815e+02
1.089903e+02
7.159952e+02
1.040487e+03
1.410484e+03
1.235962e+02
-1.403971e+02
2.058494e+03
-1.071429e+03
2.132495e+02
-2.059863e+01
-4.123726e+02
-1.205028e+03
5.576329e+02
-1.117247e+03
5.980883e+01
-1.416849e+03
5.952283e+02
1.386332e+03
1.729391e+03
1.073426e+03
1.042459e+03
-1.428899e+02
-3.211752e+01
-2.368138e+02
2.159134e+02
3.769656e+02
-4.820648e+02
-6.419161e+02
-5.574692e+02
6.863791e+02
3.071343e+02
1.330714e+03
-2.744749e+02
-6.603533e+00
2.523576e+02
1.114899e+02
-1.336619e+01
-3.031286e+01
-3.470424e+02
-1.349206e+01
9.444965e+01
1.375903e+02
-4.118468e+02
-2.749590e+02
-8.777403e+01
-2.862113e+02
1.975020e+02
-4.926686e+01
-4.350354e+01
6.024245e+01
-1.976772e+02
6.326556e+01
4.182858e+01
2.620630e+02
-1.914901e+02
-7.576400e+01
-1.069214e+02
-2.267871e+02
-1.817261e+02
2.291841e+02
2.047509e+02
2.469854e+02
-3.584040e+02
-1.536473e+02
3.042634e+01
-8.194041e+00
-1.902702e+02
1.707885e+02
2.022994e+02
-6.821304e+01
1.254922e+02
1.357527e+02
-1.195047e+02
-9.810293e+01
-3.479471e+02
2.755587e+01
3.352813e+01
1.843062e+02
-2.828222e+02
-4.791063e+01
1.356779e+02
9.757950e+01
1.665874e+02
1.547732e+02
-6.375159e+01
-8.675348e+01
1.194970e+02
1.053763e+02
-6.031566e+01
-8.944385e+00
5.324179e+01
6.145563e+01
-2.681508e+01
-7.536497e+01
4.289151e+01
1.103758e+01
2.529788e+01
5.091983e+01
-1.159120e+02
-5.081317e+01
2.651627e+01
2.346718e+01
-6.147997e+00
-4.896202e+01
-5.657446e+01
-1.299627e+01
6.776963e+00
4.311658e+01
-3.016259e+01
2.583768e+01
4.662350e+01
-4.946651e+01
-2.915969e+00
-3.678671e+01
7.749557e+00
2.765131e+01
-1.504261e+00
-7.633981e-01
-2.318470e-01
-1.038471e+00
2.294360e-03
-4.141938e-02
-2.475531e-01
9.752956e-02
-1.741488e-01
1.554404e-01
1.344504e+00
-1.009862e-01
1.949808e-01
-1.475760e-01
1.852630e-01
6.899133e-02
-1.362852e-02
-7.370836e-02
7.501879e-02
1.331025e-01
-2.493603e-01
2.928691e-01
-8.933806e-02
-1.502319e-01
1.569532e-01
-2.695926e-02
-1.327203e-02
1.385938e-01
-6.742726e-02
