-1.891461e-01
-7.887817e-01
6.858562e-02
5.034667e+01
1.918068e+02
-2.202949e+01
3.649103e-04
-2.352673e+05
-1.269777e+05
3.876809e+05
2.659909e+04
2.718475e+05
-3.783050e+05
-7.157890e+04
9.662680e+04
1.897401e+05
2.837685e+05
-2.832887e+05
-1.141564e+05
-1.541961e+04
-7.675816e+04
2.323614e+04
-3.776538e+04
-1.726433e+05
-2.010976e+04
-5.297352e+04
-4.201588e+04
-1.213301e+05
2.737929e+03
-7.740854e+03
-4.342017e+04
-1.319888e+05
6.009431e+04
-1.197061e+04
2.424742e+04
2.304320e+04
1.109345e+04
-1.870286e+04
-1.473803e+04
3.393533e+04
1.156191e+03
-3.914929e+04
-1.467713e+04
-5.646901e+03
-2.892999e+03
3.059353e+04
-5.928871e+02
1.217022e+02
3.615718e+03
8.313773e+03
1.064661e+04
-2.107636e+04
-1.452302e+04
3.463973e+03
-4.767212e+03
-4.863347e+03
-1.035758e+04
2.022706e+03
5.460791e+03
-1.505477e+04
-3.704846e+02
1.683561e+03
-8.683148e+02
6.970041e+03
3.119173e+03
1.320140e+04
3.836216e+03
1.442544e+04
-9.422647e+03
4.395229e+03
7.330586e+03
2.370676e+03
-2.413125e+03
-2.722398e+03
-1.501508e+03
5.262511e+03
3.745559e+03
4.020088e+03
-2.960463e+02
-1.130309e+03
3.956780e+03
-7.006781e+03
4.672657e+02
-8.365347e+03
4.681232e+03
1.126062e+03
2.230001e+03
-3.266137e+03
-1.486120e+02
9.835984e+02
1.357165e+03
3.468958e+02
-1.024373e+02
2.755538e+03
-1.360780e+03
8.560472e+02
-5.985615e+01
-2.703796e+03
1.593395e+02
-2.164126e+03
1.478762e+03
2.641591e+02
-9.058716e+02
-2.847818e+03
2.928518e+02
8.225540e+02
2.396251e+02
-3.092966e+01
8.298382e+02
5.711304e+02
2.888128e+02
-9.879526e+02
1.017464e+03
-2.627312e+02
-1.190861e+03
-1.293498e+02
-2.312825e+03
-3.090351e+02
-1.937026e+03
-1.442501e+02
-9.224352e+02
-3.928654e+02
-1.412115e+03
4.227820e+02
5.439937e+02
-3.159528e+01
-3.378208e+02
-6.934717e+01
-1.702249e+03
-9.168041e+02
6.079086e+02
3.932149e+02
1.872899e+02
3.441469e+02
-7.594688e+02
-3.361009e+02
3.564015e+02
-6.799359e+02
-3.103918e+02
9.136419e+02
2.957156e+01
-3.816008e+02
8.652366e+02
-6.725482e+02
-1.603966e+02
-1.010082e+02
-1.266096e+02
-4.320667e+02
-3.106508e+02
7.584984e+02
3.759402e+02
4.085213e+02
2.016780e+02
1.321520e+02
-1.935362e+02
-3.206847e+02
1.513653e+02
2.695567e+02
-4.056841e+01
6.637165e+01
-1.368167e+02
-2.746550e+02
1.090828e+02
-1.409152e+02
-6.570142e+01
5.188155e+01
3.257297e+02
-1.721965e+02
-2.320291e+02
2.795349e+02
1.533980e+02
3.391572e+02
2.558812e+02
3.553936e+01
1.868703e+02
1.540284e+02
2.505972e+02
1.290511e+02
1.476922e+01
1.851388e+01
2.604727e+02
-1.186664e+00
2.686521e+01
-8.796661e+01
1.720990e+02
5.772516e+01
1.505181e+01
1.609661e+02
2.255042e+01
6.235698e-01
-5.682847e+01
1.782547e+02
1.087355e+02
-2.866709e+01
-9.272026e+01
-1.236994e+02
-1.018641e+02
-8.222407e+01
-4.135393e+01
1.209681e+02
1.989606e+01
-5.432841e+01
7.172391e+00
-1.513096e+02
3.387977e+01
2.463876e+00
-8.750510e-01
1.255084e+00
-7.308831e-01
-2.475784e-02
-3.174888e-01
1.236193e-01
4.488745e-01
1.975484e-01
4.265194e-01
-3.483920e-01
7.011580e-01
-1.143501e-01
2.558289e-01
6.337857e-02
1.725940e-01
-9.966013e-02
-2.498377e-02
1.891613e-01
2.486609e-01
3.211146e-01
-3.529325e-02
-1.310722e-01
-2.865899e-01
-4.425215e-02
3.897097e-01
-2.612524e-02
-2.916521e-02
2.047634e-02
-7.483498e-02
