-3.121003e-04
-4.551956e-01
-2.052944e-01
4.124445e+01
1.713125e+02
-2.805514e+01
3.596948e-04
-2.618168e+04
-2.753581e+05
-1.969955e+05
2.263336e+05
1.320393e+05
5.181499e+03
-1.217670e+04
-9.643827e+04
-4.351646e+04
7.138513e+04
-8.404802e+04
6.707725e+04
1.219054e+05
-4.271809e+04
7.739820e+03
-1.017168e+04
5.941837e+04
3.132197e+04
-2.416317e+04
-5.630463e+03
2.320607e+03
-1.904808e+04
1.192357e+04
-1.334360e+04
1.900310e+04
-2.887815e+04
-1.623182e+04
1.484990e+04
5.328646e+03
1.540537e+04
-4.846749e+03
1.898604e+04
1.952141e+04
-1.865057e+04
-2.184949e+04
-7.499552e+03
1.397803e+04
8.396863e+03
3.298878e+03
-4.236038e+02
1.486664e+03
6.322629e+03
7.500086e+03
9.995125e+03
-8.529335e+03
-6.023698e+03
2.098971e+03
7.996279e+03
-3.964646e+03
1.608004e+03
3.349912e+03
5.105958e+03
-3.238084e+03
1.904646e+03
-4.997996e+03
-1.837364e+03
7.279561e+02
3.166017e+03
6.532470e+03
1.458286e+03
4.752145e+02
-7.532207e+03
-9.531669e+02
1.885429e+03
-1.525783e+03
-3.518759e+03
1.377183e+03
3.783659e+02
9.237420e+02
-1.247092e+03
7.175968e+02
-8.465179e+02
5.046431e+02
5.978478e+02
-1.158428e+03
9.592416e+02
1.780429e+02
3.514529e+03
-9.144624e+02
-1.644005e+03
-2.031630e+03
2.587766e+02
5.443549e+02
-3.404340e+02
-4.160525e+02
-4.022082e+02
1.454709e+03
-2.119512e+03
2.177511e+02
3.768316e+02
3.308689e+02
1.091234e+03
-6.048817e+02
-1.371981e+02
1.132595e+02
8.536269e+02
-2.421743e+02
2.999295e+02
2.038122e+02
-2.033333e+02
-1.704223e+02
8.397391e+02
1.419211e+03
-9.230330e+02
9.310078e+02
-1.718773e+02
4.124024e+02
-6.825024e+02
2.459153e+02
1.849622e+02
-5.940143e+02
-2.080515e+02
2.394735e+02
-5.523118e+02
-2.995186e+02
-6.154213e+02
-2.353712e+02
-2.101844e+02
-3.081840e+02
3.440447e+01
-1.392831e+02
-2.486722e+02
-2.315943e+02
1.937368e+02
2.418888e+02
5.075694e+02
3.332023e+02
-3.100148e+02
1.303637e+02
1.995869e+02
-2.376521e+02
4.725294e+01
-3.208976e+01
-1.454919e+01
3.350435e+01
1.407260e+02
1.421119e+02
2.595914e+01
6.033128e+01
4.092345e+02
-5.413273e+01
1.264806e+02
1.414303e+02
3.749111e+00
-1.197447e+02
2.645757e+02
-1.310730e+01
-3.442375e+02
8.917528e+01
1.640270e+02
6.844816e+01
4.379769e+01
-1.459493e+02
-5.201472e+01
5.516530e+01
1.142260e+02
3.568766e+01
1.564879e+01
-1.862918e+02
5.014924e+01
-1.190583e+01
1.678169e+01
1.455595e+02
2.363761e+01
7.914499e+01
2.425636e+01
-9.053369e+00
-1.395557e+01
-2.621100e+00
2.952645e+01
3.583833e+01
-4.413910e+01
5.680624e+01
4.835728e+01
4.247287e+01
-2.665955e+01
1.747553e+01
2.903507e-01
2.232748e+01
1.367624e+02
5.039482e+01
-2.047216e+01
2.786407e+01
6.682952e+01
-3.334132e+00
-1.495555e+01
6.163649e+01
2.450658e+01
8.919581e+00
-3.982109e+01
-3.867123e+01
-2.488634e+01
2.248900e+01
1.899749e+01
-2.702519e+01
3.549178e+01
-2.445255e+01
4.901891e+01
6.929422e+00
-2.081406e+00
1.984608e+00
-1.730740e+00
-1.549761e-02
-4.759194e-01
-6.599516e-01
1.097257e-02
-4.444933e-01
-1.750603e-02
-7.968878e-02
-1.024722e-01
-4.227940e-01
3.670884e-01
2.158241e-01
-2.049870e-01
3.892500e-02
-1.679497e-02
-9.786090e-03
-6.883754e-02
-8.874632e-02
-7.968348e-02
2.208265e-02
1.361075e-02
-1.344247e-01
-2.408368e-02
5.340051e-02
5.271605e-02
-5.643362e-02
-2.448210e-02
