4.835907e-01
-4.392257e-01
-1.814683e-01
4.010667e+01
1.231774e+02
-2.512129e+01
3.382116e-04
-1.453685e+05
4.068097e+04
-1.898236e+05
1.202388e+05
2.344440e+05
-1.077182e+05
-1.097430e+05
6.105035e+04
-1.525194e+05
-4.733077e+04
-1.622032e+05
2.046909e+04
-1.758024e+04
-7.653851e+04
1.281111e+04
7.628552e+04
-2.296302e+04
4.386528e+04
-1.538190e+04
1.168982e+04
-2.424205e+04
-1.706448e+04
-1.501192e+04
3.114024e+04
2.860814e+04
6.896375e+02
-2.029608e+04
2.602641e+04
-5.323681e+03
2.301787e+04
1.735225e+02
-2.482551e+04
6.801102e+03
8.839612e+03
1.200657e+04
-3.468781e+03
-2.059538e+04
6.757552e+02
-1.163382e+03
2.759495e+03
-3.894429e+03
1.189286e+04
2.743100e+03
2.797129e+03
-5.777289e+03
8.927288e+03
2.935219e+03
-1.221976e+04
-1.998586e+03
4.586603e+03
7.698902e+03
-3.242881e+03
-1.123109e+04
-5.732166e+03
-5.604341e+03
6.486428e+03
-8.304849e+02
1.841698e+03
5.621399e+01
4.596781e+02
-1.801806e+02
-2.337533e+03
2.715511e+03
2.165627e+03
2.183495e+03
-2.572466e+03
-3.680265e+02
1.161381e+03
1.613336e+03
-7.716884e+02
1.834115e+03
-3.183468e+03
-2.483040e+03
2.678539e+01
3.551805e+02
-4.338318e+02
1.384081e+02
4.755817e+03
5.453512e+02
-2.911252e+03
-3.588391e+02
5.356625e+02
8.547366e+01
5.787817e+01
-8.238389e+02
1.751527e+02
1.305042e+03
-1.706819e+03
5.695060e+02
1.052037e+03
2.795657e+02
-6.372586e+02
-1.400519e+03
-2.448261e+02
-2.420875e+02
1.538978e+02
-3.501718e+02
-5.794083e+02
-1.055878e+02
3.876053e+02
1.591618e+03
-3.169288e+02
7.144360e+02
-4.619045e+02
-8.258298e+01
-4.055717e+02
9.807881e+02
4.935050e+02
-5.992004e+02
-2.315674e+02
-7.734167e+01
-1.952193e+02
4.886332e+02
-4.768859e+02
-4.676256e+02
-7.390588e+02
-2.249824e+01
3.805530e+02
7.602406e+01
-4.606490e+02
1.142673e+02
-1.034998e+02
3.571424e+01
3.186277e+02
4.871623e+02
2.524015e+02
4.348760e+02
-3.109674e+02
1.469475e+02
3.661404e+02
1.344873e+02
-4.013027e+01
1.553477e+01
-1.845208e+02
-3.966143e+02
1.799626e+02
9.270716e+01
-5.548075e+01
3.045615e+02
-1.197986e+02
1.080189e+02
1.579613e+02
6.956213e+01
2.057517e+02
9.992564e+01
1.774439e+02
9.929861e+01
1.628386e+02
4.115367e+01
1.778563e+02
1.549309e+02
-1.196151e+02
4.575459e+01
1.997084e+01
-4.679542e+01
8.987611e+01
4.434110e+01
-1.409474e+01
-1.091231e+02
-1.637072e+02
1.528902e+01
5.379298e+01
3.854181e+01
7.765435e+01
-2.894094e+00
-4.576876e+01
6.675092e+01
-8.935396e+00
-1.919849e+01
3.301223e+01
2.080782e+01
1.784053e+01
7.346424e+01
-4.469000e+00
1.546942e+01
-1.899404e+01
9.437289e+01
2.215025e+01
-7.312202e+01
1.125194e+01
4.985962e+01
-5.505343e+01
-1.421506e+01
-2.573083e+01
-1.632191e+01
2.834646e+01
5.606528e+01
1.544734e+01
-2.285400e+01
-9.452343e+00
1.196821e+01
-2.511068e+01
2.774399e+01
3.214452e+01
-1.201952e+01
7.075136e+00
-2.714832e+01
3.107436e+01
8.152273e+00
-1.167270e+00
1.309305e+00
-5.068591e-01
-2.060035e-01
-2.269166e-01
-1.566489e-02
8.494665e-02
-5.603890e-01
-1.249818e-01
-6.036564e-01
1.793769e-01
7.219657e-02
4.218168e-01
-1.873020e-02
-1.770627e-01
2.148629e-01
6.787688e-02
-1.204050e-01
-1.269291e-01
2.209585e-02
-2.018095e-01
-4.901437e-02
6.489080e-02
-1.116230e-01
-1.777118e-01
3.391996e-03
3.461244e-02
-9.527586e-02
3.415542e-02
