-2.890387e-01
6.566684e-01
-1.722651e-01
5.148444e+01
2.015284e+02
-2.419458e+01
3.516890e-04
2.153510e+04
1.272305e+05
-1.598225e+05
-2.203621e+05
-1.220944e+05
-1.729803e+04
-6.792972e+03
6.663545e+04
-9.198609e+04
-2.488737e+03
-4.281293e+04
1.180702e+05
-3.535740e+04
-6.129620e+03
2.415268e+04
-2.385312e+04
8.046725e+04
-1.618236e+04
6.443319e+03
-2.511590e+04
-2.614824e+04
-2.115801e+04
-4.050661e+03
2.590378e+04
-4.216480e+03
-1.479644e+04
-1.878547e+04
1.267084e+03
-3.592689e+03
-3.128256e+03
1.551519e+03
1.794299e+04
-6.799461e+02
8.191404e+03
1.029877e+03
-4.267466e+03
-7.920868e+03
2.046558e+03
-1.997906e+03
1.628520e+04
1.158940e+04
-3.829609e+03
3.628307e+02
4.538941e+03
1.879543e+03
5.736790e+02
9.269152e+03
5.833952e+03
-4.131596e+03
2.317642e+03
4.511188e+03
3.039080e+03
-1.632711e+03
-7.101033e+03
-1.101392e+03
3.503508e+03
-1.165913e+03
1.298966e+03
4.749627e+03
5.483546e+02
-3.319433e+03
-9.607537e+02
4.971980e+03
1.684385e+03
1.545952e+03
8.477031e+02
2.509166e+03
-8.011440e+02
-7.897507e+02
6.131548e+02
2.102931e+03
-3.143499e+03
-1.835045e+03
2.873429e+02
-1.767183e+03
-5.621345e+02
1.555079e+03
1.519797e+03
2.328383e+03
-1.897858e+03
4.960380e+02
9.339723e+02
-4.080612e+02
1.433310e+02
-8.824490e+01
2.273717e+02
1.768306e+03
-1.182445e+03
7.449708e+02
1.477161e+03
5.067921e+02
-8.865349e+02
-3.399598e+02
-7.256056e+02
-3.444088e+02
9.554728e+02
7.354308e+02
-1.021568e+03
-5.282511e+02
6.442758e+02
4.000937e+02
2.400507e+02
1.034184e+03
1.633026e+02
4.967821e+00
-7.778360e+02
4.989634e+02
7.256494e+01
3.931843e+02
7.753766e+01
-1.922308e+02
-3.069578e+02
3.339846e+02
-1.144853e+02
-6.255733e+01
4.016124e+02
-2.729591e+01
-1.491284e+01
-5.680835e+01
-1.852099e+02
3.825840e+02
3.964359e+01
1.123960e+02
1.794951e+02
6.858829e+02
2.966248e+02
2.715255e+02
1.547920e+02
-1.192794e+02
-1.445331e+02
1.397718e+01
-8.531730e+01
-5.015362e+02
-2.227347e+02
1.625893e+02
1.166390e+01
1.317454e+02
1.184710e+02
7.382459e+00
-1.651727e+02
3.239784e+01
1.443561e+02
3.722520e+01
6.213752e+01
-6.772374e+01
-1.492416e+02
1.229309e+02
4.384692e+01
-8.915408e+01
-1.132896e+01
1.193037e+02
7.660223e+01
-1.381083e+01
1.551731e+02
7.662495e+01
1.798461e+01
4.949818e+01
-1.309759e+02
-1.340079e+02
-1.520456e+02
9.608585e+01
-1.412664e+01
-7.409463e+01
-6.923466e+01
6.517964e+00
-3.925578e+01
8.173837e+01
4.154070e+01
-1.434683e+02
1.047765e+01
2.254675e+01
-8.949847e+01
4.788171e+01
-1.334948e+02
1.502069e+01
3.504125e+01
5.197166e+01
4.958355e+01
-8.985046e+01
-2.692892e+01
4.613105e+01
-3.928589e+01
-1.306333e+01
6.963264e+01
2.746825e+01
1.577889e+01
1.883136e+01
5.525436e+01
-6.270466e+00
5.982740e+01
1.085717e+01
1.354954e+01
-2.951023e+01
2.002937e+01
-3.221184e+01
-2.553461e+01
3.288050e+01
7.979056e+00
-1.370924e+01
-4.133599e-01
3.570389e-01
1.664733e-01
-9.164873e-01
5.334208e-02
-4.544892e-01
4.308672e-02
-4.608237e-03
4.365339e-01
3.222422e-02
9.837593e-02
4.054140e-01
-1.617618e-01
-4.175577e-02
-2.673768e-02
3.201600e-02
-3.472010e-02
6.796405e-02
1.321109e-02
9.764973e-02
-4.161135e-02
-3.464523e-03
1.672510e-01
-7.971703e-02
-4.016125e-02
1.334377e-03
8.545060e-03
-1.016171e-02
3.531083e-02
