1.485551e-01
-6.647696e-01
1.974368e-02
4.465778e+01
1.624244e+02
-2.372683e+01
3.386921e-04
-1.699457e+05
1.085808e+05
-8.035154e+04
-8.981177e+04
-4.982010e+04
7.789281e+03
-1.062443e+05
5.280577e+04
-1.901923e+05
6.790148e+04
-6.710550e+04
5.413554e+04
-4.379942e+04
-4.413993e+04
5.484594e+03
4.808950e+04
2.071501e+04
4.464125e+04
-2.724949e+03
2.015118e+04
-9.166052e+02
-4.669353e+04
-3.247371e+04
-8.679267e+03
9.088323e+02
-1.284133e+04
-3.035529e+04
1.600139e+04
-1.650023e+04
1.198907e+04
-2.793103e+03
-3.566224e+03
-1.199722e+04
-2.723452e+04
-1.177337e+04
1.298549e+04
-1.324433e+04
1.049413e+04
-9.678837e+03
1.225051e+04
-2.858407e+03
-6.988451e+03
-7.656370e+03
-7.697757e+03
8.148527e+01
9.367412e+03
-2.909616e+03
-1.045798e+04
6.576491e+03
-9.593408e+02
1.314634e+04
1.358115e+03
-1.039241e+04
6.612000e+02
-2.380578e+02
-2.689706e+03
-3.443713e+03
2.832546e+03
5.445320e+03
5.775426e+03
5.047381e+03
-2.828627e+03
-2.069459e+03
4.175062e+03
1.734549e+03
2.269602e+03
-5.819293e+02
2.916937e+02
8.171063e+02
1.316021e+03
-1.457724e+02
-7.451348e+03
-1.559320e+03
-1.334374e+03
7.403824e+02
2.136244e+02
1.175959e+03
4.174876e+03
-7.011982e+02
-4.178209e+03
4.182251e+01
-3.209861e+02
2.012900e+03
1.466422e+02
4.166055e+02
1.463961e+03
1.340642e+03
-1.965484e+03
4.027223e+02
9.942437e+02
1.121197e+03
-8.972111e+01
-5.005258e+01
-9.903020e+02
-1.426056e+01
5.356807e+01
-1.363569e+03
1.429281e+03
-7.783267e+02
-1.990023e+02
8.173779e+02
5.967562e+02
1.104267e+03
-2.890962e+02
1.078384e+03
-4.900044e+02
3.362160e+02
3.591109e+02
-5.616658e+02
2.762103e+02
-6.325692e+02
-4.157249e+02
7.195626e+02
-4.856132e+02
4.462611e+02
-7.687958e+02
2.747062e+02
1.990283e+02
-1.105077e+02
1.708668e+02
-7.524339e+01
-1.100741e+02
1.788941e+02
1.540924e+02
1.907968e+02
2.167770e+02
2.403743e+02
-4.614841e+02
-1.923850e+02
8.131797e+02
-3.242785e+02
2.219279e+02
2.373978e+02
-2.468987e+02
-1.944566e+02
1.007574e+02
3.047897e+02
-3.977493e+01
1.338239e+02
-8.200680e+01
-2.820877e+02
4.347860e+01
2.652763e+01
-3.834761e+01
3.203603e+02
1.061429e+02
-1.164149e+02
-3.043948e+02
-1.203879e+02
7.273302e+01
5.221752e+01
-4.391706e+01
4.676611e+01
1.899772e+02
1.622172e+02
-1.466546e+02
5.632248e+01
-2.610307e+01
2.820685e+01
-3.100065e+01
1.692191e+02
-4.986456e+01
-1.252455e+00
9.048107e+01
1.032699e+02
9.295476e+01
9.895885e+01
-6.519977e+01
-4.457136e+01
3.363104e+00
2.569936e+01
1.602948e-01
2.605000e+01
6.512026e+01
-3.554691e+01
1.293812e+01
-1.019881e+01
5.454745e+01
-4.394128e+01
3.083848e+01
-2.132918e+01
-1.049614e+02
-4.297437e+01
4.430798e+00
-1.776036e+01
-2.054045e+01
-8.505553e+00
-1.593759e+01
-4.547029e+01
1.770326e+00
6.849803e+01
-4.134947e+01
6.459457e+01
1.893340e+01
-3.103248e+01
9.834637e+01
-2.914629e+01
5.543623e+00
3.784089e+01
-2.264868e+00
-3.948899e-01
2.706049e-01
4.937327e-01
-3.435074e-02
9.860438e-02
-1.483449e-01
-7.424089e-01
-6.652423e-03
1.095061e-01
3.349217e-01
-2.916341e-01
3.147585e-01
6.863839e-02
-4.939335e-02
3.986782e-02
8.343195e-02
5.766963e-02
-3.540523e-03
-1.618171e-01
-2.318535e-01
2.523582e-01
-1.308428e-01
-5.323803e-02
-5.633515e-02
-3.530434e-02
8.428723e-02
5.902342e-03
-5.244749e-02
