1.094569e+00
-1.558682e+00
-1.136943e+00
5.802667e+01
1.773103e+02
-8.981929e+00
3.695682e-04
-27323
-2.456577e+05
3.610396e+05
-1.875931e+05
-1.482533e+05
1.140197e+05
2.517746e+04
1.300312e+04
-1.603317e+05
-1.944686e+05
6.203417e+04
1.886211e+05
1.323086e+05
2.204397e+04
8.177912e+04
-3.513786e+04
5.808743e+04
5.153156e+04
-4.778093e+04
-1.199971e+04
4.391657e+04
-4.167495e+04
-8.126916e+03
-4.902832e+04
2.963532e+04
-9.068184e+04
-1.337868e+04
8.815215e+03
2.408588e+04
-4.160606e+02
-2.461531e+04
6.913316e+04
-1.474813e+04
1.807127e+04
-2.555010e+03
-3.101712e+04
-1.722696e+04
1.388973e+04
-6.401357e+03
2.013966e+03
7.840142e+03
-9.385742e+03
1.032559e+04
1.278824e+04
1.063523e+04
6.466121e+03
-1.012390e+04
9.298559e+02
5.235604e+03
2.387657e+03
6.647776e+03
6.095071e+02
-8.848034e+03
-2.435404e+03
-8.402558e+03
-7.584595e+03
-4.808988e+03
2.874976e+03
4.483510e+03
-3.805366e+02
2.328515e+03
-4.904891e+02
3.068034e+03
-6.947243e+03
-6.043382e+02
6.371445e+02
1.746841e+03
2.884017e+03
1.706497e+03
6.685129e+03
-2.407536e+03
-3.188526e+03
9.143406e+02
-2.249427e+03
1.881542e+03
-2.677671e+03
2.843163e+03
6.820923e+02
1.506469e+03
-1.988383e+03
1.284395e+03
9.629401e+02
-2.071292e+03
6.295273e+02
8.531963e+01
4.339582e+03
-2.405893e+02
1.073733e+02
-3.263203e+02
2.887070e+03
-8.314614e+02
1.748887e+03
6.149874e+02
-1.352184e+03
-6.472117e+02
1.450744e+02
-1.091822e+03
2.784803e+02
-2.174405e+02
2.075122e+03
-3.641378e+02
1.858475e+03
2.048366e+03
7.627106e+02
8.304306e+02
-5.300662e+02
2.075924e+02
-1.163877e+02
8.186331e+02
8.642683e+02
-8.109851e+02
1.001105e+02
1.105044e+03
7.964993e+02
-6.133270e+01
-6.914304e+01
4.321678e+02
-5.923473e+02
-3.905022e+02
-4.840406e+02
1.439947e+02
4.211073e+02
-6.026654e+02
-2.349835e+02
4.921773e+02
-1.951600e+02
5.200969e+01
1.452051e+02
2.546063e+01
2.168560e+02
-2.023641e+02
-2.266957e+02
-4.032432e+02
-2.003358e+02
5.634078e+02
-4.088791e+02
5.699915e+02
-3.279927e+02
-9.920223e+01
1.722810e+02
-8.080820e+01
2.701852e+02
-2.453262e+01
1.948729e+01
-1.537890e+02
5.223814e+01
-2.060155e+02
1.324338e+02
1.051344e+02
1.494788e+01
1.020383e+02
-1.239430e+02
-1.680056e+02
3.863493e+02
-5.348081e+00
2.514234e+02
-1.917958e+01
-1.456300e+02
-1.552158e+02
-1.222082e+02
1.083727e+02
6.275254e+01
-7.318524e+01
1.774730e+02
2.186396e+01
-1.003600e+00
-9.225997e+01
5.549542e+01
-2.164998e+02
-1.108078e+02
-4.875665e+01
-1.225410e+02
1.596603e+02
4.937295e+01
1.763997e+02
-9.612685e+01
1.968727e+01
6.497109e+01
-5.032197e+01
3.714165e+01
-1.665607e+01
-3.106044e+01
1.370083e+02
1.459837e+01
1.381914e+01
-6.249902e+01
1.734573e+01
6.575704e+01
8.351969e+01
2.940326e+00
-6.805355e+01
-1.965840e+01
-8.483044e+01
-5.112411e+01
-4.578926e+01
-2.660084e+01
3.478015e+01
1.312608e+01
2.551900e+01
-2.555918e-01
1.978754e+00
-1.273507e+00
4.635217e-01
1.571894e-02
-2.506348e-01
-2.377267e-01
-5.247253e-02
-1.130468e-01
-2.951876e-01
-1.138256e-01
-1.322498e-01
-4.306352e-02
-8.994187e-02
6.097649e-02
-6.184251e-02
-3.957289e-02
-1.651502e-02
-1.814895e-02
-1.336698e-01
2.027756e-01
1.831238e-01
1.177860e-01
7.635501e-02
-1.193553e-02
1.577128e-01
-9.405772e-02
-9.025227e-02
5.383180e-02
