-3.638667e-01
1.378154e+00
-2.007551e-02
5.660444e+01
1.894467e+02
-8.539282e+00
3.563081e-04
-3.106546e+05
-4.880346e+05
6.136116e+05
4.234427e+04
1.847037e+05
8.042359e+04
-1.960777e+05
1.279771e+05
-1.936667e+05
1.098212e+05
-1.300594e+05
4.387564e+04
-5.776878e+04
3.739386e+03
1.335371e+03
8.129312e+03
2.836380e+04
-2.158703e+04
-1.022597e+05
-5.202856e+04
-4.012303e+04
3.684946e+04
3.937350e+04
-9.763042e+04
-1.021156e+04
1.466116e+04
-4.053979e+04
2.552960e+04
1.345621e+04
3.348713e+04
2.351489e+04
-4.266715e+03
2.075572e+04
3.340778e+04
-8.003378e+03
-4.291042e+04
-1.441553e+04
4.188799e+03
1.482037e+04
-1.680067e+03
8.265691e+03
-1.099149e+04
-9.503610e+03
3.681662e+04
-2.470353e+03
1.222639e+04
-1.939206e+03
-2.173839e+04
2.200075e+03
9.482104e+03
7.412225e+03
-1.203441e+04
-1.763753e+04
-3.560661e+03
5.779519e+03
-6.198917e+02
-2.750462e+03
-8.508548e+02
2.314971e+03
5.995531e+03
1.058752e+04
-6.915343e+03
7.860338e+03
1.276215e+03
1.035208e+03
9.634552e+02
-2.592898e+03
2.087843e+03
2.271659e+01
6.282045e+03
3.472070e+03
-5.809161e+03
-1.522657e+03
-3.087707e+03
7.439583e+02
-3.043617e+03
7.495734e+02
2.376524e+03
4.050545e+03
1.809771e+02
-2.806235e+02
9.354951e+02
-1.392451e+03
1.907263e+03
-2.611407e+02
3.325860e+03
4.058584e+03
-1.103542e+03
1.078297e+03
3.235748e+03
4.093677e+02
-5.028610e+02
-5.829004e+01
-9.235149e+02
-4.313468e+02
-1.325825e+03
-1.820549e+03
7.130615e+02
1.008721e+03
2.576397e+03
8.845983e+02
5.939880e+02
1.458750e+03
7.426086e+02
2.428486e+03
-4.072120e+02
2.224911e+03
2.861147e+02
-1.442330e+03
-4.674584e+02
-7.346672e+02
-1.341263e+03
6.763749e+02
-4.957432e+02
-3.473760e+02
-5.724944e+02
9.679714e+02
1.088505e+03
-6.488927e+02
-4.472654e+02
3.283316e+01
3.769772e+01
-1.058932e+03
8.597190e+01
1.248785e+02
-4.970389e+01
5.177638e+02
-4.573519e+02
2.317888e+02
7.547151e+02
-2.816897e+02
-5.193314e+01
5.531705e+01
-1.266048e+02
-1.844143e+02
-1.766889e+02
9.975974e+01
-3.047736e+02
2.044668e+02
3.123959e+02
2.123920e+02
1.140935e+02
3.904728e+02
1.355489e+02
2.315744e+02
-5.971292e+01
1.849501e+02
-1.038985e+02
-5.994999e+01
-4.718848e+01
3.858814e+02
-4.357236e+02
-6.790481e+01
3.651407e+02
-2.407279e+02
2.336843e+02
-3.140188e+01
1.161664e+02
-8.654821e+01
3.488206e+01
9.821828e+00
-1.484013e+02
2.032580e+02
9.556794e+01
1.500877e+02
1.064814e+02
1.478914e+02
1.352546e+02
-6.375919e+01
-1.448026e+01
-4.830905e+01
-2.378357e+01
-2.129359e+01
5.178666e+01
1.001239e+02
-9.099014e+01
-1.831084e+01
3.929411e+01
4.060235e+01
2.003827e+02
8.500469e+01
-1.097733e+02
2.248968e+00
1.442432e+01
1.027557e+02
9.955424e-01
-5.822623e+00
8.986915e+00
-1.886411e+01
-9.121904e+01
-2.984532e+01
3.546881e+01
7.941881e+01
1.029294e+01
-1.096527e+02
1.151318e+01
-6.079278e+01
4.019003e+01
2.346967e+01
-2.651982e+00
3.792344e+00
-9.633030e-01
7.573416e-01
-3.109593e-04
-9.290566e-01
-5.898026e-01
-4.865977e-01
-2.983555e-01
-6.458735e-01
-1.524875e-01
-5.584845e-01
2.961151e-01
4.913644e-02
2.481660e-01
2.236558e-01
3.460637e-02
1.254098e-01
3.387095e-02
-2.101618e-01
1.502277e-01
-4.784360e-02
3.397242e-02
-1.201931e-01
4.592722e-02
6.285363e-02
1.551335e-01
-1.308684e-01
-1.294865e-02
