2.560600e-02
-5.960764e-02
1.820318e-02
4.067556e+01
1.702314e+02
-2.649685e+01
3.472541e-04
-1.631138e+05
-3.379409e+05
7.885897e+04
1.117608e+05
1.406725e+05
-2.171913e+03
-72235
-4.113893e+04
-1.650778e+05
-4.925466e+04
-2.528720e+04
-2.204745e+03
6.336567e+03
-1.906788e+04
-1.551358e+04
5.821887e+03
-6.548591e+03
3.011312e+04
9.648745e+03
-2.355890e+04
-8.089760e+03
-3.817634e+03
1.068026e+04
-5.116582e+04
3.728378e+04
-7.090300e+03
-1.890230e+04
2.870928e+04
2.830533e+04
7.224104e+03
4.188727e+03
3.910507e+03
1.326046e+04
2.230888e+04
-1.047618e+04
-1.563319e+04
4.325252e+03
7.518225e+03
6.636813e+03
1.205993e+02
1.512027e+03
3.665969e+03
1.752083e+03
1.707102e+04
-5.065014e+03
5.142118e+03
-4.501802e+03
-6.226079e+03
3.216808e+03
6.642021e+03
3.562433e+03
-1.688918e+03
-9.155049e+03
-7.472244e+02
9.054718e+02
7.457295e+02
-4.461398e+03
3.288192e+03
1.496109e+03
3.795019e+03
6.134554e+03
-5.825359e+03
4.394971e+03
2.443111e+03
1.091965e+02
-1.175224e+03
-9.263803e+02
1.644907e+03
1.177468e+03
2.156875e+03
1.609566e+01
-3.389136e+03
1.059509e+01
1.238695e+03
-4.230363e+02
-4.870563e+02
1.623009e+03
3.060955e+03
2.899060e+03
-6.093361e+02
-2.192295e+02
-8.860279e+02
-5.487735e+02
1.710956e+02
7.875297e+02
7.882682e+02
1.880973e+03
-1.588671e+03
6.889303e+02
1.017585e+03
1.041661e+03
1.682853e+02
-7.191008e+02
-3.835095e+02
-3.009434e+02
-2.888723e+00
-7.445703e+02
6.583256e+02
-8.995730e+00
1.098598e+03
9.844667e+02
1.360228e+02
1.067945e+03
-3.262897e+02
9.403143e+02
-5.075658e+00
1.039517e+03
4.451989e+00
-2.713948e+02
-1.772828e+02
-1.167605e+02
-4.016252e+02
3.720756e+02
1.362345e+02
-3.441586e+01
-2.736488e+02
4.370445e+02
3.448239e+02
-2.563272e+02
-2.937323e+02
-7.341709e+01
1.013879e+01
-5.519312e+02
1.048513e+02
2.278923e+02
-1.647002e+02
1.955447e+02
-4.197948e+02
9.467802e+01
3.877959e+02
-2.269730e+02
4.592718e+01
2.016221e+02
-8.348244e+01
-2.065822e+02
-8.658102e+00
5.297746e+01
-1.282926e+02
1.751308e+02
2.866346e+02
-9.522877e+01
7.183694e+01
2.516548e+02
1.523228e+02
1.438775e+02
1.667563e+02
5.533545e+01
-1.120518e+02
1.274948e+02
2.054964e+01
4.594920e+01
-1.260038e+02
-1.589469e+02
9.937502e+00
-9.202702e+01
2.390893e+02
3.467409e+01
5.008908e+01
-8.669770e+01
3.148814e+01
-8.095054e+00
2.857360e+01
1.315615e+02
1.341179e+02
4.178518e+01
-1.687201e+01
-8.694751e+00
1.806275e+01
2.129573e+01
3.045213e+00
4.114602e+01
1.150927e+01
4.632999e+01
5.314804e+01
7.306734e+01
-3.739223e+01
4.408219e+01
3.507976e+01
3.648460e+01
8.309072e+01
5.886227e+01
-2.899369e+01
6.795298e+01
7.894826e+00
5.383668e+01
5.252362e+00
6.305649e+01
-6.770306e+00
1.458111e+01
-4.155330e+01
-2.570753e+01
-2.576469e+01
1.289505e+01
-1.215779e+01
-4.274083e+01
-1.596997e+00
-3.676219e+01
5.170475e+01
3.395641e+00
-1.950122e+00
2.893685e+00
-2.997090e-01
9.579031e-01
-1.704792e-01
-2.248655e-01
-7.519922e-01
-8.135753e-01
-9.723321e-02
-5.550687e-01
-5.724838e-02
-2.397980e-01
1.710061e-01
1.229104e-01
1.802336e-02
-1.111962e-01
5.001226e-02
-9.219781e-02
-9.646156e-02
5.543622e-05
2.871756e-02
4.625018e-02
8.926979e-02
-4.521462e-02
7.954995e-02
6.665654e-02
-3.159950e-02
-1.198991e-01
-9.210227e-02
