-2.605370e-02
4.715461e-01
-1.381978e-01
4.522667e+01
1.743816e+02
-2.372962e+01
3.435157e-04
-5.436066e+04
-1.642972e+05
-2.399881e+05
1.461616e+05
-7.170189e+04
1.191549e+05
-1.728911e+05
3.419424e+04
-163526
1.847337e+03
2.985762e+04
1.335588e+05
-4.454210e+04
-1.075138e+05
-2.746537e+04
1.022673e+05
-1.728870e+04
3.994130e+04
2.113430e+04
6.950570e+03
3.090782e+04
-5.525642e+04
-6.168853e+03
-3.250283e+04
-3.738224e+04
-9.093619e+03
-4.691830e+04
-1.821364e+04
-9.725067e+03
-7.258226e+03
1.212429e+03
-3.781563e+03
-8.781771e+03
-4.173052e+04
-2.490410e+03
1.551091e+03
5.077332e+01
3.105211e+04
-1.563087e+04
-4.130321e+03
1.345420e+03
1.508481e+03
-4.426806e+03
-6.603650e+03
-3.292141e+03
2.077163e+03
-7.033120e+03
-1.011800e+04
1.180352e+04
-5.775448e+03
1.759340e+04
-2.983794e+02
-9.553150e+03
4.465150e+03
1.509752e+03
-7.039857e+03
-7.463995e+03
-3.038555e+02
6.067461e+03
5.873608e+03
2.974577e+03
-7.006111e+03
2.136373e+02
2.139780e+03
-1.694328e+02
-5.111900e+02
-1.026337e+03
7.209525e+01
2.128536e+03
2.518175e+03
2.685016e+03
-5.945279e+03
-1.013510e+03
-1.886996e+03
3.120829e+03
-4.642506e+02
1.578291e+03
3.120678e+03
-9.077894e+02
-4.160173e+03
1.563742e+02
-1.184498e+03
1.385299e+03
3.238328e+02
1.106565e+01
3.727800e+03
4.815754e+02
-1.870375e+03
3.314398e+01
5.752654e+02
1.257037e+02
6.875179e+02
1.209321e+03
-9.596400e+02
-1.797108e+02
2.495271e+02
-1.659005e+03
1.673535e+03
-2.606495e+02
6.893391e+02
-2.847271e+02
7.087026e+01
9.840038e+02
-9.303108e+02
1.719446e+03
-1.047143e+02
3.356763e+02
-1.120340e+02
-2.326505e+02
1.180413e+02
-3.818665e+02
2.914180e+02
3.351177e+02
-3.486271e+02
-8.085138e+01
-1.108071e+03
6.156401e+02
6.109119e+01
-5.452640e+01
4.422487e+02
7.826595e+01
-2.223703e+02
2.021516e+02
2.792325e+02
3.632277e+02
1.437631e+02
4.269638e+02
-2.592238e+02
1.378175e+01
1.029067e+03
-2.441354e+02
4.171039e+02
4.504317e+02
2.137919e+01
1.964143e+02
4.235215e+01
1.392402e+02
-7.338978e+01
1.015350e+02
3.405518e+01
-5.582261e+02
2.167589e+02
2.474459e+02
1.685915e+01
3.520657e+02
3.734722e+02
4.421554e+01
-3.918437e+02
-2.409369e+02
2.030392e+02
1.216986e+02
-1.223218e+02
-2.157397e+02
1.689595e+02
2.621475e+02
-4.020804e+01
-8.948009e+00
1.161558e+02
2.022066e+01
8.928448e+01
1.512139e+02
-8.500610e+00
8.189384e+01
8.387815e+01
7.025436e+01
8.601509e+01
-2.009802e+01
-6.247263e+01
-6.804472e+01
-1.533282e+01
-5.293553e+01
3.757363e+01
4.440080e+01
7.525670e+01
2.811292e+01
6.449828e+01
-3.246406e+01
9.138167e+01
-6.687296e+01
-3.177594e+01
-1.310108e+02
-5.103975e+01
-4.464691e+01
-5.121077e+01
1.472048e+01
-6.496351e+01
6.424341e+01
-5.191716e+00
-4.973344e+01
-4.618407e+01
-9.978268e+00
-4.676760e+01
2.968928e+01
2.144406e+00
-4.119688e+01
8.469968e+01
-3.405861e+01
2.874015e+01
4.148856e+01
-2.034213e+00
1.656801e+00
-3.660059e-01
-4.457761e-03
3.357670e-02
7.202130e-01
4.930303e-01
-1.217182e+00
3.266630e-02
-2.957894e-01
-3.749581e-01
-1.223925e+00
9.619261e-02
1.573978e-01
-2.289693e-01
2.814892e-02
3.744438e-02
1.438517e-01
1.363053e-01
-4.357222e-01
-8.255590e-03
2.563194e-01
-1.014804e-01
1.805052e-01
-2.407662e-01
4.172296e-03
-5.316171e-02
-3.623274e-02
1.670968e-02
