1.210822e-03
2.969733e-01
4.812740e-01
4.067556e+01
1.563197e+02
-2.536847e+01
3.431411e-04
-1.479329e+05
-4.161003e+05
2.003163e+05
-1.925723e+04
-1.135029e+05
7.696766e+04
-2.142934e+05
1.587504e+05
-1.228834e+05
1.056262e+05
1.210896e+05
1.099314e+05
3.913156e+03
9.732828e+02
-9.549080e+04
-7.170130e+03
5.222092e+04
-1.859683e+04
-3.016244e+04
3.812410e+04
-2.339574e+03
-4.469744e+04
3.479108e+04
-9.976012e+04
1.567416e+04
-4.814583e+04
-4.987218e+04
1.944234e+04
4.361503e+04
1.875081e+04
-1.486022e+03
2.063287e+04
-4.309671e+04
-4.480852e+03
-3.498470e+03
-6.189477e+03
-4.939950e+03
8.686723e+03
-1.531260e+04
5.989621e+03
6.414836e+03
-1.538506e+04
-1.010388e+04
1.318790e+04
1.766441e+04
-3.010689e+03
3.234594e+03
-2.602433e+03
3.573754e+03
4.171561e+03
1.185766e+04
-4.206869e+02
-1.202056e+04
-7.161661e+03
-4.796784e+03
-4.398066e+03
-1.145116e+04
-4.291646e+03
7.207651e+03
4.318664e+03
3.897729e+03
-6.717957e+03
-1.021612e+03
3.424887e+03
2.434796e+03
-2.737442e+02
-2.034412e+03
-1.945655e+03
4.241750e+03
2.082112e+03
-1.919521e+03
-4.964069e+03
3.171153e+02
-2.910354e+03
3.391251e+03
-2.157992e+03
3.077028e+03
1.275476e+03
1.000411e+03
4.293190e+01
6.897990e+02
2.126866e+03
-9.239881e+02
6.231219e+02
-2.533965e+03
2.693159e+03
2.416787e+03
-1.865092e+03
2.071454e+03
4.940659e+02
1.304166e+03
-1.744387e+02
2.391911e+02
-9.714174e+02
-1.387037e+03
6.627025e+02
-2.648452e+02
1.512222e+03
-1.051881e+03
1.551035e+03
-1.832812e+03
1.140401e+03
8.712104e+02
-7.133842e+02
2.440767e+03
-6.300068e+02
8.652708e+02
-1.146802e+03
2.572639e+02
2.222066e+02
-5.992120e+02
-2.535349e+02
7.313562e+02
-6.485710e+02
-3.091731e+02
8.992774e-01
3.488958e+02
6.640339e+02
-4.116575e+02
1.095768e+02
1.446010e+02
2.215002e+02
-4.864039e+02
1.850455e+02
3.122379e+02
4.359018e+02
3.956753e+02
-8.599815e+01
1.915378e+02
5.025127e+02
-1.295234e+01
6.338810e+01
-2.443705e+02
2.282999e+01
-9.296278e+01
-1.213289e+01
3.156757e+02
5.488019e+01
3.377038e+01
2.100982e+02
-2.308829e+02
5.488319e+01
1.958583e+02
3.283209e+01
6.405366e+00
4.808157e+02
1.492864e+02
-1.801965e+02
1.416798e+02
5.624515e+01
3.318807e+02
-2.412604e+02
-1.722765e+02
3.472402e+02
8.937511e+01
1.064960e+02
1.431614e+02
-1.147701e+01
-1.808757e+01
-6.033027e+01
1.580874e+02
-7.000944e+01
9.106795e+01
2.378520e+01
6.633527e+01
1.280300e+02
-7.184353e+01
-1.981676e+01
-4.347187e+01
-1.344615e+02
-2.106425e+01
-1.393500e+02
-9.359019e+00
-1.934290e+01
1.527293e+02
-8.876493e+00
2.949605e+01
3.556721e+01
2.826437e+01
1.123364e+02
-5.082542e+01
-1.700629e+02
-1.838091e+01
2.756265e+01
3.857512e+01
-4.890839e+01
9.176432e+01
1.530665e+01
1.180161e+01
-5.982967e+01
-1.914277e+01
2.372472e+01
-8.088508e+00
6.518222e+00
-5.738787e+01
-7.217372e+00
-9.079850e+01
5.322489e+01
1.866360e+01
-2.150748e+00
3.250488e+00
-3.159481e-01
-3.683112e-01
3.928016e-01
-7.218440e-01
-9.536108e-01
-6.391314e-01
4.296080e-02
-1.665490e-01
-1.207561e-01
-1.011665e+00
-6.664548e-02
3.743645e-02
-1.969469e-01
7.613995e-02
2.806721e-02
-1.387474e-01
-9.834546e-02
-4.560460e-01
1.310612e-02
1.945035e-01
-1.060166e-01
1.244214e-01
-1.469875e-01
8.832733e-02
-3.311633e-02
-1.018184e-01
2.545130e-02
