4.200053e-01
-7.764508e-01
-3.481211e-02
4.750222e+01
1.333500e+02
-2.400779e+01
3.595160e-04
-3.490082e+04
2.365710e+05
1.421989e+04
-2.213176e+04
-1.652593e+03
-1.670621e+05
2.682916e+03
3.494993e+04
-3.088342e+04
-8.590931e+03
9.040983e+01
2.272908e+04
-8.127867e+04
8.396418e+02
1.183628e+04
8.425523e+04
-2.810450e+04
5.179453e+04
-2.709116e+03
-2.725204e+04
-1.224629e+04
-3.668753e+04
-4.660106e+04
3.535388e+04
1.994328e+03
1.699490e+04
-3.355337e+03
-2.336796e+04
-1.200965e+04
9.340823e+01
-8.123998e+03
1.381751e+03
-9.538044e+03
-7.960801e+03
-5.693087e+03
-2.764764e+03
-7.640196e+03
4.991713e+03
-5.144045e+03
1.036606e+03
6.996642e+02
3.853594e+03
-4.603689e+03
-9.610841e+03
-3.205617e+03
3.678247e+03
8.041236e+03
-1.201326e+04
3.261140e+03
7.539453e+02
7.087061e+03
-1.700452e+03
-7.475642e+03
-2.536749e+03
-1.793647e+02
-2.891573e+02
-7.944039e+02
3.061095e+03
-7.838696e+02
2.958216e+03
-1.343003e+03
8.906852e+02
3.503345e+03
4.151987e+03
1.263768e+03
-1.391432e+02
1.621246e+02
7.867676e+02
9.706690e+01
1.252887e+03
1.865440e+03
-4.716744e+03
-2.207910e+03
3.264680e+03
-3.721867e+02
-2.884628e+01
1.472108e+02
3.331105e+03
9.594225e+02
-3.192902e+03
6.421790e+02
-1.441494e+03
1.421694e+03
-5.323729e+02
2.192943e+02
5.428847e+02
9.653080e+02
-1.063621e+03
6.147592e+02
9.901706e+02
-4.874390e+02
-2.120097e+02
-1.014510e+02
-4.988567e+02
7.935148e+01
-4.661298e+01
-2.681555e+02
-3.958770e+01
-5.811875e+02
1.149916e+02
1.384918e+03
-3.314554e+02
2.196523e+02
-1.010581e+02
-1.429212e+02
-5.595834e+02
4.855419e+01
2.969935e+02
-5.119499e+02
-6.677172e+02
8.625839e+01
-4.789110e+02
5.613716e+02
-3.435108e+02
1.318214e+02
-5.753060e+02
4.172382e+02
-1.328454e+02
4.596889e+02
-3.767376e+02
1.466899e+01
-2.239680e+02
3.890276e+02
2.104083e+02
4.917289e+02
8.291222e+01
3.553415e+02
-5.365711e+00
-2.848496e+01
3.615434e+02
-6.577728e+01
-9.657757e+01
5.755156e+01
-1.257368e+02
-4.084166e+02
2.127651e+01
3.059755e+01
5.132261e+01
2.302899e+02
-5.090405e+02
-4.589948e+01
7.652816e+01
9.479815e+01
-5.346898e+01
1.974588e+02
-5.178619e+01
-4.429222e+01
-2.552262e+01
-6.538765e+01
2.024433e+02
-9.562303e+00
6.504311e+01
1.541339e+02
6.232893e+01
4.150626e+01
-3.196379e+01
3.889656e+01
-6.358322e+00
3.429069e+01
-6.189378e+01
7.734235e+01
3.195922e+01
-1.413090e+02
8.338090e+01
8.534689e+01
-5.949725e+01
1.467426e+01
-3.811655e+01
2.413010e+01
8.196580e+01
4.000680e+01
-2.947798e+01
5.490942e+01
2.349238e+01
-1.145142e+01
1.080463e+01
1.209185e+01
4.294336e+01
-6.569271e+01
-1.293628e+02
-1.065225e+01
-1.201485e+01
-3.938148e+01
2.262998e+00
-1.384820e+00
7.934385e+01
-2.913839e+01
4.664806e+01
-5.118524e+01
2.262415e+01
4.397931e+01
-2.591577e+00
1.660171e+01
2.708376e+01
3.591699e+00
5.800611e+01
1.821992e+00
-9.554778e+00
1.398992e+01
4.867031e-02
-5.266423e-01
8.096786e-01
-4.243754e-01
8.587141e-02
3.956274e-02
2.016311e-01
-3.317316e-01
-2.268099e-01
-3.308821e-02
6.289414e-02
8.933304e-02
3.761330e-01
-1.090190e-01
-1.578749e-01
1.776675e-01
9.184380e-02
6.134028e-02
1.268749e-02
-3.739657e-03
-1.599036e-01
1.042552e-01
5.280384e-02
4.351585e-02
-9.108683e-02
-1.185425e-03
6.415886e-02
-4.043807e-03
6.289749e-03
