7.328811e-02
-1.485004e+00
-3.249201e-01
5.973333e+01
1.828862e+02
-9.991066e+00
3.647757e-04
-5.871094e+04
-4.296462e+05
2.834178e+05
-1.369636e+04
-1.422647e+05
2.267476e+04
8.526367e+04
-1.435567e+05
-2.727002e+05
-8.130694e+03
6.147441e+04
1.333694e+05
-7.947851e+03
2.255477e+04
-2.108928e+03
-7.820853e+04
9.475987e+04
1.786364e+01
-3.442490e+03
-2.979101e+04
1.121853e+04
-4.527767e+04
2.171107e+02
-7.967061e+04
-2.027909e+04
-4.793529e+04
-4.939291e+04
9.735919e+02
3.169051e+03
-1.002491e+04
-3.110054e+03
3.488208e+04
-3.767738e+04
4.048202e+04
-1.214748e+04
-1.928227e+04
2.670213e+03
-3.433994e+03
-1.346963e+04
4.153919e+03
1.675626e+04
-9.976153e+03
-1.044277e+04
1.316807e+04
2.429083e+01
4.710161e+03
-1.830387e+04
-2.273757e+03
4.483223e+03
4.666501e+03
9.268682e+03
4.173639e+03
-1.366799e+04
-5.066422e+03
-2.585465e+03
-6.969396e+03
-5.353724e+03
-2.915179e+03
6.338424e+03
4.169063e+03
1.969035e+02
-4.390054e+03
1.139455e+03
-3.463118e+03
2.820628e+03
1.305590e+03
3.349097e+03
3.232055e+03
2.811939e+03
5.993800e+03
2.061030e+02
-5.060692e+03
-2.536741e+02
-3.561251e+02
2.524604e+03
-3.146039e+03
4.415923e+03
9.813819e+02
4.187171e+03
3.595855e+02
-6.835823e+02
-7.816089e+02
-6.307300e+02
7.681829e+02
-1.494680e+03
2.446650e+03
2.566285e+03
-1.719812e+03
9.396630e+02
1.361763e+03
1.077132e+03
8.672949e+02
-1.389223e+01
-3.552369e+02
-6.610649e+02
7.162347e+02
-3.919505e+02
9.643406e+02
-1.842493e+03
2.918234e+03
-7.215898e+02
1.507196e+03
1.905328e+03
-5.069287e+02
1.870019e+03
5.539745e+02
7.907031e+02
-2.995194e+02
1.266012e+03
6.531919e+01
-1.186780e+02
-2.065446e+02
6.999330e+02
6.357014e+02
6.986068e+01
2.521790e+02
5.796454e+02
-2.316264e+02
-2.983598e+02
2.011443e+02
7.068110e+02
-1.510578e+02
-7.655668e+02
4.186684e+02
3.375477e+02
1.587978e+02
9.347295e+01
2.344260e+02
-1.806824e+02
-4.353868e+01
-2.938813e+02
3.727102e+01
-4.824149e+02
-3.343659e+02
6.063848e+02
-2.962127e+01
1.620443e+02
-3.993808e+01
-1.559122e+02
2.923285e+02
-2.145315e+02
8.253851e+01
4.688086e+02
-1.226371e+02
1.505193e+02
1.479503e+02
6.216812e+01
-4.520094e+01
4.488479e+01
-1.705894e+02
2.671925e+02
-1.495381e+02
-3.194798e+02
9.977653e+01
-1.197999e+02
3.209155e+02
-1.559498e+02
-8.523380e+01
-7.056050e+01
-9.049883e+01
3.011310e+01
9.991293e+01
5.617089e+01
1.830566e+02
9.847603e+01
-6.097594e+01
-6.246645e+00
1.251928e+02
-1.132413e+02
-8.019007e+01
-8.418055e+01
-9.386130e+01
8.736401e+01
7.017017e+01
1.965585e+02
-6.062616e+00
3.108307e+01
4.720165e+01
6.237791e+01
8.691747e+01
8.701153e+00
-5.530565e+01
1.162700e+02
3.046543e+01
3.384750e+01
-1.456097e+02
6.641627e+01
3.631512e+01
3.684122e+01
-5.590601e+01
-8.887750e+01
3.427498e+01
-1.561065e+01
8.728357e+00
-9.260316e+01
-1.801336e+01
-3.738915e+01
5.673146e+01
1.010532e+01
-1.185027e+00
3.634682e+00
-6.047832e-01
9.411508e-01
2.721385e-01
-2.739836e-01
-9.494659e-02
-2.398394e-01
-4.303287e-02
-5.473542e-01
-5.006789e-02
-1.947853e-01
-1.282140e-01
3.452210e-03
1.629617e-01
8.088873e-02
-3.573219e-02
4.289423e-02
6.069136e-02
1.226768e-01
2.690581e-01
3.778123e-03
8.976060e-02
-2.394618e-02
1.108190e-01
1.421239e-01
-7.865801e-02
-1.537805e-01
6.429792e-02
