-3.113147e-01
-3.826173e-01
2.593008e-01
5.091555e+01
2.020325e+02
-2.290835e+01
3.510093e-04
-1.638000e+05
-3.048724e+05
1.595940e+05
2.224358e+05
5.015227e+04
1.605586e+05
-1.798214e+05
-2.430327e+04
-2.162395e+05
1.282074e+04
-4.237381e+04
1.061902e+05
-1.566700e+05
-5.374047e+04
-2.449131e+04
1.980147e+04
1.030071e+05
2.287368e+04
-8.673314e+04
-1.163911e+04
1.075980e+04
-3.547264e+04
2.925267e+04
-7.791842e+04
5.377396e+04
1.008692e+04
-7.638295e+04
4.239990e+04
1.756804e+04
3.957584e+04
1.401342e+04
-1.484282e+04
-1.258388e+04
-7.072998e+03
-1.630223e+04
-2.650444e+04
2.237850e+03
1.839595e+04
3.953702e+02
-4.861881e+03
-2.519446e+03
-3.239107e+03
-6.597946e+03
2.597240e+03
3.493566e+02
9.914675e+03
-1.552791e+03
-1.599742e+04
5.010075e+03
1.424142e+03
5.807863e+03
-6.232537e+03
-6.551784e+03
-1.272252e+04
-5.228637e+03
2.258935e+03
-7213
5.145512e+03
6.883161e+03
5.743719e+03
6.935563e+03
-9.918561e+03
2.243835e+03
3.902559e+03
3.726608e+03
5.917376e+02
2.451718e+02
2.212314e+03
1.997524e+03
4.258155e+03
4.402847e+02
-6.384573e+03
-3.256124e+03
-1.071598e+03
5.441227e+02
-6.875895e+03
9.877429e+02
2.869697e+03
4.258724e+03
-8.785215e+02
3.801387e+02
-1.414594e+03
-5.970547e+02
3.949521e+02
-1.008110e+03
2.794206e+03
3.813963e+03
-2.948553e+03
1.551731e+03
2.999582e+03
1.858047e+03
6.933741e+02
-3.357314e+02
-2.305164e+03
-8.825818e+02
-4.419084e+02
-6.371359e+02
1.412688e+03
-1.911698e+02
2.163295e+03
-2.044634e+02
8.330209e+02
1.893644e+03
-5.302276e+00
2.683272e+03
2.637758e+01
9.501641e+02
-5.219786e+02
-7.743828e+02
2.512175e+02
-2.121599e+02
-3.958004e+02
6.458433e+02
-6.207814e+02
-3.047651e+02
-7.516425e+02
5.841564e+02
2.314981e+02
-4.656824e+02
-5.134249e+02
5.424847e+02
2.196920e+02
-4.769938e+02
3.518726e+02
1.418314e+02
6.486017e+02
7.471299e+02
-4.883173e+02
-1.407507e+02
7.041260e+02
-1.640054e+02
-4.435310e+01
2.883942e+02
-2.277881e+01
-3.187963e+01
-2.025610e+02
1.039918e+01
-5.991866e+01
2.445611e+02
-3.695652e+01
-2.661807e+02
2.843582e+02
3.873751e+02
1.694965e+02
-9.221106e+01
3.957387e+02
3.152344e+02
-1.394001e+02
7.809276e+01
1.342601e+02
2.716116e+02
-2.066457e+02
2.287712e+01
1.894738e+02
-7.605624e+01
1.748538e+02
1.733025e+02
1.919698e+02
-1.150596e+02
-3.200322e+01
4.106729e+01
1.290737e+02
1.411833e+01
6.414914e+01
1.528793e+02
-8.289916e+01
1.750945e+01
-7.874973e+01
-4.723728e+01
-1.114449e+02
-6.539118e+01
5.169315e+01
7.506736e+01
5.761897e+01
-5.585504e+01
-2.097054e+01
9.478832e+01
7.373023e+01
3.504580e+01
8.775745e+01
-8.827776e+00
-7.907703e+01
1.096025e+02
-2.106111e+01
-1.099729e+01
1.584472e+01
4.421357e+01
3.236332e+01
3.344228e+01
-4.003566e+01
-5.117218e+01
5.013433e+01
2.653636e+01
-4.468589e+00
-3.055822e+01
4.494018e+00
-2.969828e+01
1.912138e+01
3.139832e+01
-1.724080e+00
3.130122e+00
-1.129642e+00
3.241840e-01
2.275286e-01
-9.405560e-01
-5.055342e-01
-5.053433e-01
-7.379634e-02
-8.317015e-01
-2.584361e-01
-3.782053e-01
9.197637e-02
2.314832e-01
1.083041e-01
2.879836e-01
2.450299e-02
1.742730e-01
7.506222e-02
-2.895940e-01
7.170096e-02
6.481905e-02
4.064052e-02
-5.239457e-02
-1.900099e-01
2.964261e-03
1.701394e-01
-9.040619e-02
6.402432e-03
