-3.989804e-01
-1.259043e+00
-4.141374e-01
5.518222e+01
1.760163e+02
-7.717401e+00
3.488527e-04
-1.154540e+05
-5.377258e+05
2.238304e+05
3.210070e+05
5.357950e+04
2.897535e+05
-1.556583e+05
3.756391e+04
-1.276418e+05
1.074830e+05
9.950966e+04
-2.848826e+03
-4.147800e+04
-3.837687e+04
-1.569853e+05
5.460862e+04
3.436574e+03
2.817897e+04
-6.506690e+04
3.739605e+04
-3.878596e+04
-1.339062e+04
-1.028606e+04
-1.399666e+05
2.192016e+03
-4.010083e+04
-3.651065e+04
2.980455e+04
1.272827e+04
8.462453e+03
1.591561e+04
-1.187155e+04
-1.068519e+04
-8.667453e+03
-5.650074e+03
-1.266431e+04
-1.814272e+03
2.886764e+04
-5.058696e+03
-5.936405e+03
1.030163e+04
-1.522016e+04
-5.682741e+02
1.010845e+04
-3.774832e+03
-1.320815e+03
-4.365206e+03
-3.287497e+03
1.361102e+03
-1.358004e+03
1.152147e+04
-2.797878e+01
-1.204455e+04
-2.344450e+03
-1.951317e+03
-4.276672e+03
-9057
-2.770225e+02
4.481588e+03
2.123491e+03
6.999854e+03
-7.752938e+03
1.469749e+03
7.679404e+03
3.154108e+03
-1.862032e+03
3.453981e+01
1.450403e+03
4.424495e+03
4.340637e+03
1.925100e+03
-5.502360e+03
1.438917e+03
-2.483498e+03
-1.000700e+03
-1.944522e+03
-2.006318e+01
1.898706e+03
2.658529e+03
1.096069e+02
-2.353150e-01
-5.045108e+02
-9.339487e+02
-1.046739e+02
-2.167317e+03
2.282151e+03
2.410409e+03
-6.882797e+02
1.428860e+03
1.511111e+03
5.811440e+02
4.586483e+02
1.017440e+03
-4.962974e+02
-6.213152e+02
6.400049e+02
-1.415250e+03
1.380212e+03
-8.936746e+02
1.503282e+03
-5.454610e+02
8.206412e+02
3.834068e+02
-2.260583e+02
2.184717e+03
7.107989e+01
8.144813e+02
-8.159255e+02
-3.447379e+02
-3.139262e+01
-3.029063e+02
-4.388972e+02
2.360548e+02
-5.900276e+02
-7.177627e+02
-5.902637e+02
6.493495e+02
5.412039e+02
-7.842283e+02
-1.158860e+02
3.351685e+02
2.824724e+02
-7.836019e+02
2.110238e+02
1.408040e+02
3.822932e+02
2.228698e+02
-3.550380e+02
2.175961e+02
6.236916e+02
-1.683234e+02
1.980898e+02
1.561475e+02
4.135345e+02
8.731091e+01
-9.978162e+01
3.289408e+02
-3.339135e+01
5.968880e+01
3.406292e+02
-2.562065e+02
1.705162e+02
1.059614e+02
2.382765e+02
-7.831757e+01
1.993811e+02
6.211118e+01
-2.651543e+02
2.343227e+01
1.845813e+02
2.143591e+02
-3.959692e+02
-3.429064e+02
3.602774e+02
4.858412e+01
6.715977e+01
1.885910e+02
5.261264e+01
-6.769733e+01
3.205061e+01
5.114952e+01
-2.184273e+02
1.495477e+02
4.888461e+01
2.310433e+02
1.464607e+02
-9.805217e+00
1.893004e+01
-8.470835e+01
-7.333362e+01
-6.105135e+01
-1.105663e+02
-4.761574e+01
-2.862235e+01
1.641535e+01
-4.018679e+01
-5.792991e+00
6.473087e+01
-2.415140e+01
1.502130e+02
-1.756795e+01
-1.057637e+02
8.150764e+00
4.112546e+00
1.361423e+01
-8.399274e+01
1.169618e+02
3.762196e+01
1.643858e+01
-8.949300e+01
-4.238131e+01
-2.745194e+01
1.990369e+01
-6.589966e+00
-5.295995e+01
2.293388e+01
-8.398039e+01
6.293373e+01
3.125837e+01
-1.180788e+00
3.295791e+00
-1.221539e-01
4.927803e-01
8.602898e-02
-5.494934e-01
-5.202954e-01
-1.843689e-02
-1.242630e-01
-3.088551e-01
-3.414721e-01
-1.017332e+00
-6.957411e-02
1.310042e-01
-7.531478e-02
7.034828e-02
-5.878710e-02
-2.962186e-01
-1.811423e-01
-5.072801e-01
-1.577724e-01
-9.936441e-04
-2.036537e-01
-2.900224e-02
-3.022892e-02
4.532346e-02
-1.199447e-01
-1.747740e-01
1.582397e-02
