-8.027279e-02
-6.191747e-01
1.512211e-01
4.778667e+01
1.750027e+02
-2.454242e+01
3.558677e-04
-2.596358e+05
-7.180537e+04
4.650201e+05
-8.177747e+04
3.200071e+04
-3.287127e+05
-7.875462e+04
1.558096e+05
-2.853963e+05
1.476039e+05
-3.018516e+05
6.060377e+04
-2.082191e+05
-9.442368e+03
-3.799437e+03
-6.117399e+04
1.837155e+04
-1.516705e+04
-6.626770e+04
1.809532e+04
-1.193619e+04
-7.759889e+03
9.084393e+03
-2.086731e+04
1.871473e+04
6.306626e+02
-6.284916e+04
-3.165224e+04
-2.595956e+04
3.442123e+04
1.539874e+04
9.706814e+03
9.742573e+03
4.607867e+04
3.208065e+04
-8.554653e+03
-3.962535e+04
1.678160e+04
2.306582e+04
-1.283768e+04
-1.647930e+04
1.440561e+04
-8.870076e+03
2.432207e+04
3.623313e+03
1.831030e+04
4.194514e+03
-2.664919e+04
3.123923e+03
6.064964e+03
5.452491e+03
-1.190036e+04
-4.715145e+03
3.488348e+02
-2.449015e+03
-8.312061e+03
7.802762e+03
-4.514584e+02
2.798133e+03
-2.396050e+03
2.160663e+03
-3.943948e+03
1.002897e+04
1.669823e+03
6.289001e+03
2.728391e+03
-1.910805e+03
-6.812782e+01
4.385065e+03
2.805867e+03
4.186127e+03
-5.353574e+03
-4.098688e+03
-1.568193e+03
2.750805e+03
1.334229e+03
-5.668449e+02
5.957575e+03
5.410962e+03
-3.688610e+03
-3.650411e+03
2.421034e+03
1.786149e+02
2.578578e+03
-1.134897e+03
3.913780e+03
1.054571e+03
-7.461611e+02
5.568431e+02
8.885662e+02
1.905039e+03
6.492793e+02
-1.279678e+03
7.721008e+02
-1.098028e+02
-1.359947e+03
-1.312318e+03
-5.702310e+02
8.317874e+02
1.206834e+03
1.614322e+03
4.423011e+02
9.884954e+02
-1.061119e+03
1.568935e+03
1.237782e+02
1.087637e+03
8.320842e+02
-2.766058e+02
-1.001470e+03
-1.944076e+02
-9.309391e+02
2.621500e+02
-2.795956e+02
-2.121217e+01
-1.132203e+03
5.345537e+02
3.086071e+02
1.538639e+02
-8.112247e+02
1.764494e+02
-1.579632e+02
2.940158e+02
3.999100e+02
4.944136e+02
-1.066266e+02
4.574229e+02
-2.680995e+02
1.246391e+02
4.867112e+02
3.282907e+01
-2.638063e+01
8.632105e+00
-4.044402e+02
-2.491901e+02
-2.619141e+01
-5.329315e+02
-5.750178e+02
4.165898e+02
9.369044e+01
2.548345e+02
1.143701e+01
6.893209e+02
3.683702e+00
4.552192e+01
8.682709e+01
4.866317e+02
-7.646722e+01
-9.483593e+01
2.672830e+01
2.695517e+02
3.160229e+01
-2.961680e+02
-1.046087e+02
-1.546920e+02
3.220214e+02
-1.863653e+02
1.590364e+02
-1.163402e+02
-1.481836e+02
2.614192e+01
-8.084251e+00
2.139373e+01
7.062456e+01
9.687752e+01
-2.285333e+02
3.607691e+00
1.511577e+02
-1.113810e+01
1.109074e+01
-6.703455e+01
-7.374239e+01
1.473881e+01
8.437459e+01
2.092452e+02
8.215065e+00
8.884785e+01
1.934785e+01
-3.851787e+01
1.280733e+02
-1.983534e+01
7.301308e+01
-3.757922e+01
-1.276542e+01
4.166862e+01
2.716760e+01
5.629647e+01
-5.082167e+01
6.139583e+00
-1.132777e+02
-9.611983e+01
3.142925e+01
2.989398e+01
5.304570e+01
-7.668617e+01
-2.357818e+01
-7.975674e+01
4.885225e+01
2.790780e+01
-1.020212e+00
2.374439e+00
-1.214227e+00
-7.255193e-01
-3.396039e-01
1.557195e-01
-2.622320e-01
-9.464254e-01
2.123976e-01
-1.139890e+00
-7.580304e-02
-6.959636e-01
2.955951e-01
-1.793071e-01
-1.338792e-01
5.050251e-01
2.656812e-02
4.436318e-02
7.573039e-02
-2.171803e-01
-7.090629e-02
-2.422751e-01
-4.160403e-02
-3.276119e-01
-2.534696e-01
-1.234540e-01
2.359817e-01
-1.275869e-01
3.359847e-02
