-1.694974e-01
1.049375e+00
-1.502857e-01
5.319111e+01
1.844542e+02
-1.616129e+01
3.449126e-04
-9.616203e+04
-4.485192e+05
9.539815e+04
2.797284e+05
5.688482e+04
1.560373e+05
-5.199480e+04
9.536638e+04
-1.785989e+05
-3.073734e+04
-6.324718e+04
2.015018e+04
-5.346503e+04
-9.397371e+04
-7.981033e+03
4.842654e+04
-5.237423e+03
-2.595871e+03
-4.637401e+03
26145
1.171354e+04
-2.183180e+04
3.309407e+04
-8.475195e+04
2.189174e+04
-4.503131e+03
-6.274888e+04
4.712847e+04
6.176832e+03
6.867095e+03
1.203360e+04
-6.180725e+03
-2.126148e+03
1.101651e+04
9.289432e+02
-3.645118e+04
-8.500478e+03
2.380755e+04
1.482521e+03
-4.691755e+03
1.751600e+04
-1.237888e+04
-9.232245e+03
1.228744e+04
-4.341575e+03
1.516045e+04
-1.231822e+04
-1.160817e+04
8.550583e+03
8.253351e+02
1.130420e+04
-1.631342e+03
-1.402407e+04
1.509660e+03
8.694641e+02
-8.932971e+02
-5.385381e+03
9.623160e+01
7.798267e+03
7.725886e+03
4.699616e+03
-8.663181e+03
4.959620e+03
4.263429e+03
-8.754273e+02
-2.491589e+03
1.452391e+03
1.581902e+03
1.904848e+03
4.194438e+03
3.270135e+03
-5.716301e+03
-1.009546e+03
-1.480846e+03
5.327326e+02
-2.415281e+03
1.595301e+03
5.594560e+03
3.111098e+03
-1.568536e+03
-9.690118e+02
-6.840277e+02
-2.254479e+03
5.089548e+02
-5.362567e+02
2.330790e+03
2.833454e+03
-2.771885e+03
9.158819e+02
1.300429e+03
1.749866e+03
-5.649544e+01
5.792242e+02
-1.322444e+03
-1.423973e+02
-6.954749e+02
-1.467640e+03
7.121970e+02
2.942729e+02
1.525555e+03
-1.049282e+02
-8.173988e+01
1.496584e+03
-9.036929e+02
2.644748e+03
-6.720834e+02
1.496472e+03
4.579610e+02
-8.468970e+02
9.389165e+01
-5.897994e+02
6.865410e+01
2.322251e+02
-2.487327e+02
-3.973728e+02
-6.518458e+02
5.595117e+02
7.236780e+02
-5.433524e+02
-1.141703e+02
2.732814e+02
4.425250e+01
-6.818625e+02
5.117405e+02
2.190766e+02
2.120126e+02
3.750739e+02
-4.426724e+02
2.853140e+02
7.877842e+02
-4.741219e+02
1.568912e+02
3.906486e+02
-3.401836e+01
1.065366e+02
-2.969130e+01
5.229453e+01
-1.145780e+02
1.129700e+02
2.345860e+02
-2.420165e+02
1.924958e+02
1.011118e+02
1.017934e+02
1.713246e+02
4.618044e+02
5.959270e+01
-2.949485e+02
-1.266915e+02
1.418165e+02
1.860693e+02
-3.989742e+02
-2.675712e+02
3.165795e+02
-8.732486e+00
2.297328e+02
1.431655e+01
1.414821e+02
-1.101475e+02
3.375632e+01
-5.363549e+01
4.975195e+01
2.149180e+02
1.283593e+02
2.791537e+01
-1.597406e+01
4.952287e+01
5.102814e+01
-4.791613e+01
-7.371917e+01
-5.848639e+01
2.289643e+01
1.369634e+00
-3.850806e+01
2.177922e+01
-6.171894e+00
5.620868e+01
7.644390e+01
-3.202154e+01
9.516151e+01
-5.809544e+01
-6.104042e+01
8.653087e+01
8.230916e+00
3.383520e+01
-5.743558e+01
6.062184e+01
-7.382124e+00
4.346368e-01
-6.849268e+01
-6.363031e+01
1.509416e+01
3.571733e+01
-2.633405e+01
-7.670651e+01
1.386672e+01
-2.558688e+01
4.535397e+01
4.105825e+01
-1.974385e+00
3.746455e+00
-4.051969e-01
1.231769e+00
1.749433e-01
-2.078371e-01
2.185152e-01
-7.145091e-01
-2.057603e-01
-7.630482e-01
-5.398301e-01
-7.663534e-01
3.908823e-02
8.889949e-02
-1.069877e-01
6.467916e-02
2.365015e-02
1.970453e-01
1.551626e-01
-2.414805e-01
1.838883e-01
1.111097e-01
3.985779e-02
-6.605095e-02
-1.106839e-01
4.928689e-02
8.975025e-02
-2.099801e-01
2.258648e-02
