-4.927003e-01
-3.689797e-01
8.689035e-02
5.888000e+01
2.193414e+02
-2.370199e+01
3.734599e-04
-2.895483e+05
6.628192e+04
7.556826e+05
-2.241043e+05
5.126673e+04
-1.041928e+05
-1.423150e+05
2.316028e+05
-1.626970e+05
1.189721e+05
-1.183559e+05
-2.095040e+04
-9.546905e+04
2.345201e+04
6.347768e+04
-7.319205e+04
-2.561958e+04
-3.895768e+04
-7.272638e+04
-8.459106e+04
-75474
4.678626e+03
-3.020705e+04
-4.499231e+04
-4.150013e+04
-1.627213e+04
-1.279164e+04
2.074364e+04
-4.357536e+03
3.575188e+04
8.859501e+02
1.728763e+04
-9.185087e+03
2.333859e+04
-1.763610e+04
-2.948428e+04
-1.235292e+04
1.324035e+04
2.215421e+04
1.281564e+03
1.221611e+04
-1.192254e+04
-1.636077e+03
2.776429e+04
-8.470095e+03
1.707871e+03
9.177335e+03
-4.850237e+03
-9.159433e+03
6.924479e+03
3.534979e+03
-6.139449e+03
-9.434828e+03
-1.467135e+03
1.594904e+03
-3.748845e+03
5.203040e+03
-3.032543e+03
4.289859e+03
6.346228e+02
7.458206e+03
-4.413469e+03
4.535086e+03
2.697337e+03
5.261379e+03
7.733665e+01
1.217143e+03
1.658649e+03
8.974964e+02
4.239761e+03
2.073112e+03
-4.853251e+03
-2.066839e+03
-2.380015e+02
-1.792655e+03
-1.776439e+03
-8.577429e+01
1.077530e+03
4.775492e+03
-1.218227e+03
-6.908956e+02
-9.232364e+02
-1.655335e+03
4.953376e+02
-1.249126e+03
1.929270e+03
2.851354e+03
-8.181632e+02
5.934487e+02
2.880360e+03
-5.651563e+02
-1.792943e+02
-4.606851e+01
-1.531320e+03
-8.225215e+02
-1.123157e+03
-1.007688e+03
-1.382715e+02
4.869208e+01
1.082647e+03
1.050483e+03
1.136797e+03
1.198075e+03
1.240760e+03
9.366709e+02
3.531834e+02
8.242538e+02
-2.185257e+02
-8.132924e+02
-1.588851e+03
-2.092190e+02
-1.284174e+03
7.531157e+02
-3.148362e+02
3.214592e+02
-7.896124e+02
7.164616e+02
2.425292e+02
-2.077162e+02
-7.341935e+02
4.885570e+02
-3.335301e+02
-8.943564e+02
2.244577e+02
2.138287e+02
-3.362109e+01
3.408799e+02
-5.051676e+01
5.983934e+01
4.983294e+01
-1.488365e+02
-1.817887e+02
2.764236e+02
-1.165360e+02
-2.770656e+02
-3.895910e+01
1.512453e+01
-1.830123e+02
1.501018e+02
-5.856294e+00
1.656442e+02
-1.613277e+02
2.755185e+02
2.772836e+02
-1.599167e+01
-2.301877e+02
1.265583e+02
1.180275e+02
-9.676299e+01
-3.319982e+01
2.263194e+02
-1.003656e+02
3.732833e+01
2.014557e+02
-1.497779e+02
9.328736e+01
-4.204016e+01
-8.784454e+01
-1.806779e+02
-2.929491e+01
-8.516787e+01
-2.485221e+02
3.873672e+01
1.177371e+02
1.654493e+02
1.058114e+02
1.200963e+02
6.380927e+01
-7.818364e+01
8.788200e+01
6.182322e+01
-6.409985e+01
9.955445e+00
1.300172e+02
5.003765e+01
-9.054842e+01
-4.284490e+01
-1.608206e+01
3.133576e+01
8.045347e+01
1.424172e+02
-2.796055e+01
9.215974e+00
-5.873901e+00
1.112020e+02
9.395730e+01
-3.249535e+01
1.299784e+01
-5.194520e+01
-8.894653e+01
-5.132902e+01
1.080993e+00
3.068523e+01
4.218419e+01
-9.018841e+01
-2.327629e+01
-9.088743e+01
1.761052e+01
1.262354e+01
-3.763486e-01
-5.207904e-01
-2.586408e-01
-1.103863e+00
-3.095620e-01
-5.382466e-01
-3.856123e-01
1.874683e-01
-1.822699e-01
-4.376301e-01
5.449892e-01
-3.731521e-01
2.054451e-01
1.625947e-02
8.606153e-02
2.482298e-01
-1.584268e-02
2.177516e-01
2.321571e-01
-4.753531e-02
7.852879e-02
-1.049268e-01
1.577524e-02
-1.301573e-01
7.242065e-02
5.180031e-02
1.080728e-01
4.310424e-02
3.370595e-02
