-3.328335e-02
-3.278835e-01
-6.568405e-02
3.925333e+01
1.696615e+02
-2.892726e+01
3.392313e-04
-1.079917e+04
-9.757241e+04
-3.475556e+05
2.006358e+05
3.106021e+05
-1.749776e+05
1.362982e+03
-5.652737e+04
7.483452e+04
7.457066e+04
2.249885e+03
8.921027e+04
4.972300e+04
-7.069652e+04
-2.513708e+04
-8.689872e+03
2.384696e+04
-2.678899e+04
3.992992e+04
1.369214e+04
6.246169e+04
3.675698e+03
-4.437123e+04
3.111209e+04
-2.414358e+04
-3.387741e+04
3.149193e+04
-1.984972e+04
6.023543e+03
-2.445304e+04
1.140798e+04
2.456386e+04
1.403472e+04
-4.273920e+03
1.147777e+04
1.111646e+04
3.667079e+03
-1.999832e+04
1.129342e+03
1.928651e+04
4.840500e+03
1.382261e+04
6.880328e+02
1.497416e+04
-8.336196e+03
-1.372278e+03
8.480954e+03
7.633172e+03
-3.379725e+03
6.708938e+03
-1.733302e+03
-1.059247e+03
-2.931006e+02
-2.886696e+03
3.125265e+03
3.464332e+03
3.809873e+02
-3.703228e+02
2.789211e+03
-2.104718e+03
-2.214454e+03
-4.829755e+03
3.980888e+03
1.166658e+03
-1.362830e+01
-4.319654e+03
-6.777106e+01
-3.077793e+03
-1.594561e+03
-4.458119e+03
-1.183239e+03
-5.198375e+02
-1.650785e+03
1.079049e+03
-9.965856e+02
1.524571e+03
1.495827e+03
9.035091e+02
-1.440457e+03
8.185054e+02
-1.980123e+03
9.721611e+02
3.198319e+02
1.652062e+03
-3.069488e+01
-1.077254e+03
-7.022260e+02
-5.283653e+02
2.063783e+01
-1.548419e+01
-5.522184e+02
-6.679424e+02
-1.226632e+01
2.627057e+02
-4.705372e+02
6.381880e+02
1.104716e+03
-5.632693e+02
-7.017277e+02
5.496370e+02
-1.787447e+02
1.248621e+02
-3.507796e+02
-6.899700e+02
-4.997695e+02
-6.990333e+02
-6.268648e+01
-8.769990e+01
5.265170e+02
-3.827621e+02
-1.434252e+02
-4.002033e+02
1.807927e+02
8.513049e+01
9.892078e+01
1.768235e+02
-3.987998e+02
1.283346e+02
6.704974e+01
1.281291e+02
-3.066971e+02
-2.779366e+02
-1.208919e+02
6.438651e+01
3.064119e+02
-1.124914e+02
-4.410707e+01
4.412172e+02
-1.939634e+02
-1.833624e+02
2.727356e+01
1.630614e+02
-4.957954e+02
-2.191507e+01
-1.282326e+02
1.165416e+02
1.976884e+02
1.569001e+02
1.816304e+02
3.234120e+01
1.244356e+01
1.747594e+02
9.609014e+01
9.371332e+01
-1.471576e+02
-3.867258e+01
-1.273700e+01
1.694669e+02
1.965841e+02
1.158971e+02
-7.501818e+01
1.335727e+02
7.035857e+00
-9.673390e+01
-6.613548e+01
7.183933e+01
1.766730e+01
-5.354248e+01
-1.276321e+02
-2.386257e+02
6.252990e+01
-6.417560e+01
-1.188203e+01
1.329616e+01
-3.788795e+01
1.672040e+01
-5.723913e+01
-3.706970e+01
-3.858293e+01
7.489111e+01
8.683826e+01
-3.945098e+01
-1.702574e+01
3.603436e+01
1.791880e+02
-7.756337e+01
2.241685e+01
-2.121066e+00
1.246068e+01
6.398451e+01
9.189175e+01
-5.879129e+01
-5.788426e+01
3.274965e+01
5.037988e+00
1.568049e+01
1.000673e+02
3.746507e+01
-2.401524e+01
-1.947082e+01
-1.483041e+01
-2.237321e+01
-1.897563e+01
6.045979e+01
-2.940135e+01
1.349287e+01
-1.734484e+01
5.849436e+01
-1.676258e+01
-5.757084e-01
2.018455e-01
-8.384695e-01
-7.867250e-01
-1.834677e-01
2.538203e-01
-2.988543e-01
-1.679005e-01
1.364159e-01
2.827982e-01
2.421878e-01
-2.630446e-01
-1.115147e-01
3.316918e-02
-1.048453e-01
-7.783578e-02
1.586320e-02
-2.843831e-02
-2.409545e-01
2.396885e-02
-6.008435e-02
-1.594977e-02
1.795395e-02
1.719288e-02
3.885825e-02
4.406035e-02
-8.256116e-02
-8.045403e-03
1.585457e-01
