-9.277658e-04
6.284400e-01
1.645722e-02
4.778667e+01
1.762947e+02
-2.380080e+01
3.537624e-04
2.331028e+04
-8.085271e+04
7.350887e+04
-1.538269e+05
-7.625189e+04
2.621704e+04
1.854672e+04
9.857634e+04
3.145136e+04
-2.823308e+04
-4.178161e+04
1.119833e+05
-74374
-1.545547e+04
3.607649e+04
8.197127e+03
9.433467e+03
-1.886388e+04
-2.938382e+04
-1.896430e+04
-1.116182e+04
-4.811499e+03
1.067604e+04
-4.151438e+04
-7.572093e+04
-1.173456e+03
-2.528956e+04
8.653647e+02
-2.721070e+02
-1.568530e+04
8.632599e+03
1.747809e+04
-1.408708e+03
1.727923e+04
7.137186e+03
-1.319066e+04
-8.416343e+03
-4.253491e+03
-7.367105e+03
7.862890e+03
1.025682e+04
-6.970862e+03
-4.995467e+03
2.036842e+03
4.956996e+02
-6.136262e-01
-2.964751e+02
-1.608883e+03
-3.561435e+03
-3.310496e+03
8.542423e+03
-1.165610e+03
-7.101063e+03
-4.493208e+03
2.182222e+02
-1.149309e+03
-1.623906e+03
1.077138e+03
3.257779e+03
2.113829e+03
-1.673597e+02
-2.159505e+03
2.176660e+03
1.221114e+03
3.541826e+02
-1.536592e+02
1.788976e+03
-7.630921e+01
-3.813101e+02
2.783839e+03
2.357385e+03
-3.277829e+03
-5.096917e+02
8.221005e+02
-2.032438e+03
-1.287621e+03
3.628630e+02
-2.080555e+02
2.418562e+03
-1.845935e+02
6.881609e+02
1.051576e+02
1.798810e+02
3.143904e+02
-2.706792e+02
1.366315e+03
1.634737e+03
-6.056363e+02
1.627385e+03
9.365040e+02
-7.686254e+02
-2.563882e+02
1.648843e+02
-5.330181e+02
-1.966016e+01
2.215293e+01
-2.385504e+02
-6.064088e+02
-4.234248e+02
1.749207e+03
2.990597e+02
6.001980e+02
7.091684e+02
5.795244e+02
1.415637e+02
-4.167597e+02
2.863413e+00
-3.924540e+02
4.361664e+02
-2.209935e+02
-9.990511e+01
-2.803546e+02
3.088070e+02
-1.467972e+02
-2.876952e+02
1.022144e+02
1.818477e+02
-1.682218e+02
-1.385827e+02
2.367803e+02
3.388234e+02
-1.965805e+02
-4.166784e+02
3.126938e+02
3.338265e+02
1.434171e+01
2.206625e+02
3.039827e+02
-2.892995e+02
7.257998e+00
-1.154019e+02
-1.106455e+02
-2.312707e+02
-1.485974e+02
1.370869e+02
9.047518e+01
9.812302e+01
7.455795e+01
-3.199831e+01
-1.761461e+01
-2.543429e+02
1.466601e+02
1.765851e+02
-3.993101e+01
6.987028e+01
-7.099134e+01
7.067854e+01
-4.261934e+01
-1.830976e+02
5.095629e+01
4.390258e+01
-1.306133e+02
1.420245e+01
9.475217e+01
-1.900470e+01
7.662509e+01
-5.517215e+01
-7.206513e+01
-5.789563e+01
-4.860709e+01
4.450096e+01
-3.607682e+01
-1.384160e+01
1.775013e+01
9.228506e+01
1.713309e+01
-3.705210e+00
1.076681e+02
-1.030235e+02
2.158901e+01
-1.838600e+01
-1.141953e+02
5.124374e+01
5.630057e+01
7.846764e+01
-1.266956e+01
2.364968e+01
4.365742e+01
-5.392878e+01
-1.658225e+01
3.813532e+01
-1.191419e+01
1.421440e+01
3.140043e+01
3.656751e+01
-1.891856e+01
1.515804e+01
3.921070e+01
-2.523838e+01
-1.543365e+01
-4.210860e+01
-5.433945e+00
-1.346503e+01
2.525591e+01
-3.338235e+01
-5.548313e+00
-3.324488e+00
1.627873e+01
-5.342304e+00
-6.305583e-02
1.219326e-01
-3.689682e-01
4.811326e-02
1.371749e-01
-1.086344e-01
3.492621e-01
3.251493e-01
-6.611077e-02
-8.414103e-02
-3.718664e-02
-4.099589e-02
4.788876e-02
-9.783579e-02
5.500331e-03
-1.574524e-02
-4.260740e-02
1.836346e-01
1.297719e-01
2.568701e-02
2.183764e-01
2.398085e-03
-2.099647e-02
-3.172213e-02
7.979467e-02
7.578695e-02
-3.743000e-02
-4.473601e-02
6.535757e-02
