-1.769362e-01
1.076688e+00
-3.714132e-02
5.120000e+01
1.806427e+02
-1.525503e+01
3.408655e-04
-3.103292e+05
-8.305005e+04
5.776126e+05
-1.284758e+05
7.101137e+04
-1.107179e+05
-8.446627e+04
1.802232e+05
-2.178825e+05
7.667095e+04
-4.147329e+04
6.141298e+04
-3.146141e+04
2.127280e+04
-3.803308e+04
-1.638831e+04
-1.055318e+04
-7.643180e+03
-5.694364e+04
2.425218e+04
-1.550831e+04
4.433094e+03
7.736533e+03
-5.204008e+04
2.067433e+04
-1.049217e+04
-2.695420e+04
-1.149819e+03
1.543794e+04
4.156550e+04
3.886821e+03
-6.054599e+03
-1.050554e+04
2.865475e+03
-6.874909e+03
-1.666125e+04
-2.708793e+04
1.689794e+04
-1.586296e+03
-4.947557e+03
6.489645e+03
-1.351148e+04
-4.213981e+03
1.274928e+04
1.331049e+03
1.575828e+03
-9.482812e+02
-8.569158e+03
1.002616e+04
3.182539e+03
1.372928e+04
-4.165849e+03
-1.063066e+04
-7.863628e+03
4.685099e+03
-2.424977e+03
9.649137e+02
-2.811979e+03
6.115176e+02
-2.534214e+02
9.745857e+03
-3.672109e+03
1.586466e+03
2.289245e+03
3.986389e+03
1.565504e+03
-1.309721e+03
-1.017060e+03
2.867892e+02
1.828407e+03
9.938508e+01
-5.143379e+03
4.785773e+01
-3.611217e+03
3.091724e+01
-1.726037e+03
6.620370e+02
2.302069e+03
1.014684e+03
-1.378865e+03
-7.401709e+02
3.767677e+02
-1.354728e+03
9.248989e+02
-7.248997e+02
2.303902e+03
2.689913e+03
-3.344770e+02
1.299193e+03
2.242923e+03
-5.704573e+02
-4.115754e+02
-3.619011e+02
-9.068964e+02
-1.035646e+03
8.560939e+01
-2.013539e+03
6.671982e+02
-9.047599e+02
1.368738e+03
7.825100e+02
1.499805e+03
1.414612e+03
5.266324e+02
1.856544e+03
5.488201e+00
8.737631e+02
-1.810665e+02
-3.286110e+02
-5.927693e+02
-7.286057e+02
-7.370987e+02
5.788873e+02
-8.804422e+00
5.751707e+02
-5.411132e+02
6.043859e+02
8.450500e+02
-5.543785e+02
-2.328784e+02
-1.957557e+02
1.535677e+02
-4.281155e+02
2.469843e+02
2.107658e+02
-1.927973e+02
1.544357e+02
-3.585774e+02
5.244735e+01
4.861772e+02
2.404251e+00
-1.635271e+02
2.024652e+01
-1.380653e+02
-9.183518e+01
-7.742167e+01
1.527275e+02
-2.966139e+02
7.486546e+01
1.432667e+02
-5.135615e+01
-9.081321e+01
1.863809e+02
2.386987e+02
1.425285e+02
-4.895797e+01
2.632054e+01
1.039565e+01
4.350230e+01
-1.333394e+02
3.267355e+02
-2.817416e+01
-1.373745e+02
2.738064e+02
-2.499262e+01
9.243003e+00
5.795366e+01
-1.408856e+02
-1.803925e+01
-2.519252e+01
1.120377e+02
-2.497566e+02
1.020992e+02
1.928200e+02
1.090549e+02
1.019124e+02
9.891266e+01
-3.708156e+01
-5.876505e+01
3.442838e+01
2.875531e+01
-9.038282e+01
-4.717466e+01
2.196638e+01
9.297394e+01
-3.210973e+01
-4.050440e+01
2.789696e+01
1.923258e+01
1.608236e+02
3.663203e+01
-1.306731e+02
-5.077501e+01
2.846983e+01
3.293051e+01
-6.924401e+00
1.357998e+01
-5.806440e+01
4.171222e+00
-4.922787e+01
-6.667091e+00
4.928933e+00
5.524715e+01
3.356699e+01
-7.590656e+01
-1.294556e+01
-6.293914e+01
2.887342e+01
3.159427e+01
-1.626814e+00
2.223398e-02
-6.304055e-01
-3.472413e-01
1.353548e-01
-6.791137e-01
-6.287900e-01
-9.573487e-02
-3.222091e-01
-2.173990e-01
5.677001e-01
-4.951559e-01
-5.479240e-02
-1.532475e-01
1.852126e-01
3.000140e-01
-5.063344e-02
-1.362856e-02
-1.732277e-02
-1.463760e-01
-1.150175e-01
5.967176e-02
-4.031888e-02
-2.705474e-01
-4.351768e-02
-1.224121e-02
4.835610e-02
-3.625420e-02
1.028725e-02
