-7.395474e-01
9.823963e-01
-5.111822e-02
5.603556e+01
2.179975e+02
-1.561734e+01
3.643223e-04
6.995556e+04
1.695048e+05
-1.867789e+04
-1.363967e+05
-1.843031e+05
-2.159815e+05
1.717174e+05
2.388156e+04
2.522552e+04
8.164539e+04
-5.360007e+03
2.148787e+04
3.051517e+04
6.775577e+04
-4.735666e+04
-2.041799e+04
2.209005e+04
-1.282249e+04
-1.584354e+04
1.718291e+04
-7.075195e+03
4.388006e+03
1.539679e+04
9.941292e+03
1.301229e+04
-1.600379e+04
-1.601335e+04
1.860913e+03
1.778904e+04
3.190565e+04
1.089978e+04
6.999584e+03
-8.519405e+03
6.417776e+03
8.524140e+03
-3.234194e+03
-1.374035e+04
-1.478543e+03
-2.504513e+03
4.334590e+03
3.625439e+03
-1.144221e+04
-6.694028e+03
3.422717e+03
1.261499e+04
-4.399667e+03
7.364200e+03
8.765309e+03
8.934976e+03
1.265531e+03
3.951323e+03
-5.608321e+02
-4.442278e+03
-1.064254e+04
2.002918e+03
3.852807e+03
1.208954e+03
6.268125e+03
1.240507e+01
-6.170182e+03
-4.612722e+03
2.403654e+03
2.871520e+03
2.395066e+03
-7.912592e+02
-1.171375e+03
3.179183e+02
-2.322299e+03
-1.662248e+03
-2.326369e+03
6.869927e+02
-3.242960e+03
-1.096175e+02
5.428066e+02
-2.502885e+03
1.621816e+03
2.135275e+02
1.305892e+03
1.164613e+03
1.155829e+02
3.885866e+02
1.789808e+03
-1.297463e+03
1.063845e+03
-7.379376e+02
7.450276e+02
2.770573e+02
3.234405e+02
3.947927e+02
1.074252e+03
-6.535190e+02
-9.038880e+02
-1.040390e+03
3.004942e+02
-3.924302e+02
1.330852e+03
-9.260391e+02
-7.161664e+02
-1.434297e+03
8.414672e+02
1.887872e+02
5.125600e+02
5.902699e+02
-2.192098e+02
-3.645144e+02
-7.499987e+02
5.581297e+02
-4.697585e+02
5.652024e+02
2.685704e+01
-1.117844e+02
-4.379192e+02
4.330906e+02
1.470970e+02
4.487639e+01
3.891630e+02
8.980507e+01
2.845214e+02
-2.426354e+02
2.192945e+02
2.874004e+01
1.387257e+02
5.601924e+02
2.524815e+02
5.607253e+02
1.971132e+02
5.391050e+01
1.652348e+02
-5.933982e+01
-2.922229e+02
9.792587e+01
-2.179825e+02
-4.780881e+02
-1.883843e+01
1.145396e+02
1.305370e+01
1.736528e+02
-2.506741e+01
-9.003773e+01
-2.207516e+02
-7.763077e+00
1.384144e+01
-4.943676e+01
1.585027e+01
-1.460618e+02
-1.298051e+02
1.291674e+02
-1.428465e+02
6.916655e+01
6.221905e+01
1.795197e+02
1.832178e+02
3.647337e+01
-3.184251e+01
1.014313e+02
1.157545e+02
8.865228e+01
-1.056767e+02
-1.249596e+02
-1.244528e+02
1.500604e+02
-6.339404e+01
-1.287048e+02
9.246819e+00
3.443456e+00
-9.653688e+01
1.140700e+02
3.295798e+01
-1.374043e+02
1.097900e+02
4.612840e+01
-9.831461e+01
-1.531770e+01
-2.235868e+02
6.760035e+01
4.839809e+01
2.137044e+01
4.428429e+01
-9.708028e+01
-5.322042e+00
5.626619e+01
-3.003864e+01
2.177791e+00
6.142596e+01
1.134000e+01
7.132030e+00
7.002563e+01
2.663944e+01
-1.828755e+01
8.793987e+01
-4.367731e+00
3.187670e+00
-4.549558e+01
5.310182e+01
-2.000057e+00
-4.308460e+01
8.220249e+01
1.078248e+01
1.236069e+01
1.155105e+00
3.086958e-02
1.893519e-01
-6.986454e-01
-4.629523e-02
-5.126418e-02
4.503873e-02
9.651604e-02
1.452087e-01
9.716357e-02
5.060185e-02
4.218062e-01
-2.630858e-01
-1.606602e-01
-1.102669e-01
8.322319e-03
-3.021513e-02
-1.907700e-02
2.862137e-03
1.334389e-01
-1.770710e-01
4.629234e-03
1.575954e-01
-1.475168e-01
-3.568193e-02
-5.389613e-02
1.778705e-02
2.354649e-03
1.176879e-03
