-3.549195e-02
-1.113307e+00
-8.619837e-02
5.347556e+01
1.685928e+02
-1.925839e+01
3.392296e-04
-1.071481e+04
-9.754103e+04
-3.475013e+05
2.006735e+05
3.105581e+05
-1.749973e+05
1.307749e+03
-5.658842e+04
7.489025e+04
7.454489e+04
2.200382e+03
8.923807e+04
4.973534e+04
-7.070859e+04
-2.511122e+04
-8.679865e+03
2.385095e+04
-2.682200e+04
3.992238e+04
1.369270e+04
6.245909e+04
3.686261e+03
-4.435496e+04
3.110787e+04
-2.414330e+04
-3.386727e+04
3.148930e+04
-1.985223e+04
6.034283e+03
-2.446598e+04
1.140903e+04
2.456662e+04
1.404417e+04
-4.282309e+03
1.147608e+04
1.112073e+04
3.656732e+03
-1.998638e+04
1.123688e+03
1.928079e+04
4.840876e+03
1.383190e+04
6.919698e+02
1.496500e+04
-8.338508e+03
-1.371105e+03
8.485860e+03
7.638560e+03
-3.377380e+03
6.706917e+03
-1.736224e+03
-1.060255e+03
-2.878843e+02
-2.888367e+03
3.122931e+03
3.467333e+03
3.857817e+02
-3.741691e+02
2.790504e+03
-2.106086e+03
-2.214754e+03
-4.833998e+03
3.979150e+03
1.167087e+03
-1.142429e+01
-4.320521e+03
-6.586454e+01
-3.079122e+03
-1.594570e+03
-4.460563e+03
-1.184977e+03
-5.200849e+02
-1.652817e+03
1.079416e+03
-9.971678e+02
1.524486e+03
1.495450e+03
9.026690e+02
-1.441990e+03
8.185764e+02
-1.980405e+03
9.734037e+02
3.195605e+02
1.652758e+03
-3.040128e+01
-1.076738e+03
-7.016096e+02
-5.284653e+02
2.077398e+01
-1.475591e+01
-5.525788e+02
-6.682416e+02
-1.215231e+01
2.626476e+02
-4.711360e+02
6.381050e+02
1.104691e+03
-5.635380e+02
-7.017031e+02
5.497510e+02
-1.790312e+02
1.256795e+02
-3.510321e+02
-6.901093e+02
-5.002117e+02
-6.987593e+02
-6.294512e+01
-8.738257e+01
5.269308e+02
-3.829485e+02
-1.436691e+02
-3.999389e+02
1.805106e+02
8.501260e+01
9.850128e+01
1.770139e+02
-3.992153e+02
1.281936e+02
6.710028e+01
1.284852e+02
-3.065078e+02
-2.779443e+02
-1.206408e+02
6.454720e+01
3.063698e+02
-1.123007e+02
-4.411657e+01
4.410455e+02
-1.939544e+02
-1.835715e+02
2.755332e+01
1.627601e+02
-4.958917e+02
-2.187640e+01
-1.279805e+02
1.165840e+02
1.978271e+02
1.568042e+02
1.815905e+02
3.236919e+01
1.235565e+01
1.747477e+02
9.613063e+01
9.382329e+01
-1.474057e+02
-3.851394e+01
-1.263678e+01
1.694245e+02
1.965970e+02
1.158766e+02
-7.491341e+01
1.336812e+02
6.991904e+00
-9.674368e+01
-6.621620e+01
7.186530e+01
1.765216e+01
-5.365565e+01
-1.276824e+02
-2.387795e+02
6.254342e+01
-6.430732e+01
-1.185379e+01
1.327366e+01
-3.785395e+01
1.680261e+01
-5.735892e+01
-3.711197e+01
-3.869762e+01
7.483827e+01
8.682381e+01
-3.951913e+01
-1.708182e+01
3.606081e+01
1.792375e+02
-7.757834e+01
2.247748e+01
-2.147731e+00
1.243900e+01
6.404867e+01
9.193749e+01
-5.881761e+01
-5.787848e+01
3.272910e+01
5.003748e+00
1.563211e+01
1.000927e+02
3.744696e+01
-2.398854e+01
-1.947265e+01
-1.483994e+01
-2.236657e+01
-1.897729e+01
6.049587e+01
-2.937945e+01
1.349687e+01
-1.733152e+01
5.849606e+01
-1.675275e+01
-5.759758e-01
2.019748e-01
-8.379136e-01
-7.868453e-01
-1.837077e-01
2.538661e-01
-2.989488e-01
-1.679270e-01
1.364337e-01
2.827481e-01
2.421806e-01
-2.630814e-01
-1.116089e-01
3.314123e-02
-1.048271e-01
-7.779433e-02
1.583622e-02
-2.846785e-02
-2.409966e-01
2.396985e-02
-6.010188e-02
-1.597773e-02
1.797235e-02
1.689902e-02
3.874550e-02
4.420485e-02
-8.259688e-02
-8.096655e-03
1.587289e-01
