-1.059820e-01
1.184629e+00
1.235671e-02
5.717333e+01
1.836190e+02
-1.534035e+01
3.573200e-04
3.138011e+04
-6.325839e+04
-1.511037e+04
-1.334384e+05
-1.457342e+05
-2.588329e+04
2.619487e+04
1.808703e+04
-2.896028e+04
-8.895723e+03
5.277030e+03
9.983238e+04
-6.478496e+04
1.544297e+04
1.443171e+03
1.270178e+04
-5.799408e+03
1.517569e+04
-2.716380e+04
-7.070024e+03
4.321324e+03
-5.807341e+03
1.375751e+04
-1.466295e+04
-2.562436e+03
4.116188e+02
-1.988116e+04
-1.768127e+03
6.753491e+02
2.691988e+03
5.500153e+03
1.515047e+04
-1.710602e+04
1.293565e+04
-2.490070e+03
-1.175409e+04
-1.236912e+04
2.954430e+03
-2.124778e+03
9.469908e+02
4.652348e+03
-8.625718e+03
-7.850649e+03
-3.485348e+03
5.894178e+03
2.909588e+03
1.616276e+03
-2.256612e+03
8.811414e+03
9.882463e+02
8.163758e+03
-3825
-4.062749e+03
-4.653026e+03
4.910072e+03
-3.496151e+02
-5.502241e+02
5.360178e+02
1.252782e+03
2.506077e+03
-1.560052e+03
-2.499001e+03
1.736042e+03
2.294395e+03
8.961241e+02
-1.677534e+02
1.242712e+03
-1.202124e+02
-1.074841e+03
1.413383e+03
1.098672e+03
-4.371362e+03
-2.079387e+03
1.596601e+02
6.058460e+02
-4.659809e+02
1.638023e+03
1.635580e+03
2.836041e+03
-4.418733e+01
5.085346e+02
4.289117e+02
-3.533232e+02
-1.408243e+02
3.534651e+02
1.136012e+03
9.215168e+02
-1.155132e+03
1.678956e+03
1.091491e+03
-1.697718e+02
-4.437474e+01
1.516842e+02
-9.521798e+02
8.791666e+01
3.637598e+02
-8.373616e+02
-2.139995e+02
-8.026110e+02
1.924073e+03
5.319430e+02
5.674562e+02
6.708300e+02
-1.500701e+02
6.178724e+02
-3.663247e+02
5.631763e+02
-1.290481e+02
3.952267e+02
1.001409e+02
1.278942e+02
-3.716331e+02
5.063155e+02
-3.441378e+01
4.895554e+01
7.585400e+01
2.336830e+02
9.217539e+00
-8.329574e+01
-3.079558e+01
2.460613e+02
-2.599459e+01
2.744400e+01
2.416623e+02
3.961790e+02
1.884810e+02
2.766408e+02
1.107687e+02
-2.207053e+02
6.220118e+01
-2.061538e+02
-8.549461e+01
-2.285815e+02
-2.197598e+02
1.882207e+02
-1.216486e+02
9.452358e+01
3.350490e+01
-2.086038e+00
3.895755e+01
-1.153966e+02
5.747459e+01
1.277401e+02
5.271253e+00
6.816774e+01
-3.206462e+01
5.259209e+01
-1.239676e+02
-5.831721e+01
-9.805625e+00
-6.798539e+00
-4.091739e+00
-2.220863e+00
1.023581e+01
-1.018284e+01
9.544699e+01
2.865226e+01
7.991019e+01
-4.492928e+00
-6.686902e+01
1.207710e+02
3.634350e+01
-3.850434e+01
4.180872e+01
2.187736e+01
-1.003660e+02
-4.247495e+00
3.332962e+01
-7.716394e+01
-5.329188e-02
-4.639977e+00
-5.141893e+01
5.035491e+01
-3.813122e+01
9.657944e+01
-1.898170e+01
7.837608e+00
6.527851e+01
-6.234081e+01
2.948141e+01
2.058565e+01
-1.879368e+01
-7.222407e+00
6.774821e+01
5.580940e+01
-2.354288e+01
1.987903e+01
4.363559e+01
1.175195e+01
2.451321e+01
-2.871936e+01
2.258307e+01
-1.530698e+01
3.114664e+01
-3.923932e+01
8.813217e+00
1.570755e+01
1.358312e+01
8.789420e+00
-2.665123e-01
6.720014e-01
-3.073777e-01
2.731308e-01
-2.560904e-02
-7.053747e-02
1.524134e-01
-1.170165e-02
-8.931831e-02
-1.543703e-01
-8.409707e-02
1.196385e-01
4.466346e-02
-3.806512e-02
8.543673e-02
4.720708e-02
-8.747119e-03
1.004373e-01
1.446961e-01
3.488236e-02
1.387898e-01
-2.926642e-02
4.307444e-03
-4.717592e-02
3.529513e-02
4.546268e-02
2.475636e-02
-3.461656e-02
4.898447e-02
