-2.131277e-01
1.515826e+00
-1.316082e-01
5.575111e+01
1.728163e+02
-8.641082e+00
3.340915e-04
-7.520629e+04
-8.875663e+04
-3.092516e+04
9.374666e+04
1.138898e+05
-2.070095e+04
-6.740838e+04
9.891438e+04
-1.709092e+04
5.238905e+04
3.336426e+03
4.446875e+04
3.562798e+04
-4.739320e+04
-4.717245e+04
3.905137e+04
-9.342430e+03
6.925278e+03
-2.410024e+04
2.126461e+04
1.487636e+04
-8.434558e+03
3.190117e+03
-1.180314e+04
-7.213731e+03
2.181140e+03
-1.212791e+03
-7.040731e+03
-2.308334e+03
-1.069953e+04
9.199988e+03
-1.126510e+04
-2.180031e+03
-1.892251e+04
8.810883e+03
3.986293e+03
1.206188e+04
1.638518e+04
-1.281024e+04
7.052235e+03
1.369415e+03
9.122646e+03
1.313437e+03
7.190526e+02
2.532557e+03
-5.042401e+03
3.271547e+03
1.894614e+02
1.813053e+03
1.389976e+03
9.219468e+03
9.877411e+02
-5.428374e+03
-1.429390e+03
1.898803e+03
-3.577750e+03
-8.197094e+02
1.628323e+03
2.318938e+03
1.214997e+02
9.383801e+02
-4.123396e+03
1.774122e+03
3.771671e+03
2.633492e+03
-6.057972e+02
-8.581771e+02
-2.172952e+03
-5.258342e+02
-1.654750e+02
2.297374e+02
-2.930841e+03
-8.227405e+02
1.405446e+00
-8.181479e+02
1.168978e+03
9.423503e+00
1.724758e+03
2.497072e+02
-2.523441e+03
2.397573e+02
-2.187903e+02
1.504209e+02
-5.679959e+02
-2.782398e+02
1.172051e+03
8.515306e+02
-7.463475e+02
2.388841e+02
1.938562e+02
-8.391154e+01
-1.227549e+02
3.269923e+02
-7.766911e+01
1.202562e+02
5.451119e+02
-9.357402e+02
-1.425488e+02
-3.987688e+02
-1.075491e+01
6.291389e+02
4.773902e+02
6.262778e+02
6.588044e+00
6.039283e+02
-2.305992e+02
8.163907e+02
-2.036942e+02
-8.701424e+01
-2.481598e+01
-1.529558e+02
1.116213e+01
1.698991e+02
-8.852330e+01
1.013611e+02
-4.618510e+02
1.923810e+02
2.634364e+02
-3.452186e+02
1.401906e+02
-5.783062e+01
-8.873663e+01
2.875865e+02
1.212443e+02
4.913777e+02
1.533566e+01
1.448967e+02
-5.371684e+01
5.109805e+01
2.199917e+02
8.129694e+01
5.063020e+01
-1.804511e+02
1.462608e+00
-7.770346e+01
5.257524e+01
5.242897e+01
9.724928e+01
9.564583e+01
-1.115628e+01
-2.085227e+02
7.389767e+01
1.617843e+01
1.947230e+02
1.088212e+02
-6.456079e+00
2.930215e+01
-1.323234e+02
-4.427840e+01
1.465997e+02
1.285530e+02
1.170877e+01
-1.323548e+02
1.313232e+02
8.172811e+01
-4.034334e+01
6.620451e+00
-6.766075e+01
-1.942747e+01
1.113768e+01
1.441152e+02
-9.785738e+01
6.957407e+01
3.837195e+01
3.971720e+01
6.151118e+01
-7.229800e-01
-2.620776e+01
-7.300785e+01
6.135784e+01
1.915457e+01
-7.301109e+01
4.197424e+00
9.319500e+00
4.868634e+01
1.189602e+00
-2.396387e+01
6.127190e+01
-6.561351e+01
4.539424e+00
-9.093477e+00
-4.207406e+01
-6.261874e+01
5.320617e+01
6.788606e+00
-1.216959e+01
3.534665e+01
-7.863006e+00
-2.795530e+01
8.352863e+00
1.691984e+01
-1.840098e+01
2.358534e+01
1.479056e+01
-1.441224e+01
2.798814e+00
-1.751928e+01
2.858967e+01
2.001341e+01
-5.471536e-01
1.875810e-01
3.314877e-02
-3.984259e-01
2.345056e-02
-2.431922e-01
-2.692457e-01
-1.896595e-02
-1.110311e-02
-1.170816e-01
1.480845e-01
-4.068912e-01
1.392611e-01
-7.952046e-03
-4.507620e-02
1.126372e-01
2.672413e-02
2.781784e-03
1.591501e-02
-2.010857e-01
-1.088532e-01
9.071034e-02
-5.624880e-02
-3.668827e-02
-3.571525e-02
-1.527822e-02
-6.212975e-02
-2.109763e-02
-2.662151e-02
