2.560082e-02
1.336621e+00
-1.037009e-01
5.603556e+01
1.779839e+02
-1.384105e+01
3.543350e-04
-6.784767e+04
-5.516236e+05
-9.037202e+04
6.456321e+04
8.775911e+04
-8.119985e+04
-1.565149e+04
4.165412e+03
-1.585559e+05
-1.718496e+05
-1.669778e+05
-4.080299e+04
-9.451352e+04
-9.330889e+04
7.911723e+04
-2.089938e+04
-7.214541e+03
3.186434e+04
5.284105e+04
-3.857743e+04
2.661068e+04
-4.316928e+04
4.357751e+04
-2.148621e+04
3.454364e+04
-7.017340e+04
-3.667550e+04
6.022902e+04
4.376877e+04
-6.998565e+03
-2.852263e+04
4.308968e+04
3.629106e+04
2.768774e+04
4.369632e+01
-2.885844e+04
3.486947e+01
-1.169295e+04
6.089306e+03
-1.179119e+04
-7.898710e+02
2.368802e+04
-3.441695e+03
1.732225e+03
-1.534317e+03
9.409276e+03
-1.574245e+04
-9.900676e+03
8.504440e+03
2.624534e+03
7.828353e+02
-4.344870e+03
-1.606332e+04
-4.807241e+01
-6.809029e+03
-3.205093e+03
-6.444216e+03
7.217731e+01
7.831677e+03
8.790998e+03
7.932095e+03
-1.167630e+04
2.255264e+03
-3.833430e+03
-4.683357e+03
-3.944246e+03
-4.983543e+02
4.158576e+03
4.909614e+03
5.373900e+03
-1.298550e+03
-2.289771e+02
-5.328121e+02
-1.449817e+03
1.869834e+03
-3.322028e+03
2.667880e+02
5.313988e+03
1.960997e+03
-1.420297e+02
-1.826510e+03
-4.121730e+02
-2.212040e+03
8.703539e+01
3.465155e+03
2.612479e+03
2.508772e+03
-3.479143e+03
1.644898e+03
-4.769366e+01
8.079969e+02
1.239895e+03
-5.522278e+02
-1.320767e+03
-3.756441e+02
-8.175396e+02
-1.008392e+03
1.407472e+02
7.927317e+02
2.291834e+03
3.106483e+02
-6.884099e+02
2.220068e+03
-2.394166e+02
1.349405e+03
-1.287390e+03
8.741326e+02
-9.661611e+01
-6.178748e+02
-6.474763e+02
-7.127490e+02
7.401583e+02
2.374493e+02
2.430252e+02
-2.869038e+02
-1.455938e+03
1.247213e+02
4.986983e+02
-1.603692e+02
-5.637459e+02
1.753191e+02
-3.873263e+02
-7.074751e+02
3.708123e+01
7.811376e+02
5.027285e+02
4.847200e+02
-8.001342e+02
1.065035e+02
2.973133e+02
-6.031098e+02
-6.242496e+01
5.618428e+02
-4.666313e+02
1.407333e+02
1.880793e+02
-2.951154e+02
-1.719150e+02
2.447317e+02
2.707041e+02
-3.230125e+02
1.382124e+02
5.775239e+02
1.514217e+02
2.732773e+02
7.958658e+02
8.787579e+01
2.953125e+00
-1.677112e-01
4.768377e+01
8.077672e+01
-1.266153e+02
-1.818572e+02
1.619928e+01
-7.470182e+01
4.584563e+02
-1.229024e+02
3.151351e+02
-4.612745e+01
1.179263e+02
-1.290592e+02
3.042473e+02
2.351806e+02
3.164781e+02
-5.304219e+01
-5.843861e+01
-1.270440e+02
9.117356e+01
-2.448402e+01
-9.474760e+01
-2.947034e+01
1.984290e+02
2.400063e+02
1.505517e+02
1.034230e+02
-1.088945e+02
4.184813e+01
1.844951e+02
5.386339e+01
1.364690e+00
-1.931628e+01
-6.164360e+00
1.435115e+02
-4.785256e+01
9.185583e+01
-1.555621e+01
5.333628e+01
7.686278e+00
4.350282e+01
-9.234728e+01
-9.888019e+01
6.121320e+00
5.892050e+00
-8.672617e+01
-4.576297e+01
-1.914153e+01
-8.562806e+01
6.810004e+01
4.114679e+01
-3.233552e+00
4.093842e+00
-1.947683e-01
1.603616e+00
4.661546e-01
-3.595986e-01
2.558973e-01
-8.120779e-01
1.281516e-01
-1.057258e+00
-4.340982e-01
-4.257307e-01
-1.085260e-01
2.995827e-01
-6.707814e-03
-2.166577e-01
1.432253e-01
1.290627e-01
3.251075e-02
1.778691e-01
2.563412e-01
6.481675e-02
1.526617e-01
1.964102e-01
1.056800e-01
2.129836e-02
7.699079e-02
-2.166600e-01
-8.466274e-02
