-4.173274e-02
-3.652476e-01
-5.279738e-02
4.181333e+01
1.747275e+02
-2.691585e+01
3.452780e-04
-1.429025e+05
1.944159e+05
7.780105e+04
2.015134e+05
1.190142e+05
-1.051902e+05
3.777193e+04
-4.400983e+04
-2.071648e+05
9.509395e+04
-7.371152e+04
5.773819e+03
2.497240e+03
-5.150520e+04
-9.438795e+04
1.294133e+04
2.449277e+04
3.377978e+04
-3.953870e+03
4.942799e+03
5.437940e+04
-4.081915e+04
-5.717189e+04
3.465597e+03
4.596986e+04
-6.689884e+03
-2.348140e+04
-8.187421e+03
-6.857974e+03
-4.962337e+03
8.766692e+03
-1.190752e+04
9.906887e+03
-4.673556e+03
1.177902e+04
4.138619e+03
-1.020548e+04
7.485166e+03
-1.290523e+04
8.022273e+03
2.596062e+03
8.939285e+03
9.153976e+03
1.310676e+04
9.830978e+03
3.959840e+03
1.569790e+03
-2.508994e+03
4.153471e+03
3.271725e+03
9.514989e+03
8.646094e+02
-8.380506e+03
-3.446592e+03
-3.922107e+03
3.489928e+02
-4.950807e+03
5.153637e+02
-1.020300e+03
4.479206e+03
3.694874e+02
-1.234222e+03
4.296686e+03
1.737489e+03
7.846384e+02
6.786693e+02
-9.867815e+02
-1.233003e+03
1.610157e+03
-4.047528e+02
9.650813e+02
-5.130679e+03
-5.638077e+02
-7.377232e+02
2.837725e+03
1.064378e+03
1.736422e+03
3.282120e+03
-1.082888e+03
-3.840216e+03
3.434316e+02
-1.101048e+02
1.961803e+03
8.908216e+02
-1.491998e+02
1.763590e+03
1.147179e+03
-5.979523e+02
-4.058283e+02
1.151387e+03
7.585006e+02
1.137094e+02
-3.504223e+02
-1.612828e+02
-1.181100e+02
6.338593e+02
-6.267940e+02
1.235198e+03
-1.251277e+03
-4.123384e+02
7.789487e+02
1.205702e+03
1.663596e+03
7.826619e+01
6.467126e+02
-2.049265e+02
4.979872e+02
1.508453e+02
-4.337763e+02
1.252263e+02
-4.268938e+02
-1.981864e+01
5.588284e+02
1.309790e+02
5.786746e+02
-4.919438e+02
3.882867e+02
2.227360e+02
-3.654445e+02
3.086374e+02
-1.885778e+02
1.435438e+02
2.019967e+02
1.164596e+02
3.095794e+02
-1.635123e+02
7.969705e+01
-2.033606e+02
6.832710e+01
2.442348e+02
4.948780e+00
8.605036e+01
-5.534961e+01
-1.107907e+02
-1.624994e+02
3.074645e+01
3.383880e+02
-9.673190e+01
2.065472e+02
-1.314022e+02
-6.433214e+01
-5.100533e+01
1.476910e+02
2.836013e+02
2.183149e+02
-8.060123e+01
-7.687425e+01
-1.692477e+01
7.161130e+01
1.007921e+02
1.348955e+02
2.739884e+01
-1.345480e+02
1.939143e+02
2.667808e+01
-1.907650e+01
-5.063002e+01
-1.679277e+02
-1.016357e+02
-3.988214e+01
2.073214e+02
-2.062249e+02
1.641875e+01
7.266682e+01
1.592752e+01
2.113535e+01
4.275281e+01
-1.333487e+02
-9.195802e+01
2.971427e+01
-6.940777e+00
-9.609129e+01
-1.557423e+01
1.506164e+01
5.490873e+01
-3.001987e+01
4.054554e+01
1.126015e+01
4.663664e+00
2.582636e+01
1.705549e-01
-7.968280e+01
-1.143773e+01
2.461435e+01
-6.714988e+01
-7.561565e+01
6.491380e+01
3.616018e+00
-3.284279e+01
-6.250820e+01
3.059121e+01
-4.509973e+01
3.406469e+01
-9.845514e+00
-2.697548e+01
5.752314e+00
1.271573e+00
1.322084e+01
2.981818e+01
-1.933778e-01
-2.176452e+00
5.225934e-01
1.861292e-01
2.374539e-02
3.762232e-01
-4.244020e-01
-5.375841e-01
8.083633e-02
-5.979717e-02
1.588750e-01
-3.093061e-01
9.855942e-02
-8.368976e-02
-1.276875e-01
9.026241e-02
-6.172650e-02
-2.634461e-01
-1.257028e-01
-1.535495e-01
-1.911343e-01
5.341421e-02
3.027509e-02
-1.798309e-01
-1.104957e-01
-2.744449e-02
-2.225335e-02
6.196995e-03
-8.038470e-02
