-6.807896e-01
-9.159723e-01
5.089014e-01
5.063111e+01
2.060783e+02
-1.524475e+01
3.348277e-04
-9.193528e+04
-3.021726e+05
2.497326e+03
5.528331e+04
1.067592e+05
1.623867e+04
-9.989170e+04
3.611042e+04
-5.073471e+04
2.202275e+04
-2.039177e+04
7.768845e+03
-1.107396e+04
-1.313681e+04
-4.930643e+04
2.147893e+04
-4.586816e+03
3.793656e+04
-2.966178e+04
-6.710364e+02
1.866159e+04
-7.264645e+02
-1.759972e+04
-4.410676e+04
2.136083e+03
9.159445e+02
-1.347018e+04
2.869371e+04
1.769342e+04
-7.708495e+03
2.384490e+03
-6.189377e+03
-6.480268e+03
-1.542188e+04
-7.559352e+03
-6.221610e+03
7.026265e+03
5.943088e+03
3.086109e+03
-2.559441e+03
8.289937e+03
-4.487246e+03
-1.813489e+03
3.367556e+03
4.902413e+03
2.078971e+03
1.942931e+03
-1.786614e+03
3.973633e+03
3.555621e+03
7.314284e+03
-9.745490e+02
-1.346633e+04
-3.703290e+03
3.040220e+03
-1.277260e+03
-3.488005e+03
1.537969e+02
3.673653e+03
4.654163e+03
4.502870e+03
-3.977824e+03
2.555869e+03
2.772985e+03
1.406556e+03
-2.529367e+03
-4.244934e+02
-1.716189e+02
-3.678150e+02
1.406792e+03
-1.508322e+02
-3.899289e+03
-9.171039e+02
-1.217572e+03
3.664377e+02
-6.864154e+02
1.558336e+03
2.170779e+03
1.140928e+03
-9.908939e+02
2.117998e+03
-6.281779e+02
-3.934412e+02
7.814434e+02
5.727706e+02
1.968196e+03
1.941863e+03
-1.067661e+03
1.044521e+03
1.067210e+03
2.581705e+02
-2.531030e+01
1.207798e+02
-4.223518e+02
-2.926381e+02
3.521002e+02
-1.280972e+03
8.090927e+02
-3.741773e+02
6.908677e+02
3.179940e+02
1.075750e+03
1.486234e+03
2.330290e+01
1.403879e+03
-4.717211e+02
9.860687e+02
-3.493300e+02
-5.322760e+02
-3.868036e+02
-3.093710e+02
-1.515886e+02
6.700996e+02
-1.827949e+02
2.714248e+02
-4.574662e+02
4.584975e+02
6.008340e+02
-1.879322e+02
-1.499197e+02
-6.549591e+01
-1.508403e+02
-1.078172e+02
2.670118e+02
4.292572e+02
-1.987713e+01
-7.325246e+01
-2.926419e+02
-2.561924e+02
4.346870e+02
-8.890607e+01
7.104614e+01
2.076066e+02
-8.966951e+01
-1.114777e+02
-2.490769e+01
8.650985e+01
-4.369883e+00
1.956028e+02
7.738188e+01
-1.883438e+02
1.404718e+02
1.406030e+02
1.101167e+02
1.358593e+02
5.368065e+01
-2.926320e+01
-2.413599e+02
-2.005436e+01
1.264489e+01
9.443427e+01
-1.834444e+02
-4.706407e+01
1.891883e+02
4.704457e+01
8.082079e+01
-1.842504e+01
-4.596040e+01
1.574305e+01
5.407377e+01
1.058193e+02
3.037515e+00
8.329076e+01
5.588363e+01
3.048080e+01
1.119171e+02
7.130461e+01
-8.504002e+01
-6.070714e+01
-8.728671e+00
1.180978e+02
1.342728e+00
-3.347898e+01
8.920398e+00
7.133674e+01
-5.054816e+01
-1.614101e+01
8.365250e+01
2.507393e+01
3.198000e+01
1.705035e+01
-8.515336e+01
1.870571e+01
-5.199175e+00
5.891470e+01
8.226687e+00
2.110489e+01
1.228784e+01
-1.467704e+01
-1.330731e+01
-1.050671e+01
-1.191901e+01
2.600770e+01
-8.074229e+00
-6.884773e+01
-6.131492e+00
-5.517944e-01
4.071754e+01
3.897396e+01
-1.794533e+00
1.466117e+00
3.488572e-01
4.064823e-01
1.251199e-02
-2.039457e-01
-4.491880e-01
-4.372367e-01
1.597625e-01
-1.757595e-01
-2.339386e-01
-4.646414e-01
1.940213e-01
2.916485e-01
3.341529e-01
-1.349567e-01
-2.111704e-02
8.924410e-02
9.687424e-02
-1.581739e-01
2.093929e-01
1.795306e-01
3.067446e-02
1.346384e-01
-1.429837e-02
4.135032e-02
-5.895023e-03
-1.360566e-01
-7.012798e-02
