6.937969e-01
5.229192e-01
5.959089e-01
4.494222e+01
1.195073e+02
-2.168049e+01
3.249005e-04
-2.930947e+04
-5.181971e+04
-3.426379e+05
-2.487748e+04
3.427371e+04
-3.423368e+05
1.928682e+05
-7.488173e+04
-5.600022e+04
-6.729399e+03
-2.051934e+05
9.988083e+03
-1.060168e+04
1.330447e+04
-2.928079e+04
5.574850e+03
3.032273e+04
5.791222e+04
3.057710e+04
-2.861987e+03
2.601158e+04
-4.380421e+04
-7.059807e+03
-2.884766e+04
8.269813e+03
-3.323662e+03
-3.477580e+04
4.692335e+02
-8.198621e+03
-1.293798e+04
-2.742708e+04
-5.670338e+03
-2.501425e+04
3.584366e+03
6.292931e+03
9.238019e+03
3.222438e+03
2.980494e+02
-1.601272e+04
2.347925e+04
-3.421877e+03
5.314355e+03
-4.691833e+03
-1.517544e+04
-3.429918e+03
3.943894e+03
-7.414848e+03
-1.867936e+03
1.821229e+03
1.104281e+03
1.036064e+04
1.063726e+04
-1.187797e+04
-1.617761e+03
2.412252e+02
-3.164839e+03
-8.998192e+02
-1.497063e+03
5.622536e+03
4.167077e+03
2.134428e+02
-2.988117e+03
1.944492e+03
1.707222e+03
9.490321e+02
-1.698982e+03
-1.425757e+03
6.431619e+02
8.245811e+02
-1.622138e+03
-1.822159e+02
-4.334221e+03
-5.083028e+02
5.946304e+02
-4.479796e+02
1.284018e+03
2.182921e+02
3.937947e+03
-5.892253e+02
-2.875888e+03
-6.986049e+02
-4.008415e+02
1.374324e+03
3.221037e+02
3.018642e+02
4.154664e+02
1.243360e+03
-2.312407e+03
4.695265e+02
-7.432126e+02
4.127578e+02
-9.915750e+02
-1.261195e+03
5.014689e+02
-7.286571e+01
4.296632e+02
-9.027970e+02
5.752363e+02
-1.185299e+03
5.532986e+02
7.539921e+02
3.762064e+02
1.526431e+03
-1.255037e+03
5.029506e+02
5.964188e+01
2.560077e+02
-3.740025e+02
1.875919e+02
-2.939193e+02
-8.160476e+02
-4.097195e+02
7.860355e+01
-3.190172e+01
-1.071466e+02
-4.862781e+02
-1.266998e+02
1.944045e+02
-6.443452e+01
4.182190e+02
-4.274513e+01
-4.798828e+02
4.603701e+02
4.847901e+02
4.470944e+02
3.456336e+02
2.145445e+01
-3.277966e+02
-6.311770e+01
3.887795e+02
-2.439705e+02
9.476308e+01
1.481837e+02
-2.338108e+02
-4.054831e+01
3.855539e+02
1.120807e+02
2.543327e+01
2.075117e+02
3.701405e-01
-4.384932e+02
-9.356316e+01
4.579989e+02
5.300685e+01
3.610629e+02
2.881830e+02
1.997198e+01
-2.585700e+02
-3.303936e+01
3.102223e+01
1.596436e+02
7.594610e+01
1.423298e+00
-5.372721e+01
1.464012e+02
4.503054e+01
-1.265782e+02
-7.152224e+01
3.056355e+01
5.736921e+00
1.342781e+02
3.864472e+01
-8.505652e+00
1.005577e+02
-8.557029e+00
4.022529e+01
-3.741206e+00
3.521270e+01
-1.994893e+01
2.336010e+01
4.208888e+00
1.284796e+01
5.993686e+01
-2.466183e+01
5.983458e+01
7.679628e+01
-2.951477e+01
6.952112e+01
-4.457677e+01
-1.863579e+01
1.045662e+01
-6.707894e+01
-6.708859e-01
2.328646e+01
-2.829894e+01
-5.798090e+01
6.785935e+01
4.354973e+00
-3.237934e+01
4.347658e+00
1.050830e+01
-2.944979e+01
1.134186e+01
1.369098e+01
-3.827669e+01
4.378375e+01
-2.184440e+00
3.194575e+01
3.193198e+01
-1.503336e+00
5.400831e-01
-1.813874e-01
8.649746e-01
2.811663e-01
6.341751e-01
-4.382496e-02
-9.330522e-01
-5.549292e-02
-2.654678e-01
-1.898167e-01
-1.266698e-01
-9.303122e-02
1.359009e-01
-1.013094e-01
6.828951e-02
-4.915092e-04
-1.584338e-01
-9.974144e-02
1.062075e-01
-2.286223e-01
1.329085e-01
2.076534e-02
-3.328205e-02
1.003198e-01
-7.527009e-02
4.157162e-02
-4.803506e-02
-1.162957e-02
