-2.902408e-01
-1.308857e+00
1.427992e-01
5.518222e+01
1.918512e+02
-1.233161e+01
3.561198e-04
-1.926791e+05
-1.089322e+05
1.173099e+05
2.004032e+04
6.949537e+04
-9.501791e+04
-3.021632e+04
6.895503e+04
-1.640760e+05
1.400864e+04
-7.378695e+04
3.090987e+04
-4.338332e+04
-2.793926e+03
3.552913e+04
4.546665e+03
8.912609e+03
2.311029e+04
6.827799e+03
2.016274e+04
-1.994757e+04
-2.284576e+04
1.094229e+04
-2.544284e+04
3.588003e+04
-1.501517e+04
-3.834154e+04
2.131395e+04
1.340539e+04
2.989715e+04
5.580872e+03
-2.142589e+03
-7.526304e+03
1.505293e+04
-1.829207e+04
-1.220278e+04
-4.124550e+02
1.104286e+04
-3.878331e+03
1.863632e+03
-4.057851e+03
1.591057e+03
-5.732782e+03
4.284194e+03
-4.148696e+03
8.100729e+03
-2.837232e+03
-8.455718e+03
1.081643e+04
5.028222e+03
9.078280e+03
-2.126062e+03
-1.053705e+04
-1.652086e+03
-1.250763e+01
-1.821775e+03
-7.624666e+02
2.205737e+03
1.747510e+03
1.746371e+03
4.573916e+03
-2.266811e+03
1.935884e+03
2.461788e+03
1.865940e+03
1.094405e+03
3.273065e+02
7.261701e+02
1.882022e+03
1.021852e+03
-1.550227e+00
-6.798679e+03
-6.317151e+02
-4.129029e+01
-2.552093e+02
-1.131751e+03
4.858588e+01
5.276165e+03
1.463095e+03
-2.665544e+03
-1.979969e+03
-5.751276e+02
2.825401e+02
9.657444e+02
1.325046e+02
1.814956e+03
1.854045e+03
-2.146636e+03
6.522537e+02
1.190157e+03
1.179367e+03
-2.087804e+02
-9.497438e+02
-9.133139e+02
-6.617119e+02
2.731238e+02
-1.299483e+03
9.966339e+02
-8.923085e+02
6.243414e+02
9.043502e+02
2.443382e+02
1.571453e+03
-1.129950e+03
1.660979e+03
1.085634e+02
7.985461e+02
-1.276329e+02
-5.251931e+02
-2.273757e+02
-5.038310e+02
-6.927644e+02
6.847981e+02
-2.656544e+02
-1.173506e+01
-9.038698e+02
3.293608e+02
2.883860e+02
-3.159896e+02
-1.112494e+02
-1.646988e+02
-1.154830e+02
-1.325298e+02
4.235219e+02
-4.213259e+01
4.845851e+01
4.169998e+02
-4.998083e+02
1.047942e+02
7.054368e+02
-3.920657e+02
-7.371722e+01
2.325568e+02
-3.186429e+02
-2.348340e+02
5.631930e+01
1.362484e+02
-2.271306e+02
2.569048e+02
5.562307e+01
-2.086147e+02
-1.057525e-01
1.858419e+02
1.079381e+02
2.342196e+02
2.686285e+02
-2.641768e+01
-1.949407e+02
-3.266060e+00
-1.406566e+01
7.523145e+01
3.283807e+01
-7.799166e+00
1.226950e+01
5.946440e+00
1.454686e+02
-3.613766e+01
-1.365406e+01
-8.684016e+01
4.254264e+01
2.609860e+00
-2.845211e+01
2.938511e+01
1.092635e+02
9.541093e+01
6.614864e+00
1.049785e+02
-2.382578e+01
2.751900e+01
4.882138e+01
5.811036e+01
1.269471e+01
5.026523e+01
1.371521e+01
-3.981377e+00
3.275807e+01
-2.806085e+00
7.210487e+01
-3.041063e+00
1.289986e+02
2.554771e+01
-6.640279e+01
3.675628e+01
1.625358e+01
1.557255e+00
-1.512425e+01
2.271300e+01
-2.499754e+01
-1.753425e+01
-3.760637e+01
6.013529e+00
-9.673925e+00
5.965118e+01
2.713642e+01
-5.366798e+01
3.469470e+01
-3.255956e+01
2.670813e+01
3.161395e+01
-2.354578e+00
2.688255e+00
-6.658397e-01
6.384296e-01
-1.167937e-01
-1.481363e-01
-2.041214e-01
-1.166041e+00
-3.052752e-01
-4.064703e-01
2.913732e-02
-1.990925e-01
2.937138e-01
5.891064e-02
-1.593855e-01
1.262794e-01
9.812080e-02
9.624487e-02
5.202277e-02
-3.233915e-02
-1.428131e-01
7.216830e-02
4.695579e-02
-1.771860e-01
-6.773061e-02
-2.786716e-02
9.165028e-02
-6.502996e-02
-7.103478e-02
