-3.301713e-01
-3.343760e-01
-2.181351e-02
4.522667e+01
2.001579e+02
-2.273428e+01
3.468215e-04
6.448375e+04
-2.058506e+04
1.773165e+05
3.786068e+05
7.903096e+03
-9.070530e+04
2.483088e+03
1.441809e+04
1.968178e+05
1.730632e+05
-3.203320e+04
3.360931e+04
-5.907725e+04
-1.758953e+04
-7.000399e+04
1.228869e+05
-2.504170e+04
5.703112e+04
-9.136441e+04
5.030050e+04
1.137224e+04
-1.526192e+04
1.751870e+04
-4.281095e+04
-2.241235e+04
2.774357e+04
-1.954110e+04
-2.589008e+03
1.069325e+04
1.873538e+04
5.134786e+03
-2.446208e+04
-1.848842e+04
-1.544271e+04
7.497791e+03
-1.477582e+04
-6.011822e+03
8.751072e+03
-1.734352e+04
-8.725867e+03
4.185620e+03
1.374319e+03
-1.806462e+03
-8.887548e+03
7.683026e+03
-1.331840e+03
6.182110e+03
-7.297438e+03
6.330280e+03
-6.155157e+03
7.913856e+03
-1.589578e+03
-1.120730e+04
-4.644827e+03
1.097619e+03
5.289157e+02
-6.099419e+03
4.042667e+03
3.739183e+02
3.476489e+03
-2.346901e+03
-4.437172e+03
9.487832e+02
5.129521e+03
2.625021e+03
-1.713278e+03
-2.918013e+03
-2.154725e+03
2.554338e+03
1.574328e+03
1.792453e+03
-3.565588e+03
-1.779922e+03
1.841709e+02
-1.418262e+03
1.005512e+03
-1.172044e+03
1.677944e+03
-2.811699e+02
-9.188383e+02
1.457840e+03
1.933863e+02
1.248718e+03
-6.564662e+02
-1.682146e+03
2.022048e+03
1.147514e+03
-7.159099e+02
1.153409e+03
2.883186e+02
-1.192781e+02
-1.173987e+03
2.524300e+02
-1.422629e+02
-3.194978e+02
1.728549e+02
-4.381854e+02
6.149410e+02
-6.298173e+02
1.210665e+03
-5.028289e+02
4.670854e+02
3.298604e+02
-4.160252e+02
5.196841e+02
-3.004538e+02
5.888521e+02
-6.501691e+02
-4.758416e+02
-1.208540e+02
-2.167931e+02
-5.578577e+02
5.001313e+02
-6.428962e+02
-6.210862e+02
-2.839943e+02
5.465711e+02
6.654963e+01
-7.470043e+01
2.853078e+02
1.044248e+02
2.586464e+02
2.835533e+02
4.846581e+02
2.098000e+02
6.160995e+02
3.027343e+02
3.792006e+02
-6.656654e+01
5.134321e+02
-8.488754e+01
-2.403488e+02
1.572948e+02
4.272128e+01
-1.501626e+02
-2.324633e+01
2.123967e+01
1.199766e+02
1.351695e+02
-2.562088e+02
-1.919731e+02
2.594840e+02
8.219772e+01
-7.708983e+01
-4.822186e+01
2.000118e+02
-6.091426e-01
-2.586883e+02
-6.606858e+01
3.260320e+02
6.908380e+01
-1.021651e+02
1.488041e+02
1.744256e+02
2.106435e+01
4.679312e+01
1.836515e+02
5.470360e+01
2.021835e+01
-2.800257e+01
2.011763e+00
-5.469175e+00
-2.455244e+01
3.088859e+00
1.940200e+02
-1.135691e+01
-6.420042e+01
1.396195e+01
-3.866117e+00
5.098447e+01
-7.824096e+00
-1.131159e+02
-3.426564e+01
1.281721e+01
-5.030214e+01
4.418899e+01
-1.078272e+00
8.816185e+00
-6.451881e+01
-1.555586e+01
-5.777842e+01
8.476049e+00
-5.309636e+01
2.426666e+01
-7.882361e+00
9.198995e+00
7.991235e+00
4.993088e+01
-2.906649e+01
-4.130778e+00
-1.266214e+01
1.146326e+01
4.352327e+01
3.179378e+01
-7.674308e+00
2.417595e+01
8.531719e+00
1.224898e+01
1.291006e+01
1.768302e+00
-1.472196e+00
-3.914956e-01
7.058970e-01
-8.929082e-02
4.413701e-02
-6.864904e-02
2.860574e-01
-3.050202e-02
2.380283e-01
-5.466062e-01
-3.089649e-01
2.473076e-01
8.855440e-02
-5.854127e-02
1.938803e-01
2.911723e-02
1.151701e-01
1.178566e-01
-3.845690e-01
-2.531843e-02
2.512388e-02
-1.653551e-01
-4.087377e-03
-2.584745e-01
-1.997721e-02
5.053400e-02
-1.245237e-01
5.831986e-02
