-3.721517e-01
-1.074438e+00
-3.451938e-02
5.262222e+01
1.997578e+02
-1.550712e+01
3.523025e-04
-7.174871e+04
7.425885e+04
-1.094747e+04
3.889792e+03
7.273072e+03
3.394263e+04
-4.867346e+04
7.506219e+04
-5.302041e+04
1.634638e+04
-5.309313e+04
-1.096827e+04
-8.161027e+04
-4.353262e+04
1.207628e+04
4.627383e+03
-3.564216e+04
1.087659e+04
1.496448e+04
1.224974e+04
-2.631207e+04
-1.876520e+04
-4.762814e+03
-1.719679e+02
2.178329e+04
-8.449048e+03
-1.039272e+04
2.819981e+04
-7.735021e+03
3.071856e+03
-5.311855e+02
-3.670948e+02
-4.543867e+03
4.074400e+03
-1.382993e+04
-1.911496e+03
-9.730830e+03
1.350728e+04
7.957364e+03
-4.108477e+02
2.800409e+03
-4.970890e+03
-2.777392e+03
-9.346366e+02
-3.259890e+03
6.820661e+03
4.888449e+03
8.518536e+01
5.021978e+03
-1.166125e+03
3.591501e+03
-1.292468e+03
-3.570490e+03
-1.464529e+03
-2.813393e+02
-1.045556e+03
-4.401051e+02
9.373083e+02
3.920568e+03
3.224979e+03
1.389089e+03
-4.470047e+03
1.193774e+03
5.526257e+03
2.339085e+03
-4.581405e+02
1.742685e+03
-7.345760e+02
1.569495e+03
9.753609e+01
1.964864e+03
-4.918144e+03
-1.326242e+03
-4.442078e+01
-3.987110e+02
-4.534862e+02
-6.913041e+01
3.550401e+03
2.627916e+03
-2.004182e+03
-8.547356e+02
2.067515e+02
-1.707584e+02
2.351207e+02
9.079159e+02
1.288922e+03
1.062905e+03
-1.656900e+03
1.253680e+03
6.908112e+02
7.701881e+02
-1.815386e+02
6.946122e+02
-1.229158e+03
-1.540470e+02
5.212562e+02
-9.851564e+02
-1.140430e+00
2.212978e+01
-4.571499e+00
9.590707e+02
2.401046e+02
1.004116e+03
-2.127074e+02
6.772682e+02
-7.120673e+02
3.877477e+02
-1.399200e+02
-6.237003e+02
-3.730477e+02
-1.874222e+02
-3.599693e+02
6.950680e+02
-1.145499e+02
1.219786e+02
-4.453583e+02
2.542555e+02
2.355871e+02
-1.478754e+02
-1.398527e+02
4.019730e+02
-2.535955e+02
1.165418e+02
2.154478e+02
3.195191e+02
1.212948e+02
3.410804e+02
-3.436527e+02
-1.810556e+02
2.846713e+02
-1.917180e+02
3.927458e+01
9.201600e+01
-1.548022e+02
-2.074470e+02
8.516363e+00
2.424262e+01
-5.620250e+01
1.534551e+02
-1.306683e+02
-5.055442e+01
5.808198e+01
1.000525e+02
1.686710e+02
4.196101e+01
4.818456e+01
7.738195e+01
-2.336556e+02
-4.112289e+01
8.545573e+01
-4.809985e+01
9.388742e+00
2.356487e+00
8.010936e+00
1.105796e+01
2.958344e+01
-2.543453e+00
5.389239e+01
-3.024601e+01
-4.211751e+01
1.019863e+02
-6.106786e+01
-3.239566e+00
-5.164946e+00
6.572318e+01
-2.185808e+01
1.695646e+00
-3.810137e+01
-3.584617e+01
1.753412e+01
1.915286e+01
-2.977231e+01
3.665295e+01
1.120443e+01
1.820160e+01
8.132744e+00
1.804073e+01
5.543148e+01
-2.749597e+01
5.637243e+01
6.715139e+01
-2.558494e+01
8.666828e+00
3.115926e+01
4.032349e+01
8.573725e+00
1.994199e+01
3.087523e+01
-2.070406e+01
-2.160463e+01
-1.075853e+01
-1.725553e+01
4.441181e+00
-6.307866e+00
-3.385366e+01
2.359977e+01
-9.619788e+00
1.997221e+01
3.682130e+00
-8.379492e-01
-2.494676e-01
5.986398e-01
1.263338e-01
1.048589e-01
-1.990544e-01
-5.545930e-02
-3.991768e-01
2.274702e-01
-3.717109e-01
4.320071e-02
-7.290141e-02
7.311801e-02
-1.802089e-02
-7.746544e-02
4.449185e-02
-6.143547e-03
8.099903e-02
1.427362e-01
-9.591459e-02
7.728712e-02
-2.002188e-02
-7.572660e-02
-1.006862e-01
1.644578e-02
-3.561926e-02
4.586592e-02
-2.747111e-04
-5.192514e-02
