-2.781652e-01
-4.398275e-01
1.467360e-01
4.693333e+01
1.952727e+02
-2.221709e+01
3.526113e-04
-1.041883e+05
-4.478278e+05
3.671792e+05
2.917372e+05
3.297862e+04
2.040483e+05
-1.477349e+05
2.915163e+04
-1.283635e+05
1.199596e+05
5.662904e+04
4.956056e+03
-6.188233e+04
-9.904787e+03
-6.725284e+04
-4.709828e+04
-1.532771e+04
-3.648452e+04
-7.588655e+04
-1.721113e+04
1.518787e+04
-2.124290e+04
2.619572e+04
-1.164546e+05
-1.531031e+04
-7.228790e+02
-3.256501e+04
4.422349e+04
1.989302e+04
7.551344e+03
3.322946e+04
-2.371594e+03
-2.790380e+04
1.389092e+04
-6.750799e+02
-1.069466e+04
-3.399265e+03
2.405795e+04
3.691880e+03
-7.240894e+03
5.202319e+03
-1.313431e+04
-5.634164e+03
1.389313e+04
4.356042e+03
6.574777e+03
-7.353883e+03
-4.197217e+03
8.614065e+03
5.369304e+03
1.245633e+04
-3.278890e+03
-6.850565e+03
-2.076164e+03
-4.144337e+03
-3.186322e+03
-3.997071e+03
3.728445e+03
5.233618e+03
4.379963e+03
3.107085e+03
-5.044505e+03
4.047910e+03
5.343858e+03
1.773593e+03
-4.643839e+03
1.079834e+03
1.259378e+03
2.290428e+03
3.288061e+03
3.330134e+03
-5.974769e+03
7.543956e+02
-1.048180e+03
1.323566e+03
-2.702851e+03
7.866223e+02
1.234286e+03
3.887219e+03
2.229971e+02
5.866065e+02
-5.297519e+01
-1.472389e+03
1.449639e+03
-2.047228e+03
3.209959e+03
1.412530e+03
-8.206516e+02
1.227028e+03
1.781280e+03
1.033248e+03
6.699578e+02
4.235287e+02
-6.483228e+02
-1.142530e+03
-4.695556e+02
-1.805879e+03
1.460276e+03
-4.886594e+02
2.119804e+03
-6.340344e+02
1.096356e+03
1.213585e+03
-8.938649e+02
2.718670e+03
3.327636e+02
7.467415e+02
-9.335554e+02
-1.092104e+01
-7.393005e+01
1.156172e+02
-4.797238e+02
1.979642e+02
-3.820665e+02
-4.905723e+02
-5.844279e+02
1.118897e+03
8.388314e+01
-4.397935e+02
-8.641367e+01
5.982288e+02
2.551528e+02
-5.277797e+02
4.624774e+02
1.607475e+02
1.113521e+02
-1.477769e+02
-1.149956e+02
1.106660e+02
7.219139e+02
9.952238e+01
1.510054e+02
1.561991e+02
2.719091e+02
1.159076e+02
-4.876184e+01
1.479724e+02
-9.954780e+01
8.154449e+01
1.915838e+02
-8.000654e+01
1.360089e+02
3.359853e+02
2.935676e+00
-1.147026e+02
1.928927e+02
2.789995e+02
-3.637692e+02
-1.013859e+00
-3.694192e+01
1.685304e+02
-3.854002e+02
-2.169359e+02
1.261047e+02
-3.761950e+01
1.626952e+02
5.525357e+01
1.132301e+02
-7.944131e+01
-3.788648e+01
1.366676e+02
7.943324e-01
1.083512e+02
8.847594e+01
1.053310e+02
7.777195e+00
1.366070e+01
5.550764e+01
-3.309332e+01
-1.397959e+02
-6.288644e+01
-7.988467e+01
-9.928485e+01
2.126355e+01
9.794572e+01
1.986670e+01
1.128839e+01
4.608256e+00
8.835199e+00
1.170593e+02
-3.155043e+01
-7.747554e+01
4.954890e+01
-1.533689e+00
4.704350e+01
-4.075877e+01
1.143531e+02
4.546618e+01
-1.427021e+01
-6.736653e+01
-1.040121e+02
-1.789373e+01
-1.590596e+01
3.650435e+01
-7.483179e+01
-1.183124e+01
-3.763745e+01
5.140516e+01
2.808543e+01
-7.620720e-01
3.567564e+00
-5.070332e-01
2.606018e-01
-7.922408e-02
-2.745666e-01
-1.037023e-01
-4.992366e-01
-2.580552e-03
-6.999170e-01
-5.870858e-01
-9.905329e-01
-2.574458e-02
1.629023e-01
-3.032209e-02
2.042880e-01
-5.403901e-02
4.169823e-02
7.691923e-02
-3.723063e-01
2.338660e-01
-1.620915e-03
-9.089763e-03
-5.304705e-02
-4.988377e-02
1.223722e-02
2.116327e-02
-9.189771e-02
1.690734e-02
