-5.650444e-02
2.595410e-03
-1.107995e-02
4.408889e+01
1.793892e+02
-2.504874e+01
3.401101e-04
-2.356697e+05
-5.191920e+04
2.058176e+05
-5.763627e+04
8.797285e+04
-5.722566e+04
-1.225060e+05
1.071742e+05
-1.298556e+05
8.941256e+04
-3.251353e+04
7.511796e+04
-4.221297e+04
-6.088597e+03
-4.028941e+04
-6.336195e+03
2.145306e+04
-9.801033e+02
-3.102848e+04
7.872346e+03
-1.882591e+04
-1.385056e+04
-1.081774e+04
-4.980671e+04
1.148038e+04
-2.354957e+04
-1.629971e+04
3.151365e+04
2.114517e+04
2.470408e+04
6.426172e+03
5.389196e+03
-1.005113e+04
-7.531625e+03
-9.083257e+03
-3.832190e+03
-9.586062e+03
-5.945433e+02
4.366141e+03
7.896957e+03
-1.191306e+03
-1.191829e+04
-3.811160e+03
8.571276e+03
-3.698135e+03
6.244793e+03
2.499130e+03
-5.939068e+03
2.376873e+03
9.871430e+03
1.019196e+04
-2.476446e+03
-1.215780e+04
-8.255246e+03
1.862170e+03
-1.902056e+02
-2.298716e+02
1.230779e+03
4.092752e+03
2.519365e+02
7.499472e+03
-5.042259e+03
3.049011e+03
2.186089e+03
3.292378e+03
6.491655e+01
-1.314924e+03
-4.057588e+02
-9.091305e+02
-2.294676e+02
1.254720e+01
-4.644556e+03
7.456438e+01
-2.948943e+03
7.493150e+02
-2.560299e+03
1.310631e+02
1.841164e+03
1.210640e+03
-6.858682e+02
1.079337e+03
1.271938e+03
-5.883981e+02
1.076147e+03
-6.203144e+02
1.556048e+03
1.193677e+03
-4.134351e+02
1.304726e+03
2.186846e+03
1.166713e+01
-3.837656e+02
3.225278e+02
-9.158425e+02
-3.578509e+02
4.010569e+02
-1.555728e+03
5.906821e+02
-8.463973e+02
1.084931e+03
5.681124e+02
1.125264e+03
1.020089e+03
2.398126e+02
8.881509e+02
-1.734211e+02
6.816255e+02
-1.604855e+02
-1.714573e+02
-6.146888e+01
-7.506719e+02
-6.478760e+02
8.204255e+02
1.160417e+02
-8.439838e+00
-5.236735e+02
2.927258e+02
6.960549e+02
-4.583421e+02
-2.145667e+02
-5.058719e+01
-1.204882e+02
-1.333598e+02
1.552651e+02
3.776953e+02
1.426702e+02
3.034974e+02
-2.700435e+02
-1.289013e+01
4.149365e+02
3.782298e+01
-1.056339e+02
-1.863688e+02
-7.389298e+01
-1.121396e+02
2.637906e+01
2.899127e+02
-3.041583e+01
6.744401e+01
3.958743e+01
-6.146866e+01
2.249113e+01
1.306403e+02
2.744334e+02
2.931634e+01
1.058963e+01
3.748913e+01
3.198691e+01
5.730986e+01
-5.742921e+01
2.729807e+02
-1.216727e+02
-1.061378e+00
2.152400e+02
-1.378036e+01
2.287790e+01
6.630369e+01
-7.825008e+01
-1.781310e+01
-1.136035e+02
1.796606e+02
-1.856431e+02
2.017135e+01
9.985856e+01
8.321968e+01
1.227477e+02
1.752816e+01
-4.854148e+01
-1.285889e+02
-2.673252e+00
3.733765e+01
-1.741757e+01
1.407884e+01
-1.491983e+01
6.053946e+01
-4.836805e+01
-3.931981e+01
9.498866e+01
-1.306058e+01
8.986086e+01
4.043431e+01
-1.225264e+02
-2.510281e+01
3.101465e+01
2.323181e+01
-4.429276e+00
4.284153e+01
1.563141e+01
-5.688569e-01
-1.057233e+01
1.907856e+01
-1.209997e+01
1.817187e+01
1.971763e+01
-5.291156e+01
9.189141e+00
-2.348479e+01
1.859116e+01
2.858582e+01
-1.775211e+00
5.116226e-01
-2.082516e-01
2.069555e-01
2.161937e-01
-3.001973e-01
-6.076541e-01
-4.722715e-01
3.905154e-02
-4.454394e-02
3.455602e-01
-2.031801e-01
3.473524e-02
-8.745649e-02
1.746659e-01
2.344273e-01
-4.660405e-02
-3.433324e-02
-5.512009e-02
-8.632564e-02
-1.584760e-01
6.056590e-02
-3.353557e-02
-1.319058e-01
-6.491417e-02
6.459168e-02
-4.213533e-03
-4.244788e-02
6.424371e-02
