-2.629105e-01
1.326775e+00
-1.774138e-01
5.859555e+01
1.777777e+02
-1.073467e+01
3.497264e-04
-8.915964e+04
-1.892811e+05
1.810288e+05
5.404836e+04
-4.140190e+04
2.356435e+05
-1.075952e+05
2.514243e+04
-1.617851e+05
6.527255e+04
1.267928e+05
9.488575e+04
1.980156e+03
-2.776773e+04
-2.781528e+04
7.720361e+04
4.090155e+04
1.759131e+04
-3.086514e+04
8.987759e+04
-1.771364e+04
3.703727e+03
-2.482225e+04
-4.982524e+04
-4.391495e+04
-4.534826e+04
-3.847983e+04
2.566050e+03
8.560017e+03
-6.671679e+03
8.787777e+03
-1.605751e+04
7.306309e+03
4.146812e+03
9.653224e+03
6.122399e+03
-1.056431e+04
9.253416e+03
-6.576394e+03
1.717316e+03
1.159863e+04
-1.218095e+04
2.656315e+03
3.395207e+03
2.544365e+03
4.064452e+03
-9.721043e+03
1.126077e+03
3.869280e+03
-5.789879e+03
4.811703e+03
2.984237e+03
-6.142650e+03
-2.411113e+03
-2.638953e+03
-9.720172e+01
-7.250831e+03
3.438318e+03
4.175161e+03
-4.514828e+02
4.943899e+03
-4.326480e+03
-8.022610e+02
5.582932e+03
5.847985e+03
2.383237e+03
6.058672e+02
-3.417521e+02
7.223926e+02
2.114759e+03
-1.786211e+02
-5.204907e+03
-1.354528e+03
-9.546154e+02
-1.709416e+03
-2.364670e+02
1.475029e+03
8.499791e+01
1.053384e+02
-9.611224e+02
2.760298e+02
1.427072e+02
-1.189453e+02
8.554362e+02
-1.588725e+03
2.235464e+03
1.127399e+03
-1.198746e+01
5.625313e+02
9.331382e+02
-3.755269e+02
3.784730e+02
5.023581e+02
-1.122458e+03
-8.596886e+02
1.407502e+03
-1.074637e+03
8.803110e+02
-1.154039e+03
5.785911e+02
-5.276189e+02
1.419872e+03
6.695758e+02
1.794071e+02
8.267214e+02
-3.142281e+02
3.529115e+02
-2.823372e+02
3.530177e+02
-6.901923e+01
9.579761e+01
-1.773152e+02
7.998021e+02
-1.973721e+02
-4.749033e+01
-1.801311e+02
5.382111e+02
-7.266944e+01
-4.105560e+02
4.688916e+02
3.183407e+02
2.390420e+02
-2.641981e+02
-1.232345e+02
3.930836e+01
-2.328477e+01
-1.908221e+01
1.736578e+02
-3.580471e+02
1.948033e+02
7.794465e+01
-1.794876e+01
-1.326369e+02
6.953118e+01
2.260371e+02
1.135905e+01
1.818250e+02
-7.919827e+01
-4.607616e+01
8.532397e+01
-3.911332e+02
2.424982e+02
-1.562929e+01
2.069058e+02
-1.056209e+02
-1.014962e+02
8.810398e+01
-1.582127e+02
-1.493399e+01
4.145890e+01
8.994031e+01
-2.060880e+02
-5.924574e+01
1.464401e+02
8.843990e+01
-3.942509e+01
9.762753e+01
-1.668068e+02
2.552627e+01
3.487698e+00
8.444208e+01
-1.584097e+02
-2.484583e+01
-3.974860e+01
2.073489e+02
9.920539e+01
-3.886610e+01
-3.549625e+01
-1.453486e+02
3.699967e+00
-3.240728e+01
-1.227712e+02
3.951348e+00
8.794263e+01
3.578355e+01
-1.897192e+01
2.764277e+01
3.564432e+01
-5.216748e+01
1.906678e+01
1.439260e+01
-3.164159e+01
-1.527030e+01
-6.877720e-01
2.491389e+01
-3.361076e+01
6.153249e+01
-7.458833e+00
-2.069819e+01
-2.696774e+01
4.055876e+00
-5.645174e+01
4.761401e+00
3.270919e+01
-2.250499e+01
1.052231e+01
-4.471784e+01
3.159396e+01
4.190666e+00
1.936831e-02
7.852495e-01
-3.575987e-01
-3.788003e-01
-7.920737e-02
-3.235504e-02
-5.258493e-01
2.332987e-01
-2.141948e-01
-6.221158e-02
5.725761e-02
-6.901425e-01
1.630857e-01
-1.050935e-02
4.694802e-02
5.789258e-02
-3.502657e-02
7.076854e-02
9.289861e-03
-3.211705e-01
-8.175407e-02
9.137462e-02
-1.484643e-01
2.978670e-03
-9.454375e-02
3.335111e-02
-1.046514e-01
-7.433584e-02
1.275028e-02
