-1.637317e-01
2.919755e-01
2.704045e-01
4.352000e+01
1.884908e+02
-2.554941e+01
3.341847e-04
1.548588e+05
6.257534e+04
-3.486982e+05
1.535917e+05
8.884932e+04
9.802059e+04
5.301077e+04
-8.591906e+03
1.222683e+05
-2.514038e+04
-5.491408e+04
3.353983e+04
4.095565e+04
-1.985271e+04
1.456363e+04
1.305000e+04
-6.180134e+03
1.185384e+04
2.562977e+04
-5.569833e+04
6.852329e+03
-5.026269e+03
6.522344e+02
5.250089e+04
2.132290e+04
1.007514e+04
1.405735e+04
-1.080350e+04
-1.294656e+04
-2.509515e+04
8.280958e+03
1.709948e+04
1.219229e+04
4.454611e+03
1.408479e+04
-6.628464e+03
-6.745447e+03
1.448506e+04
-5.494526e+03
1.043788e+03
7.892562e+03
1.817999e+03
-1.620478e+03
2.337556e+03
6.523138e+03
3.466642e+02
1.521089e+04
6.639007e+03
9.950296e+02
1.891475e+03
1.182025e+03
-1.102933e+03
2.468406e+03
-4.203103e+02
2.246225e+03
4.438015e+03
9.411501e+02
3.784809e+03
1.195117e+03
1.045714e+03
-9.266807e+03
1.414137e+03
4.268445e+03
8.378289e+02
-3.545686e+03
-1.991156e+03
1.719069e+03
-9.835662e+02
-2.357494e+03
-9.539677e+02
1.697695e+03
-1.506041e+03
-1.364746e+03
1.222381e+03
-3.763361e+02
1.687547e+03
7.962515e+02
9.671981e+02
1.210134e+03
-1.795217e+03
1.781287e+03
1.139171e+02
-2.737168e+02
-7.765690e+02
6.805401e+02
2.813514e+02
-7.493940e+02
-6.631295e+02
5.310957e+02
2.590074e+02
4.966118e+02
-7.899910e+02
-1.681134e+02
-5.555571e+02
4.762657e+02
8.566882e+02
2.036809e+02
-1.316038e+03
1.340811e+02
-4.369881e+02
9.189695e+02
-4.559869e+02
4.439749e+02
-1.232152e+02
-3.050156e+02
-8.651974e+02
2.657466e+02
8.964442e+01
-1.158452e+02
5.748857e+02
1.531915e+02
-1.137050e+00
2.168156e+02
-1.660484e+02
1.451142e+01
2.954455e+02
-6.662097e+01
-3.411506e+02
1.175017e+02
2.455798e+02
1.323495e+02
1.910768e+02
5.103790e+02
1.789384e+02
4.294472e+02
1.746039e+01
2.367277e+02
2.146152e+02
1.529028e+01
-5.850832e+01
1.982423e+02
8.530042e+01
-4.212539e+02
2.722684e+01
-6.512821e+01
-6.500212e+01
1.588153e+02
1.353749e+02
5.420424e+01
-1.970517e+02
2.017002e+02
1.598715e+02
-1.448462e+02
-6.741972e+01
-1.217963e+02
-2.441468e+01
-7.557938e+01
-1.470782e+02
1.069483e+01
2.240275e+02
-1.645813e+02
3.882620e+01
6.371706e+01
-2.124244e+00
-2.955519e+01
2.250968e+01
3.212534e+01
1.878433e+01
-1.120535e+02
-1.232836e+02
1.042598e+02
2.677571e+01
-5.543017e+01
-2.571454e+01
-6.101773e+01
-1.029653e+02
-2.773240e+01
6.984264e+01
-1.027383e+01
6.691338e+01
-1.607069e+01
-1.204178e+02
4.819941e+01
-9.248869e+01
3.140366e+01
5.427896e+01
3.615129e+01
-4.760210e+01
-9.350939e+01
-4.758827e+01
1.346772e-01
-3.175785e+00
-5.576126e+01
9.490613e+01
1.640731e+01
2.028279e+01
1.114526e+01
7.579165e+01
-4.840971e+01
4.752408e+01
-8.295079e-01
7.450306e+00
-6.400214e+01
2.101197e+01
5.615892e+00
3.209848e+00
7.268660e+01
1.139268e+01
-1.104779e+01
9.456972e-01
1.480086e-01
-2.938441e-01
4.575514e-01
-3.276471e-03
3.086326e-01
1.634315e-01
-1.906514e-01
-5.426328e-02
-7.792486e-02
-5.935330e-01
4.114948e-01
-1.271210e-01
-6.553701e-02
-1.374075e-01
1.078280e-02
-3.923320e-02
6.623469e-02
2.310075e-02
-1.938480e-02
1.159333e-01
-9.812673e-02
7.157777e-02
-5.756082e-02
-5.008865e-02
-2.324659e-02
-2.864534e-02
2.931760e-02
1.636401e-02
