-1.113451e-01
-3.751746e-01
-1.275296e-01
4.750222e+01
1.900481e+02
-2.580067e+01
3.464589e-04
-1.258071e+05
-9.462173e+04
-8.700050e+04
2.848352e+04
-3.116005e+04
-6.637006e+04
-9.542911e+04
-3.783780e+03
-2.256161e+05
-5.222041e+04
-5.719163e+04
5.085509e+04
-3.780588e+04
-4.324155e+04
2.494799e+04
5.567596e+04
-2.934630e+04
4.438407e+04
9.794397e+03
-3.643723e+03
-2.439896e+04
-3.634371e+04
-1.296268e+04
1.250679e+04
4.190539e+04
-2.061751e+04
-2.026204e+04
9.190885e+03
1.599263e+04
1.639485e+04
5.207125e+03
5.029080e+03
1.283423e+04
7.816436e+03
-3.326044e+03
-1.665094e+03
-2.933893e+03
3.984133e+03
5.803188e+02
-9.497392e+03
-8.640521e+03
9.212325e+03
-2.377986e+03
-2.694970e+02
-1.118736e+04
5.367173e+03
-2.382099e+03
-1.206751e+04
8.553142e+03
3.709027e+03
5.042979e+03
-4.665966e+03
-7.174515e+03
5.429634e+03
7.918759e+02
2.931930e+02
-1.192646e+02
4.363386e+03
2.505204e+02
4.139526e+03
3.855153e+03
-2.299666e+03
1.876249e+03
2.988339e+03
7.444069e+01
-1.453369e+03
-1.414673e+03
2.496409e+03
-2.478139e+02
2.973902e+02
2.825957e+03
-4.986690e+03
-1.709736e+03
5.401262e+02
6.996111e+02
1.293928e+02
5.252779e+02
4.690071e+03
8.403434e+02
-1.809517e+03
-1.414947e+03
-9.728203e+02
9.343850e+02
-3.402154e+02
9.618658e+02
7.107619e+02
1.229198e+03
-2.504574e+03
1.251735e+03
7.880032e+02
1.063135e+03
9.845782e+02
-2.504363e+02
-7.794553e+02
-9.073399e+01
1.806793e+02
-7.965137e+02
5.538513e+02
2.402729e+02
9.196370e+02
1.047104e+03
-5.699406e+02
9.877387e+02
-4.802787e+02
1.310993e+03
-5.188199e+02
8.624424e+02
2.055153e+02
-3.897916e+02
-2.860485e+02
6.619771e+01
-1.246488e+02
6.559398e+02
-5.734294e+02
9.945337e+01
-8.174547e+02
4.775730e+02
2.122052e+02
2.238992e+02
-5.448025e+02
-2.606370e+02
-1.105356e+02
1.425051e+02
2.386653e+02
4.395784e+02
2.637100e+02
4.013076e+02
-6.596207e+02
7.954362e+01
5.412859e+02
-3.025959e+02
2.306770e+02
2.253835e+02
-3.037511e+02
-8.667332e+01
-2.136412e+01
-4.970348e+01
-1.099319e+02
2.638370e+02
2.310354e+02
-1.285667e+02
4.945185e+01
1.335966e+02
-3.108527e+01
2.403069e+02
2.303707e+02
7.807580e+01
-1.572109e+02
-8.952007e+00
-5.307729e+01
-1.603896e+00
6.048420e+01
-4.961532e+00
-1.387098e+02
7.183031e+01
1.354675e+02
-5.935405e-01
2.385185e+02
-2.954604e+01
-2.957855e+01
9.312511e+00
1.845664e+02
4.883522e+01
1.388105e+02
-1.012096e+00
-9.004428e+01
5.489797e+01
-2.477394e+01
2.563222e+00
-2.008045e+01
6.281970e+01
1.179303e+02
1.160242e+02
5.000060e+01
2.537271e+01
-3.040580e+01
3.016249e+01
8.678100e+01
-4.019355e+01
2.105008e+01
5.287449e+00
-1.096316e+01
1.062632e+01
3.480485e+00
3.113798e+01
1.271481e+01
1.487760e+01
-2.453215e+00
1.279725e+01
-2.529088e+01
1.422358e+01
-1.674296e+01
2.229985e+01
2.807049e+01
-6.306561e+00
6.481394e+01
-2.481675e+01
2.926675e+01
1.734675e+01
-2.469337e+00
2.770457e+00
-8.376203e-01
7.162976e-01
-5.005161e-01
-2.225804e-01
-6.371018e-02
-1.348112e+00
-3.719154e-01
-5.663247e-01
-1.771161e-01
-5.745627e-02
5.020835e-01
2.129415e-01
-5.844538e-02
8.342789e-02
1.716160e-01
3.531696e-02
2.350442e-02
2.603997e-02
-1.457283e-01
1.213263e-01
1.553180e-01
-8.628382e-02
-1.148038e-01
1.891816e-02
1.291514e-01
-1.063457e-01
-1.857266e-02
