-1.519712e-01
2.731881e-01
1.615610e-01
4.579556e+01
1.864935e+02
-2.577130e+01
3.601043e-04
-3.447626e+04
-4.193825e+05
4.422913e+05
1.063166e+05
7.960873e+04
-1.620298e+05
1.491668e+05
-9.360777e+04
-9.322666e+04
1.491517e+05
-2.400699e+03
3.604529e+04
9.498896e+04
1.256279e+05
-3.248367e+04
-1.820792e+05
5.035198e+04
-2.850049e+04
-7.260484e+04
-1.394692e+05
-1.657046e+04
1.699616e+04
1.834156e+04
-6.736725e+04
-4.486136e+04
3.447874e+04
-5.469581e+03
-4.083790e+03
-1.923928e+04
-4.325872e+03
1.352041e+04
2.541006e+04
-2.394577e+04
1.862735e+04
2.480741e+04
1.221064e+04
-7.941162e+03
1.869042e+03
1.315261e+04
1.305039e+04
1.064810e+04
-1.888667e+04
4.915557e+03
2.335783e+04
-7.422885e+03
4.828722e+03
-2.517350e+03
-1.043679e+04
-1.925185e+04
7.693460e+03
6.506677e+03
-1.007653e+04
-6.214547e+03
4.320872e+02
8.692228e+03
1.977457e+03
7.803275e+02
-1.391007e+03
6.460016e+03
-2.664536e+03
-4.287781e+03
-2.294443e+03
8.498554e+03
-5.483561e+03
-2.482214e+03
-3.618561e+03
6.084701e+03
2.966393e+03
-1.897654e+03
3.361659e+03
2.801562e+03
-8.697723e+02
6.662492e+02
8.393958e+02
1.785629e+03
3.217231e+03
2.077410e+03
5.012901e+02
3.059934e+03
5.801391e+01
-6.252794e+02
1.184249e+03
2.997638e+02
1.410834e+03
-2.719035e+03
2.634132e+01
-8.159403e+01
1.580265e+03
-9.151793e+02
6.626839e+02
-4.894525e+02
-1.322306e+02
-1.155174e+03
1.406232e+03
6.110452e+02
1.079054e+03
-6.931191e+02
7.590909e+02
-1.083418e+03
1.459050e+03
-1.063558e+03
1.868521e+03
8.432307e+02
-6.950497e+02
6.128590e+02
2.133224e+03
1.110017e+03
-5.913552e+02
1.607108e+03
3.125432e+02
9.192226e+01
-7.221494e+02
-6.113175e+01
2.354025e+02
-5.164007e+02
5.422258e+02
7.226777e+02
-5.379946e+02
-1.040559e+02
5.385391e+02
9.153338e+01
-3.994162e+02
-5.522630e+02
6.054820e+02
7.346495e+02
6.213358e+02
-7.813439e+02
5.424285e+02
1.724248e+02
5.535038e+01
4.234746e+02
3.036405e+02
-5.461340e+02
3.926594e+02
6.062639e+02
5.851819e+01
2.041550e+02
-2.622408e+02
-1.201862e+02
4.830157e+02
1.215195e+02
2.702948e+02
3.215526e+02
-3.958711e+02
-8.644528e+01
-1.857187e+02
1.596179e+02
-2.236499e+02
7.046128e+01
-4.724336e+01
3.455704e+02
-2.259570e+02
-3.238368e+02
5.151885e+01
-2.219238e+01
1.403508e+02
-6.606899e+01
-7.186132e+01
-1.312339e+02
-1.900926e+01
3.584814e+01
1.499298e+01
1.015931e+02
2.017397e+02
5.488691e+01
-1.921978e+01
2.101372e+02
2.005344e+02
-1.060562e+02
-2.815079e+01
-2.940258e+01
-1.748774e+02
-2.556454e+01
-8.256824e+01
2.401215e+02
2.650583e+01
-1.461484e+01
-2.233352e+01
8.986568e+01
1.177378e+02
-3.433910e+01
6.183765e+01
-3.298203e+00
5.375917e+01
4.284272e+01
-1.337108e+02
1.288340e+02
7.135016e+01
-4.250607e+01
-3.345250e+01
-8.891653e+01
-3.813309e+01
-1.923848e+01
1.189070e+02
-1.259773e+02
-5.017248e+01
2.214968e+01
6.334863e+01
-1.143920e+01
-3.165017e-01
3.022912e+00
-8.714747e-01
2.239240e-01
-3.399911e-02
-4.911106e-01
-7.128354e-03
3.350979e-03
-2.566780e-01
-2.094369e-01
-7.151920e-02
-1.850867e-01
-6.069575e-02
1.062673e-01
-4.915718e-02
1.841263e-01
-3.963059e-02
-1.090948e-01
-1.453056e-01
1.600756e-02
2.346240e-01
-2.218735e-01
1.987452e-01
-2.012538e-01
2.365527e-01
9.762157e-02
-1.213225e-01
-8.022969e-02
6.501375e-02
