-1.816956e-01
-1.430871e-01
1.501239e-01
4.238222e+01
1.837271e+02
-2.635808e+01
3.517362e-04
-7.444218e+04
-1.115316e+05
1.836913e+05
2.468600e+05
6.390298e+04
-3.301619e+04
-4.470250e+04
2.652416e+04
-9.301652e+04
8.791939e+04
-4.195423e+04
-4.331143e+04
-6.820155e+04
-2.882143e+04
-4.774607e+04
5.326630e+04
1.667015e+04
1.539771e+04
-4.622809e+04
1.276564e+04
7.867926e+03
-1.391321e+04
1.530609e+04
-4.076963e+04
4.836969e+03
9.182634e+03
-3.153722e+04
2.928228e+03
5.625790e+02
1.144038e+04
1.648779e+04
-1.227415e+04
9.231071e+02
5.039107e+03
1.770930e+04
-1.562493e+04
7.890595e+02
9.683194e+03
-4.105085e+02
-3.256878e+03
-4.104931e+02
6.076764e+03
-2.657583e+03
1.257962e+04
2.792392e+03
4.375837e+03
-6.908906e+02
-8.069245e+03
3.492333e+03
1.644639e+03
5.944385e+03
-3.954729e+03
-6.821226e+03
-2.049621e+02
8.973062e+02
-1.344984e+03
-4.581561e+03
2.533371e+03
1.716934e+03
2.891836e+03
3.686638e+02
-6.365408e+03
5.459626e+03
4.000249e+03
1.427729e+03
-2.273662e+03
-1.763272e+03
-2.972585e+02
9.705930e+02
1.778661e+03
2.016862e+03
-4.706514e+03
-1.749273e+03
-6.121181e+02
2.006378e+02
4.170876e+02
1.191488e+03
2.213524e+03
2.087571e+03
-1.360591e+03
-3.270276e+02
-4.328642e+02
-1.083644e+01
4.201607e+02
-5.165772e+02
1.111609e+03
1.898136e+03
-1.464787e+03
6.876736e+02
3.316413e+02
4.595733e+02
-4.131634e+02
-1.331366e+01
-6.282639e+02
-2.216822e+02
2.198611e+02
-6.995269e+02
4.935345e+02
-4.664969e+02
1.285488e+03
-1.202110e+02
2.371902e+01
8.369145e+02
-1.620072e+02
9.555937e+02
-3.386460e+02
1.001922e+03
-7.902728e+01
-7.014316e+02
-5.204780e+02
-7.253391e+01
-1.142436e+02
6.850110e+02
-2.100584e+02
-1.628408e+02
-6.095530e+02
6.764356e+02
3.151931e+02
-3.580570e+02
-8.930819e+01
1.458213e+02
1.934753e+02
-1.387703e+02
3.580484e+01
3.826854e+02
2.609804e+02
2.736602e+02
-5.457399e+01
3.098388e+01
2.365395e+02
-5.101196e+01
-7.177937e+01
1.657115e+01
-7.592112e+01
-8.806377e+01
-8.724613e+01
1.525015e+01
2.155841e+01
2.130807e+02
-1.155908e+01
-7.737158e+01
1.485201e+02
2.603005e+02
1.218570e+02
-4.306746e+00
6.009495e+01
1.803323e+02
-1.464163e+02
-4.135588e+01
1.606865e+02
1.616666e+02
-1.382459e+02
-9.663773e+01
8.343241e+01
-3.027314e+01
1.022775e+02
5.341611e+01
1.625902e+02
-8.555968e+01
-1.389110e+01
1.411818e+01
-2.859083e+01
-3.072495e-01
5.585202e+01
7.446993e+01
-5.702019e+01
2.373887e+01
-2.933067e+01
-5.884913e+01
1.128082e+01
-3.359489e+01
-2.517437e+01
7.744003e+00
4.351175e+01
5.821211e+01
-4.935275e+01
2.435114e+01
2.831363e+01
-7.403527e+00
2.210216e+00
-2.004902e+01
2.997196e+00
-1.892570e+01
1.350373e+01
1.291648e+01
4.096313e+00
7.946110e+01
2.528686e+01
-2.660451e+01
-3.244179e+01
-3.364376e+01
1.970947e+01
2.759585e+01
1.947289e+01
-2.023399e+01
-5.493496e+00
-2.685014e+01
3.263269e+01
2.125662e+01
-2.419297e-01
7.387720e-01
4.246255e-01
-4.611265e-01
-1.284342e-01
-3.559973e-01
-2.365893e-02
-2.377717e-01
8.003014e-02
-4.153567e-01
-2.107960e-01
-6.597140e-01
1.604777e-01
1.101252e-01
-1.325349e-01
2.171074e-01
4.364238e-02
3.181647e-02
3.275440e-02
-2.838231e-01
-3.116056e-02
-3.563238e-02
-3.148149e-03
1.807755e-02
-1.329722e-01
-3.701291e-02
1.145986e-01
-8.241428e-02
-2.336936e-03
