-2.622462e-01
1.533305e+00
-3.243208e-01
5.546667e+01
1.741981e+02
-1.015149e+01
3.493487e-04
6.168942e+04
-1.333703e+05
-4.156152e+05
-2.926611e+04
-1.879715e+05
-7.556126e+04
6.605615e+04
-4.970413e+04
-1.037756e+05
-2.035783e+04
-5.511593e+04
1.036486e+05
-1.589242e+04
-7.236145e+04
-4.432785e+04
5.197980e+04
-1.440764e+03
-4.937886e+03
3.397919e+04
6.968968e+03
1.040348e+04
-4.179128e+04
-1.818467e+04
-4.417132e+03
-1.877425e+04
-3.084148e+04
-3.268106e+04
-6.243125e+03
-1.439368e+04
-1.068098e+04
-2.861154e+03
1.200625e+04
-3.026599e+03
-1.650630e+04
-8.493858e+03
-1.080788e+03
-7.594885e+02
1.118411e+04
-1.222605e+04
7.333430e+03
2.611386e+03
1.749121e+03
-3.517986e+03
-6.163985e+03
-8.490162e+03
-6.105804e+03
-5.261681e+03
-4.837012e+03
6.266191e+03
-4.609235e+03
9.731106e+03
5.727230e+03
-6.315141e+03
2.457894e+03
-2.706255e+03
-4.518745e+03
-2.844604e+03
2.944538e+03
6.618823e+03
4.829004e+03
-2.126383e+03
-5.181682e+03
1.590686e+03
1.287762e+03
-1.881572e+03
-2.271834e+03
2.842094e+02
4.868504e+02
1.566547e+03
6.481602e+02
3.076594e+03
-4.167911e+03
-6.398229e+02
1.397963e+03
3.566514e+02
8.641745e+02
4.344785e+02
3.739947e+03
-3.621407e+01
-1.980609e+03
-1.561532e+03
-8.208566e+02
1.328667e+03
-8.407674e+02
2.931863e+02
5.582490e+02
1.300508e+03
-2.581856e+03
3.220624e+02
1.456672e+02
-1.607685e+02
8.987109e+02
5.305289e+02
-4.658475e+01
6.486476e+02
3.066536e+02
-9.155737e+02
-7.816023e+01
-4.503542e+02
6.813307e+02
-2.156819e+01
-3.577766e+02
9.626031e+02
-5.258842e+02
7.146249e+02
-7.293500e+02
3.433090e+02
3.861205e+01
2.051182e+02
2.959412e+02
-3.585626e+02
1.951891e+02
6.396370e+01
-2.180520e+02
-1.554719e+02
-4.168980e+02
-7.253901e+01
2.143970e+02
-1.292013e+02
7.434789e+01
2.044601e+02
-5.007891e+02
2.189303e+02
3.081024e+02
6.627075e+02
3.012425e+02
3.510663e+02
-2.582392e+02
-4.930777e+01
2.938932e+02
-3.964087e+02
2.279538e+02
3.006680e+00
-1.078387e+02
3.002818e+02
1.407374e+02
4.497819e+01
1.194767e+02
2.387429e+01
1.441551e+01
-3.843096e+02
8.225072e+01
1.730801e+02
1.660829e+01
2.639756e+02
2.735295e+02
1.903067e+01
-2.412905e+02
-1.785119e+02
2.127578e+02
1.255004e+02
5.232604e+01
-2.756418e+02
2.556225e+01
1.696627e+02
6.783941e+01
-6.356281e+01
6.132421e+01
-5.139122e+01
-2.954550e+01
1.072917e+02
5.459996e+01
6.622426e+01
6.316257e+01
1.650546e+01
-5.692983e+01
1.695324e+01
4.909459e+01
-1.148812e+02
2.115564e+01
-5.516187e+01
2.443307e+01
1.019926e+02
-2.825243e+01
1.164817e+01
5.389118e+01
3.510098e+01
1.492172e+02
-1.037019e+02
-5.449194e+01
-1.500924e+01
-3.544022e+01
2.117720e+01
3.317365e+01
4.687211e-01
-6.572566e+01
4.141528e+01
1.848473e+01
1.180019e+00
7.808118e+00
-1.007225e+01
1.061718e-01
-4.473408e+00
-6.090028e+00
2.916387e+00
7.968572e+01
9.930328e+00
1.752285e+01
2.112997e+01
-1.471734e+00
2.866805e+00
-1.037252e-01
2.847755e-01
4.655045e-01
2.438647e-01
6.893449e-01
-7.062951e-01
8.379360e-02
-5.282344e-01
-1.159830e-01
-1.911651e-01
-1.329903e-02
2.340877e-02
-2.178941e-01
-2.299233e-02
6.765361e-02
1.955238e-02
-6.959765e-03
5.217146e-03
-1.651560e-01
1.469204e-01
4.874327e-03
4.444832e-02
5.058814e-04
4.282199e-02
-1.750013e-02
-6.394226e-02
2.139581e-02
