1.507778e-01
9.277670e-01
-1.829783e-01
5.148444e+01
1.628811e+02
-2.239566e+01
3.391342e-04
2.709557e+04
-6.111523e+04
-3.142212e+05
-4.141971e+05
-8.657138e+04
-1.644582e+05
9.114363e+04
4.660209e+04
45896
-2.529194e+04
6.647454e+04
1.596837e+05
4.998669e+03
1.786309e+04
-1.849302e+04
-3.303204e+04
-6.265417e+03
-3.265274e+04
1.419360e+04
-2.243163e+04
1.697737e+04
-2.186157e+04
-3.176548e+04
1.100697e+04
-4.783707e+04
-1.272477e+04
2.877457e+04
-5.792774e+04
-9.700471e+03
-3.740753e+04
-2.455204e+04
3.430320e+04
-1.081029e+03
-6.617217e+03
-1.633225e+04
8.046523e+03
5.707184e+03
-3.702170e+03
-1.584571e+04
2.314353e+04
5.010109e+01
-1.851144e+03
1.750167e+03
-7.458072e+03
-8.238446e+03
-9.713676e+03
1.837743e+03
7.026069e+03
5.918115e+02
-2.094617e+02
3.672863e+03
7.778827e+03
3.804590e+03
-3.334312e+03
3.097313e+03
-6.539047e+03
2.376077e+03
1.276450e+03
3.313723e+03
6.358362e+01
-3.856747e+02
-1.283231e+03
1.120447e+03
7.176305e+02
3.358705e+02
-1.191767e+01
1.357198e+03
-1.706212e+03
-2.317845e+03
-1.726992e+03
-3.316834e+02
2.140565e+02
1.222596e+03
2.307018e+03
-1.334968e+03
8.777296e+02
4.850708e+02
8.277847e+02
-8.871699e+02
1.266065e+03
-1.414961e+03
-6.969659e+02
2.237436e+03
2.603726e-01
7.007874e+02
-6.790589e+02
3.639786e+02
-1.084358e+02
3.159171e+02
1.300929e+02
-1.646983e+03
7.651234e+01
2.987036e+02
7.090651e+02
-3.291428e+02
1.614923e+03
8.569803e+01
-5.953167e+02
-1.145279e+03
7.278179e+02
4.477483e+02
4.738748e+02
2.596416e+02
4.524331e+02
-6.696080e+01
-7.053135e+01
-6.164946e+02
-2.306791e+02
1.426697e+03
-1.920612e+02
-2.877389e+02
-3.874986e+02
-2.170578e+02
1.780319e+02
4.419425e+02
3.949732e+02
-4.702668e+02
-7.362852e+01
2.381653e+01
4.438675e+02
-3.565709e+02
-5.988165e+02
2.582047e+02
1.457348e+02
3.694283e+02
-3.034502e+02
-9.062822e+01
1.073291e+02
-3.590834e+02
-1.918123e+02
-6.058783e+01
2.337097e+02
-3.649118e+02
-1.188556e+02
3.234815e+02
2.588896e+02
2.034587e+02
2.063650e+02
-2.959924e+01
4.320540e+01
-2.208768e+02
-2.397670e+02
2.522908e+02
7.060625e+01
1.395007e+02
-1.084878e+02
-7.340973e+01
-3.425179e+01
1.180695e+02
-1.355284e+01
-2.939598e+01
2.118864e+02
-1.335287e+02
-1.675793e+02
5.765504e+01
-3.970944e+01
-1.115102e+02
-1.608552e+02
2.254551e+01
-7.927897e+01
1.682189e+02
-1.246321e+02
-9.080695e+01
4.136208e+01
9.006816e+01
8.236241e+01
-1.332543e+01
4.073402e+01
-6.871903e+00
8.276492e+01
6.067939e+01
-1.256786e+02
4.362388e+01
8.932700e+00
1.260436e+02
2.589418e+01
-1.854727e+01
7.970566e+01
-2.841039e+01
1.367270e+01
9.052771e+01
-6.612452e+01
-8.151434e+01
1.254023e+02
4.459814e+01
-2.434287e+01
-9.476802e+00
2.774151e+01
-8.966043e+00
5.436591e+00
-9.701430e+00
-5.323389e+00
-4.968243e+01
4.307482e+01
-1.735993e+01
2.559401e+01
-1.915274e+00
2.201851e+01
6.839514e+00
-1.285591e+00
3.299675e-01
-3.917789e-01
3.475468e-01
-4.857345e-03
3.117887e-01
1.332965e-01
-2.381016e-02
5.904648e-02
5.803138e-02
4.377437e-01
3.017008e-01
-7.176646e-02
-6.483100e-02
1.475829e-01
-4.249030e-02
-5.597260e-02
-1.419099e-01
-5.130146e-02
2.874408e-01
-5.120318e-02
2.351110e-02
-9.736865e-02
-7.028271e-02
3.498601e-01
8.256920e-02
-1.678787e-01
5.637379e-03
1.126518e-01
