-4.403049e-01
-1.537938e+00
-2.281049e-02
5.319111e+01
1.726214e+02
-6.767633e+00
3.465393e-04
-3.290725e+04
4.978244e+03
-1.343599e+04
-5.528680e+04
-6.899253e+04
-5.594027e+04
-3.587639e+04
8.832833e+04
-1.241351e+05
-74908
-1.776000e+05
5.627415e+04
-1.049549e+05
-2.511839e+04
-9.233320e+03
-1.020818e+04
6.367519e+03
6.091404e+03
7.912299e+02
-5.931954e+04
-4.057361e+04
-1.841741e+04
-2.943945e+03
2.606240e+04
4.432149e+04
1.118611e+04
-2.311322e+04
2.138264e+04
9.862693e+02
-9.050125e+03
1.319272e+04
-1.061115e+04
5.631619e+03
1.376990e+04
-1.315257e+03
-2.267013e+03
-8.966912e+03
1.658442e+04
6.393091e+03
7.673760e+02
-2.500973e+03
1.477922e+03
-6.759930e+02
1.165550e+04
2.145960e+02
6.302117e+03
6.375190e+03
-7.375179e+03
2.910705e+03
2.163780e+03
5.156129e+03
-3.830094e+03
-7.581659e+03
-1.392292e+02
-1.825998e+03
2.063283e+03
-2.460784e+03
3.295977e+03
3.789583e+03
4.539788e+03
-2.496369e+03
-1.573325e+03
5.585170e+03
2.497333e+03
-4.511328e+02
7.015439e+01
4.754583e+02
4.676176e+02
1.317798e+03
1.081041e+03
3.139217e+03
-3.502684e+03
-3.198669e+03
5.885841e+02
1.189050e+03
-3.398585e+02
4.648965e+02
4.002645e+03
2.136408e+03
-1.778523e+03
-1.010162e+03
4.513995e+01
1.438899e+03
8.552535e+02
-3.077347e+02
1.566944e+03
1.678846e+03
-1.786279e+03
6.482068e+02
1.646047e+03
6.689102e+02
3.434132e+02
-9.530692e+02
-7.306875e+02
-3.742865e+02
5.593564e+02
2.338458e+02
-5.378324e+01
-2.228050e+02
4.821184e+02
7.148776e+02
-2.935322e+02
1.358586e+03
-1.961023e+02
7.799355e+02
-7.193630e+02
8.008628e+02
-2.561125e+02
-2.351627e+02
-1.020658e+02
2.266978e+02
5.303469e+01
4.407523e+02
-3.931846e+02
-4.604634e+01
-3.972120e+02
2.997513e+02
-4.595284e+01
2.425415e+02
-1.620509e+02
1.713993e+02
-1.577271e+02
5.570407e+01
2.364396e+02
3.346687e+02
2.671035e+02
4.570907e+02
-1.556414e+02
6.134677e+01
4.520784e+02
-5.151608e+01
1.108628e+02
2.119034e+02
-9.235320e+01
5.143804e+01
-3.065986e+01
-6.137389e+01
-1.561766e+02
3.267302e+02
-5.633160e+01
2.502416e+01
2.112438e+01
1.745975e+02
1.363426e+01
5.889117e+01
1.620918e+02
7.868712e+01
-1.846220e+02
2.646857e+01
1.287713e+01
2.136242e+01
-8.676864e+01
-3.394848e+01
-7.460429e+01
-4.635393e+01
1.265605e+02
-3.603504e+00
1.127850e+02
-1.449661e+02
-5.164383e+01
9.453186e+00
6.979962e+01
-3.684491e+01
1.240208e+00
3.781402e+01
-8.985157e+01
7.923350e+01
-3.431213e+00
5.422256e+01
2.960263e+01
3.913157e+01
-2.447967e+01
4.211237e+01
3.515150e+00
-1.236798e+01
1.401596e+01
9.458013e+01
2.011182e+01
5.328454e+00
3.788384e+01
3.737432e+01
1.260074e+01
4.724080e+01
1.196532e+01
3.084104e+01
1.118234e+00
1.311744e+01
2.331495e+01
-1.006440e+01
-3.229483e+01
-2.748573e+01
2.246118e+01
4.035975e+00
1.305681e+01
-2.161381e+01
-4.010082e+00
1.439806e+01
1.001524e+01
9.051095e+00
-6.874512e-01
1.622503e+00
-5.317795e-01
4.494141e-01
6.836771e-02
1.942418e-01
1.349800e-02
-7.487880e-01
-1.069827e-01
-5.076782e-01
-4.690382e-01
9.238860e-02
1.562384e-01
-6.700106e-03
-5.950353e-02
9.513855e-02
6.030229e-02
1.014641e-01
6.897169e-02
-2.011432e-02
6.496197e-02
-6.101661e-02
1.662336e-01
-6.970365e-02
-1.359454e-01
-9.111128e-02
1.196438e-01
-3.168271e-03
-2.966093e-02
