-3.039463e-01
1.192894e+00
1.895422e-01
4.920889e+01
1.911736e+02
-1.149684e+01
3.281271e-04
-2.769755e+05
-2.321613e+05
2.140661e+05
-1.411755e+05
8.766934e+04
1.993226e+05
-2.769124e+05
1.252092e+05
-1.465303e+05
7.209206e+04
9.481105e+04
1.328065e+05
-3.457646e+04
-7.344450e+04
-7.964665e+03
-3.299693e+04
-1.739556e+04
-1.975523e+04
-2.121127e+04
2.227429e+04
-1.720614e+04
3.443851e+03
4.709479e+02
-6.421835e+04
6.261785e+03
-2.280536e+04
-1.829641e+04
1.609062e+04
2.113544e+04
1.195604e+04
1.823784e+04
-8.547239e+03
1.180227e+04
-1.867654e+03
-3.586557e+04
-8.178792e+03
-9.890634e+03
1.803038e+04
2.351780e+03
2.910895e+03
2.902250e+03
-2.336111e+04
-1.251875e+03
1.111187e+03
-6.226325e+03
6.606069e+03
-5.530561e+03
1.001381e+03
9.948034e+03
2.184527e+03
1.237687e+04
1.917599e+03
-2.525546e+03
-8.852931e+03
2.728864e+03
-9.775886e+01
2.472445e+02
3.840664e+01
4.171190e+03
4.882903e+03
1.331517e+04
-7.455089e+03
-3.873370e+02
5.698875e+03
3.355787e+03
3.622479e+03
-5.834417e+02
-1.151246e+03
-2.597604e+02
-1.386840e+02
-3.064806e+02
-5.488216e+03
6.453275e+02
-1.998508e+03
-4.822732e+02
-3.956969e+03
3.546966e+02
1.870464e+03
1.327010e+03
1.472191e+02
-6.425491e+02
9.784337e+02
2.003320e+01
1.514131e+03
9.591029e+02
3.090667e+03
2.041178e+03
-3.804465e+02
6.199766e+02
1.743432e+03
-4.863746e+02
4.382826e+02
2.925618e+02
-1.188555e+03
-3.378410e+02
8.936321e+02
-2.378897e+03
1.616969e+03
-4.687617e+02
6.283300e+02
6.911093e+02
1.797641e+03
1.267020e+03
-7.834545e+00
2.458390e+03
-9.161964e+01
1.283887e+02
-4.627664e+02
-2.125997e+02
-5.966395e+01
-5.728422e+02
-1.069143e+03
6.743422e+02
7.760230e+01
3.536693e+02
-3.369226e+02
2.733108e+02
7.762795e+02
-5.635259e+02
1.829626e+02
-3.770330e+01
-3.972118e+02
-3.412890e+02
1.949741e+02
-6.797371e+01
-1.273756e+02
6.727491e+01
-6.871711e+02
-3.531274e+02
7.515023e+02
-2.339197e+02
1.442900e+02
1.593944e+02
-8.754882e+01
-9.856337e+01
1.710172e+02
3.747575e+02
-2.479531e+02
1.343018e+02
1.142771e+02
-3.827291e+02
-8.886176e+01
2.422785e+02
2.844969e+02
8.695267e+01
1.555168e+02
7.748786e+01
-1.863382e+02
1.085047e+02
-1.420244e+02
-9.404314e+00
-1.405570e+02
4.228915e+01
1.151659e+02
-3.213763e+01
-9.622894e+01
4.410431e+01
-1.718938e+02
6.924416e+01
2.068007e+00
2.719753e+02
-2.813407e+02
9.667120e+01
2.080025e+01
1.490961e+02
2.989911e+02
-4.613327e+01
-1.190332e+02
-2.171704e+01
-2.960852e+01
1.753904e+01
-7.687984e+01
-1.975485e+01
7.274953e+01
5.451040e+01
-1.995668e+01
-8.856387e+01
7.841595e+01
2.357510e+01
2.342593e+02
1.343370e+02
-1.468164e+02
1.064929e+01
6.692107e+01
8.141044e+01
-5.598226e+01
6.290619e+00
2.917457e-01
2.047132e+01
-7.362145e+01
-1.685880e+00
-6.752533e+01
4.086150e+01
-1.076471e+01
-7.635822e+01
3.994209e+01
-3.471760e+01
2.949522e+01
1.104398e+01
-3.687777e+00
1.646471e-01
-3.454046e-01
1.827220e+00
6.251513e-01
-2.760029e-01
-6.554202e-01
-8.055227e-01
2.299209e-01
1.162511e-01
1.321574e-01
-3.551477e-01
-9.211916e-02
7.231346e-02
3.251169e-01
-1.308928e-01
-8.186160e-02
-5.595100e-02
4.585199e-02
-7.868316e-02
7.711280e-02
1.617791e-01
-1.746998e-01
-2.520646e-01
2.434051e-01
6.670113e-02
-1.296087e-01
-6.918624e-03
-1.964858e-02
