-3.305983e-01
-1.241626e+00
6.554066e-02
5.660444e+01
1.962299e+02
-1.390756e+01
3.734572e-04
-2.894384e+05
6.633426e+04
7.557274e+05
-2.240747e+05
5.123055e+04
-1.042185e+05
-1.423935e+05
2.315418e+05
-1.626341e+05
1.189445e+05
-1.184101e+05
-2.091672e+04
-9.545623e+04
2.344543e+04
6.351158e+04
-7.318680e+04
-2.561009e+04
-3.899662e+04
-7.273697e+04
-8.458691e+04
-7.547659e+04
4.692190e+03
-3.018981e+04
-4.500001e+04
-4.150025e+04
-1.626542e+04
-1.279711e+04
2.074159e+04
-4.342679e+03
3.573673e+04
8.860429e+02
1.729011e+04
-9.171586e+03
2.333190e+04
-1.764038e+04
-2.947841e+04
-1.236647e+04
1.325697e+04
2.214899e+04
1.275566e+03
1.221784e+04
-1.191284e+04
-1.631956e+03
2.775512e+04
-8.473271e+03
1.709555e+03
9.180499e+03
-4.845566e+03
-9.156395e+03
6.922032e+03
3.531933e+03
-6.140000e+03
-9.429517e+03
-1.469384e+03
1.592566e+03
-3.746440e+03
5.209299e+03
-3.038071e+03
4.291526e+03
6.333876e+02
7.458939e+03
-4.419495e+03
4.532931e+03
2.697550e+03
5.263909e+03
7.658047e+01
1.219391e+03
1.657110e+03
8.975500e+02
4.237048e+03
2.070798e+03
-4.853421e+03
-2.069256e+03
-2.381368e+02
-1.793331e+03
-1.776237e+03
-8.617068e+01
1.076610e+03
4.773686e+03
-1.218155e+03
-6.913893e+02
-9.218654e+02
-1.655457e+03
4.962769e+02
-1.248593e+03
1.930035e+03
2.852272e+03
-8.182044e+02
5.936425e+02
2.881512e+03
-5.657162e+02
-1.794944e+02
-4.603210e+01
-1.531242e+03
-8.233158e+02
-1.123245e+03
-1.007897e+03
-1.384525e+02
4.872418e+01
1.082862e+03
1.050161e+03
1.137977e+03
1.197987e+03
1.240581e+03
9.363697e+02
3.536278e+02
8.240260e+02
-2.181588e+02
-8.127196e+02
-1.589236e+03
-2.095827e+02
-1.283804e+03
7.527891e+02
-3.149521e+02
3.210651e+02
-7.894659e+02
7.159738e+02
2.424400e+02
-2.076190e+02
-7.337663e+02
4.888116e+02
-3.335956e+02
-8.940480e+02
2.246083e+02
2.137098e+02
-3.341202e+01
3.407768e+02
-5.081515e+01
5.979202e+01
4.961431e+01
-1.485009e+02
-1.821741e+02
2.764053e+02
-1.164789e+02
-2.766980e+02
-3.891866e+01
1.527529e+01
-1.831812e+02
1.500427e+02
-5.787516e+00
1.655323e+02
-1.613802e+02
2.755974e+02
2.774160e+02
-1.628030e+01
-2.299869e+02
1.266563e+02
1.179462e+02
-9.675172e+01
-3.324392e+01
2.264627e+02
-1.002497e+02
3.723034e+01
2.014529e+02
-1.498707e+02
9.333118e+01
-4.208229e+01
-8.798837e+01
-1.807255e+02
-2.946815e+01
-8.515027e+01
-2.486973e+02
3.879604e+01
1.177322e+02
1.654916e+02
1.059399e+02
1.199698e+02
6.375529e+01
-7.833167e+01
8.781592e+01
6.181219e+01
-6.417885e+01
9.870158e+00
1.300720e+02
5.009578e+01
-9.057842e+01
-4.277810e+01
-1.610986e+01
3.133259e+01
8.055851e+01
1.424946e+02
-2.798356e+01
9.226873e+00
-5.902667e+00
1.111649e+02
9.387473e+01
-3.247059e+01
1.296465e+01
-5.190993e+01
-8.895425e+01
-5.134344e+01
1.090333e+00
3.068738e+01
4.223322e+01
-9.016563e+01
-2.327496e+01
-9.087886e+01
1.761407e+01
1.264046e+01
-3.764824e-01
-5.206708e-01
-2.579974e-01
-1.103921e+00
-3.098167e-01
-5.382307e-01
-3.857134e-01
1.874270e-01
-1.822769e-01
-4.377242e-01
5.450546e-01
-3.732415e-01
2.053610e-01
1.623083e-02
8.612403e-02
2.482670e-01
-1.587764e-02
2.177221e-01
2.321186e-01
-4.753543e-02
7.853071e-02
-1.049359e-01
1.578905e-02
-1.304846e-01
7.234273e-02
5.194264e-02
1.080619e-01
4.303675e-02
3.385984e-02
