-9.057011e-02
1.942430e-01
1.208745e-01
4.608000e+01
1.846965e+02
-2.618006e+01
3.494974e-04
-9.061491e+04
1.230215e+05
5.692777e+04
-9.810832e+04
2.160443e+04
5.773126e+04
-1.294924e+04
3.074201e+04
-7.231488e+04
2.138682e+04
1.763076e+04
7.012978e+04
-3.456342e+04
7.234601e+03
-5.958562e+02
1.689064e+04
-1.333145e+03
2.248760e+04
-1.156514e+04
2.032814e+04
-1.395095e+04
-1.904076e+04
-2.561655e+04
-3.697030e+03
2.899755e+03
-1.273188e+04
-1.684449e+03
2.048049e+03
-4.996330e+03
3.499217e+03
4.368124e+03
4.306919e+03
-4.672799e+03
-3.578263e+02
-1.498085e+04
-2.428933e+03
-2.217479e+04
4.355291e+03
-9.102390e+03
7.071548e+03
5.613099e+03
-8.162821e+03
2.412840e+03
-4.626368e+03
5.252669e+03
2.383503e+03
8.228119e+03
1.024094e+03
7.256953e+03
1.024858e+03
8.459835e+03
-1.458470e+03
-4.109247e+03
-6.670985e+03
1.248329e+03
6.529271e+02
-3.241236e+03
3.361017e+02
7.675258e+02
1.776218e+03
1.651598e+03
-8.729569e+02
7.679069e+02
1.550893e+03
3.709454e+03
2.807695e+03
1.254468e+03
-2.455385e+02
-8.808380e+02
2.327826e+02
2.090319e+02
-4.660479e+03
-1.001347e+03
-8.043748e+02
-3.206905e+02
-6.794942e+02
3.396881e+02
1.688008e+03
1.133200e+03
-1.278765e+03
5.422452e+02
5.638193e+02
6.818306e+02
1.944104e+02
4.903918e+02
1.630694e+03
9.283518e+02
-7.035923e+02
1.218856e+03
1.733724e+03
-1.574576e+02
-5.116645e+02
3.332232e+02
-1.243149e+03
-2.126340e+02
5.392532e+02
-8.208917e+02
2.480312e+02
-9.511179e+02
4.375109e+02
1.211578e+03
6.933599e+02
7.683280e+02
4.047228e+02
1.771010e+02
-5.313817e+02
2.292814e+02
4.023836e+01
-1.875191e+02
2.026554e+02
-3.058062e+02
-6.089730e+02
7.212896e+02
-1.104489e+01
3.698381e+02
-9.084845e+01
2.320401e+02
1.661753e+02
-2.618250e+02
-1.397822e+00
9.005468e+01
2.986770e+01
-2.352400e+01
6.553254e+01
2.121072e+02
-1.876528e+02
2.144030e+02
-8.041257e+01
-2.464258e+02
2.318225e+02
-8.644134e+01
-1.247385e+02
-1.914963e+02
-2.040320e+02
-1.003491e+02
1.081759e+01
3.098387e+02
2.586354e+00
1.720099e+01
-1.341709e+02
-1.248814e+02
1.278891e+01
1.949736e+01
1.541398e+02
1.109188e+02
-1.155738e+02
-9.714619e+01
4.087494e+01
-3.829490e+01
3.685058e+01
-1.079471e+00
-2.744011e+01
6.137783e+01
1.342254e+02
-5.097502e+01
-6.744398e+01
1.377127e+01
-1.615690e+02
2.790948e+00
-8.416625e+01
1.980666e+02
-1.715828e+02
-6.419536e+01
2.779932e+01
8.855651e+01
4.134394e+01
6.031237e+01
-2.953619e+01
-8.013152e+01
3.321143e+01
-7.598664e+00
-9.523953e+01
3.747093e+01
7.366315e+00
2.308432e+01
-2.021229e+00
6.464396e+00
4.778237e+01
-6.270129e+01
2.395885e+01
6.352505e+01
-7.773705e+01
-4.169937e+01
5.300713e+01
1.437173e+01
1.152506e+00
-9.049398e+00
1.486324e+01
-1.073058e+01
7.215544e-01
3.368520e+01
-1.129249e+01
-1.731735e+00
8.419642e+00
-3.387807e+01
2.728419e+01
1.365525e+01
4.108270e+00
1.011893e+01
-5.283279e-01
-4.931972e-01
7.610410e-02
1.552011e-01
1.056911e-01
-1.257057e-01
-8.951765e-02
3.079147e-02
-1.155799e-01
5.649678e-02
4.758182e-01
2.098514e-01
-4.808430e-03
-4.040078e-02
1.098166e-02
6.345738e-02
-3.273798e-02
-2.282093e-02
-5.289033e-02
6.366618e-03
-4.180149e-02
1.092858e-01
-1.134190e-01
-9.108533e-02
4.531199e-02
3.188761e-02
-6.208641e-02
3.549664e-02
-1.003974e-02
