-2.428233e-01
-9.320131e-02
-1.186208e-01
5.176889e+01
2.000068e+02
-2.395676e+01
3.191449e-04
-3.474940e+05
1.873953e+04
-1.145988e+05
-5.076533e+05
-1.184862e+04
1.601210e+05
-2.275063e+05
9.405534e+04
-3.487907e+05
5.048803e+03
-1.256379e+05
2.488634e+04
-8.256428e+04
-3.110139e+04
-6.399008e+03
-1.218585e+04
2.401317e+04
1.152625e+04
1.109162e+03
-4.288411e+04
-25759
-1.434505e+04
-5.690252e+04
-5.138817e+04
-3.327990e+04
2.388053e+03
-2.046905e+04
3.844136e+04
-1.308111e+04
-1.951309e+04
1.392412e+04
-1.706508e+03
2.045489e+04
-5.404351e+03
-3.938439e+04
5.745085e+03
-8.528887e+03
4.980160e+02
9.485353e+03
1.843587e+04
-1.822862e+03
-2.053047e+04
-7.116821e+03
1.220136e+04
-8.949492e+03
8.060208e+03
-2.845312e+03
-5.388256e+03
5.589802e+03
1.314423e+03
8.176195e+03
-2.158990e+03
-1.065530e+04
-6.586794e+02
4.592358e+03
-3.785214e+03
-1.782206e+03
2.749854e+03
4.710728e+03
8.116994e+03
1.341651e+04
-2.862269e+03
-5.559012e+02
2.800898e+03
-6.477621e+02
3.080892e+03
-1.264932e+03
2.410213e+03
-1.666993e+02
2.262648e+03
-9.592798e-02
-7.117771e+03
1.273348e+03
-2.242926e+03
1.020038e+03
-2.324598e+03
9.540151e+02
2.808723e+03
5.712604e+02
-1.465737e+03
1.038040e+03
-8.446471e+02
8.933950e+02
1.559289e+03
2.099809e+03
1.695874e+03
1.551755e+03
-7.051926e+02
2.430189e+02
2.772172e+03
1.519246e+01
1.982567e+02
5.573341e+02
-8.423440e+02
-2.966490e+02
-3.142400e+01
-1.722661e+03
1.530359e+03
-5.072001e+02
3.087929e+02
1.002561e+03
1.040812e+03
1.941288e+03
7.572609e+02
1.796408e+03
-3.415994e+02
-2.774815e+02
1.197751e+02
-6.150432e+02
-1.902170e+02
-8.960904e+02
-8.728740e+02
5.778077e+02
-8.890310e+00
1.146918e+03
-7.448668e+02
4.526313e+02
4.269164e+02
-3.300373e+02
-1.284615e+02
-3.172393e+02
-2.038042e+02
-2.356174e+02
3.835074e+01
2.623931e+02
-5.161746e+02
-1.494341e+01
-6.615734e+02
-3.309944e+02
4.813881e+02
-4.560260e+02
3.933425e+02
2.552322e+02
-1.159899e+02
-1.715535e+02
5.638722e+01
3.475874e+02
-2.580213e+02
1.164117e+02
1.021824e+02
-1.876590e+02
-1.869711e+02
1.806918e+02
2.726434e+02
4.380399e+02
-9.134538e+01
-1.098607e+02
-3.154195e+02
-3.598584e+01
-1.380437e+02
8.341454e+01
-9.174031e+01
3.055046e+01
2.280344e+02
2.825746e+01
-3.834066e+01
-8.347312e+01
-1.061542e+02
9.132085e+00
6.472739e+01
1.657870e+02
-2.737665e+02
2.030522e+01
6.740403e+01
8.937893e+01
2.830913e+02
6.472274e+01
-1.216404e+02
6.204142e+00
6.125739e+01
1.071938e+02
4.066786e+01
-6.535572e+00
1.244035e+02
8.418917e+00
-5.850413e+01
-5.948472e+01
8.492637e+01
3.747356e+01
1.103889e+02
8.756598e+01
-1.941799e+02
-2.981647e+01
1.820964e+01
7.406594e+01
-1.386483e+00
1.624241e+01
1.513116e+01
-6.038368e+01
-1.005892e+02
2.757937e+01
-7.719913e+01
5.751325e+01
-2.915660e+00
-1.031296e+02
8.994587e+01
-7.425457e+01
-1.384211e+00
3.905653e+01
-5.519148e+00
-1.821223e+00
9.861944e-01
1.075013e+00
2.836619e-01
-5.346194e-03
-3.720341e-01
-1.217595e+00
-7.521700e-02
1.565869e-01
5.016680e-01
-4.801583e-01
7.024360e-02
1.704472e-01
5.619665e-01
1.476902e-01
1.693420e-03
1.119292e-01
8.645757e-02
-1.864684e-02
5.588562e-02
1.366570e-01
-4.132967e-02
-7.049832e-02
3.411568e-01
7.252052e-02
1.914553e-02
4.353580e-02
-1.476961e-02
