-5.632576e-01
1.317681e+00
-3.074704e-01
5.632000e+01
2.026162e+02
-6.036011e+00
3.528072e-04
-4.888822e+05
-28876
1.806456e+06
1.140439e+06
2.439506e+05
-8.175992e+05
1.867003e+05
-8.580053e+04
-3.901877e+05
3.127039e+05
-4.126655e+05
-1.357414e+05
4.922253e+04
7.948441e+03
-2.719860e+04
2.728075e+04
-1.007796e+05
1.387748e+04
-1.223961e+05
1.113841e+05
5.405441e+04
7.353038e+04
1.970282e+05
-2.097828e+05
1.627933e+05
5.070267e+04
-7.253147e+04
1.485569e+05
1.782700e+05
2.467190e+05
4.567704e+04
-6.331693e+04
3.671493e+04
4.263704e+04
2.637153e+04
-5.969720e+04
-1.284894e+04
-1.739823e+04
2.211766e+03
-6.365216e+04
2.316927e+04
2.735639e+04
1.651651e+03
5.426923e+04
-7.367420e+03
1.904966e+03
-1.389360e+04
-2.959868e+04
2.448319e+04
9.257402e+03
1.010568e+04
-1.488022e+04
-4.237713e+04
-1.767289e+04
2.557466e+03
8.846050e+03
-1.230711e+04
7.102607e+03
-1.145770e+04
-6.067769e+03
2.259416e+04
-4.423090e+03
8.539325e+03
7.791525e+02
8.270401e+03
-5.145632e+03
-9.548343e+03
-7.241477e+03
1.893495e+03
3.542501e+03
-6.696124e+03
-2.930218e+03
1.336245e+03
-7.525872e+03
-4.608031e+03
-8.634159e+02
-9.043149e+02
1.246531e+04
-5.519295e+02
-1.203462e+03
3.804826e+03
2.895051e+03
-8.062283e+03
3.660224e+03
-4.617843e+03
8.566008e+03
7.408079e+03
-2.573068e+03
-8.592219e+02
4.813476e+03
2.800339e+03
-1.724832e+03
-2.839692e+03
-1.554707e+02
-2.449492e+03
-3.104488e+03
-5.619326e+03
3.486679e+03
6.236907e+02
3.112911e+03
1.240843e+03
2.763718e+03
4.508178e+03
-2.190396e+02
3.670291e+03
6.684510e+02
4.715311e+03
-5.207133e+02
-6.293057e+02
-6.225029e+02
-3.564248e+02
-4.144429e+02
1.161161e+03
1.437121e+02
-9.701685e+02
-1.354888e+03
2.672906e+03
3.382228e+03
-1.404068e+03
-1.453445e+03
-3.766146e+01
4.766272e+01
-1.957237e+02
1.540548e+03
-7.010353e+01
8.447012e+02
-8.087655e+01
-1.313437e+03
2.955505e+02
1.538645e+03
-7.070492e+02
-1.086692e+03
1.777613e+03
-6.087674e+02
-2.610070e+02
2.374386e+02
-7.378855e+02
-7.726844e+02
5.625002e+02
3.445297e+02
-5.079046e+02
7.380945e+02
-1.760381e+02
6.785017e+02
2.166195e+02
1.016521e+03
1.027355e+03
-3.560108e+02
-2.235647e+01
-1.000329e+02
1.574882e+03
-7.580463e+02
-4.863309e+02
3.832837e+02
1.409156e+02
8.233026e+02
1.962841e+02
-1.659423e+02
-3.433908e+02
2.878994e+02
-4.223047e+02
1.430399e+02
8.213203e+02
1.982722e+02
-9.073673e+01
-7.088000e+01
5.389338e+02
-5.519146e+01
-2.789292e+02
1.218605e+02
3.558880e+01
2.868207e+02
-1.369794e+02
-1.789146e+02
-9.062496e+01
1.159171e+01
2.455461e+02
1.402113e+02
1.523785e+02
1.991660e+02
-3.695282e+01
3.833123e-01
2.812786e+02
-2.291922e+02
5.250834e+01
2.162101e+01
1.634373e+02
-2.709197e+02
1.275796e+02
3.458196e+01
-1.692169e+02
3.371374e+01
1.689081e+02
-2.592192e+01
-8.807367e+01
-2.025680e+02
8.825655e+01
9.179671e+01
9.880566e+01
2.342972e+00
-1.719924e+00
-2.392703e+00
-8.480687e-01
-6.318083e-02
-7.363889e-01
-5.196933e-01
-4.666153e-01
8.128420e-02
-1.022626e+00
8.335539e-02
-1.364278e+00
-1.325945e+00
3.038328e-01
8.109108e-02
-2.546593e-01
-2.437320e-02
1.182557e-01
-2.694820e-02
2.309946e-01
3.958609e-01
2.504104e-03
4.295650e-01
-9.064921e-01
-1.198541e+00
-2.441519e-01
1.182662e-01
-4.642936e-01
-2.716587e-01
