-4.169167e-01
-8.940577e-01
-2.415731e-01
5.262222e+01
2.009326e+02
-1.600824e+01
3.639506e-04
-1.454526e+05
3.449954e+03
1.672119e+05
-5.887540e+04
5.290808e+04
2.791644e+05
-1.388455e+05
2.753183e+04
-1.198773e+05
3.375080e+04
1.007573e+05
8.993421e+04
-2.556956e+04
-6.147860e+03
-1.700979e+03
9.785249e+03
3.138389e+04
2.354775e+04
-3.512587e+04
3.908498e+03
3.133847e+04
-2.757906e+04
-6.866391e+02
-6.474208e+04
-2.971519e+04
-2.029350e+04
-1.637686e+04
1.731728e+04
-7.638061e+03
-6.752716e+03
-1.103014e+04
9.854145e+03
-1.940895e+04
3.993769e+03
-1.979025e+04
4.051615e+03
-8.454021e+03
2.076129e+04
-2.475542e+03
1.563827e+03
1.391158e+04
-1.044033e+04
-3.601280e+03
-4.391935e+02
1.274948e+04
4.467521e+03
2.325789e+02
7.228253e+03
5.086055e+03
-4.609239e+03
1.116196e+04
-1.663286e+03
-3.314539e+02
-6.454575e+03
-2.641256e+03
-3.516597e+03
-7.017765e+03
1.573690e+03
2.436033e+03
3.856980e+03
7.564063e+03
-1.740320e+03
-7.730063e+02
5.064572e+03
5.071646e+03
2.565667e+03
1.737606e+03
-1.440287e+03
-9.081843e+01
4.035770e+03
-2.665163e+03
-6.113281e+03
-9.284743e+01
-2.511241e+03
7.426637e+02
-3.794490e+03
2.081294e+03
9.088552e+01
1.592132e+03
-1.900409e+03
3.224131e+03
-4.147514e+02
-5.860392e+02
1.211671e+02
-2.406993e+02
3.649484e+03
9.620198e+02
2.373382e+02
1.801542e+03
2.893091e+03
8.238394e+02
2.107949e+02
6.663882e+02
-1.658924e+03
-1.268704e+03
-8.099258e+01
-3.632650e+02
1.171157e+03
-5.806120e+02
4.570342e+02
1.694232e+02
1.878797e+03
1.451344e+03
8.781884e+02
1.246900e+03
-5.568682e+02
-3.379439e+02
-4.503901e+02
-3.706264e+01
-1.595293e+02
-3.138753e+02
-6.294462e+02
8.640913e+02
-1.218512e+02
6.687902e+02
-2.975945e+02
5.684384e+02
-1.543004e+02
-4.361052e+02
-6.695753e+01
5.037873e+02
5.736191e+02
-3.186083e+02
-1.003190e+02
9.103203e+01
-4.126820e+02
2.083479e+01
-4.923013e+01
-3.918328e+02
2.147986e+02
-3.578705e+01
-1.334117e+02
-6.280406e+01
7.609863e+01
-6.698388e+01
-1.084581e+02
3.441591e+02
-2.772649e+01
1.159458e+02
-1.272270e+02
-1.811850e+01
-9.442284e+00
4.468589e+01
2.142546e+02
-9.276317e+00
-1.234968e+02
7.737619e+01
-1.013334e+02
9.889790e-01
4.321375e+01
1.520607e+01
-1.623823e+02
-3.473728e+01
3.005122e+02
-5.716807e+01
-9.229520e+01
5.982265e+01
-2.134489e+02
-5.175777e+00
1.511299e+01
2.455700e+02
-2.200330e+02
-9.110493e+01
7.032972e+00
9.121805e+01
1.862548e+02
-3.302431e+01
-8.497411e+01
-1.443018e+02
-5.821871e+01
-2.000112e+01
-1.716170e+02
1.993270e+01
1.431163e+02
5.418579e+01
-3.185437e+01
5.338476e+01
-2.582649e+01
-9.856468e+00
5.049088e+01
2.879076e+01
-1.571171e+02
-7.855660e+00
1.080845e+01
5.235031e+01
3.986879e+01
3.302273e+01
7.096206e+01
-2.859232e+01
-4.428154e+01
-2.362459e+01
-5.325397e+01
-3.221888e+01
-4.806899e+00
-6.256081e+01
3.959967e+00
-6.880473e+01
1.434739e+01
1.373430e+01
-6.004148e-01
-1.476547e+00
4.232106e-01
-8.704745e-01
2.002188e-02
-3.340841e-01
-7.057095e-01
6.654967e-02
3.012197e-02
-1.363375e-01
2.877408e-01
-5.793290e-01
3.653304e-01
2.814164e-02
1.480554e-01
6.966405e-02
-2.867446e-02
6.835199e-02
2.003247e-01
-2.240342e-01
2.829145e-01
8.441472e-02
-1.269898e-01
-4.530206e-02
3.590062e-02
6.059713e-02
-7.670183e-02
6.804920e-02
1.522686e-03
