-9.478605e-02
8.510386e-01
7.868290e-02
4.920889e+01
1.812265e+02
-2.199402e+01
3.449230e-04
-3.652271e+04
9.847207e+04
-7.393095e+04
-7.317905e+04
-5.383318e+04
-8.432429e+04
1.137909e+04
-9.347489e+04
-3.380714e+04
-6.574490e+02
4.418144e+04
6.951971e+04
-7.394994e+04
3.598660e+04
3.725662e+04
1.462357e+04
-1.584319e+04
1.280842e+04
-1.036390e+05
-1.557039e+05
2.510922e+04
-5.135679e+04
1.639022e+03
-4.491756e+04
-3.746159e+04
5.233127e+04
7.532347e+03
3.394952e+04
-3.500448e+04
-4.372288e+03
2.465748e+04
9.954589e+03
-4.647358e+04
-6.990375e+03
-3.447959e+04
2.130781e+04
1.120071e+04
-3.617979e+04
1.057001e+04
3.325740e+04
-2.014100e+03
-1.240376e+04
-3.286139e+02
-1.452537e+04
-1.788809e+04
9.216281e+03
7.131229e+03
-9.536402e+03
-5.017607e+03
1.282744e+04
3.068975e+03
-7.181687e+03
-8.893170e+03
4.323236e+03
5.880246e+03
-7.350968e+03
-2.459168e+03
3.642467e+03
-4.114281e+02
9.275854e+03
-3.049512e+03
1.739992e+03
5.346695e+03
3.493387e+03
-1.411767e+03
-2.047891e+03
3.665562e+03
3.785927e+03
1.369761e+03
3.558372e+03
4.138536e+03
-5.517361e+03
-7.447308e+02
5.321646e+03
2.471337e+03
-9.399919e+02
1.746418e+03
1.451005e+03
2.908816e+03
-8.125282e+02
1.889116e+03
-1.474934e+03
2.472926e+03
-1.527784e+03
5.697706e+02
-4.030728e+02
1.091391e+03
-1.423316e+03
1.246282e+03
2.665134e+03
1.518236e+03
1.631353e+03
2.258883e+03
2.016884e+02
6.946999e+02
-1.161521e+03
3.080033e+02
1.533819e+03
-2.107115e+02
1.520146e+03
1.335901e+02
-8.342585e+02
6.456157e+02
2.547906e+02
6.021764e+02
2.024478e+02
1.348974e+02
2.623432e+02
6.964146e+02
2.276485e+02
2.123008e+02
-7.527069e+02
2.634824e+02
-1.078099e+03
3.767101e+01
1.657774e+01
4.227509e+02
-4.789296e+02
1.848031e+02
-6.594346e+02
6.701598e+02
-4.347825e+02
5.348393e+02
3.208710e+02
4.620225e+02
7.707217e+02
-3.143084e+02
-4.205065e+01
-1.720309e+02
3.826648e+01
-2.290732e+02
3.592006e+02
-1.491552e+00
-1.287685e+02
-9.201821e+01
-2.355701e+01
4.611575e+02
5.077455e+02
3.434809e+01
-4.150990e+01
3.725455e+02
-2.503233e+02
1.108357e+02
-3.117558e+02
9.623902e+01
-4.166106e+02
6.573107e+01
-2.978065e+02
-1.370668e+02
-7.311301e+01
2.346534e+02
-2.965833e+02
-4.289477e+01
9.142033e+01
-4.285545e+01
-1.174669e+02
-6.806714e+01
1.893300e+02
-7.283020e+01
-1.294112e+02
1.964289e+02
2.604485e+02
-6.377180e+01
-2.149720e+01
-5.361773e+01
-8.472165e+01
2.295162e+02
3.101206e+01
-4.071743e+01
-9.012691e+01
-9.771013e+00
6.665445e+01
5.898627e+01
2.436053e+00
-1.034291e+02
-3.594185e+01
7.267442e+01
8.302676e+01
-3.716642e+01
-8.192090e+01
8.355166e+00
-1.028984e+02
-1.158941e+01
6.614558e+01
3.627631e+01
7.011759e+00
-1.545140e+01
2.015990e+02
-1.338671e+01
3.455711e+01
2.473150e+01
4.547994e+00
-1.388890e+01
9.347841e+01
-5.922182e+01
1.484888e+02
1.629631e+01
-3.026630e+01
2.801143e+01
-7.992690e-01
-4.693748e-02
4.908968e-01
-1.777160e-01
-1.720445e-01
-4.650481e-01
1.233644e-01
-3.047598e-01
-2.033007e-01
1.182839e-01
1.264311e-01
4.836497e-01
2.682843e-01
7.331372e-02
1.501410e-01
8.159374e-02
3.083818e-02
-6.590043e-02
-8.915251e-02
2.604360e-01
-1.230902e-01
-1.601360e-01
2.200609e-01
-1.497872e-01
2.855368e-01
1.353011e-01
8.485880e-02
1.009498e-01
1.662856e-01
