-2.606852e-01
-8.207655e-01
-4.670575e-02
4.920889e+01
1.883783e+02
-1.819780e+01
3.425580e-04
-6.206484e+04
-1.579774e+05
4.802878e+05
4.666980e+05
1.583810e+05
-1.187905e+05
1.504399e+04
4.751726e+04
2.280857e+04
9.648339e+04
-70558
2.139864e+04
-2.499956e+04
-2.151326e+04
-3.584565e+04
5.872559e+04
1.673719e+04
2.885223e+04
-9.292386e+04
6.812116e+04
-9.376183e+03
2.592423e+03
4.838407e+04
-3.887850e+04
1.928992e+04
8.008666e+03
-3.647798e+04
-2.246545e+03
1.205363e+04
2.568776e+04
9.465521e+03
-3.222638e+04
-6.744958e+03
-5.317861e+03
1.040560e+04
-3.001292e+04
5.408364e+03
1.468254e+04
-1.463274e+04
-1.808575e+04
4.711887e+03
1.100819e+04
2.414115e+03
5.392022e+03
8.510099e+03
2.446633e+03
2.604717e+03
-9.340275e+03
2.540534e+03
-1.035543e+03
6.476104e+03
-2.751726e+03
-1.075430e+04
-4.228175e+03
5.253186e+02
-6.907055e+02
-3.684650e+03
1.410534e+03
2.629174e+03
7.336279e+02
-9.535023e+02
-7.566888e+03
4.249787e+03
2.583171e+03
4.705279e+03
-2.381001e+03
-1.622983e+02
-2.369689e+03
2.122422e+03
2.544631e+03
6.132602e+02
-1.906782e+03
-2.088058e+03
-5.513993e+02
-1.881516e+03
-7.773248e+02
1.458891e+01
3.161052e+03
1.908218e+03
-1.523865e+03
-3.547625e+02
-2.459125e+02
-1.724297e+02
5.431596e+02
-2.048031e+03
2.485004e+03
2.325633e+03
-1.485601e+03
8.693881e+01
1.019641e+02
-3.234773e+02
-5.371921e+02
-2.969330e+02
-4.349987e+02
-3.622405e+02
4.695730e+02
-8.498564e+02
-3.102263e+01
-6.198494e+02
1.188339e+03
6.586340e+01
4.603070e+02
7.405854e+02
-6.491536e+02
1.171129e+03
-2.607521e+02
1.318050e+03
-7.916669e+02
-5.963407e+02
-5.365190e+02
3.312640e+01
-8.200868e+01
5.541245e+02
-2.098535e+02
-6.280029e+02
-6.799487e+02
6.406094e+02
3.882986e+02
-1.073679e+02
3.935626e+01
6.342727e+01
6.729659e+01
-1.382761e+02
3.760611e+02
3.160739e+02
4.902907e+02
4.243240e+02
1.955449e+02
2.383799e+00
5.176332e+02
1.491446e+02
-2.338635e+02
-7.816220e+00
-1.036412e+02
-1.604687e+02
-7.812996e+01
-1.854825e+02
6.848722e+00
1.914046e+02
-1.391131e+02
-1.917893e+02
3.317014e+02
7.096980e+01
1.521102e+02
-1.259109e+02
2.110461e+02
1.451425e+02
-1.281915e+02
2.708967e+01
2.245859e+02
2.083305e+02
-1.057121e+02
-1.159947e+01
1.831767e+02
-2.722379e+01
1.263086e+02
8.558785e+01
3.968947e+01
-7.849611e+01
-4.389830e+00
-6.546230e+01
7.701584e+00
7.370158e+01
7.046979e+01
1.553299e+02
-7.357233e+01
-1.210280e+01
-2.736769e+01
-1.490054e+01
4.756146e+01
-1.109614e+01
-4.977306e+01
-4.115383e+01
4.507514e+00
1.826703e+01
-1.038839e+01
2.284689e+01
5.917981e+01
-8.495439e-01
3.269308e+01
-2.391153e+01
2.347533e+01
-4.271652e+00
-7.368478e+00
3.097137e-01
7.788166e+00
3.056310e+01
-2.837195e+01
-1.064124e+01
2.839045e-01
-5.257502e+01
4.652581e+01
5.660255e+01
1.816977e+01
-1.508469e+01
-4.513077e+01
-9.048051e+00
4.179823e+01
1.519449e+01
1.512742e+00
7.561356e-01
-7.029555e-01
-1.183096e-01
-4.333514e-02
-3.258775e-01
-3.356995e-01
2.045549e-01
3.412549e-02
-2.744474e-01
-1.604062e-01
-5.744261e-01
1.592017e-01
2.284848e-02
-2.186269e-01
1.646946e-01
9.207669e-03
1.798294e-01
1.195550e-01
-3.501969e-01
7.136302e-02
4.129462e-02
-7.351773e-02
-3.094146e-02
-2.789805e-01
-6.228711e-02
4.198944e-02
-1.623109e-01
-2.912625e-02
