-7.883380e-02
9.637280e-01
-1.708879e-02
5.319111e+01
1.770891e+02
-1.841905e+01
3.486753e-04
-8.786231e+04
-4.709254e+05
168089
4.126344e+04
1.295908e+05
1.005756e+04
-2.440568e+04
1.655209e+05
6.978187e+04
-2.305950e+04
7.704491e+03
6.458322e+04
-1.078555e+05
-4.931913e+04
-5.829876e+04
-2.622567e+03
-2.937847e+04
-3.526914e+04
-2.315778e+04
9.907253e+03
2.419601e+04
1.520626e+04
5.589725e+03
-8.192182e+04
-4.635505e+04
-3.437496e+04
-1.982993e+04
1.988219e+03
2.275121e+04
-3.356936e+04
1.808673e+04
1.126602e+04
1.423171e+04
1.031205e+04
6.247009e+03
-1.690856e+04
3.691220e+03
7.592768e+03
-1.431799e+04
8.440157e+03
3.242821e+03
-8.578278e+03
-5.149102e+03
1.078299e+04
-6.917794e+03
-5.789246e+02
-1.083674e+04
-2.913553e+02
6.892266e+03
-9.168317e+02
9.024072e+03
-2.106157e+02
-1.345129e+04
-2.007599e+03
2.387700e+03
-5.183392e+03
-4.118343e+03
-2.116647e+03
5.964028e+03
2.812427e+03
5.771952e+03
-8.193345e+03
4.212189e+03
2.067771e+03
1.018937e+03
-1.999883e+02
-2.236345e+03
-8.740623e+02
7.331443e+02
2.755943e+03
1.039792e+03
-3.335381e+03
7.103435e+02
-2.517444e+03
-2.127437e+03
-1.260491e+02
3.217395e+02
1.028556e+03
1.345343e+03
1.167914e+03
-6.055225e+02
-1.621787e+02
3.408584e+02
1.695872e+03
1.344651e+02
2.500359e+03
1.935659e+03
-4.650379e+02
1.007544e+03
4.929921e+02
-9.415682e+02
-4.252369e+01
7.121160e+02
1.788228e+02
-7.343644e+02
6.199155e+02
-9.883589e+02
7.874667e+02
-1.272570e+03
2.145254e+03
-3.788216e+02
8.703677e+02
1.103540e+03
1.136867e+02
1.698727e+03
-2.404454e+02
2.048617e+02
-7.514650e+02
6.206002e+02
-5.731878e+00
-4.297355e+02
-2.274174e+02
6.760765e+01
3.450395e+02
-6.566798e+01
-4.209474e+02
3.176447e+02
6.081931e+02
-5.297614e+02
3.597509e+02
-2.430731e+02
-4.043422e+02
-6.597057e+02
2.254179e+02
1.356892e+02
-1.684926e+01
-3.453263e+01
1.762743e+02
-2.010942e+02
5.272717e+02
-3.360880e+02
1.773757e+02
4.811211e+00
4.368599e+01
2.863811e+02
2.143265e+02
2.225896e+02
-8.094214e+01
9.206911e+01
3.277669e+02
-4.314319e+02
1.362846e+02
3.739987e+02
1.612052e+02
1.482862e+02
1.797256e+02
-8.701714e+01
-1.486109e+02
5.925348e+01
1.631128e-01
6.128519e+01
-2.431039e+02
-1.470625e+02
1.228454e+02
6.695086e+00
1.227560e+02
-6.704380e+01
-2.256117e+01
-2.621356e+01
4.150020e+00
7.633232e+01
-2.287725e+02
9.571296e+01
8.869641e+01
1.724292e+02
1.606895e+02
-7.980044e+01
3.593580e+01
-9.122923e+01
3.202589e+01
2.278197e+01
-8.695076e+01
-3.083479e+01
4.134764e+01
1.123523e+02
-5.982486e+01
-6.530899e+01
1.036726e+02
1.111798e+01
1.304854e+02
3.604088e+01
-6.165452e+01
-1.540007e+01
5.352045e+01
3.637508e+01
-9.414221e+01
7.795609e+01
-1.639758e+01
-1.293163e+01
-9.000970e+01
-5.929652e+01
-2.634219e+01
2.496871e+01
-1.556954e+01
-5.067754e+01
-1.266095e+01
-4.366301e+01
6.309414e+01
2.717162e+01
-1.914263e+00
2.032708e+00
-5.202056e-02
1.327966e+00
4.681922e-01
7.223634e-05
-1.755323e-01
-2.525191e-01
2.390508e-01
4.468030e-02
-2.956683e-01
-7.700266e-01
-9.399864e-02
1.748243e-01
4.906961e-02
2.772173e-02
1.109410e-02
-5.650594e-02
3.905845e-03
-2.082093e-01
7.104338e-03
1.037755e-01
-2.162696e-01
4.543436e-02
1.268580e-01
7.233278e-02
-1.404124e-01
-1.118425e-01
6.446631e-02
