-3.677771e-01
-2.891140e-01
7.617046e-02
5.802667e+01
2.188193e+02
-2.833660e+01
3.648002e-04
-1.709209e+03
2.029779e+05
-2.210553e+05
-2.181316e+05
-8.280463e+04
4.391535e+04
8.858225e+04
-1.194271e+05
-1.838920e+05
-1.261967e+05
-1.673365e+04
1.416162e+05
5.695390e+04
-4.250417e+04
1.272713e+05
3.991839e+04
9.674965e+04
6.467759e+04
6.925517e+04
-1.550100e+04
2.519172e+04
-3.909042e+04
-1.722298e+04
1.068222e+05
1.069073e+04
-5.457212e+04
-3.846686e+03
-2.662206e+04
-2.683444e+04
-3.113246e+04
-3.937789e+04
2.542664e+04
4.661568e+03
3.170846e+03
-2.013301e+04
2.418866e+04
3.630992e+03
1.101860e+04
5.503736e+03
6.594927e+03
4.814473e+03
8.336157e+03
-2.019007e+03
-1.210029e+04
-5.515721e+03
8.384609e+03
-1.192197e+04
9.183911e+03
5.909134e+01
1.236003e+03
9.494368e+02
3.696445e+03
2.268514e+03
6.132047e+03
-5.329656e+02
-6.396255e+02
-4.161277e+02
-2.641090e+03
4.087242e+03
2.853720e+03
9.583220e+02
-4.840659e+03
-1.464351e+03
-3.637934e+03
3.424147e+03
3.190115e+03
4.050290e+03
2.857449e+02
-6.338872e+02
3.578190e+02
5.555426e+01
-3.879873e+03
-4.079296e+03
6.181270e+02
-1.017841e+03
6.757963e+02
6.303129e+02
7.186963e+02
1.157912e+03
-4.506870e+03
-1.096875e+03
-1.448707e+03
2.622899e+03
-1.336182e+03
3.650287e+03
9.032327e+02
-5.909853e+01
-1.512756e+03
-4.250869e+02
1.873099e+03
1.956455e+01
1.166027e+03
4.704489e+02
-1.373329e+03
-5.978173e+02
1.587355e+03
6.222797e+02
-7.369094e+02
-8.414320e+02
-1.135661e+02
2.062830e+03
-3.389472e+02
1.291304e+03
1.063413e+03
-1.697051e+03
-9.417550e+02
-1.847084e+02
9.899070e+02
9.227020e+02
-3.073580e+02
-1.335526e+02
6.497862e+01
1.366184e+03
6.151213e+02
9.738152e+02
-4.124985e+02
-2.381031e+02
-8.010192e+02
3.658476e+02
6.774249e+01
8.796202e+02
-1.761863e+02
3.204510e+02
-6.881422e+02
4.535108e+02
2.258317e+02
1.779283e+02
2.162314e+02
-4.273284e+02
-1.333594e+02
-3.540525e+02
-2.351450e+00
-3.335356e+02
-3.368897e+02
4.953842e+02
-1.459741e+02
1.521305e+02
-3.141156e+01
-2.232446e+01
-7.169885e+01
-1.984534e+01
7.341118e+01
2.404879e+02
7.737583e+01
7.374696e+01
-3.582987e+02
-2.445896e+02
6.292429e+01
-8.495721e+01
-8.274700e+01
-2.113347e+02
4.351967e+02
-9.640697e+01
-1.348677e+02
4.416682e+01
-1.089502e+02
-7.012375e+01
-1.306220e+02
1.052134e+01
3.150686e+01
1.385429e+02
-2.403686e+01
-2.015340e+02
-2.599504e+01
6.808505e+01
-4.714954e+01
1.962440e+01
-2.753417e+01
-1.882787e+02
4.678832e+01
-4.123281e+01
-9.376690e+00
1.949841e+02
1.225849e+02
-9.817989e+01
-2.556426e+01
2.135462e+01
6.515292e+01
-7.175549e+01
-4.190347e+01
9.380617e+01
3.654903e+01
-5.332086e+00
1.349509e+01
2.001447e+01
-1.398117e+01
-2.855374e+01
8.995611e+01
2.564176e+01
3.974413e+01
4.134511e+01
-4.703854e+01
-3.816521e+01
3.017728e+00
6.372006e-01
4.061758e+01
-1.263832e+01
-3.712783e+00
-1.096245e+01
-4.773750e-01
-7.860002e-02
-1.859049e-01
-6.441321e-01
6.580912e-02
-1.137596e-01
8.146140e-02
-5.601897e-02
4.904824e-02
-2.726497e-01
4.354902e-01
5.927408e-01
3.790649e-01
-1.276593e-02
8.643124e-02
-1.278578e-01
5.807984e-02
9.882342e-02
8.216928e-02
1.937472e-01
-9.760777e-02
2.241386e-02
9.542006e-02
2.520552e-02
8.218992e-02
-2.917612e-04
-2.441880e-02
9.443956e-02
-2.911297e-02
