-4.115910e-01
-1.161601e+00
-2.412076e-02
5.347556e+01
1.986830e+02
-1.387791e+01
3.522986e-04
-7.162153e+04
7.399534e+04
-1.072346e+04
4.012590e+03
7.163333e+03
3.408724e+04
-4.850584e+04
7.514391e+04
-5.299882e+04
1.638591e+04
-5.308510e+04
-1.102243e+04
-8.161934e+04
-4.355041e+04
1.200628e+04
4.649338e+03
-3.565619e+04
1.091599e+04
1.492631e+04
1.223393e+04
-2.633060e+04
-1.880524e+04
-4.778858e+03
-1.434263e+02
2.180030e+04
-8.446821e+03
-1.037904e+04
2.819271e+04
-7.760775e+03
3.098604e+03
-5.226812e+02
-3.752744e+02
-4.574125e+03
4.071057e+03
-1.380509e+04
-1.922872e+03
-9.719605e+03
1.347823e+04
7.961972e+03
-4.106738e+02
2.795680e+03
-4.965536e+03
-2.774163e+03
-9.327952e+02
-3.251672e+03
6.815892e+03
4.898719e+03
8.259423e+01
5.018810e+03
-1.159642e+03
3.592401e+03
-1.291954e+03
-3.564953e+03
-1.460997e+03
-2.831343e+02
-1.044437e+03
-4.471036e+02
9.468715e+02
3.915549e+03
3.218690e+03
1.382636e+03
-4.460565e+03
1.197556e+03
5.527985e+03
2.339367e+03
-4.585309e+02
1.738614e+03
-7.342752e+02
1.567453e+03
9.786509e+01
1.966355e+03
-4.917441e+03
-1.326009e+03
-4.143554e+01
-3.979755e+02
-4.543519e+02
-6.994167e+01
3.550799e+03
2.628684e+03
-2.003576e+03
-8.550921e+02
2.066203e+02
-1.717984e+02
2.343092e+02
9.049979e+02
1.288029e+03
1.061001e+03
-1.657220e+03
1.253862e+03
6.895231e+02
7.720381e+02
-1.822462e+02
6.942253e+02
-1.229331e+03
-1.536207e+02
5.222285e+02
-9.837346e+02
-1.841220e+00
2.173583e+01
-5.054262e+00
9.599023e+02
2.375220e+02
1.003022e+03
-2.122346e+02
6.762041e+02
-7.126924e+02
3.874030e+02
-1.396968e+02
-6.238502e+02
-3.717889e+02
-1.868752e+02
-3.605439e+02
6.953167e+02
-1.147681e+02
1.213452e+02
-4.447632e+02
2.548452e+02
2.352945e+02
-1.475530e+02
-1.407591e+02
4.017433e+02
-2.531553e+02
1.166422e+02
2.156392e+02
3.198339e+02
1.212223e+02
3.417184e+02
-3.427041e+02
-1.806869e+02
2.846165e+02
-1.918599e+02
3.977109e+01
9.174677e+01
-1.548329e+02
-2.079415e+02
8.456484e+00
2.391878e+01
-5.584010e+01
1.538698e+02
-1.311085e+02
-5.047301e+01
5.853177e+01
9.984891e+01
1.687307e+02
4.193681e+01
4.819921e+01
7.755132e+01
-2.331917e+02
-4.108702e+01
8.548007e+01
-4.804702e+01
9.499665e+00
2.611326e+00
7.842678e+00
1.113826e+01
2.965251e+01
-2.242606e+00
5.414901e+01
-3.026344e+01
-4.210276e+01
1.018272e+02
-6.064407e+01
-3.479169e+00
-5.301014e+00
6.563457e+01
-2.215548e+01
1.702899e+00
-3.794321e+01
-3.564531e+01
1.757574e+01
1.902755e+01
-2.966366e+01
3.684444e+01
1.109243e+01
1.812110e+01
8.207527e+00
1.808383e+01
5.538746e+01
-2.760412e+01
5.608901e+01
6.697387e+01
-2.553350e+01
8.622214e+00
3.113221e+01
4.031484e+01
8.818037e+00
2.001190e+01
3.090453e+01
-2.071920e+01
-2.149252e+01
-1.076262e+01
-1.723980e+01
4.401049e+00
-6.363684e+00
-3.380756e+01
2.354267e+01
-9.548620e+00
1.992756e+01
3.622890e+00
-8.391506e-01
-2.501209e-01
5.980827e-01
1.254018e-01
1.051234e-01
-1.986338e-01
-5.526315e-02
-3.992432e-01
2.274698e-01
-3.721272e-01
4.287364e-02
-7.228307e-02
7.315537e-02
-1.793944e-02
-7.782532e-02
4.457980e-02
-6.058529e-03
8.105825e-02
1.427988e-01
-9.599371e-02
7.703198e-02
-2.002485e-02
-7.552041e-02
-1.002814e-01
1.618851e-02
-3.578491e-02
4.568635e-02
-1.888854e-04
-5.196718e-02
