-9.286017e-02
-1.016013e+00
-3.420742e-02
5.120000e+01
1.789433e+02
-1.894112e+01
3.508670e-04
-1.037337e+05
2.255992e+04
-3.163733e+04
-3.698148e+04
5.349706e+04
-4.230937e+04
-8.218427e+04
6.256443e+04
-8.140388e+04
2.175585e+03
-9.231541e+04
5.069227e+04
1.804292e+03
-9.968400e+03
-5.591857e+03
1.970751e+04
1.837972e+03
8.033467e+03
-1.949040e+04
1.130345e+04
-1.809687e+04
-1.363200e+04
-1.838379e+04
-1.588066e+04
-6.338376e+03
6.308710e+03
-4.824375e+03
7.259993e+03
5.717765e+03
-4.738535e+01
2.649571e+03
-2.580509e+03
-5.709521e+03
-1.007731e+04
8.576103e+03
-1.021457e+03
-1.038236e+03
4.428621e+03
-1.028091e+04
8.645407e+03
-2.114334e+03
6.069453e+02
-2.920064e+03
5.044268e+03
-5.589158e+02
-2.186646e+02
5.739535e+03
-4.709438e+03
-6.365084e+02
6.071033e+03
5.903436e+03
2.669283e+02
-7.167384e+03
-1.174778e+03
8.022166e+02
1.557432e+03
-2.243669e+03
2.346189e+03
2.295794e+03
2.401919e+03
-3.402964e+02
-2.940511e+02
3.055191e+03
2.779403e+03
1.924410e+03
-2.547826e+03
-2.366992e+03
-1.553397e+03
-1.947802e+03
-5.359688e+02
3.264596e+02
-3.716985e+03
-1.192612e+03
8.695661e+02
-5.980291e+02
2.690835e+02
1.282909e+03
2.163741e+03
-3.721583e+02
-1.727048e+03
1.150934e+03
-4.928301e+02
5.095077e+02
-8.151208e+01
-5.027482e+02
1.063633e+03
1.028827e+03
-1.731391e+03
6.434966e+02
7.205240e+02
-1.572890e+02
-9.667830e+02
-5.374080e+02
-6.306352e+02
-7.318768e+02
4.774103e+02
-3.018380e+02
-2.642575e+02
-5.288456e+02
6.959002e+02
7.160541e+02
4.600697e+02
7.643034e+02
2.540490e+02
5.736252e+02
-5.541650e+02
8.097542e+02
-4.001706e+02
-4.166991e+02
-3.073186e+02
-1.506924e+02
-2.520256e+02
5.278553e+02
-2.509486e+02
2.577939e+02
-2.179091e+02
3.051583e+02
5.113466e+02
1.480160e+02
-1.738118e+01
-1.192251e+02
-8.672009e+01
1.049720e+02
3.749906e+02
4.247556e+02
4.818211e+01
1.766208e+02
-1.339657e+02
-1.429090e+02
3.969961e+02
4.460574e+01
1.333989e+02
-5.359742e+01
-2.009835e+02
-2.317781e+02
-3.705587e+01
1.968873e+02
8.275125e+01
2.333823e+02
-1.046685e+02
-2.394268e+02
4.514145e+01
5.348122e+01
1.231874e+02
1.655622e+02
4.138885e+01
-5.158008e+01
-9.938825e+01
-3.252200e+01
7.488020e+00
4.770240e+01
-2.072734e+01
6.144094e+01
5.841022e+01
4.426290e+01
4.328715e+01
2.331383e+01
-5.567957e+01
-6.413113e+01
-1.039653e+02
9.819595e+01
-2.907415e+01
1.317899e+01
1.612705e+01
1.638425e+01
5.374523e+01
5.744449e+01
-4.827658e+01
-2.463385e+01
5.333949e+01
8.196907e+01
-3.004058e+01
2.258885e+01
1.088552e+01
4.857109e+01
1.707233e+01
3.647685e+00
4.637643e+01
-3.976859e+01
-7.170718e+00
2.322549e+01
-6.190416e+01
-5.830736e+01
3.486123e+01
3.241366e+01
2.268392e+01
1.335381e+01
3.537227e+00
-3.117797e+01
9.353854e+00
2.528217e+01
-1.086946e+01
5.292987e+00
3.760400e+01
-2.853484e+01
2.152936e+01
-3.099221e+00
2.321722e+01
1.366747e+01
-1.023448e+00
6.908932e-01
-5.009809e-01
5.926143e-02
-2.151992e-01
1.548810e-01
-1.019387e-01
-5.747399e-01
-1.672446e-01
-6.239569e-02
9.905674e-02
-1.363944e-01
1.926351e-01
1.579728e-01
-2.670552e-02
1.376237e-01
1.094191e-01
7.155085e-03
-3.121828e-02
-9.399819e-02
-8.009849e-02
1.608447e-01
4.627097e-02
2.357046e-02
-6.576193e-02
1.393503e-02
4.089355e-02
-1.002715e-04
7.338492e-03
