2.651606e-01
1.541637e+00
3.033178e-01
5.916444e+01
1.769150e+02
-8.489924e+00
3.519208e-04
-4.598787e+04
-1.561440e+05
2.477217e+05
1.453003e+05
6.109953e+04
5.919046e+04
-7.875702e+04
8.798973e+04
6.268110e+03
9.423903e+04
-1.313688e+04
7.768191e+04
-1.671230e+04
-5.428780e+04
2.996075e+04
-3.060021e+04
-7.174187e+02
-4.222342e+04
-4.932689e+04
-2.084544e+04
1.361549e+03
-1.130024e+03
4.456325e+04
-2.034066e+04
-1.060365e+04
5.005931e+02
-1.466575e+04
1.158203e+03
1.181472e+04
1.721993e+04
5.944497e+03
5.745715e+03
7.281132e+03
1.258473e+04
4.335192e+03
-2.353192e+04
-9.923951e+03
1.386657e+04
-7.166371e+02
-8.515353e+03
9.340356e+03
-1.039151e+03
8.746511e+02
9.102491e+03
6.268052e+03
2.068155e+03
2.454301e+03
4.771060e+03
7.307645e+02
-8.137581e+02
5.140205e+03
-2.466365e+03
-1.685178e+03
-4.027773e+03
-1.675435e+03
5.375490e+02
9.367689e+02
1.224170e+03
4.306976e+03
2.736629e+03
-1.769878e+02
-5.856387e+03
3.148233e+03
3.131963e+03
2.169531e+03
-6.022450e+02
1.688938e+03
-1.542287e+03
9.991850e+01
2.026287e+03
2.260322e+03
-1.730379e+03
-1.884642e+03
6.812902e+02
-1.467088e+03
-1.554873e+03
-1.717261e+02
1.154997e+03
3.216745e+03
-2.956736e+02
-4.056631e+02
9.068904e+02
-1.015485e+03
1.118666e+02
-6.862326e+02
2.006047e+03
1.734370e+03
-6.366660e+02
5.537459e+02
9.330729e+02
5.510059e+02
-6.346327e+01
-9.470634e+01
-6.407076e+02
-4.381549e+01
-5.167396e+01
-9.093149e+02
-2.201166e+02
1.588999e+02
9.024426e+02
-2.098089e+02
4.260621e+02
7.417524e+02
-1.301776e+02
9.284690e+02
-1.348659e+02
8.291327e+02
-3.379680e+02
1.531962e+02
-4.334395e+01
1.272846e+02
-4.151696e+02
1.723621e+02
-1.847613e+02
-2.896736e+02
-2.780665e+02
3.456661e+02
5.139249e+01
-2.811691e+02
9.528934e+01
5.238685e+02
-1.121557e+02
-8.551675e+01
2.402795e+02
3.006941e+02
3.398767e+02
3.029313e+02
-1.280488e+02
-5.051289e+01
9.708589e+01
8.873277e+01
-4.923264e+01
-5.728380e+01
-6.005509e+01
9.150011e+01
1.348093e+02
-1.312905e+02
-3.766098e+00
-5.023671e+01
-1.828394e+01
-8.986854e+01
1.531891e+02
2.138395e+02
7.236214e+01
-1.793190e+02
8.795518e+01
2.510526e+02
-1.223606e+02
-4.387439e+01
7.255950e+01
1.529980e+02
-1.557701e+02
-1.181721e+02
8.242432e+01
-1.408349e+02
7.944982e+01
-7.655909e+00
6.566105e+00
-1.002921e+02
-2.148532e+01
5.082946e+01
-3.118038e+01
1.248693e+02
2.931858e+01
6.433421e+01
-4.560054e+01
-1.476587e+01
6.611082e+01
-5.847555e+01
-6.437780e+00
-8.820988e+01
-1.109784e+02
2.096458e+01
-1.078722e+01
6.957262e+01
3.099666e+01
4.504885e+01
3.081516e+01
-4.042522e+01
4.960285e+01
3.804665e+01
1.201478e+01
2.310029e+01
6.155633e+01
4.350444e+01
-1.624956e+01
2.290734e+01
2.490106e+01
-1.198095e+01
-1.661797e+01
-6.876382e+01
1.754726e+01
-1.105720e+01
1.628311e+01
-3.302848e+01
-4.685600e+01
-3.562004e+00
3.142915e+01
-4.438247e+00
3.128915e-01
1.430212e+00
-9.092486e-01
1.205917e-01
8.718235e-02
-2.154169e-01
1.383680e-01
7.760120e-02
1.641538e-01
-4.668410e-01
-2.296448e-01
-1.465328e-01
-2.035648e-02
-7.402457e-02
-3.045927e-02
1.201593e-01
-4.503296e-02
9.599020e-02
8.946749e-02
-3.934951e-02
1.316909e-01
-1.087084e-01
9.248879e-03
-1.397528e-01
-4.691657e-02
-4.330651e-03
-2.372551e-02
-7.155891e-02
-3.502822e-03
