-2.177628e-01
4.674970e-01
2.021603e-01
5.091555e+01
1.977641e+02
-2.434093e+01
3.397975e-04
-1.251577e+05
-2.114295e+05
-1.720785e+05
-3.350566e+05
-1.926477e+05
-1.047946e+05
-4.418028e+04
-1.138631e+04
-2.513342e+05
-3.794716e+04
-8.928641e+04
1.062921e+05
-1.128113e+05
-1.163337e+04
-1.005842e+04
-8.728798e+04
3.786960e+04
2.550907e+04
3.473137e+04
-6.058096e+04
6.360811e+03
-4.689637e+04
-1.700799e+04
-2.077585e+04
3.942151e+04
-2.681369e+04
-3.063344e+04
4.292389e+04
2.869458e+04
1.141010e+04
-2.120320e+04
4.039787e+04
-2.185500e+04
5.815843e+03
-3.316357e+04
7.499897e+03
-3.452059e+03
-3.579856e+03
4.609124e+03
1.105532e+04
-4.373678e+03
-9.408763e+03
-4.294770e+03
9.948297e+02
1.507850e+02
3.969055e+03
-4.452386e+03
-3.882113e+03
3.695171e+03
7.503316e+03
7.275308e+03
1.832893e+03
-9.276967e+03
-6.774408e+03
-3.583741e+03
-4.560555e+02
-8.268755e+03
2.193769e+02
6.917554e+03
7.476165e+03
5.543996e+03
-6.083451e+03
2.724210e+02
4.871276e+02
1.557595e+02
4.844723e+01
8.199006e+02
2.830016e+03
3.489502e+03
2.050336e+03
-2.691638e+03
-5.247276e+03
9.326329e+02
-3.166504e+02
1.781578e+03
-1.207090e+03
2.514772e+03
4.085976e+03
8.271172e+02
-5.751230e+02
-7.120883e+02
2.901335e+02
8.612289e+02
-7.042889e+02
1.573801e+03
1.113002e+03
2.396424e+03
-3.070911e+03
1.119330e+03
1.805779e+03
1.247378e+03
5.223711e+02
-6.191907e+02
-9.760420e+02
-3.682859e+02
-2.867981e+02
-3.507313e+02
1.638755e+03
-9.615455e+02
1.924966e+03
-7.124551e+01
4.012716e+02
1.483131e+03
-7.234214e+02
1.140017e+03
-2.817670e+02
7.521907e+02
-2.998442e+02
6.136316e+02
1.857906e+02
-2.035846e+02
-4.145423e+02
3.028001e+02
-2.103243e+02
1.859366e+02
-3.854786e+02
2.920215e+01
5.610876e+02
-1.251376e+02
-3.435291e+02
2.070015e+02
-3.278670e+02
-2.170720e+02
-2.618583e+01
3.248459e+02
4.179796e+02
1.537072e+02
-6.200241e+02
-1.329082e+02
4.226160e+02
-4.893120e+02
1.037444e+02
2.748241e+02
-3.284499e+02
2.031894e+02
1.162682e+02
2.726624e+02
-1.245268e+02
7.636829e+01
1.673495e+02
-3.122266e+02
4.785629e+01
4.207004e+02
-1.425587e+01
2.582530e+02
4.183886e+02
5.453273e+01
-1.939311e+02
9.863987e+01
-1.001812e+02
1.823089e+02
-1.238543e+01
-1.706563e+02
4.951290e+01
4.609012e+01
1.670858e+02
-1.286955e+01
-7.660059e+01
-6.168307e+01
-2.461305e+01
1.250106e+02
9.019299e+01
1.177796e+02
1.652594e+02
5.970175e+00
3.648786e+01
9.238100e+01
-3.001643e+00
-6.899847e+01
-6.531653e+01
2.586995e+01
4.375051e+01
8.590460e+01
-9.378832e+00
5.311998e+01
-2.357756e+01
5.808477e+01
1.390453e+02
2.340765e+01
7.433859e+01
6.257141e+01
-9.363844e+01
8.790179e+01
2.034594e+01
3.315191e+01
-5.505463e+01
4.182485e+01
4.944825e+01
5.140559e+01
-1.088573e+01
-1.083254e+01
-4.233569e+01
1.471162e+01
-9.320855e+00
-7.106794e+01
4.558177e+01
-2.620147e+01
2.915807e+01
2.964565e+01
-3.662096e+00
2.939835e+00
-6.712843e-01
5.220557e-01
1.049792e-01
-4.600660e-01
-1.547257e-01
-9.907583e-01
-1.039537e-01
-6.724154e-01
2.356354e-01
1.206883e-02
-1.056055e-01
1.294519e-01
9.303071e-03
-2.445126e-01
4.094112e-02
-5.808843e-02
-4.245633e-02
1.404696e-01
1.797338e-02
1.419127e-01
1.304428e-01
-1.099192e-02
2.018407e-01
5.288890e-02
5.052138e-02
-7.013203e-02
-8.605552e-02
