-2.087506e-01
-1.316730e+00
-9.383709e-04
5.518222e+01
1.877150e+02
-1.140475e+01
3.553759e-04
-1.916102e+05
-2.926072e+05
2.759810e+05
-2.700560e+05
-1.678335e+05
3.367771e+04
-4.150604e+04
5.048479e+04
-268246
1.847482e+04
-9.504298e+04
1.531802e+05
-5.593335e+04
1.267572e+04
-2.762652e+03
-1.524628e+04
5.431648e+04
-1.421395e+04
-3.882831e+04
-1.809385e+04
-3.158648e+04
-1.755750e+04
-6.570515e+02
-7.626173e+04
-1.236283e+04
-5.518132e+04
-3.717786e+04
1.333544e+04
1.451570e+04
2.201162e+04
-3.193595e+03
2.655427e+04
1.943011e+03
1.852155e+04
-1.392615e+04
-2.789907e+04
-2.913041e+04
5.309199e+03
1.673281e+02
5.139595e+03
3.300529e+02
-2.291033e+04
-6.304227e+03
1.415199e+04
2.908408e+03
7.305283e+03
-6.015537e+03
-1.116320e+04
9.123159e+03
6.275768e+03
1.023614e+04
2.927052e+02
-9.991204e+03
-1.907215e+03
1.384360e+03
-3.887798e+03
-4.017731e+03
1.991923e+03
4.582789e+03
4.218922e+03
6.496770e+03
-3.428694e+03
4.680981e+03
-1.009421e+03
1.327284e+03
8.409180e+02
-6.358103e+02
1.746887e+03
4.698476e+02
4.365629e+03
1.550905e+03
-5.922921e+03
3.461972e+01
-2.650834e+03
1.091455e+03
-2.804618e+03
1.820346e+03
2.316937e+03
2.908821e+03
-1.189913e+02
-4.237811e+02
6.822531e+02
-1.912292e+02
6.120835e+02
-2.407690e+02
3.260259e+03
2.538528e+03
-1.238875e+03
1.221616e+03
2.723725e+03
-1.207209e+02
4.758359e+02
2.679998e+02
-1.542724e+03
-2.212923e+02
1.230686e+02
-1.907277e+03
6.522677e+02
-2.161162e+02
2.377553e+03
5.425187e+02
9.183105e+02
1.568578e+03
6.445661e+02
1.920453e+03
-4.853072e+02
1.115394e+03
1.840090e+02
7.280002e+01
1.493610e+02
-6.515793e+02
-6.490319e+02
5.886153e+02
3.507100e+01
6.365889e+01
-2.310753e+02
3.934240e+02
6.536064e+02
-4.909922e+02
-2.932555e+02
9.888582e+01
-1.051114e+02
-5.947158e+02
1.510650e+02
3.214622e+02
-1.404563e+02
2.879229e+02
-4.134623e+02
-8.038725e+01
6.235667e+02
-3.093979e+02
3.248701e+00
-3.045490e+01
-3.631393e+02
2.456499e+02
-7.066845e+01
3.533654e+02
-1.908361e+02
-4.103822e+01
2.624615e+02
-1.714315e+02
-4.932906e+01
3.082151e+02
2.079721e+01
1.690511e+02
8.058318e+01
4.428702e+01
-6.515237e+01
-5.400668e+01
-1.007601e+02
2.654090e+02
-2.391322e+02
-2.575569e+02
1.870090e+02
-4.953276e+01
1.459555e+02
-2.061022e+01
-2.375661e+01
-4.829303e+01
-7.365771e+01
1.435105e+02
-7.259480e+01
8.151386e+01
1.065678e+02
1.034206e+02
4.695588e+01
8.887585e+01
9.588100e+01
-1.435954e+02
-9.372152e+01
-7.506748e+01
-3.906988e+01
4.530023e+01
-2.844868e+01
1.003527e+02
-1.859051e+01
1.869439e+00
1.015444e+02
-2.276928e+01
1.314460e+02
3.879081e+01
-1.213393e+02
2.504370e+01
3.828465e+01
6.732059e+01
-6.745456e+01
-6.283523e+00
-5.860514e+00
4.410468e+01
-2.329000e+01
-3.202740e+01
2.006456e+01
-5.363276e+00
-8.474443e+00
-7.185235e+01
3.719660e+01
-1.324481e+01
1.532539e+01
3.412164e+01
-2.586100e+00
4.034473e+00
-1.024541e+00
9.367273e-01
1.630377e-01
-2.179682e-01
-1.442946e-01
-8.088173e-01
-3.821716e-02
-5.715851e-01
7.849047e-02
-1.858762e-01
-1.001931e-02
-1.718732e-02
1.599416e-01
-1.236356e-02
-1.851914e-02
-3.248397e-02
-2.003407e-02
4.340985e-02
-3.141590e-02
1.150329e-01
1.894813e-02
-1.289030e-01
7.652476e-02
6.940328e-02
4.728279e-02
-1.067644e-01
7.970439e-03
