-5.605234e-02
-1.023907e+00
-5.235772e-02
5.034667e+01
1.812151e+02
-1.774701e+01
3.411688e-04
-7.379532e+04
-1.809168e+05
-1.462335e+05
-1.076087e+05
-1.062278e+05
-1.163430e+05
7.896686e+04
-3.003191e+04
-1.580305e+05
-4.577743e+04
-8.852724e+04
6.128047e+04
4.386668e+04
1.005618e+04
-4.690663e+04
1.550223e+04
-8.891758e+03
2.905505e+04
4.144343e+04
9.881737e+03
-2.822528e+04
-2.857414e+04
-1.928468e+04
-4.146625e+04
1.177538e+04
-5.688364e+04
-1.395408e+04
1.728421e+04
8.795972e+03
2.489997e+03
-1.395790e+04
1.082784e+04
-4.005175e+03
-6.723702e+03
9.726197e+02
1.560458e+03
7.379779e+02
3.657679e+03
-1.100454e+04
9.184485e+03
-1.612582e+03
-6.698208e+03
1.949656e+03
2.321887e+03
-6.157858e+03
-3.104827e+03
-6.749839e+03
-3.761502e+03
3.012167e+03
3.933019e+03
7.941492e+03
7.030136e+03
-9.894225e+03
1.331337e+03
1.667530e+02
-2.429111e+03
-3.957555e+03
1.028722e+03
9.085254e+02
3.129109e+03
9.910659e+02
5.308822e+02
2.208336e+03
1.181625e+03
-2.035654e+03
-2.118656e+03
-7.113357e+02
7.804917e+02
8.586011e+02
5.896636e+02
1.173740e+03
-3.461718e+03
1.452735e+03
-5.767670e+02
-2.996757e+02
2.163045e+03
6.653859e+02
3.682943e+03
-1.292009e+03
-1.781634e+03
-6.241219e+02
1.173947e+02
1.242348e+03
-1.764294e+01
3.580899e+02
8.701634e+02
1.478627e+03
-1.661307e+03
5.325142e+02
3.255511e+02
-3.196325e+02
4.203286e+02
-3.839796e+02
-1.842484e+01
4.466082e+02
3.937518e+02
-6.805205e+02
4.797215e+01
2.480574e+02
7.768331e+02
8.357269e+02
2.344026e+02
9.957228e+02
-1.127172e+02
7.458594e+02
-4.083603e+02
7.692411e+02
2.516669e+02
-1.930903e+02
-7.123303e+01
-5.411331e+02
1.768093e+01
1.692627e+02
-1.365739e+02
8.085120e+01
-2.253949e+02
-2.072600e+02
7.529452e+02
-2.135546e+02
-1.165008e+02
-3.308607e+02
-2.204697e+02
-9.486923e+01
4.861608e+02
4.772818e+02
2.122314e+01
1.887821e+01
-5.819951e+02
2.437313e+02
5.235274e+02
-2.287504e+02
2.209598e+02
1.072518e+02
-1.821079e+02
4.340240e+00
2.809826e+01
2.743944e+02
-1.345817e+02
1.448479e+02
2.346963e+02
-2.274019e+02
2.592452e+00
1.256701e+02
-2.281678e+01
2.943279e+02
2.497552e+02
-1.800907e+02
-1.107794e+02
-1.840656e+01
4.460058e+01
1.094729e+02
-6.635196e+00
-2.037974e+02
4.247754e+01
1.929806e+02
8.715504e+01
-6.016526e+01
-8.520724e+01
-3.604244e+01
-6.800733e+01
7.620238e+01
-1.851741e+01
9.254202e+01
1.417788e+02
-1.179294e+01
1.037786e+02
1.301937e+02
5.148363e+01
-6.302250e+01
-2.705474e+01
7.173174e+01
-3.465823e+01
6.336165e+01
-7.234431e+01
7.222325e+01
-8.305084e+00
-1.249667e+01
1.022414e+02
-5.751423e+01
4.630301e+01
3.195070e+01
-8.038477e+01
1.107850e+01
2.561819e+01
-4.505691e+00
-7.675249e+01
2.745464e+01
-1.758050e+01
2.246317e+01
-1.087464e+01
1.668175e+01
-5.006459e+01
4.562948e+00
-2.861154e+00
-4.151635e+01
6.118103e+01
2.074642e+00
4.137813e+01
3.966614e+01
-2.351222e+00
2.428883e+00
-4.775658e-01
1.333989e+00
-1.144269e-01
1.616086e-01
-1.680874e-01
-1.089738e+00
-1.875777e-01
-2.371104e-01
-1.065909e-03
-7.696645e-02
1.075321e-02
9.001082e-02
-1.566824e-01
-2.228469e-01
4.422814e-02
-2.774168e-01
-2.727180e-01
4.476927e-02
-2.565704e-01
2.074906e-01
8.171242e-02
-6.689226e-02
6.479916e-02
6.415213e-02
-5.039560e-02
-9.094732e-02
-5.713641e-02
