-3.237360e-01
-8.730240e-01
-9.332389e-02
4.807111e+01
1.921894e+02
-1.660513e+01
3.304863e-04
-5.799396e+03
-1.084000e+05
3.293285e+05
3.916319e+05
9.100723e+04
1.477223e+05
-1.213662e+05
8.034430e+04
8.357641e+04
8.002105e+04
7.450948e+04
-9.241401e+04
-3.228661e+04
-4.503809e+04
2.995845e+04
4.478966e+04
-7.248877e+04
5.159118e+04
-3.974448e+04
4.996333e+03
-2.803592e+04
-1.116641e+04
2.620307e+04
-4.961298e+04
-7.128796e+03
5.716725e+01
-2.807089e+04
5.478629e+04
2.675735e+04
1.021432e+04
1.575636e+04
-1.488205e+03
-1.755064e+04
1.406481e+04
1.201035e+04
-8.418588e+03
2.830352e+03
3.492509e+03
3.815296e+03
-7.706756e+03
6.852979e+03
-4.148233e+02
-2.982760e+03
7.015014e+03
1.440911e+03
3.454706e+03
5.433875e+03
-4.443956e+03
3.040950e+03
8.516199e+01
2.832665e+03
-7.943123e+03
-8.307224e+03
-4.755838e+02
-2.591629e+03
1.840641e+02
-4.665078e+03
1.762658e+03
1.595306e+03
9.935504e+02
-9.022232e+02
-2.766689e+03
2.195823e+03
4.841080e+03
1.135179e+03
-3.061463e+03
8.525497e+02
1.191524e+03
3.684557e+03
1.897024e+03
1.861441e+03
-5.405649e+03
-1.114076e+03
1.548865e+02
-5.540289e+02
-7.875585e+02
-3.790491e+02
1.009449e+03
2.938777e+03
-7.389471e+02
1.146791e+03
2.429925e+01
-1.445552e+03
-2.542959e+02
-4.538003e+02
1.152268e+03
1.265471e+03
-1.243421e+03
2.039535e+03
6.416691e+02
1.191191e+03
-5.997309e+02
5.223598e+02
-1.165593e+03
-3.968493e+02
-6.425622e+02
-3.539319e+02
3.246021e+02
-8.581976e+01
1.144829e+03
-3.003038e+02
1.410012e+02
5.534504e+02
-3.872362e+02
6.182004e+02
4.577101e+01
5.987072e+02
-5.814641e+02
-7.091117e+02
-3.765172e+02
2.268475e+02
-4.925931e+02
5.622963e+02
-4.259532e+02
-5.020412e+02
-4.957312e+02
7.507101e+02
-7.768649e+01
-1.565225e+02
-1.733505e+02
5.928695e+02
2.738065e+02
-2.955776e+02
2.546334e+02
2.469686e+02
4.664133e+02
2.128748e+02
1.239708e+00
6.469817e+01
2.136532e+02
-1.073763e+02
-1.987668e+02
1.692467e+02
9.200167e+01
-2.705495e+02
-8.420226e+01
1.195176e+01
9.798171e+00
4.535375e+01
-4.924467e+01
-6.869565e+00
2.396918e+02
5.776696e+01
9.842224e+01
-9.050246e+01
6.290532e+01
7.334286e+01
-1.156686e+02
-8.821544e+01
1.331849e+02
6.630147e+00
-2.343480e+02
9.437011e+01
1.552644e+02
-4.314501e+01
1.122478e+02
1.276242e+02
1.449047e+02
-8.524577e+01
-5.953744e+01
-2.340573e+01
-2.293833e+01
3.106097e+01
4.007706e+01
1.002186e+02
-1.143183e+01
-3.877830e+01
3.381162e+01
-7.450543e+01
-1.692952e+01
1.839601e+01
-4.922512e+01
4.705403e+01
4.518413e+01
3.709500e+01
-2.105449e+01
-4.371116e+00
5.279174e+00
-4.329964e+01
-2.095592e+01
2.344780e+00
4.396241e+01
4.149106e+01
-1.715508e+01
2.760848e+01
3.236491e+01
4.488092e+01
7.225875e+01
-3.893466e+01
-1.601194e+01
-1.704259e+01
-1.396602e+01
7.979153e+00
2.033303e+01
-2.320345e+01
-1.636536e+01
-2.962899e+01
3.463452e+01
6.049137e+00
1.659231e+00
8.821329e-02
5.449932e-01
-6.163589e-02
-5.855361e-02
-1.516700e-01
-2.201598e-01
3.555735e-01
-5.481863e-02
-9.944031e-02
-3.880775e-01
-3.901823e-01
1.275405e-01
8.759970e-02
-1.989317e-01
-6.834850e-02
1.103386e-02
1.307682e-01
1.846219e-01
-2.967069e-01
1.691884e-01
-1.069501e-01
-7.363263e-02
1.042648e-01
-1.455793e-01
4.135488e-02
1.446561e-02
-7.096490e-02
-5.810855e-03
