-3.713318e-01
5.482790e-01
9.250189e-02
4.778667e+01
1.989060e+02
-2.098607e+01
3.464498e-04
-8.587506e+04
-2.692606e+05
3.707408e+05
4.545645e+05
1.073664e+05
-7.394178e+04
-6.430585e+03
-2.948270e+04
-6.726930e+04
1.082044e+05
5.442710e+03
-5.006503e+04
-5.035790e+04
-2.546478e+04
-3.522789e+04
1.270141e+04
-1.390360e+04
2.033991e+04
-4.965931e+04
1.837732e+04
2.051704e+04
-1.861913e+04
2.637590e+04
-5.715552e+04
2.869184e+04
-2.861972e+03
-3.452989e+04
2.724162e+04
2.311439e+04
2.430599e+04
1.242684e+04
-1.151148e+04
-7.460792e+03
7.910529e+03
4.513854e+03
-1.700242e+04
2.505880e+03
8.120443e+03
-4.995743e+03
-1.470797e+04
6.106112e+02
3.673354e+03
-6.642327e+02
7.823746e+03
4.899196e+03
5.044819e+03
-8.478570e+03
-8.916304e+03
8.430126e+03
9.060441e+02
9.124707e+03
-2.368642e+03
-1.251204e+04
-1.853329e+03
-2.195609e+03
1.993869e+02
-4.106771e+03
4.853818e+03
1.070265e+03
5.369032e+03
1.772406e+03
-3.716734e+03
3.144684e+03
5.341249e+03
-8.389782e+01
-3.245929e+03
-1.257945e+03
-1.824739e+02
1.974230e+03
1.832885e+03
1.755097e+03
-4.185538e+03
-4.066132e+01
-5.807262e+02
6.741867e+02
-1.021342e+03
8.400212e+02
3.298726e+03
9.525065e+02
-1.180434e+03
-2.334747e+01
7.645736e+02
-4.315819e+02
6.671344e+02
-7.721345e+02
1.946331e+03
2.291400e+03
-1.621910e+03
8.724325e+02
3.581282e+02
7.577610e+02
1.499159e+02
-1.331721e+02
-5.582301e+02
-4.091674e+02
-3.101885e+02
-1.278193e+03
1.057659e+03
1.200507e+01
1.309919e+03
-2.163352e+02
2.814774e+02
1.376615e+03
-1.040445e+03
1.997828e+03
-2.992052e+02
1.128808e+03
-7.280012e+02
-6.441575e+02
-3.187541e+02
-1.886352e+02
7.011148e+00
3.306136e+02
-3.384286e+02
-3.100464e+02
-6.682592e+02
8.232517e+02
4.280448e+02
-2.582458e+02
-1.299685e+02
6.074183e+01
1.936967e+02
-2.761701e+02
4.973854e+02
2.780716e+02
4.835763e+02
2.087791e+02
-3.901593e+02
1.645356e+02
6.445449e+02
-1.305109e+02
4.367061e+01
2.845106e+02
-3.389453e+01
-8.874034e+01
-1.255603e+01
-6.080748e+01
-1.017218e+02
2.005022e+02
4.558426e+01
-2.002052e+02
2.098267e+02
2.846584e+02
-2.472186e+00
4.475901e+01
3.358318e+02
1.725768e+02
-3.337692e+02
7.560847e+00
9.711102e+01
1.654488e+02
-1.823576e+02
-9.266460e+01
1.213949e+02
1.469331e+01
2.110945e+02
6.476224e+01
1.802431e+02
-2.420330e+01
1.676628e+01
1.615336e+01
6.579881e+01
1.701237e+02
1.189697e+02
5.950486e+01
-4.072430e+01
2.358460e+01
-2.167751e+01
8.279865e+00
-6.422052e+01
2.074711e+00
7.284250e+00
-2.228014e+01
5.155994e+00
8.455410e+01
-6.614797e+00
3.162847e+00
5.324530e+01
2.250222e+01
6.374525e+01
-4.689451e+01
-1.172558e+01
5.354485e+01
-5.029223e+00
9.001366e+00
-2.643538e+01
5.819505e+01
-3.078399e+00
-1.539230e+01
-4.592974e+01
-4.804534e+01
1.117563e+00
4.784284e+01
1.202524e+01
-4.702216e+01
-3.757816e-01
-2.706079e+01
4.918878e+01
2.324499e+01
-2.558324e-01
1.667593e+00
1.240213e-02
8.716165e-01
-1.140095e-01
-1.664416e-01
-1.274566e-01
-5.771253e-01
-2.956884e-03
-4.317321e-01
-5.159254e-01
-6.972815e-01
2.545497e-01
6.206900e-02
-9.524016e-02
1.631941e-01
3.520532e-02
3.422576e-02
4.799594e-02
-2.567170e-01
1.114501e-01
4.717079e-02
4.172035e-02
-6.798806e-02
-1.844980e-01
-2.346958e-02
1.018472e-01
-1.312734e-01
-9.297971e-02
