-4.544518e-01
1.290687e+00
-2.416124e-01
5.802667e+01
1.979782e+02
-1.165517e+01
3.616276e-04
-2.262538e+05
-3.441001e+05
2.639589e+05
6.874805e+03
8.604285e+04
3.608831e+04
-1.131527e+05
1.038757e+05
-1.890576e+05
-6.560420e+03
5.123229e+03
1.348260e+05
-1.735804e+04
-3.353080e+04
2.659762e+04
-2.287383e+04
2.976436e+04
-1.709979e+04
-4.525360e+03
-3.461717e+04
1.982329e+04
1.445772e+03
2.611913e+04
-4.317702e+04
2.632188e+04
-1.836301e+04
-3.919980e+04
2.347339e+04
1.711798e+04
1.260783e+04
1.864109e+03
6.590230e+03
-2.047636e+04
-4.332512e+03
-2.140065e+04
-1.794655e+04
-2.417165e+03
1.918970e+04
-1.086991e+04
-1.605824e+03
6.135654e+03
-1.632736e+04
-2.971711e+03
1.087775e+04
8.180742e+03
1.005550e+04
-8.055608e+03
-1.004689e+04
9.846038e+03
8.924889e+03
1.446125e+04
-9.833643e+02
-1.417493e+04
-2.787530e+03
-5.800060e+02
-2.296032e+03
-3.649764e+03
-1.682913e+03
5.040275e+03
6.825975e+03
6.411516e+03
-5.595302e+03
4.845100e+03
4.968774e+02
1.039212e+02
-4.136440e+02
7.137123e+02
1.375029e+02
6.931078e+02
1.794212e+03
-1.371223e+02
-6.279114e+03
9.995976e+01
-2.521219e+03
1.527561e+03
-2.500999e+03
3.592043e+03
3.155179e+03
1.632893e+03
-2.547661e+03
1.061307e+02
-6.408254e+01
-1.420119e+03
-2.114035e+01
2.761525e+02
2.873449e+03
2.980105e+03
-1.888591e+03
3.712197e+02
2.396229e+03
1.120846e+03
9.887894e+01
4.450576e+02
-1.885341e+03
-9.667971e+02
-5.805795e+02
-1.795180e+03
1.198066e+03
-4.380786e+02
1.687133e+03
5.448483e+02
7.345105e+02
2.102018e+03
-5.042354e+02
2.407567e+03
-2.281651e+02
1.575505e+03
1.329708e+02
-4.616082e+02
3.405736e+02
-5.218715e+02
-5.311828e+02
4.255359e+02
-1.414033e+02
2.838641e+02
-5.728793e+02
4.692285e+02
7.768571e+02
-5.135599e+02
-2.960254e+01
8.208892e+01
3.093258e+01
-3.837933e+02
4.002075e+02
8.528695e+01
-9.337555e+01
1.473678e+02
-4.950068e+02
1.240160e+02
9.408173e+02
-2.040341e+02
1.166135e+02
2.287324e+02
-2.855561e+02
4.889535e+01
-7.640913e+00
3.207613e+02
-1.296717e+02
5.057133e+01
6.235883e+01
-1.889994e+02
7.422303e+01
2.774276e+02
5.773690e+01
1.502939e+02
2.399464e+02
-4.823978e+01
-2.533640e+02
1.909392e+01
-6.534266e+01
1.337683e+02
-2.558624e+02
-2.189154e+02
2.797407e+02
-3.410965e+01
9.895523e+01
-3.406067e+01
-3.286794e+01
-7.730711e+01
6.235765e+01
1.299393e+02
-4.193870e+00
2.188701e+02
1.741138e+02
1.425767e+01
1.182038e+02
1.612691e+02
7.616718e+00
-4.199845e+00
-5.858456e+01
-1.855077e+01
-1.900788e+01
-3.669512e+00
-1.386882e+01
5.601348e+01
3.305373e+01
-5.252158e+01
7.943769e+01
1.559740e+01
1.660200e+02
-4.669828e+00
-1.485194e+02
4.690922e+01
3.629494e+01
4.344004e+01
-4.415823e+01
-5.251515e+00
-7.144707e+00
4.349851e-01
-1.587171e+01
-9.572300e+00
6.322779e+00
3.754767e+01
-2.034526e+00
-1.062033e+02
6.940839e+00
-1.802125e+01
3.608530e+01
5.473433e+01
-2.995463e+00
3.480349e+00
-1.044401e+00
1.000596e+00
7.375421e-02
-2.347905e-01
-1.812632e-01
-1.077250e+00
-2.899089e-01
-5.655895e-01
-9.703545e-02
-5.217533e-01
3.748239e-02
4.315275e-02
1.332727e-01
6.740296e-02
5.504862e-02
7.169609e-02
4.676581e-02
-8.660903e-02
6.487601e-02
1.796031e-01
7.400244e-02
-6.338295e-02
2.955081e-02
8.962566e-04
7.991004e-02
-9.424427e-02
-1.065013e-01
