-1.473924e-01
5.490431e-01
-1.449784e-01
4.835556e+01
1.908712e+02
-2.491509e+01
3.266282e-04
-91737
2.431690e+05
-3.511207e+04
-4.155292e+05
-1.131089e+05
6.723297e+04
2.960337e+03
-2.726091e+04
-1.952051e+05
-2.211948e+04
5.014302e+03
1.213524e+05
1.276044e+04
-1.954197e+04
9.307026e+04
-5.124761e+04
8.191884e+04
1.678080e+04
6.669293e+04
2.254921e+04
3.550421e+03
-3.611960e+04
-2.731183e+04
5.384173e+04
2.648400e+03
-5.414104e+04
-1.174717e+04
-2.032707e+04
1.320551e+04
-1.818327e+04
-2.727737e+04
2.629611e+04
2.252103e+04
-1.928848e+03
-9.412851e+02
1.332542e+04
-6.896156e+03
-4.025247e+03
-1.532677e+04
1.079087e+04
2.606077e+03
3.599547e+03
1.393640e+03
-1.910551e+03
5.469820e+03
-9.354687e+03
-3.499408e+03
1.145585e+04
1.966699e+03
-3.364019e+03
-2.131726e+02
6.753563e+03
3.722610e+03
-7.804369e+03
-3.082767e+03
1.243162e+03
-1.154936e+03
-1.334280e+03
4.501231e+03
7.797938e+02
6.478966e+03
-3.232268e+03
-3.196562e+03
-3.414324e+03
1.312329e+03
5.258114e+03
1.423009e+03
-8.867802e+02
-8.091121e+02
2.637505e+02
-4.269990e+03
-2.161144e+03
-1.434297e+03
-1.223180e+03
-3.630582e+03
-2.504763e+02
1.928870e+02
-3.292477e+02
8.004823e+01
-1.172413e+03
-5.243105e+02
1.128300e+02
1.438341e+03
-7.234590e+02
1.752905e+03
1.589538e+02
1.512320e+03
-1.050181e+03
-2.470144e+02
1.738887e+03
-9.308416e+02
4.689021e+02
-8.666505e+02
-9.793823e+02
-7.919258e+02
1.404639e+03
8.042592e+01
-3.986986e+02
-1.810092e+03
2.841141e+02
9.898102e+02
1.381946e+03
1.070861e+03
1.624954e+03
-7.449521e+02
-5.538582e+02
-8.476866e+02
-4.996696e+01
9.381088e+02
-1.732591e+02
-3.261734e+02
3.689797e+00
6.770853e+02
7.189993e+02
1.424692e+03
-1.264804e+02
-3.719324e+02
-1.015360e+02
-1.604328e+02
3.095505e+02
2.552028e+02
-1.370408e+02
-2.225852e+02
-3.193428e+02
3.209156e+02
7.715102e+01
1.630986e+02
8.494265e+00
-4.443477e+02
-3.268200e+02
-2.223670e+02
-2.986851e+02
-2.400619e+02
-2.895366e+02
3.222792e+02
1.253227e+02
1.069753e+02
1.361836e+01
-1.940970e+02
-1.111045e+02
-3.945687e+02
-9.649374e+01
1.984079e+02
2.745531e+02
1.739008e+02
-1.037020e+02
-2.188217e+02
3.306563e+02
5.425091e+01
-6.381832e+01
-8.654164e+01
3.179825e+02
5.460464e+01
9.155011e+00
-2.571082e+01
-1.315638e+02
3.389478e+00
-3.627885e+02
4.529466e+01
5.521743e+01
1.983802e+02
-2.302413e+02
-1.235630e+02
5.018277e+01
1.086466e+02
1.224591e+02
-1.671659e+01
-3.518810e+01
-1.874686e+02
1.188706e+02
1.590023e+01
-8.345210e+01
1.477897e+02
1.201047e+02
-4.247324e+01
-5.279068e+01
2.506394e+00
8.976521e+01
-2.613363e+01
-1.878020e+01
1.163441e+02
-3.948649e+01
7.681825e+00
5.422731e+01
3.836422e+01
-6.171298e+01
-4.772728e+01
-3.498998e+01
3.531528e+01
2.064990e+01
3.062227e+01
-2.834971e+01
-4.156415e+00
-1.539333e+01
1.867937e+01
-2.991691e+01
-2.804580e+01
4.944339e+00
1.684316e+00
-9.334712e-01
-1.276966e+00
1.302342e-02
-4.786925e-01
5.218813e-01
-1.684981e-01
1.920772e-03
4.805316e-01
3.645132e-01
2.299104e-01
1.059880e+00
6.248233e-01
-2.023287e-01
-4.370005e-02
1.497797e-01
-2.562335e-01
-4.427386e-02
-2.297211e-02
1.659267e-02
3.706203e-01
-1.664713e-01
1.857934e-01
-5.877383e-02
-5.712358e-02
2.461261e-01
-2.060300e-02
-1.178363e-01
1.481859e-01
-6.950478e-02
