-1.646252e-01
-3.772981e-01
-9.123704e-02
4.750222e+01
1.879188e+02
-2.424216e+01
3.489968e-04
-3.454668e+05
6.027739e+04
4.663911e+05
-5.756168e+04
1.826791e+05
4.288991e+03
-2.459172e+05
1.988818e+05
-2.720960e+05
2.140579e+04
-1.095970e+05
-2.652868e+04
-1.460356e+05
4.375393e+03
-6.346773e+04
4.589436e+04
3.052314e+02
-1.190158e+04
-1.175445e+05
-2.517269e+04
-1.058249e+05
-1.827221e+04
-1.340891e+04
-6.729522e+04
-2.524462e+04
2.703338e+04
-1.769504e+04
3.194782e+04
-4.488626e+03
2.476532e+04
3.014442e+04
-4.744473e+04
-1.332397e+03
2.497040e+04
-1.209876e+04
-2.666890e+04
-1.491838e+04
2.282636e+04
9.598545e+03
1.072910e+04
1.484323e+03
2.988693e+03
-2.263488e+03
2.383679e+04
-5.425489e+03
7.899554e+03
8.004712e+03
-1.239893e+04
1.781390e+03
3.641063e+03
9.756422e+03
-7.583249e+03
-8.633619e+03
-4.517167e+03
3.368037e+03
1.665517e+03
-5.373769e+03
6.357750e+03
4.263383e+03
4.689574e+03
1.091401e+04
-4.853815e+03
7.434311e+03
8.804602e+03
8.611880e+03
1.176393e+03
-4.204640e+03
5.362124e+02
3.084373e+02
5.281231e+03
3.596561e+03
-6.778735e+03
-4.088198e+03
8.805898e+02
-1.791742e+03
-4.753062e+03
-5.159962e+02
3.170435e+03
3.714570e+03
-4.655151e+02
-6.599797e+02
-2.112481e+03
4.245123e+02
2.587284e+03
-2.960013e+03
1.921554e+03
2.961528e+03
-1.695687e+03
1.649133e+03
2.926610e+03
2.755612e+02
-1.243868e+03
-2.094593e+03
-1.585148e+03
-1.864145e+03
4.490747e+02
-4.493556e+02
9.672665e+02
-5.394451e+02
1.084762e+03
9.240633e+02
2.277723e+02
1.276306e+03
6.671633e+02
1.193824e+03
-3.736797e+02
1.153357e+03
-4.517631e+02
-1.067567e+03
-1.422538e+03
1.930431e+02
-1.260408e+03
1.058069e+03
-9.371757e+02
-3.420293e+02
-7.333123e+02
1.105003e+03
7.228070e+02
-6.798492e+01
-6.782254e+02
7.605898e+01
6.815841e+00
-6.230277e+02
-9.623550e+01
1.891081e+02
5.519235e+01
4.314785e+02
-1.924939e+02
-2.450287e+01
5.481260e+02
4.461866e+01
1.154375e+02
1.775262e+02
5.238390e+01
-5.611331e+02
2.400043e+01
1.234885e+02
-2.866923e+01
4.791011e+02
-1.398244e+02
4.706115e+01
4.016531e+00
1.615634e+02
5.017757e+02
9.398572e+01
-1.554037e+02
3.021689e+02
8.707797e+01
4.725366e+01
-1.731453e+02
3.051073e+02
-3.244728e+02
2.149016e+02
1.720662e+02
-1.757429e+02
-6.786001e-01
1.185503e+02
-4.521653e+01
-1.463822e+02
-6.746461e+01
1.390381e+01
-1.791597e+02
-9.037215e+01
-4.515263e+01
2.410445e+02
1.089953e+02
1.086117e+02
-5.845421e+01
-1.863978e+01
3.602227e+01
3.939795e+01
-1.530039e+01
-9.608292e+01
8.103329e+01
-2.720971e+01
-7.586342e+01
8.841860e+01
-1.574612e+01
2.323781e+01
5.866860e+01
1.013210e+02
-1.265861e+02
-5.048345e+01
-7.008664e+01
8.490145e+01
1.322705e+02
8.012586e+01
1.080192e+01
-7.529222e+01
-6.440551e+01
-1.031217e+01
-1.114831e+01
6.277820e+01
3.949329e+01
-6.010037e+01
-1.888427e+01
-9.161204e+01
2.081878e+01
3.341112e+00
-8.779896e-01
7.051081e-01
6.987581e-01
-9.375620e-01
-3.321160e-01
-3.185520e-01
-9.040319e-01
-5.231223e-01
-2.788247e-02
-4.835957e-01
2.364557e-01
-3.263921e-01
5.637289e-01
1.968313e-01
2.244866e-01
3.249705e-01
8.494428e-02
-4.205698e-04
4.690888e-02
-1.691419e-01
-7.866105e-02
-6.109924e-02
1.931527e-02
-2.505095e-02
-6.828771e-02
3.992603e-02
2.203559e-02
6.800870e-04
5.648917e-02
