-5.266753e-01
1.227315e+00
-1.589389e-01
5.774222e+01
1.984802e+02
-1.398813e+01
3.550445e-04
-5.575612e+04
-1.905603e+04
-2.709429e+04
-2.855958e+05
7.832895e+04
1.047332e+05
-7.305855e+04
9.994370e+04
-7.317751e+04
-3.211150e+04
2.367725e+04
1.039332e+05
2.979897e+03
-6.143936e+03
4.619693e+04
-6.541270e+04
4.922743e+04
-3.033266e+04
-2.459799e+04
-2.871775e+04
7.843985e+02
26479
-1.666415e+04
3.236612e+04
-3.724611e+04
4.624311e+03
-1.494080e+04
-1.538860e+04
-2.236470e+04
-2.417384e+04
1.531340e+04
2.472506e+04
2.141752e+04
8.608562e+03
-2.946405e+03
1.892315e+03
-1.355698e+04
1.243557e+04
1.431858e+04
1.096954e+04
9.140703e+03
-1.747014e+04
-5.101401e+03
5.901707e+03
-1.417389e+03
3.620981e+03
3.990276e+03
4.241696e+03
-5.223840e+03
2.202287e+03
3.676372e+03
-3.742652e+02
3.715518e+03
-1.838073e+03
6.723299e+03
2.253699e+03
5.758392e+03
-3.231993e+01
5.407640e+03
-1.848404e+03
1.780548e+03
-3.924018e+03
1.773647e+03
2.448148e+03
5.411116e+02
2.197225e+03
3.088562e+03
-1.864412e+03
-3.283272e+03
-8.451675e+02
-3.741253e+02
-2.403970e+03
-5.847290e+02
-7.126951e+02
-1.202626e+03
3.641464e+02
2.795884e+03
-8.500360e+02
2.141886e+03
-1.658328e+03
-1.899525e+02
1.632274e+03
-9.011610e+02
7.256434e+02
1.812895e+03
1.191313e+03
5.841504e+02
1.019836e+03
1.699599e+02
9.795000e+02
-9.951777e+02
1.395636e+02
2.693390e+02
-8.029415e+02
-5.933744e+02
1.099980e+03
-7.248245e+02
-1.128849e+03
-1.361822e+02
8.272233e+01
8.866633e+02
1.001359e+03
5.689642e+02
7.203905e+02
5.927260e+02
-8.358446e+02
-3.539768e+02
-2.753417e+02
3.934714e+02
-2.270383e+01
-1.675371e+02
-3.804835e+02
3.907232e+02
3.414511e+02
7.985255e+02
1.520757e+02
6.894588e+01
-5.773618e+01
4.801225e+01
1.653834e+02
9.862966e+01
-1.222642e+02
1.009608e+02
-2.065279e+02
3.494286e+02
-2.725962e+02
-8.065913e+01
2.649453e+02
-5.139124e+02
-7.660783e+01
7.764787e+01
1.222059e+02
-3.585981e+02
-6.842273e+01
1.451206e+02
2.616641e+01
3.030573e+02
-1.639900e+02
3.052575e+01
5.926112e+01
-1.132475e+00
1.061347e+02
2.074988e+02
4.546263e+01
-1.074901e+02
-3.044444e+02
4.916551e+01
-1.834430e+02
-2.078932e+01
-2.891484e+01
-6.069942e+01
7.290311e+01
4.571894e+01
2.783679e+01
1.655455e+01
-2.227072e+01
-1.075969e+01
-1.419039e+02
-1.656861e+01
-5.050195e+01
1.904290e+02
-2.054115e+02
-7.953411e+01
-9.147547e+01
1.548880e+01
1.403618e+02
-1.879833e+01
-4.303692e+01
-2.083033e+01
4.728326e+01
2.548101e+01
-1.448586e+02
2.494260e+01
3.123697e+01
9.033313e+01
-3.895310e+01
-2.342260e+01
-2.257573e+01
-2.887887e+01
8.532156e+01
7.628265e+01
-3.108847e+01
-5.920650e+01
9.675459e+01
7.479916e+01
1.001937e+01
-1.420438e+00
5.655827e+01
-3.591068e+01
-3.113116e+01
-1.822503e+01
-3.379257e+01
-6.755500e+00
4.585232e+01
-7.847937e+01
-1.291271e+01
-2.270711e+00
1.894915e+01
-1.673713e+01
-1.076415e+00
-9.598492e-01
7.865284e-02
-5.916105e-01
2.582747e-01
-1.597596e-01
-7.268715e-02
2.977258e-01
2.025502e-01
1.167580e-01
2.234773e-01
-1.323756e-01
-6.174982e-02
-1.528821e-01
1.889872e-01
1.000204e-01
-8.806721e-02
1.281264e-01
7.086549e-02
-1.007156e-02
1.399230e-01
1.304611e-02
-1.576895e-02
-1.308489e-01
1.629281e-01
2.286643e-02
-2.277292e-02
1.055806e-01
6.255647e-02
