-4.493645e-01
6.882355e-01
6.211770e-02
4.864000e+01
2.059946e+02
-1.860135e+01
3.434893e-04
1.250129e+03
-3.278572e+05
4.996457e+04
3.283638e+05
8.815795e+04
3.840994e+04
-4.843010e+03
-2.766304e+04
-2.265550e+03
-9.352203e+03
2.445585e+04
2.332022e+04
-3.888855e+04
-5.957175e+04
-1.328991e+04
3.223492e+04
-3.047802e+04
2.046376e+04
3.059420e+03
1.145419e+04
2.739951e+04
-1.426422e+04
2.857220e+04
-4.586823e+04
3.071960e+03
-8.280521e+03
-2.864211e+04
5.508589e+03
1.983155e+04
-6.270618e+02
1.674613e+03
7.817661e+02
-4.990665e+03
-1.399043e+03
1.910910e+03
-1.547337e+04
-3.131796e+03
1.245826e+04
-4.547599e+03
-1.146661e+04
6.951039e+03
-3.153351e+03
-4.384807e+03
-1.490143e+03
5.767886e+01
4.843797e+03
-4.566466e+03
-7.208585e+03
1.004590e+04
3.096445e+02
7.610318e+03
-1.678597e+03
-7.688521e+03
-1.366018e+03
1.401431e+03
-1.460104e+03
-5.139406e+03
-1.387245e+02
4.253105e+03
4.169055e+03
-1.031726e+03
-6.219598e+03
2.685943e+03
1.538236e+03
-4.500862e+02
-3.116072e+03
-4.895572e+02
-2.358183e+02
1.922459e+03
1.539078e+03
6.789340e+02
-3.493906e+03
-6.441010e+02
6.753853e+02
1.133047e+03
-4.227315e+02
1.571386e+03
2.510308e+03
1.344549e+03
-4.753376e+02
-5.179346e+02
-8.717776e+02
-6.984014e+02
-6.962010e+01
3.770381e+02
2.185258e+03
1.187851e+03
-1.555395e+03
9.143262e+02
1.137740e+02
4.407155e+02
3.579708e+02
7.086884e+02
-7.858178e+02
-2.509998e+02
-4.345060e+02
-8.162470e+02
4.805471e+02
-1.951370e+02
1.440957e+03
-3.793842e+02
-1.803713e+02
7.693439e+02
-7.811814e+02
1.352504e+03
-2.617802e+02
5.192166e+02
-4.022991e+02
-2.837671e+02
-1.415314e+02
-4.065979e+01
1.454377e+01
1.453372e+02
-4.726995e+01
-1.459734e+02
-3.962667e+02
4.261253e+02
3.384381e+02
-4.992799e+01
6.890923e+01
2.615068e+02
-8.113658e+01
-2.060592e+02
4.456899e+02
2.306186e+02
8.081341e+01
1.192850e+02
-1.080960e+02
-4.817836e+01
6.055884e+02
-1.822291e+02
3.566529e+01
2.997561e+02
-1.452791e+01
2.940944e+01
-3.961026e+00
-1.603082e+01
-7.656287e+01
9.650888e+01
2.381483e+01
-2.681819e+02
1.613226e+02
2.696152e+02
-5.885906e+01
5.326060e+01
3.641687e+02
6.796061e+01
-2.328668e+02
-4.299610e+01
1.296444e+02
5.266125e+01
-1.251397e+02
-1.335217e+02
4.846173e+01
5.404601e+00
1.426199e+02
4.397070e+01
1.131898e+02
-1.908753e+00
-7.946934e-01
5.019605e+01
3.528202e+01
1.200689e+02
1.074364e+02
2.955400e+01
-3.199271e+01
-3.370850e+01
3.974379e+00
-5.449708e+00
-3.006145e+01
-3.279475e+01
-9.324103e+00
1.624897e+01
2.168619e+01
8.657339e+01
4.013509e+01
6.300324e+00
6.215836e+01
-6.076816e+00
2.280515e+01
-3.697386e+01
-9.522728e-01
3.805152e+01
9.721688e+00
4.191433e+01
-2.990173e+01
4.602485e+01
2.124125e+01
-4.975290e+00
-2.531383e+01
-5.953458e+01
6.930806e+00
-3.589279e+00
3.891277e+00
-4.063605e+01
1.423522e+01
-1.065070e+01
4.496187e+01
1.531423e+01
-4.579152e-01
2.885658e+00
-4.620232e-01
7.385470e-01
2.408294e-01
2.958994e-01
1.336780e-01
-6.103507e-01
-6.282745e-02
-4.788570e-01
-4.853714e-01
-6.208905e-01
-7.970385e-02
1.840091e-01
-1.558178e-01
-6.906292e-02
4.522838e-02
1.084104e-01
8.804500e-02
-1.798126e-01
2.090375e-01
9.075948e-02
-3.499712e-02
8.557493e-02
-8.664252e-02
1.258271e-02
7.234311e-03
-9.191414e-02
-8.706912e-03
