-2.256605e-01
-6.650442e-01
-9.277495e-02
4.864000e+01
1.916184e+02
-2.000455e+01
3.586256e-04
-2.005979e+05
-2.509889e+04
4.516735e+05
1.741583e+05
2.373609e+04
1.708235e+05
-1.398363e+04
-9.438890e+04
-4.852125e+05
1.031804e+05
3.818815e+04
-1.289478e+05
3.349114e+05
-2.321913e+03
-2.563337e+04
9.342188e+04
9.143151e+04
3.783319e+04
-5.596323e+04
2.758875e+04
-3.253859e+03
-2.122325e+03
3.355782e+04
-3.132736e+04
9.875563e+03
-1.849242e+03
-4.132950e+04
2.700381e+04
-1.592691e+04
2.644522e+04
-9.109283e+03
-3.862121e+04
9.117024e+03
4.414706e+04
5.844551e+03
-1.810074e+04
-6.619764e+03
2.961516e+04
-1.217354e+04
3.754406e+03
2.958595e+04
6.540181e+03
7.146033e+03
2.445122e+04
1.056938e+04
1.302825e+04
-1.521288e+04
-5.183488e+03
6.057342e+03
-4.126303e+03
8.750189e+03
3.520377e+03
-1.079608e+04
3.640968e+03
-3.194151e+03
-3.995854e+03
-1.036030e+04
3.765799e+03
3.515447e+03
1.818938e+03
7.014211e+03
-1.446346e+03
3.185375e+03
-1.858184e+03
4.355322e+03
1.128593e+03
-4.138628e+01
3.029825e+03
6.273947e+02
8.850722e+03
-7.151738e+02
-5.763505e+03
-1.443010e+03
-1.622264e+03
1.467883e+03
3.230522e+02
1.818698e+03
4.409577e+03
2.646405e+03
-5.755417e+03
2.061669e+03
-2.159123e+03
-3.201771e+03
6.600441e+02
-2.110756e+03
2.682958e+03
2.010792e+03
-4.689785e+02
-1.655271e+03
1.973381e+03
1.301606e+03
-6.079329e+02
-2.851525e+02
-2.741088e+02
-7.186291e+02
3.374199e+02
-2.293730e+03
3.610896e+02
-2.652399e+02
-3.107339e+01
1.544400e+03
6.897821e+02
2.422728e+03
1.075379e+03
1.066905e+03
1.531824e+02
2.047740e+03
1.157941e+03
-8.919908e+02
-2.945787e+02
-1.405764e+03
-5.236025e+02
1.121283e+03
7.263681e+02
1.051751e+02
-3.676563e+02
1.467574e+03
1.722316e+02
-1.050635e+03
-5.747052e+01
4.381590e+02
9.234002e+02
-3.768185e+02
-3.039908e+02
8.265476e+02
-6.265842e+02
-9.013737e+01
-2.169181e+02
4.248905e+02
6.960633e+01
-1.865291e+02
-2.895754e+02
-2.689006e+02
5.221553e+01
1.474011e+02
-1.737930e+02
2.092095e+02
-2.202202e+02
9.505114e+01
2.315222e+02
1.605910e+02
1.078657e+02
-1.600937e+02
4.282137e+02
2.070072e+02
-2.968036e+02
2.511511e+02
-7.897527e+01
-2.688673e+01
6.757343e+01
5.186830e+02
-2.971224e+02
-2.573144e+02
6.213693e+02
-5.823390e+01
-3.498931e+00
1.181923e+02
-2.357661e+02
-9.606534e+01
1.587787e+02
1.269188e+01
-1.838116e+02
2.279171e+01
1.025120e+02
1.048259e+02
9.195394e+01
1.204585e+02
7.440085e+01
-1.788479e+02
4.181197e+01
-7.333472e+01
-9.952760e+01
-8.429752e+00
1.320278e+01
1.393713e+01
-2.952242e+01
3.506622e+01
-6.976951e+01
-4.197516e+01
2.510872e+00
6.030518e+00
-8.024747e+01
4.617360e+01
-3.226221e+01
6.721055e+01
2.095175e+01
8.266495e+01
-8.808936e+00
-1.101223e+02
2.084771e+01
1.507959e+01
-4.019273e+01
3.459341e+01
-4.056362e+01
-6.175241e+01
-4.671325e+01
-5.700768e+01
1.733947e+01
6.457996e+00
7.104823e-01
-5.343858e-01
2.044038e+00
-5.955655e-01
2.715962e-01
-1.950782e-01
-6.159802e-01
2.871721e-01
7.102644e-02
-3.589768e-01
2.412414e-01
-4.142489e-01
2.354528e-01
4.246927e-02
2.395980e-01
2.303215e-01
8.889566e-02
-6.470966e-02
5.389605e-02
-1.362186e-01
6.577624e-02
-1.412073e-03
1.389990e-01
2.328068e-02
-1.605112e-01
-1.864555e-02
-3.175560e-02
-1.141972e-01
-8.911510e-02
