3.764235e-01
-6.865150e-01
-5.077189e-01
4.579556e+01
1.357407e+02
-2.319402e+01
3.433989e-04
-7.574052e+04
6.316800e+04
1.782017e+05
1.008490e+05
1.584775e+05
-8.693052e+04
-5.464999e+04
9.145691e+04
5.363426e+04
1.094187e+05
-6.177912e+04
-1.494882e+04
-2.403534e+04
-1.221174e+04
-1.328589e+04
1.113916e+03
-1.571379e+04
-3.757109e+03
-4.938395e+04
-1.874494e+04
-3.052228e+04
-5.088208e+03
-7.566365e+03
1.487257e+04
-2.135918e+04
2.259949e+04
1.622498e+02
-6.517871e+03
-7.839921e+03
-7.858536e+03
4.577781e+03
-1.005991e+04
-6.385906e+03
-7.733039e+03
4.074772e+02
-5.558993e+03
-2.339302e+03
4.584468e+03
-6.836595e+03
5.896441e+03
-1.889106e+02
-1.068668e+03
-2.107780e+03
1.003597e+04
3.468038e+03
-2.310572e+02
9.525660e+03
-4.428492e+03
-3.373411e+03
2.694345e+03
5.001739e+03
-3.963872e+03
-7.810588e+03
-5.071388e+03
-7.085082e+02
1.756733e+03
-1.894162e+03
1.316934e+03
2.923448e+03
2.754038e+03
-2.652325e+03
-3.173984e+03
3.239469e+03
2.791512e+03
1.259888e+03
-2.179515e+03
-8.450214e+02
-1.292436e+03
-1.399634e+02
-4.953794e+02
1.803839e+03
-2.184505e+03
-1.056751e+03
1.231784e+03
-1.306616e+03
5.831461e+02
8.398420e+02
1.636533e+03
5.596446e+02
-5.714487e+02
-8.974908e+01
3.399570e+01
1.338590e+03
3.350630e+02
-4.105770e+02
3.980969e+02
1.201422e+03
-1.116237e+03
5.930844e+02
5.471616e+02
-7.052831e+02
-1.190810e+03
-9.166519e+02
-2.044357e+02
-1.972661e+02
1.632531e+02
1.139698e+02
-4.424959e+01
-6.516031e+02
3.968409e+02
4.002394e+02
3.789971e+02
2.222751e+02
-1.274651e+02
-5.713351e+01
-4.426537e+02
6.362783e+02
-6.920226e+02
-4.164908e+02
-7.653211e+02
1.491555e+00
-7.582524e+02
4.490932e+02
-3.642443e+02
3.223032e+01
-2.482013e+02
1.968018e+02
2.569346e+02
2.290251e+02
1.195817e+02
-1.985578e+01
-2.673736e+02
-6.836671e+01
1.931268e+02
2.576297e+02
1.758898e+02
1.912417e+02
1.307615e+02
-1.261098e+02
1.855286e+02
1.192053e+02
-5.743264e+00
-1.678423e+02
-1.312151e+01
-3.098015e+02
1.164997e+02
1.304199e+02
6.370289e+01
1.560948e+02
-2.705375e+02
5.023654e+00
3.459582e+01
1.909566e+02
1.504922e+01
2.551486e+01
-5.846091e+01
-2.365660e+01
-9.930738e+01
1.162564e+01
9.627805e+01
2.064185e+01
-4.340500e+01
1.297757e+02
7.645634e+01
-4.101855e+01
-2.294147e+01
2.667067e+01
-2.255927e+01
-5.516509e+01
-6.831367e+01
7.753057e+01
-9.162399e+01
-1.890599e+01
6.425747e+01
1.179850e+02
4.623875e+01
3.258184e+01
-7.622085e+00
1.026430e+01
5.948652e+01
5.554416e+01
-1.112490e+02
-5.109227e+01
4.367464e+01
7.397424e+01
-7.809864e+00
-2.462152e+01
-1.549668e+01
1.962758e+01
1.726457e+01
6.139717e+01
-4.669201e+01
-4.718587e+01
4.593139e+01
2.394971e+01
4.335189e+01
1.323855e+01
4.226468e+01
-6.414096e+01
-2.270395e+01
-3.292041e+00
-6.856238e+00
2.288681e+01
5.507462e+01
-2.824368e+01
7.964747e-01
-1.666482e+01
2.200051e+01
1.473515e+00
-4.097831e-02
-8.512177e-01
2.708713e-01
-1.330310e-01
-1.936072e-01
-2.872819e-02
-5.761475e-02
-5.246628e-02
7.893075e-02
1.371200e-01
8.325265e-03
-1.960989e-01
4.130115e-01
-6.301234e-02
-3.112563e-02
7.379213e-02
-1.177338e-02
-2.646758e-02
1.276695e-02
-5.573831e-02
-2.117636e-03
-3.509589e-02
-8.972045e-02
1.575389e-02
1.041908e-02
-2.278254e-03
5.493964e-02
-7.859549e-03
-2.828717e-02
