-1.967868e-01
-9.582743e-01
-7.529232e-02
4.920889e+01
1.829707e+02
-1.901138e+01
3.473447e-04
-9.244759e+04
-1.739885e+05
2.024301e+05
1.933976e+04
5.344426e+04
1.118988e+04
-5.811255e+04
6.455250e+04
-5.539155e+03
8.547338e+04
-7.176654e+03
5.124774e+03
1.175105e+04
-4.221951e+04
-3.124806e+04
3.125924e+04
1.716960e+04
2.491753e+04
-6.435348e+04
2.546273e+04
1.449506e+04
-4.694223e+03
-2.734109e+03
-4.266175e+04
-2.869153e+04
4.112983e+03
-1.909051e+04
1.798558e+04
1.814445e+04
-4.277108e+03
-7.241581e+02
-1.263210e+04
4.676038e+03
6.706313e+03
-8.920861e+03
-1.022517e+04
-3.947456e+03
4.212350e+02
-8.819575e+03
1.675423e+03
5.408474e+03
-5.252636e+03
3.313845e+03
3.204571e+03
1.159068e+04
1.576507e+03
-3.769542e+03
-6.169482e+02
5.339082e+03
-3.624624e+03
7.049089e+03
2.638577e+03
-1.032740e+04
-6.982088e+03
4.385748e+02
7.913791e+02
-5.464411e+03
3.466284e+03
4.493553e+03
4.544947e+03
4.365088e+03
-5.932955e+03
5.153242e+02
2.753863e+03
2.856620e+03
6.567993e+02
-7.941618e+02
-2.686741e+02
1.169815e+03
2.392109e+03
-1.517093e+03
-3.413666e+03
-5.917125e+02
-4.483926e+02
-7.906075e+02
-1.057051e+03
1.147915e+03
1.513991e+03
8.384964e+02
-7.370920e+02
1.149885e+03
-7.840610e+02
7.413322e+02
4.876894e+02
-4.478024e+02
1.956716e+03
2.052248e+03
-8.150106e+02
6.582095e+02
6.771263e+02
-4.717323e+02
-1.335411e+02
3.540941e+00
-8.615214e+02
-4.082013e+02
7.721555e+02
-9.071651e+02
8.411457e+02
-9.699919e+02
6.810541e+02
-1.138147e+02
1.489596e+03
1.377321e+03
2.583406e+02
1.034120e+03
-2.317917e+02
5.442125e+02
-7.495352e+02
-6.740257e+01
-1.506417e+02
-3.354959e+02
-3.172768e+02
5.697792e+02
1.382415e+02
2.379072e+02
-2.179206e+02
4.311287e+02
3.714907e+02
-4.704501e+02
2.556962e+02
2.743697e+01
-4.773929e+01
-3.541121e+02
6.156130e+01
2.833842e+02
3.038273e+01
7.420975e+01
-4.129820e+01
-4.052694e+02
2.530402e+02
-2.344397e+02
-1.139629e+02
3.517902e+01
-1.713193e+02
-4.537311e+01
1.187719e+02
1.270942e+02
3.780846e+01
4.925837e+01
4.515174e+00
-4.151518e+02
8.444316e+01
1.675498e+02
1.821079e+02
1.179979e+02
9.173803e+01
5.217723e+01
-1.445794e+02
3.324358e+01
7.281194e+01
1.114646e+02
-1.663378e+02
2.407695e+01
2.111915e+02
-9.057567e+01
3.467158e+00
3.430326e+01
-1.581340e+02
4.791217e+01
3.132967e+01
1.483051e+02
-9.338836e+01
5.515694e+01
2.265577e+01
1.231142e+02
9.964042e+01
-1.623527e+01
-7.113567e+01
-9.320913e+01
1.351523e+01
4.374423e+01
-7.753955e+01
-2.772846e+01
6.183186e+01
2.972838e+01
-3.437143e+01
1.408724e+01
6.661863e+01
2.288078e+01
4.707409e+01
4.792585e+01
-5.059220e+01
9.812023e+00
1.985533e+01
5.308934e+01
-4.760254e+01
1.237985e+01
-4.041766e+00
-2.533661e+01
-3.066828e+01
-9.749184e-01
-2.838026e+01
3.593115e+01
-2.539535e+01
-5.375963e+01
-9.868780e+00
-2.150945e+01
2.804738e+01
6.330252e+00
-4.913251e-01
1.393443e-01
3.598298e-01
6.552798e-01
2.662435e-01
2.156502e-02
-3.772660e-01
1.185641e-01
3.011059e-01
1.097961e-02
7.329903e-02
-2.631233e-01
4.819758e-02
2.347348e-01
2.691056e-01
-1.434390e-02
-4.513488e-02
6.911352e-02
1.833200e-01
-5.370899e-02
2.418316e-01
8.524510e-02
-1.202559e-01
7.379958e-02
7.257389e-02
1.775740e-02
-2.689083e-02
-5.644177e-02
-4.558578e-02
