-1.257633e-01
6.622283e-01
-3.877380e-01
4.721778e+01
1.786000e+02
-2.327461e+01
3.294010e-04
9.377429e+04
9.599712e+04
-1.325931e+05
6.391028e+04
-1.856704e+05
3.294359e+04
7.462245e+04
-1.412943e+05
-4.847203e+04
3.427145e+03
9.910337e+04
1.516930e+05
-2.299953e+04
-1.134104e+04
-2.030929e+04
-3.653289e+03
3.340567e+04
8.478353e+03
3.547483e+03
-2.500167e+03
1.825154e+04
-5.222878e+04
-2.322139e+03
2.429606e+04
2.006988e+04
-3.414238e+04
2.012480e+04
-4.044744e+04
8.936463e+03
8.866617e+03
-1.970401e+04
1.237534e+04
-1.827038e+03
-3.672356e+04
-1.074665e+04
1.454577e+04
2.217042e+03
-4.198866e+03
-1.719837e+04
-4.556763e+03
5.151573e+03
-1.084622e+03
2.558953e+03
-1.090592e+04
-1.380503e+03
-5.078492e+03
1.238212e+03
9.250779e+03
3.492877e+03
-3.698900e+03
3.511413e+03
2.835957e+03
5.969531e+03
-3.633629e+03
1.801236e+03
-1.348834e+02
-1.005858e+03
2.914985e+03
1.709807e+03
4.842166e+03
-2.906853e+03
-1.786716e+03
6.566754e+02
-5.205082e+02
1.347927e+02
2.016422e+02
7.656235e+02
-1.757858e+03
-1.777333e+03
2.458357e+02
-1.365463e+03
-2.046615e+02
2.320299e+02
9.047145e+02
-7.550311e+02
-2.750986e+02
4.335667e+02
1.417348e+03
-7.761222e+02
2.124550e+02
-1.937835e+02
-9.445266e+02
2.179721e+03
-1.192230e+03
-2.228814e+01
5.954839e+02
1.354479e+02
-6.662037e+02
-5.854902e+01
2.495843e+02
-5.164112e+02
1.472974e+03
6.308232e+02
-2.797949e+02
6.439455e+02
1.088674e+03
-1.112303e+02
3.571899e+02
-1.030498e+03
-1.693935e+02
-7.530004e+02
4.688085e+02
-7.194891e+01
-5.487504e+00
-3.792017e+02
-5.503493e+02
-4.311201e+02
-4.104643e+02
6.589621e+02
3.398265e+02
2.039525e+02
5.518883e+02
2.176630e+02
8.389647e+00
2.004497e+02
1.582025e+02
-2.763465e+02
-1.895086e+02
7.787596e+01
3.769149e+02
2.824812e+02
-7.379315e+01
3.654295e+02
1.181591e+02
3.804715e+02
7.775865e+02
1.858562e+02
2.149963e+01
-2.658283e+02
9.252435e+01
-2.463377e+01
9.454124e+01
-2.442655e+02
1.926987e+01
3.422114e+02
-8.918562e+01
-6.666635e+01
8.321878e+01
-1.345921e+02
-1.670548e+02
-2.658239e+02
9.363757e+01
-9.385259e+01
-1.228101e+02
-2.611488e+01
1.610702e+02
1.809279e+01
-7.443250e+01
8.483057e+01
1.392444e+02
8.174660e+01
1.644665e+02
-1.421174e+02
1.707356e+01
1.194072e+02
-9.029654e+01
5.331146e+01
-5.188822e+01
4.444093e+01
-8.760545e+01
1.485057e+02
4.573459e+01
-3.503999e+01
8.395802e+01
6.218189e+01
-7.668898e+01
-8.858864e+00
-5.490290e+01
-1.171169e+02
-2.660906e+00
-6.879332e+01
-4.532119e+01
5.315339e+01
-2.810353e+01
-2.320264e+01
2.434258e+01
6.644969e+01
1.030162e+02
-4.052811e+01
-9.106958e+01
-2.113649e+01
-4.017229e+00
2.010340e+01
3.099599e+01
1.316323e+00
-6.355073e+01
-1.561896e+01
3.002625e+01
4.860335e+01
4.424747e+01
-1.061291e+01
1.925073e+00
-3.780002e+01
1.466384e+01
3.775085e+01
3.911292e+01
4.394048e+01
6.460852e+00
-1.785482e+00
9.819452e-01
6.930250e-01
-4.099551e-01
-5.642194e-02
4.219361e-01
2.605176e-01
8.701359e-02
-1.442873e-01
1.046802e-01
-4.282960e-02
2.029411e-02
2.815772e-01
4.870021e-02
1.417803e-02
-1.424647e-01
-1.542701e-01
1.816029e-02
-1.350604e-01
-1.548390e-02
7.131046e-02
-1.374746e-01
1.169001e-01
7.280879e-02
-5.104298e-02
-8.955050e-02
4.716213e-02
-1.193123e-01
9.373643e-03
5.770068e-03
