-2.472699e-01
-1.047085e+00
-1.399726e-01
5.063111e+01
1.870211e+02
-1.441384e+01
3.304858e-04
-5.560819e+03
-1.081639e+05
3.296490e+05
3.917755e+05
9.074630e+04
1.478737e+05
-1.210392e+05
8.048943e+04
8.351560e+04
8.012112e+04
7.457445e+04
-9.255980e+04
-3.233706e+04
-4.507418e+04
2.987558e+04
4.478169e+04
-7.256898e+04
5.169870e+04
-3.977205e+04
4.957322e+03
-2.804575e+04
-1.122125e+04
2.622978e+04
-4.956035e+04
-7.143670e+03
1.104910e+02
-2.807853e+04
5.475905e+04
2.669296e+04
1.025581e+04
1.577800e+04
-1.495380e+03
-1.757645e+04
1.405307e+04
1.205394e+04
-8.451225e+03
2.874192e+03
3.414766e+03
3.803076e+03
-7.704146e+03
6.849061e+03
-4.031798e+02
-2.969488e+03
7.026067e+03
1.443785e+03
3.443446e+03
5.458339e+03
-4.439009e+03
3.027883e+03
9.343004e+01
2.841494e+03
-7.939940e+03
-8.310635e+03
-4.702911e+02
-2.586564e+03
1.774805e+02
-4.670448e+03
1.767447e+03
1.585965e+03
9.874158e+02
-9.014802e+02
-2.754668e+03
2.200168e+03
4.845237e+03
1.131372e+03
-3.066196e+03
8.478336e+02
1.190814e+03
3.681601e+03
1.898925e+03
1.859743e+03
-5.405312e+03
-1.108122e+03
1.574284e+02
-5.506697e+02
-7.914973e+02
-3.785494e+02
1.009919e+03
2.939910e+03
-7.412252e+02
1.146062e+03
2.363996e+01
-1.449538e+03
-2.553110e+02
-4.579758e+02
1.148850e+03
1.261803e+03
-1.242317e+03
2.038850e+03
6.364172e+02
1.191712e+03
-6.009611e+02
5.244158e+02
-1.167472e+03
-3.972928e+02
-6.399120e+02
-3.524443e+02
3.231272e+02
-8.702586e+01
1.143021e+03
-2.986782e+02
1.379584e+02
5.521244e+02
-3.861086e+02
6.171597e+02
4.442273e+01
5.984809e+02
-5.808657e+02
-7.096324e+02
-3.745468e+02
2.274110e+02
-4.937601e+02
5.633479e+02
-4.250367e+02
-5.031683e+02
-4.953214e+02
7.515091e+02
-7.712544e+01
-1.566058e+02
-1.739732e+02
5.920975e+02
2.743089e+02
-2.959219e+02
2.552924e+02
2.477601e+02
4.653771e+02
2.135905e+02
2.662209e+00
6.528116e+01
2.131838e+02
-1.073634e+02
-1.977159e+02
1.685321e+02
9.170178e+01
-2.722830e+02
-8.380745e+01
1.216758e+01
1.023904e+01
4.594693e+01
-4.966641e+01
-6.456082e+00
2.403109e+02
5.773425e+01
9.888630e+01
-9.048009e+01
6.272766e+01
7.379617e+01
-1.148988e+02
-8.803810e+01
1.334834e+02
6.870684e+00
-2.343892e+02
9.505419e+01
1.552270e+02
-4.318021e+01
1.122506e+02
1.277593e+02
1.450738e+02
-8.534674e+01
-5.927649e+01
-2.358513e+01
-2.252390e+01
3.076418e+01
3.999434e+01
1.000080e+02
-1.178137e+01
-3.896539e+01
3.385154e+01
-7.413884e+01
-1.682770e+01
1.835657e+01
-4.905829e+01
4.729731e+01
4.493288e+01
3.716949e+01
-2.107710e+01
-4.400585e+00
5.187044e+00
-4.351354e+01
-2.111325e+01
1.998245e+00
4.377675e+01
4.146895e+01
-1.729986e+01
2.761761e+01
3.280232e+01
4.501317e+01
7.237009e+01
-3.896350e+01
-1.593621e+01
-1.706872e+01
-1.408301e+01
8.007538e+00
2.021629e+01
-2.327580e+01
-1.651726e+01
-2.964573e+01
3.466073e+01
6.013611e+00
1.657321e+00
8.911622e-02
5.433429e-01
-6.223891e-02
-5.801525e-02
-1.514473e-01
-2.206493e-01
3.560139e-01
-5.475042e-02
-9.921515e-02
-3.886582e-01
-3.900170e-01
1.276977e-01
8.772171e-02
-1.990616e-01
-6.816997e-02
1.114599e-02
1.306289e-01
1.845170e-01
-2.966546e-01
1.691927e-01
-1.070765e-01
-7.347377e-02
1.050746e-01
-1.455713e-01
4.117258e-02
1.367819e-02
-7.092832e-02
-5.834615e-03
