-2.001946e-01
7.362444e-01
-5.453298e-02
4.864000e+01
1.916453e+02
-2.549471e+01
3.589493e-04
-1.404781e+04
2.753036e+05
-2.277102e+05
-217421
7.424832e+04
-1.807415e+05
2.090039e+05
-4.558631e+04
-2.290051e+04
-1.216614e+05
-2.344310e+05
3.824884e+04
4.407322e+04
1.457714e+04
5.479448e+04
-3.580288e+03
4.612724e+04
3.001596e+04
5.920175e+04
1.009040e+04
-2.535316e+03
-3.382688e+04
-3.399679e+04
4.612424e+04
-2.060843e+04
-3.135354e+04
-1.755243e+04
-2.143897e+04
-1.913687e+04
-2.899578e+04
-2.294736e+04
1.486139e+04
1.319804e+04
-1.039926e+04
1.041582e+04
3.633462e+03
-4.114593e+03
-2.388540e+03
-1.391548e+03
1.943721e+04
2.152318e+03
3.619318e+02
3.346742e+03
2.263624e+03
1.791818e+03
-2.794287e+03
4.124887e+03
7.948735e+03
-2.231502e+03
3.258280e+02
-5.934405e+02
5.328673e+03
-3.844644e+03
-3.182846e+03
4.931761e+03
1.625195e+03
1.521837e+03
-9.025862e+01
4.206359e+03
-1.089825e+03
-6.125695e+02
-1.181689e+03
1.882368e+03
-3.007557e+03
-3.005096e+03
1.763845e+03
4.064755e+02
-1.924757e+03
2.579057e+02
-2.438023e+03
-3.490583e+02
-2.776088e+03
-5.243607e+02
3.593570e+02
-1.678262e+03
2.803048e+03
8.152880e+02
1.267510e+03
-7.296666e+02
-3.110460e+03
-4.748647e+02
7.349570e+02
1.272133e+03
-3.142009e+02
2.507981e+03
4.088840e+01
1.389778e+02
-1.275842e+03
-2.886823e+02
4.465470e+02
-1.286432e+03
-5.652589e+02
-8.766158e+02
-1.927621e+02
-2.900515e+02
1.010353e+03
-1.785701e+02
-1.310018e+03
-5.763265e+02
-4.072315e+02
1.196599e+03
7.386503e+02
1.454265e+03
7.092875e+02
-1.753692e+03
-1.046927e+03
-2.705518e+02
7.309857e+00
3.152433e+02
-3.839908e+02
-5.751761e+02
5.313985e+01
7.705933e+02
6.690250e+02
9.194471e+02
-3.114559e+02
-3.417997e+02
1.186653e+02
8.632590e+01
2.663139e+02
6.746418e+01
-3.921906e+02
2.337029e+02
9.628578e+01
6.776974e+02
-1.589002e+01
4.466747e+01
2.278746e+02
-1.525110e+02
-4.048000e+02
-2.658970e+02
-1.685371e+02
-3.599539e+02
-2.704449e+02
4.604399e+01
1.684919e+02
2.134196e+02
-5.423533e+01
-2.134170e+01
-2.836736e+02
-1.649477e+02
-1.527176e+02
2.205856e+02
1.554226e+02
2.932401e+02
-2.196663e+02
-2.424300e+02
2.302219e+01
-8.978515e+01
1.211100e+02
-6.707990e+01
3.267987e+02
-2.414894e+01
-4.002348e+01
1.539590e+02
-4.707436e+00
-2.236991e+02
-2.291718e+02
-7.095480e+01
5.247889e+01
1.454172e+02
-2.199164e+02
-1.478705e+02
-1.878725e+00
-1.538685e+01
9.404022e+01
6.902505e+01
-2.353755e+01
-1.181581e+02
1.609856e+02
7.457524e+01
-6.980360e+01
9.028022e+01
4.633634e+01
4.359728e+01
-7.888247e+00
-5.382681e+01
5.019623e+01
-5.239780e+01
-8.103775e+01
3.420689e+01
-1.018475e+01
7.206473e+00
2.652251e+01
1.943531e+01
-4.228328e+00
-1.158113e+01
2.264991e+01
-1.993503e+01
1.707037e+01
3.484700e+01
-5.546967e+01
-3.298194e+00
-1.029371e+01
-4.975731e+00
-3.296082e+00
1.725600e+01
9.917083e+00
7.590399e+00
-8.299854e-01
-1.593401e+00
5.958904e-01
-1.119254e+00
2.409005e-01
-1.095753e-01
8.094531e-02
-1.424923e-01
3.569171e-01
3.144046e-01
6.533220e-01
2.302487e-01
3.559838e-01
-2.835091e-02
-1.408550e-01
-2.890678e-01
4.642591e-02
-7.069877e-03
6.215468e-02
1.779865e-01
-5.275474e-02
1.916839e-01
9.058859e-02
1.077142e-02
2.008422e-01
1.212868e-02
-3.103965e-02
1.339445e-01
-6.910001e-02
