-1.607648e-01
9.931878e-01
4.161872e-02
5.489778e+01
1.855339e+02
-1.819505e+01
3.618566e-04
-1.474438e+05
-2.224846e+05
2.642358e+05
-3.485157e+04
-1.357314e+04
3.798108e+04
-5.753883e+04
5.621376e+04
-1.603723e+05
5.135909e+04
-3.675398e+04
8.362214e+04
-8.306484e+04
-1.776235e+04
-2.208302e+04
-9.675120e+03
6.420599e+03
-1.794129e+04
-3.774553e+04
3.712709e-01
2.887302e+04
-1.901099e+04
-4.052760e+03
-4.563890e+04
7.339184e+03
-2.962226e+04
-1.570791e+04
-8.262757e+03
3.777906e+03
2.148236e+04
7.779822e+03
1.449942e+04
5.858324e+03
1.107130e+04
-6.801951e+03
-1.968566e+04
-3.120903e+04
1.416616e+04
8.880717e+03
-2.559736e+03
9.499358e+03
-2.190414e+04
-1.087388e+04
7.621253e+03
-2.074092e+03
1.437692e+04
-7.942620e+03
-5.818367e+03
9.795451e+03
3.067903e+01
1.276555e+04
-3.907103e+03
-5.740498e+03
-3.873808e+03
7.197903e+03
6.929742e+02
-4.193972e+02
8.150385e+02
2.731349e+03
5.975500e+03
6.350039e+03
-3.820264e+03
2.546442e+03
2.756440e+03
1.239815e+03
7.374528e+02
-8.951808e+02
-7.719434e+02
-1.109063e+03
3.131539e+03
1.293545e+03
-4.052410e+03
1.129943e+02
-3.552428e+03
1.470316e+03
-1.733007e+03
1.217044e+03
2.607398e+03
1.083514e+03
5.566342e+02
-7.370954e+02
1.212178e+03
-1.472694e+02
8.530512e+02
2.202717e+02
3.490547e+03
1.431218e+03
-4.856487e+02
1.601295e+03
1.655480e+03
-3.458039e+02
4.895299e+02
5.226705e+02
-8.954052e+02
2.427088e+02
-2.974604e+02
-1.723082e+03
7.212917e+02
3.119624e+02
1.363549e+03
4.317670e+01
7.973869e+02
9.616492e+02
6.486002e+01
1.769850e+03
-8.144995e+02
5.995400e+02
1.265204e+02
-2.085800e+02
-1.780636e+02
-7.859119e+02
-3.046522e+02
6.505679e+02
-1.266143e+02
2.447122e+02
-2.074328e+02
5.803542e+02
6.066028e+02
-3.364758e+02
-5.876374e+01
1.381848e+02
6.402011e+01
-3.742018e+02
6.132570e+01
2.531723e+02
-5.393348e+00
1.699697e+02
-2.906487e+02
-1.642245e+02
7.129711e+02
-2.227918e+02
6.879726e+01
1.221455e+02
-1.935240e+02
2.654509e+02
-1.585351e+02
1.911818e+02
-3.072592e+02
1.667488e+02
2.072460e+02
-1.074203e+02
5.879480e+01
2.021950e+02
-8.600084e+01
1.160458e+02
1.705103e+02
7.445299e+01
-1.008445e+02
-8.222440e+01
-5.971161e+01
1.792009e+02
-8.229838e+01
-1.056748e+02
1.882118e+02
-5.308213e+01
1.002582e+02
-1.757215e+01
4.460540e+01
6.422440e+01
-6.390736e+01
1.487406e+02
-5.184229e+01
7.379654e+01
1.251074e+02
4.821274e+01
1.915505e+01
6.992272e+01
-3.489705e+00
-9.826378e+01
-8.278116e+01
-6.888239e+01
-4.775006e+01
-2.214900e+00
-2.991650e+00
1.188066e+02
-5.559070e+01
1.782867e+01
5.406932e+01
-2.817027e+01
1.059623e+02
-5.702917e+00
-8.883603e+01
-1.536869e+01
3.351199e+01
6.691260e+01
-4.522812e+01
4.283920e+00
1.088763e+01
1.604498e+01
-6.668407e+01
-5.084890e+01
-1.033838e+01
1.026195e+01
1.680622e+01
-7.865167e+01
4.117487e+01
-1.475388e+01
2.918317e+01
1.483305e+01
-1.844441e+00
2.131894e+00
-6.853365e-01
5.177088e-01
-3.666102e-03
-3.984040e-01
-1.684894e-01
-5.249924e-01
-7.052904e-02
-4.345362e-01
-5.838738e-02
-3.775712e-01
1.037428e-01
-4.880622e-02
9.126928e-02
6.972534e-02
-3.031223e-02
7.287566e-02
7.108514e-02
-8.825194e-02
8.251184e-02
6.817772e-02
8.389448e-03
-1.663703e-01
-3.569002e-02
6.531446e-02
4.982035e-02
-5.960571e-02
7.025710e-02
