-1.844424e-02
-7.331176e-01
2.363847e-01
4.807111e+01
1.707507e+02
-2.414793e+01
3.581504e-04
-3.261504e+04
-2.220769e+05
-5.094288e+04
4.063357e+04
-7.418701e+04
2.487326e+04
-9.049024e+04
9.604689e+04
-3.626121e+04
-1.792989e+04
1.971202e+04
2.490599e+04
1.091411e+02
-3.454675e+04
-2.747393e+04
6.147521e+04
-1.160863e+04
1.966342e+04
-2.775388e+04
4.800958e+04
-3.201438e+04
-3.525038e+04
2.515182e+04
-6.850291e+04
-3.266175e+03
-1.515646e+04
-2.444622e+04
1.805982e+04
2.418056e+04
2.257339e+04
-1.153952e+04
-5.345712e+03
-4.675429e+03
-6.481978e+03
9.767862e+03
-1.147770e+04
1.838168e+03
1.224678e+04
-4.229900e+03
-1.597861e+03
4.230456e+03
-4.652176e+03
-2.895769e+03
-3.661880e+03
-5.449481e+03
-2.139810e+03
-3.145399e+03
-5.184405e+03
3.534933e+03
-1.382246e+03
6.206820e+03
2.653006e+03
-7.736053e+03
-5.438881e+03
5.435240e+02
2.186884e+02
-4.802337e+03
3.681566e+03
3.383381e+03
2.331418e+03
5.676108e+02
-3.180327e+03
5.535175e+02
5.176238e+03
7.197567e+02
-4.549569e+03
-6.809229e+02
5.961163e+02
8.493700e+02
9.511696e+02
1.350496e+03
-3.840131e+03
-4.134449e+02
1.220451e+03
-9.951641e+02
-6.752920e+02
6.467864e+02
3.023529e+03
4.417685e+02
-8.661304e+02
4.013718e+01
-8.775698e+02
-7.325057e+02
-1.671924e+02
-9.977131e+02
1.830965e+03
1.758508e+03
-1.629300e+03
1.166696e+03
-6.020703e+01
-1.854182e+02
-4.175004e+02
1.734265e+01
-5.192729e+02
-4.550874e+02
7.857897e+02
-8.762381e+02
3.026007e+02
-5.676111e+02
9.097764e+02
-3.274993e+02
3.156473e+02
5.865900e+02
-5.076888e+02
1.414298e+03
-3.882324e+02
6.668901e+02
-7.386746e+02
-3.707424e+02
-4.350427e+02
-1.474082e+02
5.782300e+01
2.773737e+02
-3.333977e+02
-4.343919e+02
-3.405248e+02
4.634803e+02
3.776921e+02
-2.643040e+02
4.536243e+01
3.744943e+01
-2.149971e+01
-1.749771e+02
5.551815e+02
5.224525e+02
3.594417e+02
4.354393e+02
-3.778513e+02
1.185171e+02
4.323164e+02
-4.310862e+01
-3.496595e+01
6.913598e+01
5.132856e+00
-7.254261e+01
-3.270841e+01
-7.932449e+01
9.113924e+01
2.524272e+02
8.089035e+01
-4.639380e+02
1.039646e+02
4.381850e+01
6.863015e+00
9.240390e+01
3.816647e+02
1.752819e+02
-2.220085e+02
-5.384784e+01
1.788255e+02
1.413134e+02
-1.302172e+02
-3.907624e+01
9.826311e+01
1.211950e+02
1.135463e+02
1.333549e+02
1.017684e+02
-5.054379e+00
-2.595070e+01
3.661668e+01
4.196597e+01
2.604115e+01
2.837001e+00
8.059415e+01
1.837157e+01
-1.071186e+01
-2.953517e+01
-3.862057e+01
1.142631e+01
3.291040e+01
-3.825428e+01
4.462630e+00
-4.070493e+01
4.583176e+01
2.956128e+01
2.178900e+01
7.585916e+01
-8.050579e+01
9.694007e+00
1.185812e+01
-3.366024e+00
1.692409e+01
-2.981746e+00
3.761072e+01
-2.191086e+01
6.085088e+01
1.572989e+01
3.550424e+00
-1.125579e+01
-7.773314e+00
-1.717358e+01
-4.559706e+00
8.750650e+00
-6.249603e+00
1.202431e+01
-1.956514e+01
4.004221e+01
1.076195e+01
-9.151149e-01
2.473683e+00
-2.596811e-01
3.225022e-01
-2.587322e-01
-7.207186e-02
-2.137434e-01
-6.584564e-01
1.457678e-01
-3.414679e-01
-3.302007e-01
-4.165962e-01
5.755170e-02
2.351920e-01
-1.336398e-01
2.660025e-02
3.604563e-02
4.870600e-02
4.752456e-02
-1.753116e-01
-5.224007e-03
1.404275e-01
5.241184e-02
5.609256e-02
-1.156772e-01
3.050247e-02
-2.874866e-02
-1.037093e-01
1.477636e-02
