-2.234907e-01
1.455107e+00
1.254772e-01
5.774222e+01
1.815494e+02
-7.442520e+00
3.584573e-04
-6.687998e+04
-4.104711e+05
1.617021e+05
9.109436e+04
-4.097332e+04
8.870852e+04
-7.133127e+04
-9.691740e+02
-1.146563e+05
3.137993e+04
1.799626e+04
1.755718e+04
-3.852026e+04
-1.067946e+04
2.144133e+04
7.918277e+03
-3.916275e+04
3.034917e+04
-2.150223e+04
-2.999496e+04
2.609525e+04
-6.331126e+03
4.287108e+04
-6.296329e+04
-1.440042e+03
-4.685546e+03
-3.966893e+04
2.452399e+04
2.108241e+04
3.382531e+04
-2.771939e+03
1.623277e+04
7.477590e+03
1.683604e+04
-3.816590e+03
-1.990614e+04
-1.282369e+04
1.096091e+04
1.257852e+04
-1.916542e+04
1.095323e+04
-1.265581e+04
-7.660009e+03
7.493186e+03
2.576839e+03
1.104064e+04
-9.140570e+03
-5.601885e+03
1.231396e+04
-3.632611e+02
1.022187e+04
-6.799604e+03
-1.107157e+04
-2.133448e+03
1.289407e+03
-4.102712e+03
-5.371843e+03
1.250161e+03
9.045101e+02
6.951913e+03
4.196174e+03
-2.957150e+03
1.577344e+03
2.662560e+03
-2.151389e+03
-2.984276e+03
1.651387e+03
2.480308e+03
1.300064e+03
4.058059e+03
2.127655e+03
-3.767191e+03
6.958292e+02
-9.457424e+02
2.873356e+03
-2.685889e+02
7.013083e+02
3.305787e+03
1.860811e+03
-9.605068e+02
2.547915e+02
6.396777e+02
-1.638248e+03
2.859235e+02
1.268076e+03
3.530490e+03
1.795608e+03
-9.132498e+02
1.462588e+03
9.117349e+02
3.266034e+02
1.057163e+03
-3.136864e+01
-5.946136e+02
3.400647e+02
-1.134734e+03
-2.028041e+03
8.914913e+02
8.753434e+02
1.571221e+03
-4.227670e+01
2.453366e+02
1.255558e+03
-8.486640e+02
2.151787e+03
-2.714597e+02
1.210160e+03
2.450704e+02
-6.190785e+02
-2.816566e+02
-6.624688e+02
-7.053540e+01
4.085983e+02
-3.674820e+02
-1.721997e+02
-5.256113e+02
7.920041e+02
3.724568e+02
-3.855759e+02
-1.657786e+02
3.224929e+02
1.380324e+02
-4.189700e+02
2.744583e+02
2.249847e+02
5.667545e+01
1.231645e+02
-4.777988e+02
1.669212e+02
6.977209e+02
-2.289481e+02
-8.639312e-01
4.625479e+02
-5.784379e+01
7.408454e+01
-1.334346e+02
-1.704652e+01
-3.593398e+02
1.072731e+02
3.724509e+02
-6.684978e+01
1.151487e+02
2.667190e+02
-2.274275e+02
1.781659e+02
3.684056e+02
1.306506e+02
-3.242401e+02
-1.963701e+02
1.099746e+02
1.177794e+02
-2.459892e+02
-1.955362e+02
1.487749e+02
-3.323891e+01
2.347235e+02
-4.716367e+01
1.619402e+02
1.117715e+01
7.015432e+01
2.424714e+01
8.863149e+01
1.849262e+02
1.513843e+02
5.840375e+00
-4.282891e-01
7.105444e+01
9.917886e+01
-1.511552e+01
-8.118703e+01
4.828539e+00
-1.842727e+01
3.873323e+01
2.268834e+01
1.231019e+02
-2.257326e+01
3.865042e+01
3.602960e+01
-1.156039e+01
6.880930e+01
-1.599611e+01
-1.401814e+01
7.723334e+01
-5.771487e+00
7.335449e+01
-1.641277e+01
1.748879e+01
2.227654e+01
-2.231688e+00
-6.556562e+01
-6.660322e+01
-3.295362e+01
1.135479e+01
-4.636039e+00
-7.981671e+01
2.824596e+01
-2.271812e+01
4.672725e+01
2.707761e+01
-1.907769e+00
3.027824e+00
-4.441183e-01
1.063351e+00
-5.153733e-02
-3.091839e-01
1.823080e-01
-6.401601e-01
-2.328228e-01
-6.837524e-01
-5.352459e-01
-5.464647e-01
1.847973e-01
1.294467e-02
-4.843951e-02
-1.171930e-01
2.511444e-02
8.237645e-02
8.277296e-02
-1.039243e-01
2.154533e-01
5.794830e-02
9.686558e-02
-8.962990e-02
-3.199090e-02
4.727801e-02
7.030433e-02
-1.714906e-01
-6.503779e-02
