-1.638947e-01
-1.283093e-01
9.387935e-02
3.925333e+01
1.801778e+02
-2.351825e+01
3.339478e-04
-3.559408e+03
-9.868532e+04
1.154159e+05
3.622389e+05
6.379130e+04
1.389273e+05
-1.268822e+05
5.304699e+04
-3.608821e+04
1.656445e+05
1.185647e+05
7.158324e+04
-1.470288e+04
-7.871798e+04
-6.967476e+04
6.599714e+04
8.828755e+03
1.942232e+04
-7.871902e+04
4.027288e+04
-2.431367e+03
1.240499e+04
1.902971e+04
5.209694e+03
-1.714344e+04
9.403338e+03
-2.666232e+04
-6.927808e+02
2.570563e+03
-4.326457e+03
3.340180e+04
-2.830881e+04
-1.102462e+03
-1.563209e+04
9.828182e+02
-3.806606e+03
-2.027151e+03
2.209996e+04
-1.805587e+04
-8.754506e+03
3.757838e+03
5.387565e+03
2.606147e+03
4.931273e+03
1.254112e+04
-1.721887e+03
4.334512e+03
-4.251213e+03
8.861542e+03
-2.951130e+03
1.434716e+04
-1.760470e+03
-3.947270e+03
-3.804385e+03
7.375797e+00
6.217013e+02
-4.777438e+03
3.919904e+03
3.362140e+03
1.571164e+03
-9.260231e+02
-7.369404e+03
1.364158e+03
3.423035e+03
1.723547e+03
-1.279136e+03
-2.581740e+02
-2.069665e+03
6.586763e+02
1.311944e+03
1.340712e+03
-3.956904e+03
-9.235085e+02
-1.330015e+03
-1.095903e+03
-3.963683e+02
9.638209e+02
1.281600e+03
1.044272e+03
-1.876286e+03
1.159780e+03
-2.686311e+01
1.814431e+02
2.269139e+02
-1.345844e+03
2.142913e+03
1.413732e+03
-5.885584e+02
5.799275e+02
6.958437e+02
2.269344e+02
-4.135419e+02
9.360944e+01
-1.014685e+03
-1.741609e+02
1.116887e+03
-7.448948e+02
6.018920e+02
-1.016170e+03
7.720519e+02
3.078416e+02
4.048625e+02
2.979623e+02
-4.903556e+02
1.039944e+03
-2.422077e+02
8.606711e+02
-5.865012e+02
-1.686020e+02
1.798636e+02
2.418685e+02
-4.121844e+01
4.074913e+02
-3.671944e+02
-4.009832e+02
-4.157838e+02
4.662072e+02
2.092375e+02
-2.822021e+02
4.327686e+02
1.841516e+02
2.736311e+02
-2.042615e+01
3.055124e+01
1.634086e+02
3.637884e+02
2.171232e+02
1.605787e+02
-1.307866e+02
5.001267e+02
1.862900e+02
3.015144e+01
-2.354368e+02
9.590613e+01
2.516461e+00
-1.018945e+01
1.338724e+02
8.347623e+01
4.172071e+01
-5.247017e+01
-1.958786e+02
4.290513e+02
-5.971904e+00
1.723095e+02
-1.774561e+02
3.200509e+01
9.907919e+01
-2.072040e+02
7.878716e+00
1.837890e+02
8.363506e+00
-1.442948e+02
-4.147115e+01
2.137131e+02
6.911295e+01
-7.682654e+01
2.159783e+02
-2.832998e+01
-3.325450e+01
-2.551134e+01
1.346950e+02
-1.298629e+02
4.385506e+01
3.386637e+00
1.548695e+02
4.884812e+01
-8.301482e+01
-5.037600e+01
-1.026547e+02
-1.725871e+01
-7.874606e+01
-1.159333e+02
-4.424011e+01
5.001993e+00
5.428064e+00
2.516201e+01
1.082359e+01
9.751221e+00
-2.507872e+01
4.578231e+01
-3.756010e+01
-2.490732e+01
-5.807464e+01
2.621698e+01
4.865193e+00
-1.850481e+01
7.543504e+01
1.428229e+01
-3.022306e+01
-4.355264e+00
-2.405573e+01
-4.380425e+00
3.013225e+01
2.665353e+01
-2.730637e+01
-2.129162e+01
-9.607925e+00
2.315552e+01
7.430795e+00
9.188824e-01
-6.224016e-01
6.635250e-03
4.942352e-02
2.333775e-01
1.839029e-01
-2.602972e-01
5.363194e-02
8.789166e-03
7.808059e-02
-4.242752e-01
-6.727875e-01
-1.468044e-03
5.105109e-02
-1.643941e-01
2.229791e-01
-2.873294e-02
5.770633e-02
2.972329e-02
-4.665159e-01
1.015918e-01
-4.458858e-02
-1.734202e-01
1.475084e-02
-2.296734e-01
-5.478392e-02
-7.038423e-02
-8.616581e-02
-9.839462e-03
