4.261181e-01
-9.162043e-01
-1.416087e-01
4.977778e+01
1.354943e+02
-2.207181e+01
3.558071e-04
2.241174e+05
-4.878750e+04
-3.248812e+05
-7.064815e+04
-3.163546e+05
-1.790354e+05
1.175229e+05
24316
1.140260e+05
1.346301e+03
4.086789e+03
1.383284e+05
1.874598e+04
-3.397909e+04
-1.147534e+05
9.034679e+04
-4.681339e+04
4.224550e+04
-2.633748e+04
-3.016572e+04
3.693523e+04
-4.536441e+04
-5.827605e+04
-3.920551e+04
-4.592911e+04
-2.106641e+04
-5.853859e+03
-2.652114e+04
-1.975743e+04
-7.981534e+02
-5.615008e+03
2.747771e+04
-4.602275e+03
-4.058891e+04
1.316857e+04
-4.720043e+02
-1.623801e+04
2.123223e+04
5.110947e+03
-1.303592e+03
1.254620e+04
-1.710331e+04
-5.354717e+03
-1.486054e+04
-1.639565e+04
-4.383674e+03
4.736314e+03
-2.133990e+03
-3.923645e+03
-5.747172e+03
1.429623e+04
2.765820e+03
-2.656629e+03
1.503194e+03
2.755771e+03
-1.547874e+03
1.931747e+03
2.210915e+03
3.537317e+03
5.523624e+02
-7.666766e+03
-1.496277e+02
2.350458e+03
3.657367e+03
-1.902024e+03
-5.234960e+03
8.290926e+02
2.450016e+03
-2.778647e+02
3.121685e+02
3.592987e+03
-1.754617e+03
-2.005527e+03
2.055466e+03
6.175548e+01
2.399302e+03
-9.793282e+02
2.185931e+03
1.006838e+02
9.217937e+01
-1.459137e+03
-1.013732e+03
9.687482e+02
-7.800732e+02
-1.467291e+03
7.554030e+02
-5.221703e+02
8.748192e+02
1.083030e+03
4.183129e+02
-2.674401e+03
1.193747e+03
1.668700e+03
8.169258e+02
1.150008e+03
4.915458e+02
-1.192104e+03
-4.443005e+02
-2.587296e+02
6.415451e+02
-6.631356e+02
5.404080e+02
-7.506744e+02
-4.154215e+02
-3.387227e+02
-1.590356e+02
-1.497492e+02
-2.000950e+02
1.018526e+03
-7.658710e+01
-2.228062e+01
3.141660e+02
-1.429008e+02
-3.334824e+02
-4.559114e+02
2.466875e+02
1.741783e+02
-3.455717e+02
1.828166e+02
1.640055e+01
-2.306985e+01
-4.278255e+02
5.138304e+02
3.710344e+02
7.689572e+02
4.175326e+02
1.886698e+02
4.399309e+02
8.485909e+01
3.010263e+02
-3.944417e+01
2.746675e+01
-3.094986e+01
2.177226e+02
4.406964e+02
-1.141473e+01
1.914573e+02
-2.025293e+00
7.411847e+01
-1.894104e+01
-3.015178e+02
3.653690e+01
-5.113135e+01
-3.975481e+02
-8.417648e+01
1.553816e+02
9.717751e+01
-1.970927e+02
-2.881737e+02
3.022360e+02
1.582188e+02
1.108479e+01
-1.892936e+02
5.526288e+01
2.323567e+02
1.083011e+01
1.510894e+02
1.575921e+02
-1.531575e+01
-1.395001e+02
1.036805e+02
-7.794542e+00
-6.701777e+01
-1.451120e+01
8.892375e+01
-7.322013e+01
3.234483e+01
3.990715e+01
-1.368557e+02
-8.530684e+00
-1.566990e+01
-1.238124e+02
-2.551527e+01
-8.242305e+01
8.580115e+01
2.012830e+01
1.377730e+01
5.869228e+01
-1.826459e+02
-7.766697e+01
-4.126910e+01
7.167283e+01
-1.926856e+01
2.248891e+01
-2.663519e+01
-5.806289e+01
7.928821e+01
9.560651e+01
2.144113e+01
1.480469e+01
-3.068046e+01
-2.210480e+01
-6.734328e+01
4.583941e+01
1.930603e+01
7.913701e+01
5.121328e+01
6.614361e+00
1.458291e+01
6.501685e-01
3.188311e-01
-5.544084e-01
2.005910e-01
7.519855e-02
4.591132e-01
5.483256e-01
-8.460943e-02
-8.480856e-02
1.636867e-01
-5.481629e-01
-1.075321e-01
2.127351e-01
1.082871e-01
-2.723941e-01
-5.185758e-02
-7.665040e-02
-1.290558e-01
-3.771054e-02
-1.187312e-01
-3.303355e-02
3.422258e-02
5.437456e-02
2.673173e-02
-1.914925e-01
1.214413e-01
-7.144604e-02
-1.380168e-01
2.222369e-01
