7.355147e-02
1.308405e+00
-2.897910e-01
5.461333e+01
1.612252e+02
-1.545940e+01
3.564434e-04
-1.929595e+05
-2.302495e+05
1.588572e+05
-1.731967e+05
-1.138237e+05
-2.068251e+05
2.088316e+04
-8.651156e+04
-3.106821e+05
6.793075e+04
-6.985332e+04
4.533730e+04
-8.884269e+04
2.202800e+03
-3.801879e+04
-2.864198e+04
5.613756e+04
4.256216e+04
2.306086e+04
-6.516524e+02
8.600485e+03
-3.549928e+04
-7.028861e+04
-5.034291e+04
-3.352530e+03
-3.408782e+04
-5.944159e+04
-1.636551e+04
9.326035e+02
8.432763e+03
-3.618488e+04
2.059138e+04
3.664633e+03
6.694331e+03
-2.156041e+04
-1.150412e+04
-9.012633e+03
9.840566e+03
1.134129e+04
-2.947399e+03
2.779357e+03
-1.480027e+04
4.628746e+02
8.294627e+03
-9.860946e+03
5.456022e+03
-1.707338e+04
-6.556585e+03
4.349969e+03
7.126765e+02
1.045741e+04
7.174267e+03
-1.551578e+04
-3.002515e+03
1.664575e+03
-5.048662e+03
-2.241543e+03
-1.527821e+03
5.362777e+03
6.854440e+03
8.171640e+03
-4.539197e+03
2.897420e+03
3.322780e+03
-1.343632e+02
1.055179e+03
-6.855095e+02
3.202809e+03
2.600579e+03
1.742115e+03
9.132892e+02
-6.301964e+03
3.904288e+02
-6.858033e+02
1.841317e+03
-7.065505e+02
1.700097e+03
4.017489e+03
-2.296818e+02
-2.440369e+03
-1.622629e+03
-2.659796e+02
8.687916e+02
5.243843e+02
1.402882e+03
2.020646e+03
3.594289e+03
-1.788767e+03
-2.220108e+02
1.535450e+03
-2.058912e+02
9.735348e+02
-5.701860e+02
-2.335360e+02
-9.829427e+01
-1.321021e+02
-8.964778e+02
1.437465e+03
-5.508033e+01
9.967602e+02
-2.700993e+02
7.800040e+02
1.783769e+03
-7.647870e+02
2.094532e+03
1.337274e+02
2.150113e+02
1.989141e+02
-2.830923e+02
-9.217307e+02
-8.777899e+02
-2.094342e+02
3.589804e+02
1.269128e+02
8.409470e+02
-8.512626e+02
2.949328e+02
7.340595e+02
-2.095135e+02
-2.612922e+02
-2.504259e+02
-3.606799e+02
-5.072784e+02
4.163411e+02
2.647959e+02
-2.201426e+01
1.871071e+02
-9.295153e+02
6.150977e+01
5.527521e+02
-5.279374e+02
3.261308e+02
4.855298e+02
-1.779913e+02
4.918292e+01
7.515121e+01
-1.017886e+02
-3.938932e+02
7.762458e+01
2.842881e+02
-4.106112e+02
-1.243718e+02
6.381931e+02
1.298103e+01
3.679641e+02
2.454231e+02
-7.941780e+01
-2.800182e+02
-2.895990e+01
4.560706e+00
1.777564e+02
5.769418e+01
-3.291328e+02
1.491501e+02
1.046777e+02
1.612483e+02
-1.503005e+02
-6.954461e+01
3.774749e+01
8.327656e+01
1.792633e+01
-1.077564e+02
9.337035e+01
1.768051e+02
8.533698e+01
1.035378e+02
1.016388e+02
-9.704923e+01
-2.237408e+01
1.806050e+01
9.473040e+01
3.888402e+00
7.310710e+01
3.576838e+01
1.087311e+02
-8.419091e-01
-1.987221e+01
1.088301e+02
5.877048e+01
6.719584e+01
2.845105e+01
-5.955232e+01
6.456353e+01
-4.081150e+01
-4.735935e+00
-6.972357e+01
1.450863e+01
-4.007777e+01
3.004996e+00
-1.364957e+02
-7.367503e+00
-3.546235e+01
5.115278e+01
-2.576802e+01
-1.127667e+02
6.481026e+01
-7.567092e+01
4.799759e+01
4.662866e+01
-3.593570e+00
2.168944e+00
-7.707249e-02
5.874892e-01
-1.229529e-01
-2.760177e-02
2.392678e-01
-1.097998e+00
3.745051e-02
-3.730691e-01
2.456817e-01
-7.601609e-01
1.094427e-01
1.143084e-01
-2.007104e-02
-2.182621e-02
6.844009e-02
-5.499564e-02
-1.059812e-01
-7.947820e-02
-9.648704e-02
2.889116e-01
1.120677e-01
5.730110e-03
9.088190e-02
7.069493e-03
6.597016e-02
-8.232973e-02
-7.142226e-02
