-2.304930e-02
6.089808e-01
8.690445e-03
4.266667e+01
1.732141e+02
-2.423102e+01
3.383311e-04
-2.266513e+05
4.067385e+04
6.344239e+04
-1.381361e+05
1.263873e+05
-2.687485e+05
2.660876e+04
8.441413e+04
-9.579556e+04
2.103041e+05
-1.257967e+05
5.884717e+04
-2.433629e+03
1.456943e+04
-9.608591e+04
-1.654058e+04
5.260698e+04
-4.081535e+04
-6.443057e+04
1.391093e+04
9.536734e+03
2.032089e+04
1.037175e+04
-2.933159e+03
7.816729e+03
-1.369239e+04
-3.050299e+03
-7.762125e+02
1.558555e+04
3.656438e+04
-1.371246e+03
-5.097250e+03
7.893163e+03
-6.479221e+03
-1.496232e+04
-1.341468e+04
-2.075831e+04
-5.299672e+03
-5.046890e+03
1.018254e+04
-5.447769e+03
-6.754192e+03
-6.301740e+03
1.870568e+04
1.163447e+02
-3.528469e+03
1.084584e+04
-1.169677e+03
1.033946e+04
7.311684e+03
8.294094e+03
6.277700e+02
-1.814797e+03
-1.105384e+04
7.581712e+03
2.995215e+03
3.046802e+03
-5.856063e+02
8.036968e+02
-1.979094e+03
5.811349e+03
-3.244269e+03
1.990343e+03
6.585706e+02
2.156877e+03
1.955089e+03
-1.798317e+03
-3.603627e+03
-2.483217e+03
4.473908e+02
-1.423687e+03
-2.307175e+03
-8.324388e+02
-3.484819e+03
-1.239973e+03
-2.328006e+02
-1.161165e+03
2.062153e+03
2.722875e+02
-6.454415e+02
6.441484e+01
1.541870e+03
6.133081e+01
1.576210e+03
-1.265901e+03
1.176810e+03
2.218498e+03
-3.667380e+02
1.868497e+02
1.206321e+03
-1.410355e+02
-1.380433e+03
-6.478768e+02
-2.018220e+02
3.412298e+02
4.657724e+02
-1.437342e+03
5.585900e+02
-1.210760e+03
3.946627e+02
7.516166e+02
1.319969e+03
1.276225e+03
6.004070e+02
7.875327e+02
3.971584e+02
7.686580e+02
-1.346919e+02
2.298340e+02
-7.771792e+01
-1.042483e+03
-1.108427e+03
2.164275e+02
5.111387e+02
5.174507e+02
-3.260549e+02
9.791904e+01
8.910236e+02
-7.968024e+02
-6.726091e+01
-3.799959e+02
-1.572944e+02
1.233830e+02
3.557693e+02
4.452464e+02
-2.184732e+01
2.071164e+02
-2.307359e+02
-6.445081e+01
-6.440163e-02
-1.693771e+02
-3.318658e+02
-3.506275e+02
-3.210869e+02
-1.476964e+02
1.518651e+02
1.752078e+02
-6.971112e+01
5.974475e+01
9.664469e+01
4.176651e+01
-1.691790e+02
2.679149e+02
3.127175e+02
1.032781e+02
-1.376661e+01
7.225381e+01
1.499560e+02
1.850389e+02
3.388128e+01
3.855787e+02
7.879519e+01
-1.256370e+02
9.181612e+01
-8.938538e+01
7.742747e+01
6.802302e+01
-3.096341e+02
-3.587051e+01
-8.615860e+01
1.997406e+02
-3.324940e+02
3.969567e+01
8.675683e+01
2.991270e+01
1.026210e+02
5.205070e+01
-3.584363e+01
-1.328099e+02
5.062756e+01
2.894987e+00
-8.023692e+01
-6.737244e+01
-1.008720e+02
6.491712e+01
6.336968e+00
-3.678456e+01
8.514108e+01
-2.255091e+01
1.298354e+02
9.509390e+01
-1.287938e+02
-8.210089e+01
7.331890e+01
1.918911e+01
-3.657205e+01
5.036231e+01
-5.969672e+01
8.967334e+00
-1.401904e+01
5.275760e+00
1.269417e+01
4.591286e+01
2.168925e+01
-6.098053e+01
-1.241623e+01
-1.650455e+01
9.238718e+00
2.438313e+01
-1.875513e+00
-2.874238e-01
-4.319353e-01
-6.644053e-01
2.893988e-01
-4.567858e-01
-7.632484e-01
-4.032657e-01
1.577686e-01
4.639566e-02
6.232449e-01
-8.715875e-02
-1.295156e-01
-5.015655e-02
1.352489e-01
3.252136e-01
-6.530090e-02
-1.823669e-01
-6.730855e-02
7.652172e-03
-2.131628e-01
-8.609013e-02
-5.665504e-02
-2.420415e-01
-3.665313e-02
-1.219814e-02
5.788587e-02
1.278926e-03
1.053904e-01
