-4.236663e-01
1.204263e+00
2.532936e-01
5.347556e+01
1.960212e+02
-1.142500e+01
3.459906e-04
-2.149010e+05
-1.329456e+05
2.359946e+05
9.054884e+04
1.979428e+05
2.465941e+05
-2.898078e+05
9.002971e+04
-6.552111e+04
9.350789e+04
-4.797800e+04
1.510436e+05
-3.207902e+04
-7.429436e+04
4.336769e+04
-3.464255e+04
-4.318552e+04
-3.444742e+04
-4.212165e+04
-4.495971e+04
-1.517785e+04
1.026698e+04
2.718871e+02
-5.439672e+04
-1.255002e+04
9.119263e+03
-8.724694e+03
3.166249e+04
1.454889e+04
1.139498e+04
3.355101e+04
1.851872e+03
-4.778928e+03
4.768524e+02
-1.490135e+04
-7.448233e+03
-1.190999e+04
1.553067e+04
4.755094e+03
5.815529e+03
8.883626e+03
-1.571051e+04
-4.883154e+03
1.343085e+04
-1.264638e+04
7.343066e+03
6.556345e+03
-3.643645e+03
3.514043e+03
7.165593e+03
9.823069e+03
-7.313879e+03
-2.277063e+03
-6.153742e+03
3.351371e+03
4.482470e+03
1.827510e+03
-5.557225e+02
4.290339e+03
3.542042e+03
8.732877e+03
-5.926473e+03
3.450084e+03
1.493954e+03
2.827521e+03
1.652893e+03
-1.338322e+03
-1.068919e+03
-5.008076e+02
3.980022e+02
2.594953e+03
-5.297280e+03
-6.650547e+02
-2.589675e+03
-7.210506e+02
-4.192653e+03
-3.140633e+02
3.071943e+02
2.200184e+03
1.149934e+03
9.617800e+02
6.516258e+02
-2.421044e+02
8.438077e+02
-1.422562e+02
2.756034e+03
1.476991e+03
-9.129847e+02
1.821899e+03
3.491783e+03
8.684774e+02
-4.004759e+02
1.978171e+02
-1.020596e+03
-6.981036e+02
-7.750150e+02
-1.392982e+03
8.063793e+02
3.337197e+01
1.656487e+03
5.105703e+02
1.425275e+03
8.116143e+02
5.253860e+02
1.333506e+03
2.100240e+02
5.967419e+02
-3.368087e+02
-4.623025e+02
2.315931e+02
-3.196052e+02
-1.384527e+03
6.590703e+02
-5.580607e+02
1.207956e+01
-3.053318e+02
4.645810e+02
4.208702e+02
-3.590863e+02
1.183237e+02
5.018221e+02
-2.640542e+02
-4.169385e+02
2.809057e+02
-1.344715e+02
1.527510e+02
2.391564e+02
-2.389047e+02
-3.238803e+02
8.402825e+02
-2.518426e+02
1.503194e+01
8.103550e+01
-8.828024e+01
1.015131e+01
1.595955e+01
4.341170e+02
-1.178443e+02
8.556686e+01
1.185498e+02
-5.013077e+01
8.332809e+01
1.962743e+02
1.523718e+02
3.125104e+01
-2.410267e+01
2.659801e+01
-4.208760e+01
-7.497649e+01
-1.747666e+02
6.342570e+01
-2.632199e+02
7.598019e+01
1.491174e+02
-1.615585e+02
-3.282839e+01
3.369382e+01
-4.901179e+00
-9.570143e+01
-7.110737e+01
1.860158e+02
-1.641074e+02
1.046047e+02
6.624049e+01
1.366909e+02
1.865433e+02
5.733413e+01
1.099672e+01
-6.806181e+01
-1.864176e+01
-5.159607e+01
-6.171120e+01
1.998103e+01
1.153707e+02
2.366027e+01
-1.155378e+01
-5.427311e+01
1.481120e+01
-3.627484e+00
1.632228e+02
8.302449e+01
-1.188673e+02
-6.647504e+00
2.685557e+01
7.157594e+01
1.574080e+01
1.170312e+01
4.751419e+01
-9.002241e+00
-5.850472e+01
-1.614019e+01
-2.442029e+01
1.852156e+01
5.119888e+01
-7.402486e+01
3.064544e+01
-1.274013e+01
2.084225e+01
1.561501e+01
-1.645183e+00
6.028678e-01
-1.945554e+00
7.417899e-01
2.611267e-01
-1.284028e-01
-3.905088e-01
-3.360001e-01
-3.391415e-01
-2.288556e-02
1.882864e-02
-1.836121e-01
-3.911031e-02
5.119741e-02
1.067452e-01
-1.160599e-01
-3.006567e-02
7.015651e-02
2.293295e-02
-4.340892e-02
9.200893e-02
-2.702781e-02
-1.033864e-01
-2.271963e-01
3.827608e-02
1.063096e-01
-6.601787e-02
4.541283e-02
1.192088e-01
