-1.474870e-01
7.267411e-01
-1.824295e-01
4.721778e+01
1.756088e+02
-2.194413e+01
3.321487e-04
5.465616e+04
1.274478e+04
-8.232503e+04
2.529553e+05
9.673170e+04
-1.860448e+05
1.544511e+05
-4.537397e+04
6.274286e+04
7.354817e+02
-1.684723e+05
3.682516e+03
2.590112e+04
-1.431734e+04
-6.901249e+04
2.023628e+04
1.823375e+03
1.758872e+04
-1.577513e+04
2.701476e+03
2.466998e+04
-1.580890e+04
7.738137e+03
5.277240e+03
2.457722e+04
-4.898122e+03
-1.533644e+04
1.162122e+04
5.800596e+03
-6.348965e+03
1.537822e+03
-1.487033e+04
-2.255870e+03
-1.028083e+04
1.803967e+04
1.973660e+03
1.857666e+03
7.396768e+03
-7.957640e+03
1.822905e+03
-2.306420e+03
7.387969e+03
4.628649e+03
3.491020e+03
4.767723e+03
-4.443472e+03
6.031437e+03
4.514419e+03
1.813860e+03
1.997013e+03
3.559966e+03
2.263711e+03
-3.187135e+03
-3.645983e+03
1.353732e+03
3.799982e+03
-2.348726e+03
1.140735e+03
1.480249e+03
8.141310e+02
-4.223723e+03
-2.744691e+03
2.391617e+03
2.178713e+02
-5.306928e+02
-2.754773e+03
-1.534298e+03
-1.635840e+03
5.957026e+02
-2.110150e+03
4.018208e+02
-1.196141e+03
-8.827770e+02
-5.569352e+02
-6.321065e+02
2.064258e+03
-6.859882e+01
1.486011e+03
-8.148135e+02
-1.600597e+03
7.451683e+01
4.512955e+02
4.623800e+02
-2.415025e+02
3.080346e+01
7.252214e+02
9.209340e+02
-1.414016e+03
3.748990e+02
-7.773704e+00
-6.611887e+01
-8.140535e+02
-3.730264e+02
5.309533e+01
7.031992e+01
2.538358e+02
-1.271494e+02
-4.634565e+02
-3.391855e+02
4.998337e+02
3.960971e+02
1.468500e+02
7.212644e+02
-6.340744e+01
-3.192265e+02
-3.463576e+02
6.368251e+02
-4.204041e+02
-1.674660e+02
-7.331671e+01
-1.880203e+02
3.225444e+02
1.898069e+02
9.138536e+01
6.621871e+00
-2.818564e+02
9.016010e+01
2.463472e+02
-1.542777e+02
2.885691e+02
1.346650e+02
9.866337e+01
2.384532e+02
3.715105e+02
5.889890e+02
3.345318e+02
5.004566e+01
1.072787e+02
1.156646e+02
5.384108e+01
1.341371e+01
-7.914194e+01
-1.174705e+02
-5.567495e+01
5.973999e+01
2.563079e+01
-1.064726e+01
3.298862e+01
1.283129e+02
-4.544505e+01
-1.437786e+02
4.922905e+01
1.753590e+02
5.554535e+01
3.656695e+01
1.466861e+02
7.190610e+01
-8.623852e+01
3.705685e+01
2.100540e+02
7.467896e+01
1.010983e+02
-9.599965e+01
-3.237635e+01
5.480486e+01
9.656254e+01
-9.691299e+00
3.902004e+00
-4.724881e+01
-2.695804e+01
7.921136e+01
-4.934506e+01
4.479234e+01
6.854232e+01
-3.869760e+01
-4.700576e+01
2.057521e+01
-9.337752e+00
-6.788976e+01
2.893665e+01
1.152610e-01
-4.017369e+01
2.003532e+01
-3.147511e+01
5.562735e+01
2.991539e+01
1.130127e+01
3.931054e+01
-4.424656e+01
-2.217463e+01
-2.638450e+00
1.523791e+01
1.311225e+01
2.646507e+01
-1.916513e+01
-1.674128e+01
6.252169e+01
2.207265e+01
5.946064e+00
2.257122e+01
-3.306183e+01
-4.634900e+00
-8.100123e+00
9.944542e+00
-2.240346e+00
-1.152428e+01
3.580012e+01
2.434744e+01
5.135023e+00
6.853243e-01
-4.542449e-01
-6.734299e-01
-3.869554e-01
-6.256625e-02
-1.071988e-01
-1.301908e-01
-1.524516e-01
-7.486594e-02
-1.639952e-01
-1.776546e-01
-2.170972e-01
-1.466743e-01
2.252759e-02
-3.052138e-01
-1.310546e-01
1.716712e-02
-1.212888e-01
-6.864344e-02
-1.529683e-01
-2.153857e-02
2.760877e-02
9.402435e-02
5.549607e-03
-1.027543e-01
-5.522047e-02
2.872201e-02
-2.092338e-02
-3.241543e-02
