-7.412565e-02
1.412861e+00
-4.820118e-02
5.404445e+01
1.772402e+02
-1.214609e+01
3.483284e-04
-4.598514e+03
-1.047030e+03
-5.839175e+05
-1.498609e+05
-6.125313e+03
-1.016156e+04
3.966749e+04
-5.924484e+04
-1.206417e+05
-5.038132e+04
-3.628620e+04
1.571757e+05
3.802981e+04
-1.952188e+04
-3.063279e+04
-3.128991e+03
8.592041e+04
-7.052273e+03
5.850441e+04
5.856921e+03
3.600873e+04
-2.429018e+04
-3.710958e+03
3.653621e+04
3.281514e+04
-5.007259e+04
-1.565416e+04
-9.482129e+03
-1.518827e+04
-7.463892e+03
-2.248727e+04
1.329490e+04
4.633248e+03
-1.415168e+04
-8.780776e+03
-8.433915e+03
-8.675499e+03
2.857017e+04
-1.274542e+04
1.449126e+04
3.847979e+03
1.240303e+03
1.415771e+03
-5.234311e+03
-2.058763e+03
-3.093566e+02
5.724130e+03
1.269021e+04
9.192447e+03
2.216803e+03
7.003381e+03
5.874535e+03
7.498705e+03
-4.869729e+03
2.807557e+03
2.251460e+03
-9.549659e+02
1.182486e+03
4.054059e+03
9.453016e+02
-2.735424e+02
-2.691109e+03
9.527914e+02
1.151138e+03
-3.193452e+02
5.464327e+02
1.021183e+03
-2.654279e+03
-2.891842e+03
-1.605162e+03
3.939131e+02
-1.363464e+03
-7.452607e+02
-1.673775e+03
-3.432130e+02
-1.294717e+03
5.219634e+02
2.690896e+03
-4.056480e+02
-2.396461e+03
-4.016714e+02
2.069406e+02
-8.648982e+01
-3.145620e+02
1.197385e+03
1.245583e+03
8.361152e+02
-1.738647e+03
1.034407e+02
7.952806e+02
4.347977e+01
-5.748013e+02
-4.798778e+02
-1.178170e+03
-3.182993e+02
1.595905e+03
-5.221055e+02
-3.902900e+02
-5.811541e+02
-5.822808e+02
1.065238e+03
2.828296e+02
1.246558e+03
7.424498e+01
7.189528e+02
-9.412858e+02
1.892766e+02
5.744259e+01
8.028059e+01
4.587383e+02
-7.729718e+02
9.125590e+00
2.425023e+02
4.242114e+02
3.981595e+02
-6.076324e+01
-2.911333e+02
1.877963e+02
-3.553114e+02
2.031144e+02
-9.435522e+01
-8.161734e+00
4.716512e+02
8.066595e+01
6.300060e+02
-7.483584e+01
4.257456e+02
-1.420406e+02
-1.763852e+02
8.607144e+01
-6.563924e+01
3.178941e+01
-3.794311e+02
-1.981857e+02
1.098023e+02
9.450781e+01
1.889613e+02
6.453586e+01
1.326450e+02
-8.839876e+01
-1.394952e+02
-7.763537e+01
-1.165992e+00
2.551106e+02
5.433122e+01
1.723311e+02
-1.815402e+01
2.764770e+01
1.023377e+02
1.174038e+02
8.776742e+00
2.125800e+02
-1.385744e+02
2.168778e+01
5.370921e+01
-2.042137e+01
-1.453198e+01
-1.624749e+02
-3.746600e+01
-7.003029e+01
2.251559e+02
-7.507296e+01
-5.435892e+01
1.296990e+01
-7.579570e+01
2.249624e+01
-3.157219e+01
-5.977453e+01
-1.015290e+02
2.121418e+00
-3.556439e+01
-5.932372e+01
1.072264e+02
-1.104113e+02
1.413093e+01
6.712932e+01
1.782211e+01
7.850576e+01
-8.611861e+01
-1.057347e+00
3.999062e+01
-1.317260e+02
-4.085640e+01
7.974366e+01
4.741347e+00
-1.362952e+01
4.459158e+01
9.218615e+00
8.304509e+00
5.207619e+01
1.462171e+01
-1.048026e+01
-4.330108e+01
-2.781333e+01
-9.921243e+00
2.120098e+01
3.950259e+01
1.675611e+01
1.218001e+00
-2.523353e+00
1.554863e+00
-2.643132e-01
-2.537012e-01
5.224072e-01
-2.703182e-01
-2.111230e-01
-1.041398e+00
2.578543e-01
-2.337004e-01
7.435652e-02
9.630239e-02
-1.689895e-01
1.516630e-03
-1.598339e-01
-1.826933e-02
2.636643e-02
-4.522662e-02
-5.232581e-02
2.094749e-02
-1.093587e-01
1.389710e-01
8.400190e-02
-5.364602e-02
-9.121113e-03
-2.102073e-02
-4.387955e-02
1.142225e-02
7.487570e-02
