-7.274716e-02
-6.494092e-01
-7.428014e-02
4.551111e+01
1.831183e+02
-2.336730e+01
3.339514e-04
-1.990534e+05
2.373567e+05
-2.991719e+03
-3.770333e+05
-7.699221e+04
-1.106018e+05
-5.066213e+04
1.514415e+04
-2.156327e+05
-6.973492e+03
-9.741151e+04
1.395537e+05
-2.446222e+04
1.955227e+04
1.890074e+04
-3.245955e+03
5.211039e+03
-6.173384e+03
1.497929e+04
-9.446817e+03
-7.105535e+04
-2.722036e+04
-4.574842e+04
5.208974e+03
-6.273596e+03
-1.675802e+04
-2.627636e+03
-8.560841e+03
-2.643072e+02
9.275892e+03
-6.590960e+03
-1.665128e+02
-2.037091e+03
-3.785498e+03
-2.012729e+04
1.228999e+04
-1.019915e+04
-1.898855e+03
-3.846141e+03
1.575543e+04
-4.671027e+03
-4.731393e+03
4.439266e+02
3.777312e+03
-1.131494e+04
-3.349911e+03
5.321006e+03
-3.221710e+03
-7.592505e+02
5.048544e+03
4.114372e+03
1.831011e+03
-2.443727e+03
-5.453521e+03
2.027388e+03
1.892880e+03
8.976810e+02
1.868312e+03
2.141570e+03
1.597581e+03
6.113476e+03
-6.956148e+02
4.390758e+02
2.921792e+02
3.104322e+03
1.676037e+03
-8.142173e+02
2.912829e+02
-1.133593e+03
-1.622195e+03
8.600919e+02
-4.408261e+03
-1.069521e+03
9.672686e+02
-2.319973e+03
-8.683057e+02
-3.313399e+02
1.819683e+03
4.420477e+02
-4.675459e+01
-1.096459e+03
-6.278123e+02
2.457126e+03
1.835519e+02
5.021313e+02
-4.953788e+01
1.205306e+03
-1.507683e+03
3.494218e+02
2.339825e+03
-5.007076e+02
-3.987523e+02
-1.173859e+03
-4.528967e+02
-5.391419e+02
8.295212e+02
-2.512035e+02
5.146053e+01
-8.064559e+02
6.630663e+02
1.495161e+03
5.969068e+02
4.174096e+02
7.724197e+02
-5.649102e+02
-1.340196e+02
2.398591e+02
1.577859e+02
1.156543e+02
-4.478913e+02
-1.053969e+02
-8.734344e+02
6.715170e+02
-2.181069e+02
5.613392e+02
-1.359949e+02
-1.389064e+02
3.467701e+02
2.084579e+02
-9.355366e+01
-3.754746e+01
-3.790505e+02
-1.366200e+02
1.964040e+02
1.794699e+02
6.638823e+01
2.532657e+02
-2.925776e+02
-2.073049e+02
1.977198e+02
-1.654021e+02
9.174860e+01
-1.631898e+02
-2.886421e+02
-1.176512e+02
6.830041e+01
1.155833e+02
-6.604097e+00
7.799218e+01
-4.766211e+01
-1.992200e+02
-1.568567e+02
1.579173e+02
2.513961e+02
2.054786e+02
-1.369843e+02
-9.086326e+01
1.443243e+02
3.671458e+01
-1.330106e+02
1.967118e+01
1.872221e+02
5.917037e+01
-8.849345e+01
8.879200e+00
-5.936769e+01
-1.910688e+01
-1.522579e+02
-3.374197e+00
-4.956855e+01
1.176790e+02
-1.395833e+02
-5.697052e+01
6.043142e+01
1.323716e+02
5.981231e+01
1.141090e+02
-2.336885e+01
-3.574188e+01
1.076168e+02
5.461301e+01
-3.458392e+01
4.321688e+01
8.070033e+01
-1.251255e+01
-9.582740e+00
-1.939258e+00
6.867606e+01
-2.991632e+01
2.727321e+01
1.274566e+02
-9.472920e+01
-2.337422e+01
1.235101e+01
2.802187e+01
3.213022e+01
-1.583708e+01
-7.569776e+00
1.026599e+01
4.803950e+00
3.783724e+01
-3.593855e+01
7.699203e+00
5.206150e+01
-1.834179e+01
4.855970e+01
-2.543817e+01
2.906897e+00
8.146583e+00
-1.699761e+00
-9.235550e-02
-1.015212e+00
-3.616114e-01
-2.761523e-01
-1.597963e-02
-2.018335e-01
-4.690756e-01
-3.502501e-01
-2.664091e-02
9.211513e-01
4.151303e-01
2.242973e-01
-1.725746e-01
7.118713e-02
-9.544282e-02
-2.081215e-04
-7.776146e-02
-1.235628e-01
2.379574e-01
-2.625066e-01
1.390051e-01
5.016994e-02
-1.749474e-01
1.804553e-01
6.417651e-02
-4.267570e-02
5.568482e-02
1.477940e-02
