-9.543914e-03
-1.071135e+00
1.070463e-01
5.034667e+01
1.730662e+02
-1.845210e+01
3.338046e-04
-1.402848e+05
-3.959380e+04
9.185571e+04
-1.945239e+05
1.067168e+04
-1.264652e+05
6.976712e+03
-3.449944e+04
-1.755929e+05
3.617870e+03
3.199027e+04
5.687612e+04
9.639372e+03
5.166499e+04
-4.496899e+04
-5.626693e+04
-5.355898e+03
-2.797360e+04
2.122911e+04
-2.870986e+03
-2.412188e+04
-4.072171e+04
-6.378236e+04
-1.977853e+04
-2.182031e+04
-2.686369e+04
4.389509e+03
-2.360604e+04
-1.017226e+04
-1.272196e+04
-1.478492e+04
1.261267e+04
-2.851628e+04
1.898407e+03
-9.589387e+03
8.783807e+03
-5.641719e+02
4.704276e+03
-5.709287e+03
1.318381e+04
8.968218e+03
-4.038815e+03
1.789991e+03
1.812976e+03
-4.794629e+03
-4.187756e+03
-4.629506e+02
4.669437e+03
-1.571114e+03
2.810890e+03
5.422020e+03
3.255037e+03
-7.051812e+03
-4.845318e+03
4.862865e+03
-1.665862e+03
-2.658387e+02
-2.664062e+03
3.521824e+03
2.618497e+03
2.895326e+03
-7.822115e+02
-3.947652e+02
2.349427e+03
2.626255e+03
2.970678e+02
1.045224e+03
-1.459532e+03
-2.217422e+01
-6.374920e+01
2.908264e+02
-2.954164e+03
3.464761e+02
1.754083e+03
5.949029e+02
-1.478493e+02
1.979670e+03
1.522835e+03
3.814526e+02
3.405363e+02
-9.286669e+02
-9.397543e+02
9.271911e+02
4.587772e+02
-2.365933e+02
3.654772e+02
4.996687e+02
-1.243817e+03
1.979815e+02
7.701194e+02
-7.828997e+02
1.387273e+02
-2.899422e+02
1.191625e+02
-7.574390e+02
1.162401e+03
-4.368306e+02
2.795782e+01
-1.153780e+03
2.821438e+02
3.827874e+02
7.126392e+02
4.936581e+02
1.277539e+02
2.630962e+02
3.068022e+00
9.807972e+01
-5.389011e+02
3.729676e+02
-8.157018e+02
7.235672e+01
-3.355351e+02
4.381983e+02
6.760870e+01
5.158716e+02
-9.090860e+01
2.449933e+02
2.341935e+02
1.717223e+02
7.620024e+01
-5.596005e+01
-4.290507e+02
-2.672422e+02
2.882178e+02
4.708416e+02
-1.585381e+02
5.123328e+01
-5.663436e+01
-6.960279e+01
-5.894222e+01
2.243140e+01
2.162396e+02
-2.994824e+02
-3.646774e+00
2.773390e+01
7.229585e+01
4.024644e+01
1.186007e+02
8.228046e+01
-1.146610e+01
-1.986151e+02
-1.593322e+02
1.705882e+02
1.059052e+02
2.272832e+02
-9.334502e+01
-5.528010e+01
-1.200425e+01
5.521785e+01
-1.021723e+02
8.583501e+01
1.392177e+02
-1.183444e+02
-1.903967e+00
7.195292e+01
-1.052196e+00
-1.197997e+02
-1.460827e+02
2.975021e+01
-2.917035e+01
1.200192e+02
-6.788506e+01
-3.175721e+01
7.408896e+01
5.081693e+01
5.506478e+01
6.007313e+01
-4.672614e+01
-6.568595e+00
6.763000e+01
9.184644e+01
-7.432181e+01
7.332167e-02
3.404209e+01
1.323456e+02
-1.844551e+01
-1.236558e+01
5.618655e+01
2.567433e+01
1.973759e+00
4.978111e+01
-9.553988e+01
-2.352255e+01
6.517560e+00
5.617916e+01
-4.310671e+00
2.617911e+01
5.479854e-01
-1.993427e+01
-3.058411e+01
7.727160e+00
-2.634348e+01
-2.225525e+00
3.770335e+01
-5.073098e+01
7.104695e+00
-4.731138e+01
3.773210e+01
3.936610e+00
-1.196152e+00
1.189881e+00
2.225144e-01
-4.782772e-01
-1.935293e-01
1.018499e-02
-3.202274e-01
-3.163880e-01
2.015400e-02
-1.592429e-01
6.874031e-01
-6.884324e-02
1.060203e-01
-2.024844e-02
1.252547e-01
1.876497e-02
7.934735e-03
-5.327708e-02
-4.465074e-02
1.439566e-01
-5.799151e-03
1.139408e-01
4.835034e-02
-5.318355e-03
2.026586e-01
1.006666e-01
-1.562496e-01
2.989832e-02
2.443204e-02
