-1.657821e-01
1.258363e+00
-6.142090e-02
5.262222e+01
1.785804e+02
-1.276510e+01
3.406151e-04
-9.739737e+04
-2.716010e+04
1.377726e+05
-2.477787e+05
-1.039503e+05
-2.378241e+04
-6.675541e+04
1.033825e+05
-6.645699e+04
4.188918e+04
2.739175e+04
2.460461e+05
1.093322e+04
-1.292159e+04
-6.985759e+04
-1.519250e+04
6.557386e+04
-4.786043e+04
-6.085309e+04
4.798961e+04
1.059752e+03
-9.853599e+03
3.121058e+03
-4.458695e+04
-2.052525e+04
-3.486952e+04
-7.332537e+03
-2.368403e+04
1.015954e+04
-6.308984e+02
1.172945e+03
-7.692384e+03
-2.746104e+02
-1.485226e+04
-1.645729e+04
4.224560e+03
-1.017397e+04
7.851655e+03
-1.827255e+04
1.418863e+04
5.253521e+03
-9.153877e+03
2.414332e+03
1.509019e+02
-2.506101e+03
-6.459831e+03
2.748140e+03
2.415789e+03
2.494770e+03
-3.459566e+03
7.991108e+03
5.408284e+03
-1.110309e+03
-8.983111e+03
3.022270e+03
-1.599069e+03
-1.132265e+03
-9.150642e+01
5.500429e+03
4.613463e+02
6.268670e+03
-3.762839e+03
-7.064437e+02
2.421084e+03
4.914614e+03
2.561534e+03
-1.453059e+03
-3.773812e+03
-1.071880e+03
-2.184993e+02
-1.248148e+03
-2.577021e+03
-2.976033e+02
-1.707319e+03
-2.097160e+03
-2.531549e+03
1.392957e+02
8.290593e+02
-2.455317e+02
1.431269e+03
-7.333409e+02
-1.024680e+01
1.478941e+03
1.048778e+03
-1.533206e+03
2.528473e+03
1.714108e+03
-7.628191e+01
5.330331e+02
1.815368e+03
-1.281512e+03
-3.838675e+02
6.594080e+02
-5.761648e+02
-1.333982e+03
2.079213e+03
-4.362480e+02
2.570703e+02
-1.776369e+03
1.044882e+03
-2.742156e+02
1.765656e+03
7.533349e+02
9.015259e+02
1.013115e+03
-4.361824e+02
-3.179982e+02
-9.573130e+02
7.171097e+02
-1.442278e+02
-2.731622e+02
-1.780985e+02
3.481689e+02
2.458015e+02
1.383264e+02
4.009667e+01
8.419050e+01
6.687359e+02
-3.179782e+02
4.298774e+02
-8.979426e+01
-3.226025e+02
9.098444e+01
4.771082e+01
1.701306e+02
6.169283e+01
2.748525e+02
1.657617e+02
-4.032083e+02
2.424742e+02
3.262470e+01
1.299206e+01
-3.099390e+02
-1.153386e+02
2.885319e+02
-1.211698e+01
1.732987e+02
3.656553e+01
1.420804e+02
-1.896093e+01
-4.560730e+02
-6.899368e+01
1.382357e+02
1.752327e+02
-3.654239e+01
2.781871e+01
7.812974e+01
-1.948379e+01
1.631634e+02
-9.345904e+01
2.068897e+02
1.161927e+01
-1.166798e+02
7.169869e+01
2.885340e+01
-8.801895e+01
-3.049521e+01
-1.803459e+02
6.640585e+00
-5.062300e+01
1.906163e+02
-2.659886e+02
-7.553928e+01
-7.575631e+01
1.849705e+02
1.468598e+02
1.579381e+01
-1.404378e+02
-8.373858e+01
4.638421e+01
2.777677e+01
-1.578489e+02
-7.087892e+01
1.604897e+01
1.210348e+01
-3.180687e+01
-8.121643e-01
9.841991e+01
-1.839620e+01
9.563006e+01
6.539809e+01
-1.118532e+02
-3.648016e+01
6.059949e+01
2.272790e+01
-6.149496e+01
1.588232e+01
1.280472e+01
2.953288e+01
-4.183174e+01
-5.342752e+00
-8.122328e+00
4.726123e-01
2.274907e+01
-3.112748e+01
-1.376776e+01
-2.738848e+00
1.990559e+01
1.453111e+01
-1.308542e+00
-7.570656e-01
-1.297665e+00
5.499816e-02
1.437794e-01
-2.501965e-01
-3.177485e-01
-1.016690e-01
3.466018e-01
5.193253e-01
1.942511e-01
-1.376480e-01
-2.160541e-01
-9.351281e-02
2.872244e-01
1.730652e-01
-1.498764e-01
-1.107000e-01
-1.164763e-01
-1.196447e-01
-4.246749e-02
1.732369e-01
-6.702947e-02
-1.718736e-01
-2.956243e-03
1.291744e-02
-1.210456e-01
-6.933779e-02
1.289726e-01
