3.556041e-02
-1.468663e-01
2.497865e-02
4.067556e+01
1.695799e+02
-2.636584e+01
3.472509e-04
-1.630174e+05
-3.380614e+05
7.897639e+04
1.118105e+05
1.406108e+05
-2.216749e+03
-7.238035e+04
-4.128168e+04
-1.649577e+05
-4.932729e+04
-2.537038e+04
-2.180946e+03
6.353775e+03
-1.910258e+04
-1.548220e+04
5.842659e+03
-6.518685e+03
3.003209e+04
9.625749e+03
-2.354304e+04
-8.104549e+03
-3.814135e+03
1.069868e+04
-5.117964e+04
3.729494e+04
-7.086331e+03
-1.889662e+04
2.870944e+04
2.832900e+04
7.198163e+03
4.184455e+03
3.916445e+03
1.327712e+04
2.229223e+04
-1.047891e+04
-1.562114e+04
4.305834e+03
7.546296e+03
6.631972e+03
1.111640e+02
1.516034e+03
3.679698e+03
1.754925e+03
1.705444e+04
-5.065574e+03
5.144623e+03
-4.494899e+03
-6.216155e+03
3.224889e+03
6.636860e+03
3.554579e+03
-1.691954e+03
-9.144099e+03
-7.495710e+02
9.003182e+02
7.525352e+02
-4.455550e+03
3.283983e+03
1.499426e+03
3.791396e+03
6.130139e+03
-5.831838e+03
4.394268e+03
2.442636e+03
1.128232e+02
-1.175929e+03
-9.225193e+02
1.643832e+03
1.176596e+03
2.152538e+03
1.512468e+01
-3.390248e+03
6.195726e+00
1.239355e+03
-4.244135e+02
-4.862942e+02
1.622472e+03
3.060485e+03
2.897209e+03
-6.087150e+02
-2.195171e+02
-8.840416e+02
-5.488058e+02
1.722815e+02
7.882277e+02
7.896348e+02
1.882346e+03
-1.589353e+03
6.896859e+02
1.019553e+03
1.041387e+03
1.675823e+02
-7.195234e+02
-3.835473e+02
-3.015053e+02
-2.810786e+00
-7.445129e+02
6.577506e+02
-8.618250e+00
1.099009e+03
9.842842e+02
1.371410e+02
1.067534e+03
-3.264955e+02
9.395540e+02
-4.649590e+00
1.039222e+03
5.235710e+00
-2.705294e+02
-1.772937e+02
-1.171740e+02
-4.009129e+02
3.714838e+02
1.358065e+02
-3.511206e+01
-2.731418e+02
4.363565e+02
3.442518e+02
-2.563417e+02
-2.932794e+02
-7.297354e+01
1.033103e+01
-5.512646e+02
1.049507e+02
2.277530e+02
-1.642624e+02
1.955059e+02
-4.199907e+02
9.466331e+01
3.875474e+02
-2.265381e+02
4.541476e+01
2.014227e+02
-8.334785e+01
-2.058333e+02
-8.700977e+00
5.317817e+01
-1.284172e+02
1.750026e+02
2.866312e+02
-9.533244e+01
7.177380e+01
2.515647e+02
1.524029e+02
1.434052e+02
1.669304e+02
5.539594e+01
-1.122087e+02
1.274656e+02
2.054836e+01
4.605593e+01
-1.257919e+02
-1.591280e+02
9.932335e+00
-9.206425e+01
2.390864e+02
3.470924e+01
4.992014e+01
-8.679016e+01
3.114913e+01
-8.046448e+00
2.840265e+01
1.315426e+02
1.340281e+02
4.187656e+01
-1.674003e+01
-8.804040e+00
1.805915e+01
2.101914e+01
2.937428e+00
4.106147e+01
1.140300e+01
4.620070e+01
5.314005e+01
7.308440e+01
-3.737316e+01
4.421655e+01
3.502435e+01
3.645718e+01
8.316615e+01
5.895089e+01
-2.896927e+01
6.794097e+01
7.883646e+00
5.376743e+01
5.144088e+00
6.309709e+01
-6.820502e+00
1.461979e+01
-4.150607e+01
-2.571853e+01
-2.571210e+01
1.286566e+01
-1.211185e+01
-4.267096e+01
-1.572781e+00
-3.668937e+01
5.168062e+01
3.407062e+00
-1.950528e+00
2.893412e+00
-2.987956e-01
9.575171e-01
-1.708362e-01
-2.246946e-01
-7.519140e-01
-8.136817e-01
-9.733038e-02
-5.553350e-01
-5.731966e-02
-2.396202e-01
1.708657e-01
1.228752e-01
1.791989e-02
-1.111646e-01
4.995466e-02
-9.221211e-02
-9.646268e-02
-8.946094e-06
2.863893e-02
4.621623e-02
8.932020e-02
-4.577375e-02
7.930949e-02
6.683031e-02
-3.155253e-02
-1.199851e-01
-9.188329e-02
