-1.888303e-02
-9.515473e-01
1.645160e-01
5.034667e+01
1.693617e+02
-1.973120e+01
3.469825e-04
1.671604e+04
2.094435e+05
-4.755547e+04
1.310105e+05
4.237879e+04
-1.796041e+05
1.110971e+05
-1.694216e+03
1.362547e+05
3.814130e+04
-6.861233e+03
-1.940299e+04
-1.392194e+04
6.855752e+04
-1.069331e+05
1.118561e+05
-2.364204e+04
5.607697e+04
-1.819323e+04
-5.396515e+03
-4.581245e+04
-5.540328e+04
-1.877538e+04
1.432877e+03
3.835164e+04
1.620638e+04
3.547105e+04
-2.489623e+03
1.086930e+04
9.627458e+03
4.774228e+03
-1.434521e+04
-2.631034e+04
-1.240775e+04
8.750759e+02
1.408979e+03
-7.933384e+03
-2.646460e+03
-1.052849e+04
1.345315e+04
-8.610084e+02
3.784159e+03
-5.146525e+03
-4.872858e+03
4.082980e+03
-4.149296e+03
1.853790e+04
-2.716425e+03
2.800346e+03
5.270781e+03
5.302801e+03
-3.763867e+03
-4.603964e+03
-7.030591e+03
4.315535e+03
5.379052e+03
-5.463108e+03
5.172118e+03
-2.681591e+03
1.316174e+03
-4.040605e+03
4.804188e+03
5.105337e+03
4.520683e+03
1.443888e+03
-1.266772e+03
-2.873652e+03
-2.183115e+03
-1.879462e+03
5.671089e+02
1.927576e+03
-3.620612e+03
-1.371407e+03
3.177304e+03
-1.936064e+03
3.691603e+02
-1.390878e+03
2.557719e+03
1.597753e+03
2.719141e+01
1.489048e+03
-1.132883e+03
2.446551e+03
-7.537563e+01
-1.363449e+03
-8.051366e+02
-1.244652e+02
-6.481979e+02
1.817371e+03
1.005508e+03
2.498815e+01
-1.718594e+03
-1.329049e+03
-1.821220e+02
5.102807e+02
1.408033e+03
4.803904e+02
-3.831952e+02
-9.430425e+02
3.716859e+02
1.296546e+03
-5.617991e+02
-1.207390e+02
6.354568e+02
-1.403667e+03
-5.026058e+02
6.107741e+02
-6.151323e+01
-3.575997e+02
-3.611136e+02
-1.301076e+02
-8.347984e+02
7.904087e+02
-3.408239e+02
-2.954915e+02
2.876165e+02
2.567885e+02
1.660163e+02
1.647022e+01
-2.070599e+02
-7.750747e+01
1.764502e+02
3.612290e+02
2.013319e+02
5.490059e+02
4.093263e+02
3.775699e+02
2.170730e+02
2.204020e+02
2.091825e+02
1.299398e+02
-2.277570e+02
-3.814609e+02
7.833741e+01
-3.244952e+02
-1.763148e+02
2.439614e+02
2.092186e+02
2.355767e+02
-5.261229e+02
1.003718e+02
9.303658e+01
-2.156876e+02
-5.703388e+00
4.750145e+01
-1.414912e+02
-1.802209e+02
1.678308e+02
9.591685e+01
9.939709e+01
6.733222e+01
9.870084e+01
2.264193e+02
6.051663e+01
3.185183e+01
-8.408101e+01
2.252092e+02
-1.044385e+02
2.292781e+01
-1.916558e+02
1.486967e+02
-1.648507e+01
-1.904229e+02
1.119661e+01
1.202318e+02
-5.415850e+01
5.993102e+01
4.925055e+01
-8.593538e+01
7.894068e+01
5.996868e+01
-9.218182e+01
-2.558023e+01
-1.314315e+02
-3.897532e+01
-6.490355e+00
6.680105e+01
3.934663e+01
-9.776109e+01
-9.709988e+01
3.818864e+01
-7.848895e+01
-8.497221e+01
4.269153e+01
-5.499330e+00
5.955454e+01
1.030810e+01
7.367332e+01
-2.258358e+01
1.174771e+02
8.594736e+01
1.629938e+01
-7.379534e+00
3.547707e+01
4.082273e+01
4.635849e+01
5.995593e+01
-9.598580e+00
-8.242506e+00
1.927056e+00
1.042702e+00
8.264832e-01
8.834559e-01
-4.034000e-02
2.473826e-01
-1.006704e+00
-4.742485e-01
-1.340207e-01
-1.013411e-01
-1.970519e-01
1.003593e+00
2.746345e-01
-5.231548e-02
-1.013072e-01
-1.253602e-01
5.985820e-03
-2.103264e-01
-1.594301e-01
9.814865e-02
-3.943788e-01
2.829648e-02
5.505246e-02
-2.256959e-02
-9.839288e-02
-1.078815e-02
-8.239450e-02
3.973203e-02
-4.959763e-03
