-3.987128e-02
-3.721820e-01
2.226465e-02
4.465778e+01
1.806331e+02
-2.478703e+01
3.257314e-04
-1.910538e+05
2.716430e+05
1.169990e+05
-4.210946e+05
7.830185e+03
-5.353007e+04
6.202862e+04
3.999415e+03
-1.808600e+05
-1.497254e+04
-1.178855e+05
8.464261e+04
1.258138e+04
3.325512e+04
2.773064e+04
-2.515502e+04
5.785864e+04
-1.036078e+04
2.227190e+04
-1.825952e+04
-7.634199e+03
-2.112484e+04
-4.357693e+04
-8.292505e+03
-1.617394e+04
-1.148000e+04
3.360501e+03
-3.174395e+04
-2.737005e+04
-1.529244e+04
-7.787498e+03
1.800998e+04
3.834330e+02
1.322481e+03
-1.309588e+04
8.683405e+03
-1.316152e+04
-2.417492e+02
-2.568749e+03
2.614742e+04
5.343532e+03
-1.190632e+04
-2.634704e+03
4.357050e+03
-9.345784e+02
3.757944e+03
-4.358048e+02
-2.273545e+03
-3.037872e+03
3.422495e+03
5.336048e+03
3.629477e+03
-2.750225e+03
-4.228247e+03
2.088938e+03
-2.965979e+02
2.514678e+03
-5.745109e+02
1.480812e+03
9.680928e+02
5.759750e+03
9.492537e+02
3.126332e+03
-6.833447e+02
2.538116e+03
4.725958e+03
6.950085e+02
-1.127457e+03
-2.806574e+03
-4.239297e+02
-1.001687e+03
-4.526213e+03
-3.263679e+01
1.022375e+01
-1.328147e+03
1.905790e+02
1.131552e+03
9.712779e+02
1.091707e+03
-1.641906e+03
7.765499e+02
-6.448609e+02
2.170240e+03
2.409043e+02
9.117852e+02
4.667321e+02
4.545304e+02
-2.992949e+01
1.310073e+02
2.147253e+03
-4.794588e+02
-2.917238e+02
-1.028865e+02
-3.313393e+02
-3.638713e+01
2.238127e+02
-4.755121e+02
-2.159776e+02
-7.981550e+02
1.280363e+02
1.568324e+03
1.372908e+03
1.192836e+03
1.308192e+03
-6.609348e+02
-1.959937e+02
-4.066182e+02
4.284344e+02
2.838006e+02
-4.258725e+01
-4.719349e+02
-8.814111e+02
7.199864e+02
3.846697e+02
1.074709e+03
3.029114e+00
-6.086549e+01
7.312212e+01
-1.641113e+02
4.517755e+01
4.776926e+01
-2.501954e+02
-6.549987e+01
-3.596874e+00
2.345484e+02
-4.907926e+02
-6.797967e+01
-8.262640e+01
-3.615550e+02
-8.093456e+01
-1.953575e+02
1.887330e+01
-2.308879e+02
-2.144177e+02
2.624244e+01
4.007900e+01
3.707178e+02
-6.259428e+01
1.954570e+01
-1.460028e+02
-1.017990e+02
-1.882851e+02
1.879289e+02
1.753505e+02
2.944177e+02
-4.286763e+02
-1.925948e+02
6.651203e+01
-2.902056e+01
-1.045386e+02
4.142213e+01
1.491615e+02
-5.995713e+01
5.285959e+01
6.333498e+00
-1.231182e+02
-1.496785e+02
-2.825009e+02
-2.869428e+01
-3.120619e+01
1.947408e+02
-2.357494e+02
-1.206250e+02
5.729830e+01
7.451586e+01
9.925021e+01
1.466645e+02
-1.941867e+01
-9.642109e+01
1.152496e+02
2.602136e+01
-8.594092e+01
4.528082e+01
6.601205e+01
2.882801e+01
-2.711946e+01
-4.867898e+01
3.252416e+01
-2.374631e+01
-2.530361e-01
7.729424e+01
-1.144299e+02
-4.602978e+01
6.113351e+01
3.539163e+01
-2.428873e+00
-4.254923e+01
7.501289e+00
-1.703481e+01
6.431959e+00
5.040460e+01
-3.197572e+01
-9.025340e+00
1.790424e+01
-3.328028e+01
3.487931e+01
-6.965912e+00
-3.316019e+00
1.454322e+01
-1.494560e+00
-1.243343e+00
3.875909e-01
-4.171456e-01
6.238958e-02
-2.933310e-02
2.999850e-04
-3.005976e-03
1.053598e-01
9.805404e-02
1.023698e+00
3.540351e-01
2.792827e-01
-1.606093e-01
2.685101e-01
5.896083e-02
-3.415805e-02
-7.050068e-02
-5.217481e-02
2.937634e-01
-1.509795e-01
1.329295e-01
-6.585014e-02
-1.702819e-01
2.758444e-01
5.873231e-02
-1.798760e-02
1.582730e-01
-3.758487e-02
