-1.502379e-01
6.450089e-01
-2.321394e-01
4.465778e+01
1.794148e+02
-2.341303e+01
3.404696e-04
-1.446944e+05
2.465176e+05
2.153905e+05
-1.253248e+05
-2.428305e+04
1.558196e+05
-1.260089e+05
1.078644e+05
-1.468894e+05
7.024995e+04
4.932209e+03
8.257666e+04
-2.247817e+03
2.086295e+03
-4.960220e+03
2.912525e+04
5.942755e+04
1.566283e+04
-3.811893e+04
-1.065066e+04
-1.496441e+04
-7.124862e+03
2.185512e+03
-2.658584e+04
7.630654e+03
3.952112e+03
-1.237081e+04
6.208596e+03
3.794026e+03
8.732988e+03
4.276767e+02
-2.354779e+03
-4.995204e+03
3.888487e+03
-8.599281e+02
1.107331e+03
-1.593278e+04
8.987792e+03
-1.138779e+04
1.324561e+04
6.277109e+03
-6.781833e+03
-1.560002e+03
1.208905e+04
5.141380e+03
2.613927e+03
8.942570e+03
-2.612249e+03
1.686549e+03
5.036590e+03
6.177564e+03
-9.616602e+02
-1.962377e+03
-6.590636e+03
-1.064935e+03
3.093245e+03
-4.617163e+03
-2.759667e+02
9.413683e+02
-2.957796e+01
2.918835e+03
-1.077790e+03
2.343208e+03
1.402274e+03
3.553000e+03
2.368463e+03
-1.643918e+02
-5.056360e+02
-1.802881e+03
1.320772e+03
-8.015758e+02
-5.557094e+03
-1.115506e+03
-1.862570e+03
-7.371944e+02
-1.499769e+03
1.497886e+03
-2.109473e+02
1.613579e+03
-2.172438e+03
2.368149e+03
-2.393312e+02
2.593455e+02
6.736790e+02
-1.014425e+03
2.142055e+03
1.122219e+03
3.010341e+01
5.076563e+02
2.981831e+03
2.518979e+02
-1.319369e+03
3.457109e+02
-1.594695e+03
-9.770902e+02
3.337614e+02
7.901743e+01
5.679001e+02
-1.382319e+03
5.776362e+02
9.711921e+02
1.306690e+03
1.092859e+03
1.381075e+03
4.153233e+02
-1.469649e+02
3.471593e+00
-6.105225e+01
-1.999953e+02
1.388952e+02
-2.734082e+02
-6.938383e+02
6.401788e+02
1.916292e+02
3.155665e+02
-9.222766e+01
4.450068e+02
-2.972179e+01
-4.572311e+02
1.481256e+02
2.664463e+02
3.983488e+02
-7.689349e+01
-6.389629e+01
2.603578e+02
-1.023848e+02
2.428285e+02
9.820000e+01
-9.420928e+01
1.609856e+02
9.745555e+01
-1.657213e+02
-1.743587e+02
2.760294e+01
-9.215949e+01
-1.434375e+02
4.204859e+02
-2.117205e+01
2.507908e+01
-1.354467e+02
-5.801492e+01
3.883714e+01
3.060961e+01
2.845898e+02
3.332230e+01
-2.303118e+02
-1.557366e+01
9.170665e+01
8.791985e+01
5.021949e+01
1.711846e+02
-1.326425e+02
3.807603e+01
2.905508e+02
-5.397373e+01
-1.035553e+02
1.188564e+02
-2.136805e+02
-9.141187e+01
-9.893410e+01
1.980265e+02
-2.901284e+02
-1.447739e+02
-8.926336e+00
1.152423e+02
9.039766e+01
5.835217e+01
-4.987321e+01
-1.615546e+02
3.350478e+01
-5.153892e+01
-1.184063e+02
1.192301e+01
4.153025e+00
-4.999675e+01
2.655244e+00
2.771210e+01
-4.573051e+00
-6.415368e+01
9.544757e+00
5.465717e+01
-1.047950e+02
-5.950288e+01
3.680636e+01
7.949107e+00
-1.373970e+01
3.095432e+01
4.869563e+01
-2.141649e+01
5.977037e+00
2.684524e+01
-5.980261e+00
-2.941979e+01
1.404674e+01
-2.128506e+01
-3.997680e+00
5.828109e+00
-1.272941e+01
1.755075e+01
1.360849e-01
-2.023500e+00
-2.495392e-01
-3.414493e-01
9.737809e-02
2.614622e-02
-5.314344e-01
-1.495862e-02
-1.107661e-01
1.172531e-01
2.113295e-01
5.965728e-02
-4.036977e-01
-8.005219e-02
5.619289e-02
2.499983e-01
-1.133938e-01
-8.928030e-02
-9.815648e-02
-1.620406e-01
-3.352081e-02
-3.611466e-02
-9.241688e-02
-1.089576e-01
-1.436518e-01
-2.845967e-02
-1.682499e-02
5.094633e-02
5.702540e-02
