-3.976846e-01
1.185345e+00
1.175031e-01
5.489778e+01
1.939265e+02
-1.321327e+01
3.428655e-04
-3.589724e+04
-5.035806e+05
6.275270e+04
3.594620e+05
2.716996e+05
1.200747e+05
-7.939151e+04
8.284908e+03
-3.959136e+04
6.724999e+04
7.592491e+04
4.222891e+04
-9.461962e+04
-4.682204e+04
2.365292e+04
-2.573178e+04
-1.449667e+04
-2.290308e+04
-4.730470e+03
-1.331239e+04
5.147061e+04
1.538079e+04
2.235535e+04
-1.266996e+04
9.445357e+03
-2.419239e+04
-2.499104e+04
5.656254e+03
1.207438e+04
1.355571e+04
3.375685e+03
2.501300e+04
2.680229e+03
1.337530e+04
1.120006e+04
-2.206466e+04
-1.217555e+04
1.439497e+04
1.691458e+04
-1.788163e+04
1.416621e+04
-6.881770e+03
-9.801275e+03
1.280868e+04
-1.266831e+03
1.161154e+04
-8.257083e+02
1.751876e+03
7.308923e+03
7.584684e+03
8.331970e+03
-9.443056e+03
-9.637818e+02
-1.667140e+03
4.287233e+03
-1.865258e+03
2.227248e+03
-5.128616e+03
4.276967e+03
2.327173e+03
1.038203e+03
-7.636308e+03
5.146158e+03
2.843934e+03
1.357876e+03
-2.171143e+03
2.239029e+03
-1.216563e+03
3.884358e+02
2.107386e+03
3.256778e+03
-3.177511e+03
-1.604307e+03
-2.258438e+03
1.421622e+03
-5.469182e+02
8.077291e+02
1.946269e+03
2.906409e+03
-4.583455e+02
-1.526744e+03
1.918003e+03
-2.773653e+03
7.873390e+02
7.434080e+02
1.051855e+03
1.976071e+03
-8.711073e+02
1.831498e+03
2.166970e+02
1.011401e+03
4.614879e+02
3.692738e+02
-7.325565e+02
-6.426980e+01
-5.280622e+01
-8.790122e+02
6.832565e+01
1.360369e+02
1.512182e+03
-5.009317e+02
4.388620e+01
3.834176e+02
-1.011262e+03
1.196266e+03
-2.561358e+02
1.149005e+03
2.128824e+02
8.235603e+01
-3.535271e+02
-3.027202e+00
-3.955937e+02
3.047198e+02
-3.690747e+01
-2.818966e+02
-3.344519e+02
3.734500e+02
4.860316e+02
-2.301333e+02
-2.476570e+02
4.635756e+02
6.956742e+01
-4.065656e+02
2.011791e+02
2.980307e+02
2.609474e+02
1.974706e+02
-1.851930e+02
1.319820e+02
2.208354e+02
1.297921e+01
-1.606659e+02
-1.829182e+02
-9.009830e+01
1.206353e+02
8.930987e+01
-8.754309e+01
-1.375062e+02
-1.448765e+01
2.904936e+02
2.210798e+02
1.761200e+02
3.324891e+02
2.125202e+01
-1.159014e+02
1.102343e+02
2.069827e+02
-1.659691e+01
-1.998669e+01
-3.541397e+01
4.758778e+01
-1.827963e+02
-2.662306e+02
-3.803100e+01
-1.282102e+02
2.179186e+02
2.093034e+01
1.321088e+02
-1.941854e+01
-4.731674e+01
3.138261e+01
-7.167552e+00
1.929158e+02
1.131251e+02
-4.140395e+01
-5.718514e+01
-8.882346e+01
9.145047e+01
-7.531628e+01
-1.006513e+02
-6.108064e+01
-9.096225e+01
3.885155e+01
-1.379266e+01
2.221954e+02
-2.626555e+01
-9.755813e+00
3.201680e+01
-2.493021e+01
1.159868e+02
2.671935e+01
4.447548e+01
-1.076794e+00
3.448059e+01
5.196913e+01
-2.012034e+01
7.238554e+01
4.817645e+00
2.045375e+01
-4.254769e+01
-6.685184e+01
1.409669e+01
5.148776e+00
2.630289e+01
-6.111364e+01
-4.527220e+01
-4.198416e+01
7.069358e+01
1.640487e+00
-7.913148e-01
4.191861e+00
-8.667883e-01
3.002232e-03
-4.328847e-02
-3.340762e-01
-6.606962e-02
-5.341773e-02
-4.713987e-02
-6.658276e-01
-4.007781e-01
-4.613397e-01
1.045269e-01
-3.269519e-02
-1.501211e-01
-7.803991e-02
-2.181288e-02
1.275909e-01
5.277642e-02
-1.413790e-01
1.717922e-01
-2.035170e-01
7.556513e-03
-9.295197e-02
-6.436037e-02
2.242127e-02
9.991530e-03
-1.262940e-01
4.996431e-02
