-2.257765e-01
5.456552e-01
2.262609e-01
4.864000e+01
1.958850e+02
-2.477217e+01
3.527793e-04
1.122808e+05
1.958322e+05
-2.856961e+05
-2.116911e+05
-1.469979e+05
-2.259575e+05
2.697587e+05
-5.020838e+04
4.132748e+04
-4.102690e+04
-1.222414e+05
5.148234e+04
7.897906e+04
5.928060e+04
1.461186e+04
-1.005774e+04
6.096944e+04
-7.825527e+03
2.266703e+04
-1.361449e+04
8.582402e+03
-3.731555e+04
7.729512e+03
3.055305e+04
-1.762516e+04
-1.201653e+04
-9.233511e+03
-1.001454e+03
-5.692358e+03
-4.674726e+03
-2.406506e+04
1.190017e+04
-9.885528e+03
-8.172039e+03
2.083682e+02
-3.970296e+03
-2.929090e+03
-4.265160e+03
-1.739294e+04
2.195700e+04
7.386120e+03
1.385339e+03
3.359602e+03
-4.150469e+03
1.340492e+04
-9.152140e+03
7.172926e+03
1.197971e+04
2.915499e+03
-1.015334e+03
5.163815e+02
7.091848e+03
-3.302458e+03
-5.725396e+03
8.274735e+02
1.701659e+03
-2.577716e+03
2.041165e+03
4.080609e+03
1.656937e+03
-8.037932e+03
1.837962e+03
1.453993e+03
-2.809862e+03
-2.087128e+03
-1.641380e+03
1.488901e+03
-1.852520e+03
2.375109e+02
-2.280951e+03
5.065310e+02
-1.727291e+03
-8.042647e+02
2.514601e+03
-1.312343e+03
2.159938e+03
3.042028e+02
1.998551e+03
-7.251455e+02
-1.602045e+03
6.977119e+01
-2.170566e+02
8.183861e+02
-3.141237e+02
7.316372e+02
-5.372234e+01
6.278960e+02
-1.391376e+03
-5.693468e+02
3.403079e+02
-3.793969e+02
-1.417997e+03
-6.842056e+02
-4.295040e+01
-3.449598e+02
1.538995e+03
1.754614e+02
-8.439108e+02
-1.039638e+03
2.735632e+02
2.882471e-01
5.019156e+01
1.442648e+03
4.768405e+02
-9.674736e+02
-7.549035e+02
5.195044e+02
-4.016293e+02
4.514320e+02
4.976865e+01
-5.474754e+02
-2.297954e+01
3.668006e+02
4.957922e+02
3.684780e+02
4.115737e+02
-8.534203e+01
-8.032826e+01
9.032064e+00
5.572372e+02
1.378683e+02
-1.600689e+02
4.486637e+02
2.911646e+02
7.773623e+02
3.175491e+02
6.832414e+01
3.572854e+02
4.331291e+01
-3.632114e+02
-1.563490e+02
-1.399355e+02
-4.479494e+02
-2.650605e+02
2.276125e+02
1.242918e+02
1.150286e+02
2.602772e+02
-7.252077e+01
-2.526471e+02
-2.371485e+02
-3.637492e+01
1.314030e+02
-2.115494e+01
1.355335e+02
-5.992151e+01
-5.140565e+01
-1.514713e+02
-8.776413e+01
1.106027e+02
5.133440e+01
3.127045e+02
-4.669519e+01
-2.702280e+01
1.022385e+02
7.537149e+01
-4.618415e+01
-1.510259e+02
-7.119093e+01
-7.697817e+00
1.248767e+02
-4.233177e+01
-1.111670e+02
-4.158183e+01
2.239075e+00
-2.743486e+01
7.077463e+01
3.769827e+01
-8.991228e+01
1.339142e+02
6.059407e+01
-1.164050e+02
4.014085e+01
-1.069183e+02
3.341946e+01
9.971722e+01
-1.260183e+01
5.945147e+01
-7.382316e+01
-8.840659e+01
3.502410e+01
-4.846083e+00
3.116308e+01
6.961443e+01
1.296982e+01
-7.366642e+00
1.190296e+01
4.372692e+01
-1.158340e+01
8.316837e+01
3.674461e+01
-9.802951e-01
-3.753327e+01
-3.668357e+00
-9.525511e+00
-1.896801e+01
7.342848e+01
-4.343926e+00
1.618545e+00
4.295457e-01
-5.805081e-01
3.220140e-01
-1.591602e-01
2.641239e-01
2.572846e-01
2.978417e-01
-5.569499e-02
2.235189e-01
2.207442e-01
2.341973e-01
5.302330e-01
-1.807231e-01
-3.084181e-02
-6.811146e-02
-1.322290e-01
1.626405e-02
-5.791716e-02
2.075906e-02
2.603624e-01
-6.220331e-02
1.064310e-01
1.738885e-01
3.484775e-02
1.106123e-01
-2.476566e-02
-4.049672e-02
4.014485e-02
-5.054818e-02
