1.921949e-01
1.636103e-01
1.941535e-01
3.498667e+01
1.457039e+02
-2.729393e+01
3.435126e-04
-2.742407e+05
-3.693064e+04
6.444963e+05
-2.420672e+05
-1.208838e+05
-1.224317e+05
-150445
9.193561e+04
-2.644185e+05
1.554946e+05
3.270956e+04
9.669111e+04
-111360
2.981374e+04
-5.555132e+04
-7.246374e+04
3.157599e+04
-3.168596e+04
-5.194716e+04
-3.250744e+03
-1.485288e+03
-4.449661e+04
-7.134618e+04
-5.741583e+04
-6.616634e+03
-5.281221e+04
-2.169571e+04
-7.864108e+03
1.589639e+04
2.267109e+04
-4.603838e+03
2.500696e+04
-2.754277e+04
1.099223e+04
-1.241889e+04
-4.449596e+02
-1.937988e+04
1.003153e+04
5.933856e+03
8.255332e+03
1.843789e+03
-1.610700e+04
1.521252e+03
7.154170e+03
-6.997251e+02
6.020417e+03
-5.302664e+03
-2.279382e+03
-1.039353e+02
6.383408e+03
1.163836e+04
3.567181e+03
-9.869438e+03
-7.747348e+03
1.941459e+03
-2.518148e+03
-1.074621e+03
2.697477e+02
4.218234e+03
2.438478e+03
9.318735e+03
-3.709936e+03
3.008575e+02
4.592486e+03
6.965255e+03
3.617308e+03
-1.009421e+03
-3.417473e+02
1.488369e+03
2.517816e+03
-1.071659e+03
-5.284564e+03
-6.287809e+02
-1.871037e+03
1.246041e+03
-2.413322e+03
1.917573e+03
1.698300e+02
1.104566e+03
2.374970e+02
1.847749e+02
9.004497e+02
2.368702e+02
7.020297e+02
-9.074236e+02
3.066042e+03
2.185938e+03
-7.253828e+02
1.038408e+03
2.439073e+03
-8.299540e+02
5.988436e+02
6.922481e+02
-7.028114e+02
-8.609705e+02
2.210875e+02
-1.129033e+03
1.309681e+03
-1.536491e+03
9.635093e+02
8.696844e+01
1.845670e+03
7.587463e+02
1.585008e+02
1.495745e+03
-1.439096e+02
1.533361e+02
-5.431697e+02
3.866711e+02
-8.368278e+02
-2.534743e+02
-5.445094e+02
7.200947e+02
-3.536659e+02
2.878485e+02
-3.955765e+02
5.506746e+02
4.497697e+02
-2.667624e+02
-2.490191e+02
3.842712e+02
-2.460332e+02
-5.325916e+02
-4.261491e+01
2.174517e+02
5.229068e+00
1.787567e+02
-6.828516e+01
-2.282565e+02
4.905524e+02
6.172424e-01
-1.997844e+01
1.145694e+02
-1.663851e+02
1.421042e+02
-6.166400e+00
3.055861e+02
-8.507744e+01
9.084348e+01
-1.763410e+01
-2.309879e+02
-1.912639e+02
2.676309e+02
6.540360e+01
7.172901e+01
4.620216e+01
1.310475e+02
6.026569e+01
-7.175655e+01
-1.630734e+02
2.962243e+02
-2.629940e+01
-1.079918e+02
2.085868e+02
1.385937e+01
-4.692069e+01
3.292318e+01
-1.381540e+02
5.401527e+01
-7.789119e+01
2.063986e+02
-1.745934e+02
-3.784813e+01
7.022603e+01
1.384750e+02
1.136287e+02
8.741162e+01
-7.783849e+01
-1.177993e+02
-6.242675e+01
-1.511799e+00
-5.804594e+01
-1.832264e+01
5.246589e+01
7.430708e+01
-6.001604e+01
-1.861151e+01
6.979469e+01
2.602451e+01
7.075032e+01
3.992665e+01
-1.131542e+02
-2.591530e+01
2.481242e+00
5.929309e+01
-3.066764e+01
2.652415e+01
-4.445757e+00
1.755152e+01
-5.598749e+01
-1.591391e+01
-6.687941e+00
9.090794e+00
2.451536e+01
-5.812183e+01
1.283686e+01
-6.737494e+01
2.031074e+01
1.898378e+01
-1.258290e+00
1.089962e+00
5.988706e-03
-6.891434e-01
2.802789e-01
-4.295985e-01
-5.075365e-01
-1.874359e-01
1.742393e-01
-2.013656e-01
6.299503e-01
-4.140228e-01
1.031882e-01
-2.313643e-02
1.537648e-01
1.468273e-01
-4.949228e-02
-6.260348e-02
-1.684596e-02
-9.784721e-02
-6.699380e-02
1.108273e-01
-2.665922e-02
-7.404115e-02
1.172563e-02
8.628241e-02
-3.829518e-02
2.154403e-02
5.866989e-02
