9.516010e-02
1.362633e+00
-2.081284e-01
5.432889e+01
1.643285e+02
-1.401854e+01
3.420057e-04
-1.293339e+05
-1.222775e+05
2.088615e+05
-7.032794e+04
1.231657e+05
1.416102e+05
-5.522875e+04
9.306673e+04
-2.036857e+05
-4.235472e+04
7.847486e+04
7.101011e+04
-1.842426e+05
-5.425038e+04
1.384561e+04
-9.625353e+04
3.681782e+04
-7.977164e+04
-2.093764e+04
-6.823382e+04
-1.933514e+02
1.099085e+02
1.153942e+04
4.461213e+04
2.278218e+04
-2.612759e+04
-3.745968e+02
-5.481827e+03
1.681346e+03
-1.245616e+04
1.458521e+03
1.974701e+04
2.376739e+04
1.329877e+04
-1.858090e+04
-1.950770e+04
-1.418021e+04
1.611228e+04
1.196805e+04
-7.122306e+03
6.405348e+03
-4.752586e+03
-2.417822e+03
1.651011e+04
-3.985885e+03
4.180365e+03
2.880067e+02
4.236005e+03
4.258245e+03
6.628331e+03
6.716640e+03
-5.526869e+03
4.809669e+03
-7.453689e+03
3.414298e+03
-2.649982e+02
1.056557e+03
-2.022226e+03
3.428502e+03
5.220097e+03
4.518230e+03
-8.669603e+03
3.595593e+03
1.588480e+03
2.332002e+03
1.374473e+03
2.816675e+03
2.404363e+01
-5.643405e+02
3.740322e+03
9.989464e+02
-1.979790e+03
-9.694639e+02
-2.986069e+03
-1.394963e+02
-3.250935e+03
1.650852e+03
1.798613e+03
3.692955e+03
7.674587e+02
-2.164448e+03
-2.172574e+02
-1.201910e+01
5.918484e+02
1.165172e+03
1.594109e+03
1.880906e+03
-1.482393e+03
5.128997e+02
2.062458e+03
-9.777642e+01
2.896764e+02
-5.621653e+01
-1.696653e+03
-6.851919e+00
4.119042e+02
5.976179e+01
-8.597848e+01
-7.483173e+02
9.869314e+02
1.093347e+03
5.870120e+01
8.620291e+02
7.324993e+02
7.709934e+02
-7.271510e+02
2.715183e+02
-1.028756e+02
1.265372e+02
-5.177892e+02
1.413186e+02
-2.806361e+02
-9.265959e+01
6.100724e+02
4.021700e+02
-5.017115e+02
1.186777e+02
4.987309e+02
-2.832389e+02
-4.190199e+02
3.734276e+02
-2.767154e+02
-5.452384e+02
-2.111705e+02
2.688467e+02
2.953875e+00
2.522420e+02
-6.479908e+01
-6.914772e+01
2.145894e+00
-2.764230e+02
3.421827e+01
-2.834493e+02
-1.782554e+02
3.968830e+02
-1.079250e-01
-1.602536e+01
-6.307561e+01
-4.055547e+01
4.150187e+00
1.732231e+02
-7.940916e+01
2.840201e+02
1.622711e+02
-2.277707e+01
4.298919e+01
1.324363e+02
1.531160e+02
6.673188e+01
-1.752931e+02
4.766136e+01
6.009468e+01
-2.247266e+02
3.299561e+01
-2.206479e+02
4.917379e+01
1.446378e+01
-1.400790e+02
-3.021423e+01
-6.927176e+01
1.451895e+02
-1.732478e+02
2.905992e+01
1.172574e+02
4.729779e+01
-3.454382e+01
-1.713403e+01
-2.343300e+01
-1.140886e+02
4.156673e+00
-5.442080e+01
-6.832192e+01
2.295472e+01
-3.698933e+01
9.756438e+00
-8.369143e+01
3.988720e+01
8.224807e+01
1.031297e+01
9.543618e+01
1.180334e+02
-1.287985e+01
2.612646e+00
5.858966e+01
8.889246e+01
-3.649569e+01
-2.089460e+00
3.882384e+01
2.000653e+01
-3.984444e+01
-4.862991e+01
1.694066e+01
1.230701e+01
-2.475989e+01
-3.572950e+01
-3.830503e+01
-5.845753e+00
1.577128e+01
-7.864555e+00
-1.220203e+00
2.315076e+00
4.154851e-01
-4.805505e-01
4.779126e-01
-5.556338e-01
5.846099e-02
-3.425979e-02
4.789397e-01
-4.377272e-01
2.203277e-01
5.943377e-02
-3.257623e-01
-6.893988e-03
1.332871e-01
6.886040e-02
-1.040083e-01
7.435040e-02
9.511509e-02
8.823517e-02
3.155190e-02
-9.927525e-02
1.483223e-01
-1.329372e-01
1.409109e-01
-6.788127e-03
3.406552e-02
1.331159e-02
1.979374e-02
