-5.000120e-01
-5.626104e-01
-8.998369e-02
5.347556e+01
2.144301e+02
-2.003029e+01
3.425743e-04
1.927736e+04
-1.629370e+05
-1.357276e+05
1.695780e+05
-1.834699e+03
-1.888075e+04
1.050348e+04
-6.686355e+04
-2.962335e+04
1.559095e+04
-6.200292e+04
1.045039e+05
8.738479e+04
-3.317357e+04
-3.940719e+04
3.166265e+04
6.107219e+03
2.018359e+04
-9.115177e+02
2.437600e+04
-1.669216e+04
-1.663645e+04
1.492146e+04
-6.885888e+03
2.601317e+04
-3.269952e+04
-9.113590e+03
-3.444915e+02
1.100333e+04
1.412273e+04
-1.124897e+04
-2.541407e+03
-6.730530e+03
-2.266134e+04
1.644036e+03
2.871673e+02
-3.910377e+03
1.199029e+04
-1.122049e+04
-6.751816e+03
2.096195e+03
-1.300462e+02
6.175379e+03
-7.461866e+02
2.168239e+03
-3.634002e+03
6.605562e+03
7.487784e+02
2.436679e+03
1.665870e+03
4.025512e+03
1.562741e+03
-3.053410e+03
-1.850306e+03
7.211848e+01
3.855456e+02
-2.679740e+03
9.879396e+02
2.895222e+03
-1.660414e+02
-1.726737e+03
-3.262698e+03
9.623837e+02
8.916745e+02
8.471405e+02
-2.244069e+03
-1.029051e+02
-4.191924e+02
1.564233e+03
-5.995010e+02
4.550564e+02
-1.530113e+03
-9.856110e+02
-2.577473e+02
-7.127341e+02
7.362704e+02
-2.487977e+02
2.466926e+03
-2.420804e+02
-7.517932e+02
-3.395527e+02
1.496897e+02
4.798684e+02
-9.513345e+02
-2.622897e+02
1.036662e+03
1.117511e+03
-1.657018e+03
2.282869e+02
2.330528e+02
1.485315e+02
2.859519e+02
-3.893659e+02
-4.240786e+02
3.335931e+02
5.486550e+02
-5.572424e+02
-3.375639e+02
1.136477e+02
3.422141e+02
1.624331e+02
3.815864e+02
5.288867e+02
-4.575415e+02
1.743344e+02
-9.820441e+01
9.742034e+02
-2.984082e+02
1.011377e+02
2.873094e+02
8.765834e+01
-5.309473e+01
2.333298e+02
-3.200087e+02
-1.272692e+02
-1.863502e+02
-1.066487e+02
4.150437e+02
-1.209392e+02
-2.946000e+01
1.899902e+02
-7.402817e+01
2.531062e+02
3.841873e+02
4.752377e+02
4.445681e+02
2.331643e+02
-2.235935e+02
3.250975e+01
2.774607e+02
-9.613572e+00
8.553004e+01
-1.156231e+02
-1.394297e+02
8.988533e+00
6.069401e+00
-8.139208e+01
-5.196383e+01
-2.725903e+01
1.084109e+02
-1.436191e+02
1.224564e+02
2.413758e+01
3.308084e+01
-1.536285e+01
2.038198e+02
-1.589619e+01
-1.418233e+02
2.550561e+01
1.241016e+02
1.400628e+02
4.611621e+01
-2.051353e+02
3.603848e+00
7.870327e+01
4.200121e+01
4.073093e+01
-7.061935e+00
-8.697867e+01
-5.277621e+01
5.584228e+01
4.208944e+01
1.392352e+02
9.397476e+01
2.579735e+01
-2.751942e+01
7.490703e+01
2.426231e+01
-4.530992e+01
-2.648484e+00
-1.144602e+01
-5.975695e+01
4.947118e+01
-4.376085e+01
4.264960e+01
4.315302e+01
1.837107e+01
7.085551e+01
-6.338805e+01
1.394621e+01
1.190898e+01
-2.488732e+01
1.291659e+00
3.054116e+01
4.759126e+00
-3.111910e+01
2.748307e+01
-7.146098e+00
1.731889e+01
3.360646e+01
-1.180496e+01
-5.503118e+00
-1.658565e+01
5.773120e+00
2.625404e+00
1.850755e+01
2.663040e+00
4.133408e+01
1.323575e+01
-3.555095e-01
2.656550e+00
-1.209975e+00
1.512909e-01
7.154789e-02
-7.731305e-02
-2.653955e-02
-3.987628e-01
-3.114256e-02
-3.194624e-01
-1.296598e-01
-2.176930e-03
2.077243e-01
8.582847e-03
-1.964337e-01
-1.798261e-01
4.331547e-02
-1.734958e-01
-1.100107e-01
-6.193657e-02
-1.178830e-01
6.990897e-02
3.509921e-02
-3.535761e-02
-8.411671e-02
2.058952e-02
-4.696751e-02
-8.518231e-02
-5.468719e-02
