-2.246106e-02
5.890976e-01
3.704513e-02
4.664889e+01
1.753808e+02
-2.313696e+01
3.485417e-04
-4.971569e+04
-2.324014e+05
3.112758e+05
-2.570543e+03
-4.101934e+04
1.409214e+05
-8.921408e+04
1.092673e+05
-2.965267e+04
-1.382506e+04
6.440986e+04
3.751810e+04
-9.267024e+03
-9.670443e+03
3.824594e+04
-1.165876e+04
-1.207597e+04
2.075929e+03
-5.194724e+04
-3.191054e+04
-5.052680e+03
-2.877697e+04
2.722039e+04
-3.512420e+04
-1.330237e+02
-1.294196e+04
-9.151853e+03
4.204202e+03
1.329886e+04
-1.993823e+03
4.532501e+03
2.058268e+04
-6.449680e+02
1.033251e+04
4.595720e+03
-9.523939e+03
3.915949e+03
3.064194e+03
-7.534996e+02
-2.457846e+03
8.014138e+03
-6.889017e+03
-2.460749e+02
3.064281e+03
6.234342e+02
3.795568e+03
-4.581463e+03
-7.781902e+02
1.566321e+03
1.447118e+03
5.036399e+03
-2.793514e+03
-6.521430e+03
-2.186183e+03
-1.447140e+03
-2.012708e+03
-8.017308e+02
6.153512e+02
3.052747e+03
2.919125e+03
-9.591866e+01
-2.648181e+03
2.095370e+03
7.784683e+02
4.284637e+02
-6.208284e+02
2.729715e+03
1.646088e+03
8.046830e+02
3.643308e+03
1.946921e+03
-2.493786e+03
-6.865951e+02
-3.098656e+02
5.236937e+02
-1.107120e+03
1.015474e+03
7.689976e+02
2.573986e+03
-4.702883e+02
7.286887e+02
4.008867e+01
-4.948043e+02
-3.646111e+02
4.320135e+02
2.132970e+03
1.244867e+03
-3.979760e+02
6.379497e+02
1.272616e+03
8.733133e+01
9.455024e+02
1.059807e+03
-7.434063e+02
3.910467e+01
-2.033852e+01
-1.066033e+03
2.376544e+02
8.901627e+01
1.336613e+03
-3.609014e+02
5.240262e+02
9.783004e+02
4.124292e+02
1.012944e+03
-3.872411e+02
6.778098e+02
-4.110157e+02
7.389253e+01
5.624464e+01
-1.642351e+02
-1.546897e+02
5.532686e+02
-2.325980e+02
-7.216396e+01
-2.524166e+02
6.296232e+02
-4.402353e+02
-2.064301e+02
-1.825356e+02
3.811353e+02
6.663809e+00
-2.117801e+02
-4.130887e+01
4.863761e+02
3.302771e+02
1.392482e+02
-2.236038e+01
-1.400680e+01
1.615023e+02
-2.712964e+00
-1.071856e+00
-5.943068e+01
-2.761157e+01
2.780051e+02
-1.671459e+02
1.618547e+02
-6.350648e+00
-2.516414e+01
2.641866e+01
-5.440990e+01
1.597977e+02
8.480128e+01
-1.283011e+02
-3.635274e+01
-1.891319e+01
5.979550e+01
-1.318795e+02
-1.165480e+02
1.338541e+01
1.610657e+02
-1.316849e+02
-9.028069e+01
1.862866e+02
9.325366e-01
4.773217e+01
6.306934e+00
8.550275e+01
-2.475485e+01
5.156077e+00
1.100854e+02
5.696463e+01
5.834815e+01
9.396457e+01
6.986440e+01
-2.626307e+01
3.181696e+01
7.137744e+01
-9.856512e+01
-5.099063e+01
-2.447903e+01
-7.887307e+01
5.441964e+01
2.912072e+01
6.256110e+01
-3.954026e+01
-1.096856e+01
6.892192e+01
-3.668150e+01
6.369296e-01
-3.489600e+00
-1.348861e+01
7.706934e+00
5.847968e+01
4.773997e+01
-2.029058e+01
-1.690894e+00
6.909263e+01
5.851419e+00
-1.590262e+00
-3.081051e+01
-1.557488e+00
-2.637716e+01
1.955449e+01
-2.919519e+01
5.408627e+00
-6.552614e-01
1.940508e+01
9.522533e+00
-2.482745e-01
2.187491e+00
-1.521860e-01
2.671274e-01
-9.040654e-02
-4.659137e-01
8.210377e-02
1.475227e-01
1.321937e-02
-3.706452e-01
-1.288349e-01
-2.116804e-01
1.687850e-01
6.147176e-03
6.847367e-02
1.349037e-01
3.963478e-02
6.795311e-02
6.771323e-02
-8.727647e-02
9.467752e-02
2.928605e-02
-3.926270e-03
-5.218168e-03
1.626439e-02
7.621684e-02
-9.956755e-03
-3.747794e-02
-8.930894e-03
