-1.395802e-01
3.113743e-01
-8.517192e-02
4.408889e+01
1.841912e+02
-2.602848e+01
3.408453e-04
-3.596078e+02
1.234182e+05
-9.668871e+04
2.694234e+05
8.240272e+04
1.026558e+05
2.233390e+04
-3.070492e+04
4.198845e+04
-2.346451e+04
-3.739090e+04
1.472479e+05
1.472896e+04
-5.057277e+04
-81350
2.693106e+04
1.459588e+04
-7.550521e+03
-1.146558e+04
4.594669e+04
3.002385e+04
-1.692156e+04
1.438202e+04
-4.220270e+04
3.955696e+04
-3.001511e+04
-1.115231e+02
7.791618e+03
3.471100e+03
-6.073678e+03
1.507271e+04
-7.437987e+03
-1.190682e+03
-2.999046e+04
3.297133e+03
2.494777e+03
-2.169448e+03
2.738829e+04
-1.767048e+04
2.369925e+03
3.270459e+00
4.174741e+02
1.093651e+03
1.213037e+03
1.020823e+03
-1.157357e+03
8.638845e+03
7.719892e+03
4.969381e+03
-1.510268e+03
8.421742e+03
2.407831e+03
4.023683e+03
-3.440063e+03
-3.278927e+01
3.203602e+03
-2.589642e+03
2.169086e+03
6.464155e+02
-4.643003e+02
1.064242e+03
-1.422797e+03
9.276821e+02
4.104459e+03
2.213079e+03
2.128555e+03
-2.025523e+03
-5.171163e+03
-2.068492e+03
-2.817297e+03
-5.695801e+02
-1.915518e+03
-9.636790e+02
-2.937858e+03
-1.459265e+03
-6.961464e+02
-6.554646e+02
1.249450e+03
-1.372820e+03
-7.647700e+02
9.027065e+02
7.682977e+02
7.973304e+02
3.619383e+02
-1.259112e+03
2.164952e+03
-4.230182e+02
-3.798705e+02
1.098027e+03
1.658147e+03
5.386398e+02
-6.656605e+02
8.297295e+02
-9.984958e+02
-8.651913e+02
7.356833e+02
-1.312364e+02
9.261816e+01
-5.858021e+02
-1.954077e+02
5.466337e+02
1.305125e+03
6.406083e+02
2.422358e+02
3.391183e+02
-4.994353e+02
-3.026927e+02
-6.797480e+02
3.514304e+02
7.510490e+02
-1.401169e+02
-1.980466e+01
1.787558e+02
7.062934e+01
-1.829890e+01
2.253026e+01
5.397407e+01
1.697373e+02
-4.892515e+02
4.131880e+02
1.240379e+02
2.096270e+02
3.614840e+02
4.142503e+02
1.729935e+02
-1.275959e+01
2.867994e+02
1.923865e+02
-9.257069e+01
3.881679e+02
-6.441537e+01
3.087001e+01
-7.544769e+01
1.060719e+02
7.524586e+01
-7.597800e+01
2.913893e+02
7.409572e+01
2.036012e+02
-1.415667e+02
-2.410222e+02
8.784593e+00
-8.142452e+01
2.462250e+02
-1.221562e+02
2.372580e+02
1.393663e+01
-1.326066e+02
6.774184e+01
1.771743e+02
-2.498473e+01
5.667921e+01
-7.150986e+01
3.154867e+01
3.630029e+01
-9.843398e+00
9.488985e+01
-7.469184e+01
-1.207753e+02
-7.556136e+01
1.786760e+02
-2.284113e+02
-4.988559e+01
-7.991924e+01
5.841073e+01
3.979398e+01
-2.131252e+01
-8.435913e+01
-6.138419e+01
1.873377e+01
-4.584938e+01
-1.249454e+02
-9.372198e+00
-1.696419e+01
-2.269368e+01
2.476082e+01
3.807869e+00
1.029440e+01
-8.466299e+01
7.758530e+01
-1.318722e+01
-4.245553e+01
-3.366707e+01
6.150489e+01
-1.229546e+01
-4.457490e+01
8.670900e+01
3.373492e+01
2.244743e+01
6.396160e-01
-2.393814e+01
-2.798475e+01
-3.562042e+01
-1.060814e+01
9.066784e+00
-1.086275e+01
4.685226e+01
2.115014e+01
9.937934e+00
5.599706e-01
-1.747586e+00
-9.770653e-01
3.028629e-03
2.885443e-01
9.301896e-02
-5.565270e-01
-4.342458e-01
1.829529e-01
1.040616e-01
-2.987755e-01
-2.648157e-01
-1.570716e-01
9.703462e-02
-4.007954e-02
6.112371e-02
-7.329512e-02
-9.100831e-02
-4.747436e-02
-2.309918e-01
-5.510154e-02
4.757561e-02
-1.281863e-01
-1.986083e-01
-2.425279e-01
4.113258e-03
-1.454712e-01
4.743328e-02
7.343905e-02
