-5.831493e-02
4.582764e-01
-6.898993e-02
4.551111e+01
1.829579e+02
-2.616293e+01
3.567607e-04
-6.807097e+04
6.222416e+04
2.831782e+05
-3.166324e+05
-9.412259e+04
-1.381008e+05
1.474530e+05
3.676488e+04
-1.060081e+05
9.765973e+03
-1.349376e+04
8.654055e+04
1.238670e+04
4.692532e+04
4.827638e+04
-9.598550e+04
4.705341e+04
1.177166e+04
2.679310e+04
-6.673920e+04
3.575435e+04
-1.626494e+04
-2.398300e+04
3.064926e+04
5.474613e+03
-1.365464e+04
-1.864080e+04
-3.375121e+04
-2.163395e+04
1.432380e+04
-3.369904e+04
4.713284e+04
-1.899592e+04
7.046925e+03
-1.232995e+04
-6.255078e+03
-2.122361e+04
1.294827e+04
6.991764e+03
4.653681e+03
1.708733e+04
-2.142089e+04
2.662449e+03
-2.769863e+03
1.182660e+04
4.610705e+03
-9.194738e+03
5.652610e+03
2.794811e+03
-2.657214e+02
6.287807e+03
4.662023e+03
-6.636888e+03
-8.496129e+03
1.312822e+03
-2.619352e+03
1.000832e+03
-5.546698e+03
3.369563e+03
-5.552170e+02
5.835021e+01
-1.718918e+03
2.056056e+03
-1.164427e+03
1.712858e+03
2.019362e+03
6.384019e+03
-3.065152e+02
1.659147e+03
2.758976e+03
-1.952140e+03
-4.065938e+03
9.283405e+01
1.477397e+02
1.419384e+03
1.741366e+03
3.755599e+03
7.621201e+02
2.127582e+03
-3.696607e+03
8.397037e+02
7.136618e+02
-7.717789e+02
-1.358796e+03
1.968674e+03
2.492850e+03
8.590244e+02
-1.409090e+02
-8.911329e+02
1.792860e+03
-9.995742e+02
6.553625e+02
3.965326e+02
-9.711519e+02
3.177177e+02
3.870321e+02
-1.238372e+03
3.594791e+02
-1.322534e+03
4.989100e+02
4.799854e+02
1.603060e+03
1.755286e+03
2.803776e+02
2.526719e+02
7.717609e+01
4.328690e+02
3.525631e+02
6.366652e+02
-2.353410e+02
-7.291564e+02
-3.102135e+02
7.451188e+02
6.507218e+02
9.741763e+02
-2.435879e+02
2.714338e+02
-3.855385e+02
-2.324155e+02
2.174489e+02
5.080585e+02
-2.789314e+02
1.513235e+01
-9.616995e+01
4.238649e+02
1.062055e+01
-1.876477e+02
5.972283e+01
-2.501074e+02
-9.181760e+01
-7.318718e+01
-1.879989e+02
-8.286892e+01
-2.589571e+02
4.819479e+02
-1.015043e+02
3.719294e+02
-1.792077e+02
-2.328662e+02
-1.922759e+02
-1.697647e+02
5.377676e+01
2.350058e+02
-9.946403e+01
1.304544e+02
-3.001396e+02
-7.445597e+01
-1.355041e+02
-1.718944e+02
6.942381e+01
9.905268e+01
1.534936e+02
-2.034956e+02
2.187294e+02
9.308757e+01
-6.886724e+01
-1.156172e+02
-2.572036e+02
-3.154021e+01
4.834726e+01
2.088005e+02
-9.868887e+01
-2.658746e+01
1.489041e+02
1.066092e+01
-1.336779e+00
1.748921e+02
-1.033067e+01
-1.781442e+02
6.409145e+01
1.488099e+01
-1.016455e+02
5.412081e+01
-5.488171e+01
9.860075e+01
-5.710075e+00
-4.861599e+01
5.327810e+01
-1.462521e+01
1.685221e+01
1.977510e+01
-3.757423e+01
3.010631e+01
7.467639e+01
2.120691e+01
-6.864040e+01
-4.339062e+01
3.524828e+01
5.071784e+00
3.447893e+01
3.464491e+00
-2.521549e+01
-1.012975e+01
-5.123212e-01
-7.543335e+01
-5.517966e-01
3.330396e+01
5.517332e+00
2.066933e+01
-9.528096e-01
4.755912e-02
3.023793e-02
-8.895639e-01
1.696377e-01
-4.366210e-01
3.843085e-01
2.424011e-01
-1.069584e-01
-5.461122e-02
6.404989e-01
-3.835118e-02
2.306629e-02
-5.556623e-02
2.908424e-02
-5.541402e-02
-1.255808e-02
8.606011e-02
1.618569e-01
1.610848e-01
4.833326e-02
1.264028e-01
6.146130e-02
-8.903058e-02
1.849696e-01
1.161948e-02
4.285453e-02
6.854961e-02
-1.024078e-01
