-7.877223e-02
1.055239e+00
-2.127998e-01
5.376000e+01
1.699507e+02
-1.598053e+01
3.503488e-04
-2.299687e+05
-5.592297e+04
5.085551e+05
4.923257e+04
1.808959e+04
-2.666119e+04
-6.584959e+04
3.104592e+04
-2.231017e+05
1.190762e+05
7.257225e+03
5.454015e+04
-4.454886e+04
5.219125e+04
-9.776485e+04
3.358020e+03
-1.244095e+04
-7.709522e+03
-6.498640e+04
9.270125e+02
1.760838e+04
-1.891782e+04
-2.270810e+04
-7.145085e+04
5.187495e+03
1.944605e+03
-1.343883e+04
-1.309413e+04
-9.880660e+03
2.374845e+04
1.715701e+04
-1.050324e+04
-2.744881e+04
-8.143333e+03
-1.273390e+04
-2.951591e+03
-1.702909e+04
2.871230e+04
-7.875969e+03
6.799545e+01
1.047371e+04
-1.881431e+04
-4.817898e+03
9.794798e+03
5.121542e+03
2.900589e+03
-4.396391e+03
-5.568513e+03
2.502235e+03
1.085900e+03
1.720182e+04
-1.249109e+03
-1.173694e+04
-4.117323e+03
2.719577e+03
-2.913008e+03
-2.331093e+03
-1.129504e+03
2.112704e+03
2.391744e+03
6.392915e+03
-2.067502e+03
2.843827e+03
4.774036e+03
5.431769e+03
1.482007e+03
-1.219284e+03
-2.651681e+03
-1.382409e+03
1.683504e+03
-7.162868e+01
-6.282028e+03
3.045977e+02
-2.603626e+03
5.943005e+02
-1.945861e+02
1.373080e+03
2.793538e+03
8.263484e+02
-2.224903e+03
1.805345e+03
-1.449377e+02
6.263522e+02
2.401768e+02
-2.134963e+03
2.864645e+03
1.227169e+03
-1.121760e+02
6.285101e+02
2.669695e+03
1.893806e+02
5.990714e+02
3.461011e+02
-5.972863e+02
-4.567568e+02
3.181985e+02
-1.481592e+03
1.596546e+03
-8.561835e+02
4.521764e+02
3.082503e+01
1.587257e+03
1.233236e+03
9.032552e+01
1.545415e+03
-4.239852e+01
8.716939e+02
-1.197574e+02
1.219570e+02
-4.984572e+01
-1.413320e+02
-2.912549e+02
9.218412e+02
-4.648970e+02
4.026449e+02
-2.653763e+02
8.144921e+02
6.002247e+02
-2.823517e+02
-1.264180e+02
5.470749e+01
1.181891e+02
-2.522359e+02
1.783863e+02
2.362654e+02
-4.262910e+01
-1.214150e+02
-1.301303e+02
-5.861151e+01
7.016498e+02
7.996948e+01
3.294578e+02
1.851744e+02
1.613794e+02
1.004302e+02
-1.986508e+02
2.714785e+02
-8.266138e+01
8.087071e+01
-1.152506e+01
-1.244856e+02
6.779113e+01
-1.223070e+01
1.362026e+02
1.568886e+02
-9.061122e+01
4.834837e+01
-2.363496e+02
-3.121703e+01
3.497477e+01
3.461343e+02
-9.502870e+01
-2.623268e+02
3.282258e+02
1.095021e+02
-6.140027e+01
-5.121109e+01
-1.230611e+02
-2.923820e+00
-1.656437e+01
1.683783e+02
-1.643211e+02
8.925256e+01
9.027271e+01
8.146783e+01
3.296008e+01
1.838081e+02
-7.365083e+01
-1.161915e+02
2.257147e+00
-2.941971e+00
-7.350507e+01
-5.936948e+01
-4.039080e+01
5.330126e+01
-2.076775e+01
2.649574e+01
2.279729e+01
3.720858e+00
6.626157e+01
-5.165247e+01
-1.534070e+02
-6.802028e+01
-2.407369e+00
2.329077e+01
-7.602494e+00
4.153940e+01
-2.363343e+01
-8.454611e+00
-1.520369e+01
-3.129290e+01
-1.210327e+01
1.354064e+01
4.287535e+01
-6.172703e+01
1.141044e+01
-2.334939e+01
3.079017e+01
3.909764e+01
-7.754157e-01
1.490133e+00
-2.239560e-01
-8.090481e-01
-3.300280e-01
-3.708202e-01
-1.613024e-01
-3.217910e-01
-1.252438e-01
-4.264454e-01
4.796317e-01
-6.715068e-01
9.264536e-02
-5.246314e-02
2.585332e-02
2.184983e-01
-2.569650e-02
5.430280e-02
-5.766319e-03
-2.278890e-01
-9.275679e-02
1.777830e-01
-6.901653e-02
-1.758131e-01
-1.952856e-02
-8.961035e-03
-3.692597e-02
3.295602e-02
-3.382967e-02
