-3.702512e-01
-1.123429e+00
2.450616e-01
5.660444e+01
1.886883e+02
-1.409526e+01
3.522861e-04
-3.143967e+05
-1.670447e+05
5.605459e+05
1.352898e+05
3.226776e+05
-1.865130e+04
-2.486011e+05
2.476276e+05
-1.187513e+05
2.276460e+05
-7.162944e+04
-3.802826e+04
-1.039328e+05
-6.586268e+04
-8.972363e+03
2.692613e+03
-1.899135e+04
-3.530233e+04
-1.181390e+05
-9.193303e+03
-8.801764e+04
-4.392078e+03
-8.201729e+03
-2.716918e+04
-4.649197e+04
3.488538e+04
-3.223417e+04
1.619908e+04
8.530569e+02
7.865048e+03
1.142545e+04
-2.436262e+04
1.082001e+04
1.303468e+04
-8.439510e+03
-2.462353e+04
-1.236330e+04
1.841233e+03
-6.052601e+03
5.036663e+03
6.415003e+03
6.597021e+03
1.389083e+03
2.133878e+04
1.052145e+03
-2.074192e+03
8.670879e+03
-2.341969e+04
-3.836913e+03
5.993011e+02
4.845613e+03
-1.583226e+03
-1.348221e+04
-1.005384e+04
-6.125616e+03
1.216591e+03
-1.323884e+03
2.973037e+03
1.094790e+04
6.062160e+03
5.855426e+03
-1.060219e+04
4.286611e+03
2.461446e+03
4.310016e+03
-4.813633e+02
-1.647682e+03
1.880705e+03
3.904820e+03
5.053015e+03
1.901081e+03
-5.814084e+03
-1.705770e+03
6.377781e+02
-9.532065e+02
-2.598050e+03
1.084400e+03
3.093313e+03
2.494719e+03
-2.987135e+02
-1.488627e+03
-1.129161e+03
2.928450e+02
1.317438e+03
-2.599974e+03
1.065533e+03
4.603956e+03
-1.724631e+03
1.514620e+03
1.681922e+03
-2.312541e+02
-1.163593e+03
-9.754076e+02
-8.573301e+02
-9.396758e+02
-1.608456e+02
-8.893044e+01
2.227957e+02
-3.319191e+02
1.231468e+03
7.762963e+02
4.686502e+02
1.358411e+03
4.067804e+02
1.920623e+03
-2.481026e+01
1.135319e+03
-3.361444e+02
-1.125116e+03
-9.214805e+02
-1.656699e+02
-1.426745e+03
2.067963e+02
-7.325146e+02
-1.403528e+02
-1.018264e+03
4.354100e+02
9.385401e+02
-1.975845e+02
-3.370031e+02
-4.944214e+01
-4.001524e+02
-9.127773e+02
3.495782e+02
3.225046e+02
2.970344e+02
4.655701e+02
-3.029967e+02
-5.934780e-02
3.707462e+02
1.724413e+01
-1.179852e+02
-7.353220e+01
2.304620e+01
-4.523821e+02
3.856007e+02
-3.410725e+01
2.607385e+01
2.270853e+02
-1.301911e+02
-3.440982e+01
1.568371e+02
5.409894e+02
3.161028e+02
1.284358e+02
9.699685e+01
1.762809e+02
8.208698e+01
1.283466e+02
1.372107e+02
2.747584e+02
-3.589692e+02
2.281816e+02
3.386640e+02
-2.255559e+02
4.486610e+01
8.429259e+01
-1.112548e+02
-3.803182e+01
-3.026859e+01
4.344857e+01
-2.551619e+02
7.389944e+01
7.839846e+01
3.262465e+02
1.664070e+02
-2.764354e+01
4.558200e+01
2.922631e+00
8.413853e+01
-2.099195e+01
-1.450156e+02
-5.496145e+01
1.365198e+02
3.145996e+01
-3.985312e+01
1.696215e+01
-7.272250e+00
5.309245e+01
1.184740e+02
1.124253e+02
-8.315342e+01
-5.332962e+01
2.314362e+01
7.250692e+01
6.024085e+01
-1.237665e+01
1.029613e+01
-1.014016e+02
-1.389228e+02
-1.381998e+01
3.060542e+01
1.017821e+02
4.001337e+01
-9.047785e+01
-2.427726e+01
-1.181521e+02
4.162697e+01
1.967777e+01
-1.278291e+00
-1.679076e-01
2.375523e-01
5.461859e-01
2.334764e-02
-4.594720e-01
-6.176128e-01
2.425243e-03
5.539235e-02
-2.667738e-01
1.520765e-01
-5.534325e-01
1.585991e-01
2.047156e-01
2.126280e-01
4.374781e-01
1.929524e-03
1.595771e-02
-2.421020e-02
-2.336520e-01
-1.356540e-02
-9.864242e-02
-2.427682e-01
-3.048874e-02
3.363600e-02
4.308819e-02
3.555141e-02
-1.009409e-01
-2.432708e-02
