-1.847256e-02
-7.271691e-01
1.877392e-01
5.034667e+01
1.691428e+02
-2.117324e+01
3.414443e-04
-9.274052e+04
-1.021928e+04
1.591908e+05
6.550523e+04
2.485275e+04
9.348174e+04
-1.403490e+05
7.669269e+04
-4.492946e+04
8.344520e+04
8.319769e+03
-9.910343e+03
-2.088994e+04
-2.523116e+04
-1.666102e+04
5.253454e+04
-3.470371e+04
2.954942e+04
-5.673554e+04
4.329297e+04
-4.000246e+04
-1.728719e+04
-3.310010e+04
-7.270759e+04
-4.133697e+04
-1.177594e+04
-8.298943e+03
2.735161e+04
1.404882e+04
2.832677e+03
7.078611e+03
-2.114024e+04
-5.321464e+03
-4.682316e+03
3.262050e+03
-5.075547e+02
3.087324e+03
5.251767e+03
-1.186705e+04
5.695555e+03
1.016245e+04
1.202493e+03
3.464479e+03
-3.325058e+03
-3.971473e+03
-2.861059e+03
3.852662e+03
-2.773813e+03
-9.522746e+02
-1.732952e+03
5.235129e+03
2.509849e+03
-9.190877e+03
-4.334265e+03
-1.466604e+03
-1.099680e+03
-3.408679e+03
1.650115e+03
3.288401e+03
1.456475e+03
2.991805e+03
-1.786568e+03
-1.312346e+03
4.233514e+03
4.315839e+03
-9.323290e+02
-1.606769e+03
7.942029e+02
2.305275e+03
2.262741e+03
-7.369188e+02
-3.999331e+03
-1.138703e+03
8.760419e+02
-2.711470e+03
-6.722572e+02
-1.255914e+03
1.383821e+03
2.305286e+02
1.382787e+02
6.493204e+02
-9.713221e+02
-1.273714e+02
3.680814e+02
-1.767836e+03
1.382490e+03
1.377721e+03
-1.113136e+03
8.255832e+02
6.171703e+02
-6.868245e+02
-3.180398e+02
7.490389e+02
-2.642354e+02
-1.131072e+03
1.561845e+01
-6.686186e+02
3.805417e+02
-1.230317e+03
1.049767e+03
6.340588e+02
9.907613e+02
2.269050e+02
3.019398e+02
5.845296e+02
-1.064645e+02
1.895351e+02
-9.008544e+02
-2.799454e+02
-7.226948e+02
1.435884e+02
-4.461478e+02
4.981390e+02
-4.103341e+02
-1.958538e+02
-3.536223e+02
6.002366e+02
1.151416e+02
-3.173284e+01
6.582368e+01
7.916844e+01
3.046791e+01
-3.117075e+02
3.653798e+02
2.845917e+02
2.413827e+02
1.424667e+02
1.725333e+02
-1.997925e+02
3.311565e+02
-8.631780e+01
-1.569198e+02
4.921866e+01
4.723320e+01
-1.801523e+02
1.253045e+02
5.730813e+01
1.543519e+02
1.794736e+02
-8.174911e+01
-3.297142e+02
4.481118e+01
-3.345720e+01
1.083862e+02
5.650775e+01
1.070308e+02
2.804575e+01
1.030896e+01
-1.029951e+02
1.104708e+02
2.488393e+01
-2.119242e+02
1.650380e+02
1.840505e+02
-1.900014e+01
3.357323e+00
9.574847e+01
-1.778576e+01
-9.450930e+00
-6.334700e+01
2.955052e+01
-1.295984e+02
-5.309037e+01
-5.622270e+00
2.045390e+02
1.254583e+02
-1.568329e+01
-2.429226e+01
-2.740689e+01
3.590231e+01
7.846868e+01
-8.834908e+01
-1.064842e+01
1.002604e+02
-5.351697e+00
-8.562895e+00
-3.346115e+00
5.911748e+01
-4.959541e+01
-5.336874e+00
6.009304e+01
-1.145674e+01
-2.245364e+00
-2.378839e+00
5.142712e+01
-2.999639e+00
3.604515e+01
1.462765e+01
-2.960690e+01
-3.042977e+01
-5.089064e+00
-3.597614e+01
1.128010e+01
2.814702e+01
-1.518180e+01
6.303766e+00
-5.167268e+01
3.057445e+01
1.168757e+01
1.594415e-01
-1.264130e+00
1.091519e-01
9.166346e-02
-6.779627e-02
1.987314e-02
-4.924029e-01
2.386586e-01
-7.267443e-02
3.911100e-01
1.022326e-01
-2.315942e-01
2.274781e-01
1.353023e-01
5.939795e-02
9.848047e-03
-6.573725e-02
-1.088525e-01
2.285949e-02
-1.723697e-01
1.790920e-02
5.246962e-03
-1.379207e-01
3.969125e-02
-2.757826e-02
6.347844e-02
-1.124844e-01
-7.777698e-02
8.152556e-02
