-2.296097e-02
-1.186882e+00
5.273353e-02
5.376000e+01
1.749332e+02
-1.773314e+01
3.544975e-04
1.843448e+04
-1.739083e+04
-1.824417e+05
4.092466e+04
4.451954e+04
2.399953e+04
6.379864e+04
-1.333153e+05
-7.059736e+04
-1.117110e+05
-3.320721e+04
5.664195e+04
-8.496837e+03
6.206639e+03
1.244125e+04
-3.111653e+04
8.382084e+03
4.234865e+04
5.266312e+04
-3.896548e+04
3.320907e+04
-5.347303e+04
-5.081929e+04
3.919655e+04
5.103006e+04
-9.608389e+03
7.452341e+03
-3.382625e+04
-2.715299e+04
-2.524164e+04
-1.901081e+04
1.837335e+04
-1.234963e+04
-8.226231e+03
-5.273445e+03
-1.471065e+03
1.278854e+03
2.066047e+04
1.810458e+03
-1.611907e+03
1.005106e+04
-4.409622e+03
4.003987e+03
-6.511508e+03
3.323093e+03
5.068514e+03
2.108824e+03
1.067074e+04
9.063829e+02
1.082489e+03
-3.438403e+02
3.510156e+03
-4.790916e+02
-1.176698e+03
3.440178e+03
-4.256323e+02
1.650415e+03
1.883980e+03
3.114363e+03
4.087637e+03
-6.445313e+03
7.840869e+02
4.419604e+03
2.856682e+03
2.695403e+02
-2.244354e+03
4.565360e+03
-1.853291e+03
4.939793e+02
1.781058e+02
7.225670e+02
-2.163673e+03
-2.267541e+03
3.003096e+03
1.530806e+03
4.327949e+02
2.170249e+03
2.335888e+03
1.758688e+03
-2.611396e+03
-3.411024e+02
-1.278622e+03
4.830978e+02
-1.727910e+03
1.663438e+03
4.867052e+02
-2.492545e+02
-1.710890e+03
-9.774283e+01
8.429484e+02
-1.263617e+01
1.529701e+03
1.848598e+02
-2.327511e+02
1.542434e+02
6.103964e+02
-4.613716e+02
-7.484899e+02
-3.719883e+02
-6.545692e+02
2.213286e+02
1.798905e+02
6.368379e+02
-5.382730e+02
1.851916e+02
-9.038651e+02
4.093620e+02
1.582918e+02
1.838813e+02
-3.444733e+02
8.774698e+01
5.018276e+02
8.119851e+02
-1.641048e+02
6.477230e+02
9.700696e+01
2.016521e+01
-4.469497e+02
2.430522e+02
-2.123431e+01
5.492430e+02
-8.148663e+01
2.321508e+02
4.853251e+01
4.961992e+02
-1.464258e+00
1.834391e+02
-5.278051e+01
-2.403321e+02
2.315521e+01
1.166650e+02
1.428012e+02
-1.692868e+02
-1.265564e+02
1.711367e+02
-1.993185e+02
-2.502358e-01
1.171467e+02
4.922802e+01
-2.561168e+02
3.022872e+01
1.771296e+01
-2.249134e+01
-5.178859e+01
7.889357e+01
-4.485889e+01
-7.865020e+01
-1.818554e+02
-1.397014e+02
1.498899e+02
-1.521406e+02
2.328889e+02
-8.905653e+01
-7.661899e+00
1.931720e+01
3.254945e+01
-1.253911e+02
2.167789e+01
-4.484848e+01
-1.456709e+01
1.550386e+02
1.378051e+02
-7.066151e+01
3.073773e+01
-6.189491e+01
-1.374503e+02
5.114157e+01
-4.724724e+01
1.861224e+01
6.220314e+01
2.289346e+01
-1.821443e+01
9.374321e+01
-1.193243e+01
8.318557e+01
2.101681e+01
4.913901e+01
2.805712e+01
-1.874725e+01
-7.515527e+01
-1.476808e+01
-1.280878e+01
9.232100e+00
5.099841e+01
4.253736e+01
1.309532e+01
-2.704351e+01
4.588369e+01
1.873036e+01
3.890652e+01
-2.386538e+01
2.291624e+01
-5.498194e+01
-1.287914e+00
-1.742413e+01
1.422280e+01
2.719352e+01
2.501774e+01
5.192579e+00
-6.224480e-01
2.217458e+00
7.089298e-03
-4.636000e-01
8.455865e-02
-3.195050e-01
6.602895e-02
-4.287564e-01
-4.218192e-03
-5.689546e-01
1.888388e-01
1.411301e-01
2.442386e-01
-4.860367e-02
-9.340148e-02
-3.890319e-02
3.423237e-02
1.050356e-01
9.683259e-02
7.918491e-02
6.208301e-02
9.228361e-02
1.678808e-01
-1.645116e-02
1.187144e-01
-3.114076e-02
-5.282179e-02
5.984343e-02
-7.964925e-02
