-4.418530e-01
-1.509363e+00
5.947887e-01
5.376000e+01
1.766499e+02
-1.119880e+01
3.403080e-04
-9.998062e+04
2.337623e+05
-1.232883e+05
-2.172893e+05
9.145561e+03
-1.740795e+05
3.228365e+04
-3.174701e+04
-7.867719e+04
1.467750e+04
-2.672811e+04
5.641635e+04
-5.026286e+04
1.083481e+04
1.009488e+04
2.389804e+04
1.025683e+04
3.078602e+04
4.501055e+04
1.967365e+04
-2.102630e+04
-2.260276e+04
-4.535653e+04
1.499451e+04
-3.369289e+02
-1.302055e+04
-2.632778e+03
-1.834412e+04
-8.284869e+03
-4.846978e+03
-1.883518e+04
8.085016e+03
-6.897465e+02
-5.736732e+03
-1.357313e+04
9.146176e+03
-5.253210e+03
-4.448480e+03
-1.012309e+03
1.477291e+04
-7.382663e+02
-4.618417e+03
-8.576108e+02
-8.582995e+03
-7.313583e+03
1.222722e+03
2.826938e+03
1.505442e+02
6.934893e+02
3.573444e+03
5.373293e+03
4.510790e+03
-4.002749e+03
-6.073787e+03
1.480098e+03
1.603997e+03
1.910949e+02
-1.225154e+02
7.952677e+02
1.702284e+03
4.384354e+03
-1.603858e+03
2.367544e+03
3.266266e+03
3.089848e+03
2.058169e+03
9.065949e+00
-6.331542e+02
-1.117869e+03
-2.956754e+03
-4.597848e+02
-4.350564e+03
-9.203955e+02
7.833467e+02
-1.627896e+03
7.346501e+02
-1.515580e+02
2.583878e+03
2.663553e+02
-1.820307e+03
-1.709490e+02
-1.732028e+02
1.704732e+03
8.522555e+01
1.430863e+03
-3.227571e+02
1.046208e+03
-9.447401e+02
4.656647e+02
8.478962e+02
-7.918107e+02
-7.659857e+02
-6.724511e+02
-4.708866e+02
-1.436508e+02
9.635223e+02
-4.609196e+02
-1.683317e+02
-8.694775e+02
-9.422540e+01
1.331288e+03
5.290997e+02
4.249681e+02
8.010040e+01
-6.731318e+02
-3.348036e+02
-2.241770e+02
2.956376e+02
1.406951e+02
-3.637256e+02
-2.916350e+02
-6.894910e+02
5.657820e+02
1.820884e+02
5.485455e+02
-2.458879e+02
-1.254626e+02
3.999957e+02
-1.193498e+01
-1.174020e+02
-1.270939e+02
-3.965986e+02
1.747762e+02
1.589127e+02
3.399352e+02
-7.448522e-02
1.563143e+02
-2.453866e+02
-2.171462e+02
5.769934e+01
-2.497821e+02
-4.569660e+01
-1.132485e+02
-2.816739e+02
-2.145023e+02
2.029159e+02
1.231619e+02
2.752074e+01
1.177657e+02
-1.811174e+02
-2.689917e+02
-9.278361e+01
2.295203e+02
2.536453e+02
2.163490e+02
-1.274923e+02
-8.922598e+01
1.637207e+01
4.947121e+00
2.632610e+01
-3.293270e+01
1.573644e+02
5.506660e+01
-3.167675e+01
3.222623e+01
-8.541019e+01
-3.152298e+01
-1.576253e+02
4.286284e+01
-1.843838e+01
1.450742e+02
-1.407665e+02
-8.445019e+01
3.107420e+01
7.157850e+01
6.192880e+01
4.475849e+01
-6.945671e+01
-1.610997e+01
1.249594e+02
7.569529e+01
-3.063874e+01
6.991513e+01
9.616770e+00
1.203537e+01
-2.754060e+01
-5.266471e+01
9.200422e+01
-5.509164e+01
-2.479711e+01
8.279116e+01
-5.731007e+01
-3.378924e+01
3.307813e+01
8.890433e+00
2.501288e+01
-1.613882e+00
8.195436e+00
-1.953107e+01
1.706459e+01
6.841653e+01
-4.164558e+01
2.169679e+01
1.129150e+01
-2.028067e+01
4.085773e+01
-1.800235e+01
9.414400e+00
1.055702e+01
-1.010077e+00
-1.111756e+00
7.366197e-01
-3.243735e-01
1.019615e-02
-1.783738e-03
3.180122e-02
-7.324152e-02
1.832956e-01
6.550733e-02
7.149395e-01
3.700559e-01
1.930663e-01
-1.007553e-01
9.158593e-03
-1.176668e-01
3.585394e-02
-1.267192e-01
-1.187486e-01
2.050325e-01
-2.994865e-01
1.690527e-01
-4.161467e-02
-2.582366e-02
1.695789e-01
2.190927e-02
-3.115719e-02
3.915367e-02
-4.538418e-02
