-7.306162e-02
-4.881850e-01
9.896687e-02
4.408889e+01
1.793763e+02
-2.431584e+01
3.545505e-04
-1.149766e+05
-2.581632e+05
2.075150e+05
4.897465e+04
2.953649e+04
6.612441e+04
-5.935391e+04
7.465192e+03
-1.589458e+05
4.351828e+03
-4.264903e+04
2.819158e+04
3.081635e+04
-2.922960e+04
-3.148765e+04
-1.999905e+04
3.532985e+04
2.079544e+04
-2.072069e+04
-8.993300e+03
1.006682e+04
-1.315317e+04
1.898564e+04
-5.969230e+04
2.638419e+04
-3.589807e+04
-2.957282e+04
8.689851e+03
2.111856e+03
7.035073e+02
-1.578825e+04
1.140425e+04
6.994731e+03
1.359116e+04
-1.495229e+03
-1.384373e+04
3.637879e+03
2.284199e+04
7.216213e+03
-4.008219e+03
5.102502e+03
-2.871715e+03
1.945286e+03
1.164838e+04
-2.500432e+03
4.435819e+03
-9.217046e+03
-1.107009e+03
-1.412236e+02
1.799692e+03
5.352308e+03
3.470896e+03
-5.792691e+03
-1.088409e+03
-2.681438e+03
-2.757141e+03
-2.497785e+03
-3.623903e+02
4.140531e+03
2.041080e+03
4.534963e+03
-7.256795e+03
2.763286e+03
1.825960e+03
1.049682e+03
-1.195644e+03
1.153746e+03
1.070882e+03
2.044565e+03
2.683319e+03
-6.471481e+01
-3.038892e+03
4.143491e+02
-2.156608e+03
6.516974e+02
-6.697733e+02
1.927320e+03
1.584217e+03
2.435749e+03
-1.769895e+03
-3.794565e+02
-4.525467e+02
-9.300687e+02
-5.631021e+01
6.211703e+02
2.851227e+03
1.609576e+03
-5.363818e+02
5.587764e+02
1.267187e+03
-1.105126e+02
7.130522e+02
1.720685e+02
-6.823456e+02
-5.327775e+02
3.189832e+02
-9.973272e+02
4.210255e+02
-2.217350e+02
8.864264e+02
3.009871e+02
1.177460e+03
1.572634e+03
1.421210e+02
1.679799e+03
-2.993994e+02
5.913762e+02
-3.172250e+02
-8.275971e+01
-3.652371e+02
-5.440607e+02
-1.139108e+02
4.963029e+02
3.418823e+02
5.222312e+01
-5.796983e+02
4.044807e+02
1.376830e+02
-5.073124e+02
-9.584553e+01
2.554440e+02
9.302013e+01
-3.515163e+02
-8.823088e+01
5.353649e+02
-3.218577e+01
1.672149e+02
-3.403057e+02
4.470550e+01
2.107184e+02
-5.224654e+01
2.143413e+01
6.705622e+01
7.803377e+01
1.338840e+02
-1.254495e+02
2.361140e+02
-1.654270e+02
1.860593e+02
1.898121e+02
-5.844780e+01
5.842309e+01
3.278365e+02
1.303144e+02
-1.381606e+00
7.930132e+01
8.291995e+01
-1.806195e+02
5.257266e+01
1.089003e+02
1.767115e+02
-6.348995e+01
-2.839721e+02
1.766766e+02
6.436014e+00
9.673364e+01
-5.683928e+00
2.409163e+01
-8.924970e+01
2.137728e+01
1.030562e+02
-1.175960e+02
3.444908e+01
1.111433e+02
7.274999e+01
5.491896e+01
-2.438878e+01
-2.023092e+01
-9.031796e+01
-2.821574e+01
-1.034508e+01
-8.352768e+01
4.971425e+01
5.247326e+01
8.950262e+01
-5.877898e+01
-9.648274e+00
3.165955e+01
1.685292e+01
1.293323e+02
4.184235e+01
-4.996845e+01
3.373591e+01
3.001654e+01
3.353995e+01
-5.493348e+01
7.513681e+01
5.374162e+01
2.608636e+01
-6.983299e+01
-6.534465e+01
-3.306175e+01
-1.315196e+01
-2.218287e+01
-5.432896e+01
-1.281076e+01
-4.042310e+01
4.833029e+01
1.717232e+01
-1.419907e+00
7.057168e-01
-1.451086e-02
4.408446e-01
3.836421e-02
-4.870944e-01
-4.227442e-01
-2.971408e-01
3.473355e-01
-4.559460e-01
-2.106235e-01
-5.371461e-01
1.028182e-01
7.787330e-02
5.441195e-02
9.335786e-02
-2.808157e-02
-1.295789e-01
-6.747451e-03
-1.889220e-01
7.824577e-02
-5.041621e-03
-5.941174e-03
-7.040048e-02
2.826543e-02
1.529152e-02
-1.589793e-02
-9.791249e-02
-3.040854e-02
