-2.266423e-01
7.487661e-01
9.604284e-02
4.778667e+01
1.800671e+02
-1.855266e+01
3.317648e-04
1.603124e+04
-5.664886e+05
3.524570e+05
4.813888e+05
-4.007757e+04
5.086556e+05
-2.144657e+05
-1.376968e+05
-4.435615e+04
3.941786e+04
2.556660e+05
3.553151e+04
-4.494589e+04
-3.438000e+04
-4.644563e+03
6.811200e+03
4.520812e+04
8.254407e+04
-9.608424e+04
-4.988375e+04
2.519759e+04
-8.012045e+03
8.240962e+04
-1.547512e+05
1.027979e+04
2.485824e+04
-3.749683e+04
2.714904e+04
2.288917e+04
-1.214562e+04
1.432998e+04
1.237029e+04
-1.485854e+04
6.213386e+03
3.589625e+03
6.953133e+03
2.589662e+04
-2.994881e+03
-1.537936e+04
-8.003630e+03
1.696304e+03
2.083925e+03
2.089964e+03
7.675079e+03
-2.924434e+03
-4.858583e+02
-1.398996e+04
-5.532063e+03
-4.455899e+02
-6.422162e+03
2.757468e+03
-8.668629e+03
-8.291689e+03
-2.749561e+03
-4.624508e+03
-3.746458e+03
-1.485262e+04
1.956122e+03
5.475820e+03
1.664549e+03
2.106466e+03
-7.730213e+03
-8.793570e+02
2.522504e+03
1.495398e+03
-5.627938e+03
2.606555e+03
2.724598e+03
2.979922e+03
9.671637e+03
-1.762215e+03
-2.927318e+03
2.574301e+03
-1.281875e+03
3.682242e+01
-4.491931e+03
1.455148e+03
-1.734765e+03
5.412523e+03
2.490945e+03
3.888133e+03
-1.355973e+03
-6.198116e+02
-1.611330e+03
-7.150481e+02
2.692249e+03
1.894637e+03
-1.409699e+03
5.160941e+02
1.963762e+03
1.121453e+02
1.788954e+03
2.212882e+03
-9.451519e+02
-6.280464e+02
-2.747103e+02
5.224908e+01
1.590336e+03
-1.123555e+03
3.188095e+03
-1.213120e+03
1.077498e+03
8.501868e+02
-1.616084e+01
1.982032e+03
6.503431e+02
9.209734e+01
-1.582639e+03
6.310209e+02
3.911495e+02
1.215323e+02
2.108212e+02
3.157927e+02
-1.278344e+02
-6.900363e+02
-3.396544e+02
9.483243e+02
-8.126954e+02
-5.683123e+02
-2.131421e+02
8.207354e+02
5.023981e+02
-1.028973e+03
-1.640996e+02
1.780991e+02
1.069564e+03
2.972478e+01
3.202491e+02
-3.247649e+02
4.737362e+02
-3.969745e+01
1.055842e+02
-5.660449e+00
3.726581e+02
4.381012e+02
-4.532845e+02
2.485872e+02
1.059096e+02
-3.002822e+01
3.358033e+02
-2.959848e+02
5.856561e+02
1.237111e+02
-2.117270e+01
-2.621619e+02
1.972678e+02
1.111153e+02
-2.999149e+02
7.757048e+01
2.158960e+02
4.201565e+01
-5.428331e+02
-1.459674e+02
2.860343e+02
-9.566261e+01
1.246142e+02
2.244960e+02
3.202764e+02
-6.954914e+01
6.591183e+01
9.413845e+01
1.369646e+02
6.423496e+01
7.322912e+01
1.935128e+02
-3.625370e+01
-8.724486e+01
-8.533935e+00
-1.596656e+02
-1.120620e+02
-9.022125e+01
-2.003744e+00
6.229615e+01
1.440956e+02
2.188000e+01
-1.162049e+02
6.040767e+01
9.578307e+01
7.903071e+01
3.768555e+00
-6.557275e+01
-4.029434e+01
5.589211e+01
1.129692e+01
3.658348e+01
-9.801512e+01
1.342889e+02
1.175078e+02
3.168224e+01
-4.248943e+01
-1.419991e+02
2.027194e+00
-6.103056e+01
3.612256e+00
-3.319674e+01
8.324183e+00
-6.456699e+01
5.681479e+01
2.476847e+01
4.018061e-01
2.068935e+00
-5.149518e-01
3.839981e-01
2.234872e-01
-4.137272e-01
-1.964865e-01
3.922199e-01
-1.110149e-01
-1.365369e-01
-6.173991e-01
-1.133340e+00
-1.427796e-01
2.758950e-01
-3.020139e-02
6.075415e-02
-9.748067e-02
-4.600229e-02
5.597299e-03
-4.868907e-01
3.532971e-01
-1.321849e-01
-2.913722e-01
1.990933e-01
4.744544e-03
1.378653e-01
-6.868369e-02
-1.568986e-01
3.791665e-02
