5.306274e-02
1.461236e+00
1.315110e-01
5.745778e+01
1.737052e+02
-9.180128e+00
3.485381e-04
-4.954241e+04
-2.324221e+05
3.113992e+05
-2.487281e+03
-4.109767e+04
1.410028e+05
-8.912670e+04
1.093222e+05
-2.963488e+04
-1.379633e+04
6.440784e+04
3.749539e+04
-9.270393e+03
-9.669862e+03
3.822242e+04
-1.164959e+04
-1.208904e+04
2.100041e+03
-5.196891e+04
-3.192578e+04
-5.058172e+03
-2.879033e+04
2.722280e+04
-3.510848e+04
-1.322143e+02
-1.293408e+04
-9.153928e+03
4.198196e+03
1.328411e+04
-1.981963e+03
4.539959e+03
2.057824e+04
-6.567298e+02
1.033248e+04
4.608230e+03
-9.532094e+03
3.920344e+03
3.048237e+03
-7.542043e+02
-2.458492e+03
8.012333e+03
-6.882951e+03
-2.414046e+02
3.064606e+03
6.255708e+02
3.793450e+03
-4.575073e+03
-7.800841e+02
1.563308e+03
1.451095e+03
5.038204e+03
-2.792210e+03
-6.520003e+03
-2.185067e+03
-1.447584e+03
-2.013645e+03
-8.025859e+02
6.177612e+02
3.049812e+03
2.916320e+03
-9.605124e+01
-2.645293e+03
2.096171e+03
7.800595e+02
4.292874e+02
-6.217009e+02
2.727887e+03
1.645268e+03
8.038624e+02
3.643255e+03
1.945828e+03
-2.493246e+03
-6.861943e+02
-3.085535e+02
5.242652e+02
-1.108012e+03
1.015189e+03
7.689139e+02
2.573713e+03
-4.704420e+02
7.281392e+02
4.040325e+01
-4.958250e+02
-3.646825e+02
4.306331e+02
2.132439e+03
1.244033e+03
-3.978325e+02
6.378392e+02
1.271786e+03
8.790584e+01
9.451194e+02
1.059909e+03
-7.435557e+02
3.884250e+01
-1.987615e+01
-1.065502e+03
2.373280e+02
8.864701e+01
1.336245e+03
-3.605408e+02
5.230731e+02
9.778335e+02
4.126296e+02
1.012435e+03
-3.874254e+02
6.775904e+02
-4.108433e+02
7.389328e+01
5.662658e+01
-1.640988e+02
-1.550662e+02
5.534056e+02
-2.325544e+02
-7.254873e+01
-2.522195e+02
6.298502e+02
-4.401299e+02
-2.062031e+02
-1.828626e+02
3.809701e+02
6.737345e+00
-2.118151e+02
-4.108039e+01
4.865579e+02
3.301661e+02
1.395126e+02
-2.197641e+01
-1.378996e+01
1.613742e+02
-2.679795e+00
-8.872703e-01
-5.954165e+01
-2.766358e+01
2.776357e+02
-1.670859e+02
1.617528e+02
-6.233358e+00
-2.492194e+01
2.622607e+01
-5.439249e+01
1.600470e+02
8.480971e+01
-1.281430e+02
-3.636897e+01
-1.882271e+01
5.997008e+01
-1.315847e+02
-1.164988e+02
1.335988e+01
1.611913e+02
-1.316344e+02
-9.011569e+01
1.862173e+02
9.133703e-01
4.780528e+01
6.414764e+00
8.556283e+01
-2.476631e+01
5.180912e+00
1.099847e+02
5.711739e+01
5.828462e+01
9.393734e+01
6.979996e+01
-2.636485e+01
3.175199e+01
7.141221e+01
-9.845438e+01
-5.096976e+01
-2.451235e+01
-7.883337e+01
5.450776e+01
2.909561e+01
6.257607e+01
-3.953938e+01
-1.095383e+01
6.889923e+01
-3.673651e+01
5.439019e-01
-3.565190e+00
-1.351268e+01
7.697041e+00
5.843475e+01
4.773826e+01
-2.016285e+01
-1.642955e+00
6.910588e+01
5.852772e+00
-1.556062e+00
-3.081901e+01
-1.572026e+00
-2.637663e+01
1.954302e+01
-2.919235e+01
5.361407e+00
-6.476210e-01
1.939917e+01
9.502066e+00
-2.489340e-01
2.187497e+00
-1.524124e-01
2.667579e-01
-9.031166e-02
-4.657359e-01
8.202550e-02
1.475054e-01
1.324590e-02
-3.708225e-01
-1.289194e-01
-2.115327e-01
1.687909e-01
6.187161e-03
6.839672e-02
1.349775e-01
3.967806e-02
6.795706e-02
6.769928e-02
-8.726608e-02
9.457252e-02
2.928746e-02
-3.813180e-03
-5.040317e-03
1.617004e-02
7.619593e-02
-1.012330e-02
-3.744978e-02
-8.902803e-03
