-4.719246e-01
-1.148576e+00
1.470931e-01
5.660444e+01
2.007514e+02
-1.309669e+01
3.689142e-04
-1.236594e+05
3.974475e+04
2.225965e+05
1.100899e+05
-4.996280e+04
-1.252587e+04
-1.286246e+05
1.071662e+05
-9.993029e+04
1.476628e+05
3.715861e+04
4.425760e+02
-1.313586e+05
-5.915845e+04
-1.103833e+05
6.749630e+04
-6.803516e+04
-1.506025e+04
-5.486557e+04
1.567296e+04
-3.976611e+04
-2.208696e+04
-2.552500e+04
-5.371762e+04
-3.218014e+04
1.473471e+04
-7.116968e+03
5.513596e+03
-4.925343e+03
2.890940e+03
1.613362e+04
-2.836422e+04
-1.987006e+04
-2.018267e+03
-1.306775e+04
-2.197969e+03
-9.445911e+03
1.637340e+04
-1.295044e+04
1.007471e+02
3.972472e+03
-8.038068e+03
-2.233705e+03
3.343762e+03
-2.878666e+03
6.038267e+02
3.223860e+03
-8.788576e+03
4.427368e+03
-2.703494e+03
1.227208e+04
1.327792e+03
-1.061419e+04
-4.196443e+03
-1.728379e+03
-1.854854e+03
-5.637470e+03
1.981225e+03
2.035941e+03
6.343645e+03
9.404102e+02
-5.140059e+03
3.209714e+03
9.169455e+03
5.879183e+03
-3.012836e+03
-2.224035e+03
-8.044664e+02
2.380882e+03
1.829118e+03
2.286831e+03
-6.615015e+03
-8.196512e+02
1.094954e+03
-1.619278e+02
-6.633110e+02
8.974120e+02
3.684080e+03
1.797375e+03
-2.593060e+02
-1.957215e+02
-1.156372e+03
1.158802e+03
-2.895290e+02
-2.328304e+03
1.596750e+03
1.474857e+03
-1.387379e+03
1.184757e+03
1.214555e+03
-1.894789e+02
-2.646051e+02
7.455702e+02
-6.736159e+02
-8.544406e+01
-3.038156e+02
-2.058700e+02
9.224266e+02
-6.111041e+02
1.011259e+03
1.466458e+02
2.460069e+02
-2.771464e+01
-5.534188e+02
1.542108e+03
-1.241495e+02
6.066034e+02
-3.647557e+02
-7.073925e+02
-7.780021e+02
3.323998e+02
-6.263864e+02
8.724585e+01
-6.323965e+02
-2.411895e+02
-5.007313e+02
6.099940e+02
7.775812e+02
-4.888632e+01
-2.247451e+02
2.389516e+02
-2.592005e+02
-9.853112e+01
3.691967e+02
2.155630e+02
1.128549e+02
1.652027e+02
-5.139869e+01
-6.448251e+01
6.688860e+02
-3.393846e+01
1.751534e+02
3.226048e+02
1.278701e+02
-2.483383e+02
6.075093e+01
-5.371291e+01
3.362045e+01
2.583541e+02
-8.973920e+01
-2.164025e+02
5.829045e+00
2.210162e+02
1.972360e+02
7.251349e+01
2.362719e+02
1.689667e+02
-1.961167e+02
-7.600655e+01
1.746004e+02
1.402226e+02
-1.984091e+02
9.703658e+00
1.950892e+02
-2.865222e+01
6.805199e+00
9.326227e+01
2.998845e+01
-7.900677e+00
-9.288665e+01
7.003216e+01
-1.660239e+02
7.745857e+00
2.340055e+01
1.905025e+02
4.579205e+01
2.447690e+01
-5.187275e+01
5.390006e+00
2.271817e+01
-7.010868e+00
-8.115004e+01
-9.159945e+01
2.292343e+01
-2.875677e+01
3.012480e+01
5.347651e+01
3.220409e+01
-4.641429e+01
1.682388e+01
4.204837e+01
-8.784735e+01
-5.167694e+01
9.457636e+00
4.963785e+01
8.396139e+00
6.183589e+01
4.938483e+01
-4.979555e+01
-7.581577e+01
-2.317946e+01
-1.001159e+01
2.443093e+01
2.545983e+01
-5.474212e+01
3.564865e+01
-5.573383e+01
2.516420e+01
3.251455e+01
-1.270326e-01
-6.000059e-01
6.332821e-01
3.506342e-01
-9.615232e-03
2.912246e-01
4.757912e-02
-4.187419e-01
-4.744694e-02
-3.700199e-01
-2.193427e-02
-5.883451e-01
6.946373e-03
-1.473376e-02
-2.915232e-02
1.602279e-01
-5.515930e-02
-8.090606e-02
4.432901e-02
-2.318763e-01
-3.081995e-02
2.499914e-02
-1.523213e-01
-4.317001e-02
-5.809865e-02
-3.013210e-03
-2.088393e-02
-8.457158e-02
3.666238e-02
