-1.207638e-01
1.294300e+00
-4.013438e-02
5.148444e+01
1.820906e+02
-1.178401e+01
3.323632e-04
-2.351031e+05
-9.967213e+04
1.864081e+05
-4.830185e+05
-1.627170e+05
9.346957e+04
-1.182991e+05
8.670229e+04
-2.876036e+05
5.295867e+02
-2.913085e+04
1.158933e+05
-4.413939e+04
7.527474e+02
3.626927e+04
5.390231e+03
1.182185e+04
-6.482707e+03
-2.602955e+04
-2.105783e+04
-3.788242e+04
-2.268704e+04
-1.376509e+04
-4.367592e+04
-2.652200e+04
-3.026926e+04
-9.010523e+03
1.592640e+04
1.268618e+04
5.538950e+03
2.748199e+03
1.175268e+04
1.025233e+04
2.379171e+04
-2.422732e+04
1.899461e+02
-2.020659e+04
-1.037352e+04
8.716070e+03
2.038741e+04
2.219719e+03
-1.611370e+04
-4.684322e+03
5.713748e+03
-5.366542e+03
8.877763e+03
-6.346064e+03
-8.118027e+03
8.659707e+03
3.287834e+03
7.251613e+03
-9.312341e+02
-8.691374e+03
-4.583562e+03
3.689215e+03
-2.789006e+03
-2.190817e+03
2.844273e+03
3.149636e+03
4.903723e+03
1.011838e+04
-1.980807e+03
8.962885e+02
-3.716285e+02
2.564368e+03
3.833286e+03
9.050161e+00
2.372560e+03
-1.583602e+02
3.169818e+03
2.945891e+02
-5.159583e+03
-5.318767e+02
-1.020159e+03
4.562944e+02
-2.429588e+03
5.614544e+02
1.724580e+03
2.192479e+03
3.312167e+02
-1.718636e+02
2.061577e+02
6.791915e+02
8.251473e+02
1.060499e+03
2.102231e+03
1.523949e+03
-6.893239e+02
1.151982e+03
2.611678e+03
-3.123588e+02
5.974609e+02
5.803185e+02
-6.118704e+02
2.385124e+01
-3.349743e+02
-1.263416e+03
5.894154e+02
-1.238728e+02
1.431439e+03
9.392416e+02
6.459374e+02
9.363663e+02
1.106792e+03
7.819275e+02
-5.000418e+02
3.714218e+02
7.686673e+02
-2.522044e+01
-1.802560e+02
-5.985062e+02
-6.951966e+02
6.005421e+02
-7.544632e+01
4.062862e+02
-1.438011e+02
1.837475e+02
3.565940e+02
-3.439009e+02
-2.648212e+02
2.648620e+02
-1.673550e+02
-5.358909e+02
-9.659171e+01
2.864390e+02
-3.306234e+02
9.117513e+01
-2.987554e+02
-1.871876e+02
3.196501e+02
-3.344761e+02
1.638281e+00
-1.972672e+01
-3.095745e+02
1.331309e+02
-4.677830e+01
2.084603e+02
-1.879260e+02
1.667466e+01
2.160013e+02
-4.915762e+01
-1.797053e+02
1.333380e+02
1.103993e+02
2.319035e+02
-8.581734e+01
-4.871539e+01
1.284040e+02
-9.363474e+01
-1.574943e+02
1.750437e+02
-1.030558e+02
-7.741014e+01
1.461151e+02
-9.316698e+01
-7.565238e+00
-5.587515e+01
-8.631941e+01
4.610041e+01
-8.778185e+01
1.393577e+02
-9.846964e+01
-3.378125e+01
9.402164e+01
1.099106e+02
1.110043e+02
1.065321e+02
6.387835e+01
-1.098029e+02
-4.159458e+01
-5.835292e+00
-7.432474e+00
5.087069e+01
8.170132e+01
1.470784e+01
-7.108752e+01
3.074521e+01
9.406284e+01
-3.923316e+01
4.186631e+01
9.071371e+01
-1.238410e+02
2.783606e+00
2.511552e+01
7.803724e+01
-1.808085e+01
-3.324076e+01
9.687948e+00
1.649291e+01
-2.990028e+01
1.138481e+01
-2.046733e+01
3.488370e+00
5.781034e+00
-5.690819e+01
5.621357e+01
-3.586174e+01
-5.087874e+00
2.071831e+01
-2.554068e+00
1.754737e+00
-1.976181e-01
4.515378e-01
2.710604e-01
-4.337023e-01
-2.879792e-01
-1.784169e-01
-2.232969e-01
-3.642375e-01
5.922977e-01
2.511104e-01
1.195471e-01
-1.468675e-01
3.845409e-01
-3.229159e-02
-5.287778e-02
-4.576994e-02
3.605956e-02
2.388913e-01
-9.062059e-02
9.339002e-02
2.333377e-02
-1.420811e-01
2.456728e-01
1.538693e-01
-2.783336e-02
-1.851189e-02
5.907182e-02
