2.553702e-01
-1.069451e+00
-2.684640e-01
4.949333e+01
1.531732e+02
-1.397881e+01
3.269871e-04
-4.697929e+04
-7.780728e+04
-1.203167e+05
2.515105e+05
-1.149374e+05
1.112200e+05
-1.370260e+05
1.719939e+04
-1.087896e+05
1.893142e+04
-4.523684e+04
3.634122e+04
3.236249e+04
-5.406604e+04
9.080412e+03
1.125997e+05
-3.041436e+04
4.765250e+04
-3.240746e+04
1.723312e+04
-5.750485e+04
-3.689219e+04
6.426047e+04
-4.910462e+04
1.836792e+04
-5.567397e+03
-1.930104e+04
4.852495e+04
1.012143e+04
3.253155e+04
-5.840650e+02
-2.394702e+04
-1.845069e+04
-2.726128e+04
-2.869104e+03
2.178089e+03
8.183077e+03
9.610827e+03
-1.362902e+04
1.230952e+02
-2.518287e+03
1.127859e+04
-4.589202e+03
-2.456936e+03
-8.929326e+02
1.098445e+03
2.714061e+03
-1.187607e+04
2.059632e+03
-1.150539e+03
1.147441e+04
-3.363386e+03
-8.845195e+03
4.391508e+03
-4.368906e+03
-5.791408e+02
-6.834098e+03
5.060085e+03
2.710366e+03
4.198866e+03
-1.068250e+03
-2.824233e+03
1.091838e+03
3.329329e+03
1.003742e+03
-3.765218e+03
-1.951943e+02
4.688774e+02
1.108784e+03
1.422929e+03
2.292411e+03
-4.088880e+03
-8.459940e+02
7.557582e+02
-2.754759e+02
-1.075965e+03
-6.071979e+02
4.427058e+03
8.026635e+02
-2.209474e+03
4.658000e+02
-1.222905e+03
4.471197e+02
-1.093821e+03
-1.565500e+03
8.426263e+02
1.238723e+03
-2.827470e+03
1.488181e+03
3.570529e+02
1.649630e+03
1.160289e+02
-1.757032e+02
-1.169542e+03
6.092316e+02
-1.440041e+02
-4.474994e+02
2.824622e+02
5.646489e+02
2.176135e+02
5.849791e+02
-7.092614e+02
6.962825e+02
-7.298749e+02
7.801384e+02
-3.539988e+02
1.304805e+03
-1.343525e+02
-7.683062e+02
2.800589e+02
4.988589e+01
1.468253e+01
2.658680e+02
-1.013273e+03
-8.666902e+02
-5.165344e+02
1.746766e+02
1.297127e+02
-1.463080e+02
-1.107742e+02
3.942328e+02
4.467677e+01
1.165706e+02
3.297433e+02
4.144246e+02
6.961974e+02
5.541304e+02
-4.011427e+02
2.971196e+02
7.985304e+02
-7.110490e+01
1.749410e+02
2.380003e+02
-3.841510e+01
-2.277662e+02
-7.635886e+01
3.169804e+01
1.331754e+02
1.888027e+02
8.240165e+01
-1.379851e+02
2.783459e+02
-1.571113e+02
-1.655640e+01
8.410542e+01
3.429718e+02
6.442204e+01
-2.778534e+02
-1.154374e+02
2.047817e+02
1.985124e+02
-2.061971e+02
-1.176786e+02
1.023900e+02
1.427204e+02
1.692580e+01
1.557793e+02
1.529921e+02
-8.386192e+01
-5.058178e+01
2.105980e+01
1.838353e+02
1.163194e+02
3.836570e+01
5.623436e+01
-6.171265e+01
7.751542e+01
5.036841e+01
-7.250284e+01
-5.467151e+01
-4.983918e+01
2.016643e+01
6.062918e+01
-1.685434e+01
-6.091721e+01
5.703911e+01
9.178844e+01
5.808298e+01
-8.113139e+01
-2.606478e+01
-3.392575e+01
-4.079685e+01
1.151750e+01
-3.934723e+01
-1.253567e+00
1.147743e+01
6.150881e+01
1.503751e+01
-7.977650e+00
4.533676e+01
9.483357e+00
-1.429818e+00
5.573416e+00
1.644062e+01
-3.133767e+00
4.956710e+01
2.113570e-01
2.338529e+01
2.979210e+01
-2.961368e-01
2.432115e+00
-5.392309e-01
7.090575e-01
-3.233521e-01
1.460137e-01
7.778624e-02
-9.818612e-01
-9.191587e-02
-8.084965e-01
-4.702679e-01
-2.994039e-01
1.523563e-01
1.533809e-01
-3.113324e-01
1.267412e-01
1.019968e-01
-3.506410e-02
-1.123158e-01
-2.262383e-01
-2.830473e-01
4.313368e-02
-2.175124e-02
5.132226e-03
-2.686145e-01
-2.286998e-02
2.791978e-02
-1.191968e-01
-7.962471e-02
