4.572838e-02
-5.127547e-01
4.519078e-01
4.437333e+01
1.606910e+02
-2.253096e+01
3.416488e-04
-1.664436e+05
-2.425646e+05
5.618780e+04
1.168818e+05
1.848435e+05
3.955247e+05
-1.729390e+05
1.784481e+04
-2.707989e+05
-3.406967e+03
1.267396e+05
7.071817e+04
329382
-3.085155e+04
1.162553e+05
1.202004e+05
4.317611e+04
5.965521e+04
-3.450440e+04
-7.126835e+03
9.653634e+04
7.540446e+03
5.319170e+04
-1.649710e+04
8.396646e+03
-4.324393e+04
1.526288e+04
5.333262e+04
1.447638e+04
3.006550e+04
-4.422918e+04
6.047851e+03
1.676124e+03
4.093679e+04
-3.180722e+04
-2.292183e+04
-9.092226e+03
4.615654e+04
-7.438357e+03
-1.050153e+03
2.182581e+04
2.399987e+04
8.402900e+03
1.020258e+04
1.669186e+04
1.807994e+03
-1.804444e+04
1.110291e+04
1.679096e+04
-1.009175e+02
1.559584e+04
-2.920013e+03
-1.205375e+04
1.075691e+04
-3.884657e+03
-4.624639e+03
-8.837382e+03
2.488739e+03
1.428838e+03
1.009662e+03
7.813370e+03
-1.851100e+03
-3.699754e+03
-1.600574e+03
5.469497e+03
4.074414e+03
2.107805e+03
4.407885e+02
-2.369035e+03
5.789759e+03
-3.202855e+03
-6.077152e+03
-5.097503e+02
-4.380670e+03
1.011280e+03
-3.952724e+03
2.187970e+03
-3.403890e+02
1.243918e+02
-7.696035e+03
4.987277e+03
-1.178724e+02
-3.664306e+03
9.913522e+01
1.102184e+03
6.374054e+03
6.559339e+02
-7.665576e+02
-1.294520e+03
3.907840e+03
1.029627e+03
-1.237251e+03
6.121912e+02
-1.780205e+03
-2.481092e+03
9.233992e+02
-1.766653e+03
1.430066e+03
-1.170217e+02
-9.451425e+02
1.799643e+03
4.137716e+02
3.289487e+03
6.176105e+02
1.889271e+03
-7.483513e+02
1.903449e+03
1.042505e+03
-6.706469e+02
4.763678e+02
-1.193804e+03
-3.120040e+02
9.791114e+02
3.965194e+02
-3.003281e+02
-9.208340e+02
8.125261e+02
-4.886480e+02
-9.571678e+02
6.722105e+01
7.765322e+02
8.089891e+02
-1.738686e+02
-5.771038e+02
3.536808e+02
-7.823225e+02
9.762296e+01
-3.126648e+02
4.962856e+02
6.757194e+02
-9.611988e+01
-1.717469e+02
8.388516e+01
-5.870564e+01
1.245264e+02
-1.177383e+02
6.781022e+02
-5.375013e+01
1.806917e+02
6.262055e+01
3.185672e+02
1.911980e+02
-3.752325e+02
4.274203e+02
6.147948e+01
-9.622119e+01
-8.195709e+01
-1.504484e+02
4.481430e+00
6.718992e+01
2.703999e+02
-3.528118e+02
-3.052267e+02
4.232647e+02
-1.363974e+01
-1.291780e+01
1.680872e+02
-3.436445e+02
-1.327233e+02
9.743893e+01
1.694210e+02
-1.751231e+02
4.040928e+01
-4.817144e+01
-2.468409e+01
2.156427e+02
1.396980e+01
7.596220e+00
-2.821855e+02
-5.406389e+01
-8.612903e+01
-5.617297e+01
4.517397e+01
-7.378569e-01
-7.856957e+01
4.088427e+01
7.224845e+01
-5.461226e+01
-7.882011e+01
1.102043e+02
7.532833e+01
-1.456190e+02
-1.529274e+01
-5.717709e+01
2.638162e+01
-2.426611e+01
9.582153e+01
-7.129983e+00
-6.233941e+01
2.918884e+01
4.866723e+01
-5.972935e+01
-2.552255e+01
-6.567166e+01
-6.748411e+01
-1.728272e+01
9.740640e+00
7.806240e+00
9.632494e+00
-9.626015e-01
1.060084e+00
8.363280e-03
3.866341e-01
3.187474e-01
6.808910e-02
-3.470703e-01
-4.592419e-01
3.469087e-02
-7.433142e-01
-3.881927e-01
-5.345356e-01
1.109108e-01
2.588141e-01
1.045847e-01
7.867714e-02
-2.250103e-02
-7.268493e-02
9.231198e-03
-3.527312e-01
6.211132e-02
1.394861e-01
1.771407e-01
2.183107e-02
-1.193713e-01
4.177560e-02
-2.113663e-01
-9.585322e-02
-1.020235e-01
