-6.006258e-02
-1.077641e+00
-2.098729e-01
5.233778e+01
1.751338e+02
-1.487589e+01
3.376726e-04
-3.580745e+04
-2.587846e+05
-3.194354e+05
6.287390e+04
-6.797459e+04
1.045825e+05
-5.467006e+04
-2.368245e+04
-9.658317e+04
-1.173657e+04
-5.585809e+04
5.673951e+04
1.069025e+04
-5.698294e+04
-2.860262e+04
6.652670e+04
-2.230051e+04
2.408453e+04
1.191197e+04
1.494935e+04
-1.309225e+04
-3.556936e+04
3.416157e+03
-3.677973e+04
-3.422324e+03
-1.625100e+04
-1.759862e+04
3.385232e+04
1.394104e+04
-6.933572e+03
7.973865e+03
-8.764533e+03
4.323487e+03
-1.790025e+04
-6.991811e+03
1.026495e+04
5.576366e+03
6.344594e+03
-8.239354e+03
6.175624e+03
-2.133010e+03
1.427430e+02
-3.405507e+03
-5.678276e+02
-5.797354e+03
-2.113475e+03
-2.832833e+03
-5.701202e+03
7.117028e+03
-1.864541e+03
8.133018e+03
1.279859e+02
-8.278480e+03
2.127442e+03
1.330132e+03
-2.026938e+03
-5.259080e+03
4.500827e+03
4.103000e+03
5.091072e+03
1.695880e+03
-3.258737e+03
-1.142786e+03
1.742473e+03
-1.612488e+03
-1.257487e+03
-6.152814e+02
1.213043e+03
1.528769e+03
5.941326e+02
1.587128e+03
-4.128228e+03
-2.036658e+02
1.756714e+02
1.707179e+01
1.907094e+02
-4.954445e+02
3.769665e+03
-1.831292e+02
-6.701243e+02
-1.750822e+02
-8.615063e+02
1.433672e+03
-2.530515e+02
2.340601e+02
7.166847e+02
9.897723e+02
-2.140071e+03
7.211804e+02
5.335929e+02
8.337120e+02
3.255470e+02
4.060238e+02
-9.985657e+01
2.303995e+02
3.829647e+02
-1.114473e+03
5.869763e+02
-2.234373e+02
7.010402e+02
2.092902e+02
-2.677751e+02
6.747560e+02
-2.377259e+02
6.226788e+02
-2.119851e+02
6.874578e+02
-1.174083e+02
-1.651929e+02
3.806916e+02
-2.185380e+02
-3.305462e+01
1.952025e+02
-3.569945e+02
-6.093019e+01
-3.853840e+02
2.284109e+02
2.113088e+02
-2.313195e+02
2.319629e+02
5.906057e+01
-1.049364e+02
1.179304e+01
3.320999e+02
3.032813e+02
2.213684e+02
2.307051e+02
-3.401829e+02
1.260369e+02
5.474965e+02
-3.515932e+02
2.166368e+02
1.282426e+02
-5.247216e+01
1.560867e+02
3.102416e+01
2.396982e+01
9.092437e+00
6.647144e+01
2.071972e+02
-2.999236e+02
4.614292e+01
9.640640e+00
-9.220281e+00
2.526527e+02
2.979761e+02
-6.102961e+01
-2.628433e+02
-1.121886e+02
7.887747e+01
7.252152e+01
-5.047648e+01
-1.812121e+02
-1.528293e+00
1.170800e+02
6.578237e+01
2.609258e+01
8.749578e+01
-1.733357e+01
2.652362e+01
6.118526e+01
4.280241e+00
1.266044e+02
5.670795e+01
6.726095e+01
4.558016e+01
4.344495e+01
4.990417e+01
-3.419950e+01
-7.312098e-01
1.143544e+01
1.159510e+01
4.053553e+01
2.622927e+01
-1.018648e+01
3.947230e+01
2.593287e+01
9.911437e+01
-5.739708e+01
1.956129e+01
9.934521e-01
-3.480781e+01
1.924884e+01
1.957511e+01
2.029151e+01
-5.668203e+01
3.940670e+01
-5.296820e+00
-3.047029e+00
-9.091108e+00
1.291164e+01
-3.055385e+01
1.695701e+01
8.008625e+00
-7.667364e+00
6.395726e+01
-1.098501e+01
2.318360e+01
2.471418e+01
-2.078658e+00
3.088503e+00
-6.260984e-01
1.289760e+00
6.256218e-02
1.643950e-01
6.118045e-02
-8.613268e-01
-1.257387e-01
-3.472183e-01
-1.815608e-01
-1.954971e-01
5.244388e-02
5.878587e-02
-4.847525e-02
-6.469036e-02
3.839415e-02
-3.649546e-02
-4.949020e-02
-6.248243e-02
-1.349154e-01
1.161374e-01
-6.488503e-03
-2.932203e-02
1.644631e-02
9.313705e-03
-5.243500e-02
-8.399463e-02
-5.102004e-02
