-4.850449e-01
1.240125e+00
9.266737e-04
5.717333e+01
1.927085e+02
-9.685082e+00
3.616125e-04
-2.448213e+05
-6.658082e+04
1.265869e+05
-1.774032e+05
-3.631184e+04
4.483669e+05
-3.032463e+05
1.158361e+05
-2.490141e+05
-2.230789e+04
-9.874331e+04
3.317859e+04
-1.692057e+05
-2.565275e+04
-2.031702e+05
1.386484e+05
4.419347e+04
2.752823e+04
-1.845079e+05
8.676092e+03
-1.138026e+05
-5.469384e+03
5.016848e+02
-1.786781e+05
-3.859895e+04
2.497410e+03
-3.837329e+04
7.369509e+04
-3.771844e+02
1.832557e+04
3.725725e+04
-4.875681e+04
3.322720e+04
-2.748252e+03
-3.032011e+04
1.380110e+04
-3.176863e+04
1.351193e+03
2.791683e+04
5.660370e+03
3.445559e+03
-1.466185e+04
-1.119850e+04
3.116627e+04
-2.543907e+03
4.589497e+03
1.352392e+04
-1.283289e+04
-3.107828e+03
-1.073332e+04
6.627625e+03
-1.303966e+04
-4.694686e+03
-3.039111e+03
2.347612e+03
-2.221367e+03
-1.121142e+04
7.384810e+03
3.006709e+03
6.352533e+03
1.796002e+04
-7.386462e+03
1.860290e+03
1.016529e+04
8.788234e+03
4.699780e+03
-4.736359e+03
2.364771e+03
1.197608e+03
8.184074e+03
2.350229e+03
-7.834288e+03
-1.159977e+03
-4.062160e+03
-1.013781e+03
-6.368121e+03
-3.539384e+03
1.435738e+03
3.221215e+03
2.292149e+03
1.738328e+03
-1.507366e+03
7.241699e+02
3.427513e+03
-2.533544e+03
3.147252e+03
1.483812e+03
1.027167e+03
3.514387e+03
4.524143e+03
7.445891e+02
1.258420e+02
2.248940e+02
-1.557765e+03
-9.218948e+02
2.239388e+02
-1.017102e+03
1.794624e+03
-3.248818e+02
1.443102e+03
5.436869e+02
1.235710e+03
4.077824e+02
2.646698e+03
6.048834e+02
-7.832828e+02
-3.620629e+02
-6.576592e+02
-9.846837e+02
-3.502338e+02
-8.648073e+01
-1.290284e+03
9.904526e+02
-9.110087e+02
-5.138502e+02
-6.423051e+02
1.173964e+03
3.539645e+02
-6.442621e+02
-8.069182e+02
4.232975e+02
7.766924e+02
-5.802414e+02
-6.037192e+02
1.577734e+02
9.286868e+01
4.263021e+02
-1.686866e+02
-3.068737e+02
5.009418e+02
-1.917027e+02
2.223610e+02
-8.681725e+01
5.678282e+02
-3.794645e+02
-4.507509e+02
1.936142e+02
-2.816521e+02
4.511151e+02
2.074785e+02
1.013520e+02
5.355910e+01
4.768801e+01
5.355317e+02
-7.860748e+01
-3.184134e+02
4.107966e+02
-1.139457e+02
1.902137e+02
6.897769e+01
3.638774e+02
-5.401741e+02
-2.573801e+01
3.679488e+02
-1.271834e+02
-6.365120e+00
2.968780e+02
1.076545e+02
-5.919548e+01
-6.663981e+01
4.989847e+01
-4.798398e+02
-1.235876e+02
-1.787719e+02
3.666868e+02
2.305772e+02
-1.042147e+02
-6.488795e+01
-1.394539e+02
-1.118153e+02
-8.482796e+01
-1.237541e+02
-1.789175e+02
1.787112e+02
-7.247559e+01
-1.835389e+02
1.546554e+02
1.758046e+01
-7.480766e+00
1.544265e+02
1.156376e+02
-1.797294e+02
-5.224091e+01
-6.624852e+01
5.752909e+01
7.278984e+01
1.651591e+02
1.157331e+02
1.717247e+01
-1.494828e+02
-4.825248e+01
-6.616085e+01
-4.262459e+00
1.087319e+01
-5.186150e+01
5.785132e+01
-1.231394e+02
4.390250e+00
-2.499087e+00
-8.908018e-01
-1.993079e+00
1.872418e-01
-2.060538e-01
-1.981856e-01
-1.429360e-01
-1.480902e+00
1.972508e-01
1.359695e-01
-1.087621e-03
1.534321e-01
-7.992483e-01
-8.379878e-02
8.420868e-02
2.752299e-01
4.197817e-01
-2.139288e-01
-1.042670e-01
-1.159128e-01
-5.263819e-01
1.457585e-01
-2.727410e-01
-3.379433e-01
-7.353823e-02
-8.656275e-02
7.728108e-02
-9.285139e-02
-3.508246e-02
1.748404e-01
