-2.945184e-01
2.272158e-01
-1.529408e-01
5.120000e+01
1.985587e+02
-2.422220e+01
3.511586e-04
-1.763296e+05
3.059401e+04
2.930846e+05
-2.024711e+05
-9.031832e+03
1.919979e+05
-1.523467e+05
1.272539e+05
-1.829454e+05
4.926314e+04
4.699695e+04
1.408610e+05
-1.297430e+05
-6.000732e+03
1.402234e+04
-1.910016e+04
5.856527e+04
-2.351908e+04
-5.062005e+04
-2.139737e+04
5.695451e+03
-4.963589e+03
-1.668436e+03
-3.153622e+04
-1.238085e+04
-4.989123e+03
-1.445360e+04
8.134286e+03
6.980552e+03
6.614878e+03
1.743195e+03
7.546250e+03
-5.415549e+03
1.159633e+04
-6.740399e+03
-1.852820e+03
-2.276960e+04
5.841672e+03
2.034414e+02
1.136498e+04
9.492227e+03
-1.621198e+04
-9.220124e+03
1.016743e+04
3.446115e+03
1.112526e+04
-6.211764e+02
-4.614901e+03
3.852317e+03
2.466717e+03
1.176642e+04
-2.969646e+03
-3.804864e+03
-1.057101e+04
-8.723650e+02
2.098098e+03
-3.193913e+03
5.451351e+02
2.838233e+03
3.654899e+03
6.842101e+03
-2.775619e+03
1.019039e+03
2.567808e+03
4.852860e+03
3.374287e+03
4.845766e+02
-1.343047e+03
-1.814797e+03
3.219735e+03
-3.749985e+02
-5.472608e+03
-1.059042e+03
-2.496521e+03
6.991539e+02
-3.457087e+03
1.619051e+03
-7.224223e+01
2.116101e+03
-2.471318e+02
1.429909e+03
4.590567e+02
-3.134117e+02
9.971258e+02
-4.082151e+02
2.580205e+03
2.054102e+03
1.022381e+02
1.642310e+03
3.592533e+03
-2.319452e+02
-5.489877e+02
3.646489e+02
-1.641065e+03
-7.221399e+02
-8.712846e+01
-2.604813e+02
5.255297e+02
-1.211090e+03
1.194469e+03
5.585657e+02
1.302243e+03
1.067982e+03
1.262807e+03
8.856229e+02
-4.550440e+02
-5.646077e+00
1.733957e+02
-3.488764e+01
1.288745e+01
-2.700258e+02
-5.798395e+02
6.450478e+02
-8.087310e+01
2.805132e+02
-6.416933e+01
3.062310e+02
2.027843e+02
-3.917273e+02
-1.149279e+01
4.727493e+02
3.063134e+02
-3.854022e+02
-7.806417e+01
6.654770e+01
-1.584279e+02
1.355039e+02
-2.487691e+01
-2.838351e+02
3.228637e+02
1.834867e+02
-1.293476e+02
-1.946260e+02
-2.381979e+01
9.283032e+01
-7.566099e+01
2.935100e+02
-1.354671e+02
3.629428e+01
-1.103217e+02
-2.384199e+01
4.666861e+01
1.280427e+02
1.387735e+02
1.771176e+00
-1.492715e+02
7.603839e+01
1.182719e+02
2.088576e+01
-7.787655e+01
1.723690e+02
-1.867608e+02
1.286320e+01
2.518919e+02
-1.127643e+02
-5.914825e+01
8.092858e+01
-1.954362e+02
-1.007680e+00
-1.002254e+02
1.746008e+02
-2.207620e+02
-1.011808e+02
6.013937e+01
1.279853e+02
8.259319e+01
3.206096e+01
-2.389160e+01
-1.404764e+02
-3.287461e+01
-7.627303e+01
-1.355297e+02
1.445352e+01
5.297268e+01
1.721741e+01
-2.786358e+01
5.575103e+01
6.100652e+00
-2.472806e+01
5.519930e+01
6.472056e+01
-1.118483e+02
-2.811448e+01
4.131332e+01
2.238045e+01
-5.902722e-01
-4.887770e+00
4.390149e+01
-2.914305e+00
-3.456309e+01
-1.779364e+01
9.974401e+00
-1.702183e+01
3.568707e+01
-4.562280e+01
-1.053700e+01
-1.752917e+01
-2.394319e+00
1.603705e+01
-7.044504e-01
-6.861039e-01
-4.278806e-01
-3.006887e-01
1.093026e-01
-3.363863e-01
-4.142148e-01
2.506751e-01
-1.794632e-01
-1.175339e-01
2.194789e-01
-5.169516e-02
-8.538995e-02
-2.058927e-01
2.632162e-01
2.721315e-01
-8.893769e-02
3.409279e-04
-2.478350e-02
-1.064739e-01
3.761621e-02
-4.642823e-02
-5.387958e-02
-1.587518e-01
-6.072205e-02
3.309635e-02
1.570001e-02
2.142725e-02
7.429012e-02
