9.552945e-02
8.558281e-01
9.150575e-03
5.034667e+01
1.692198e+02
-2.405470e+01
3.561589e-04
-3.940301e+04
-6.377726e+04
-2.082363e+05
-1.430549e+05
4.165439e+04
-1.440329e+05
9.875711e+04
-2.192468e+04
-5.364297e+04
-3.423063e+04
-1.068131e+05
7.492983e+04
1.172931e+04
-2.355330e+04
-3.476453e+04
1.826813e+03
-3.917518e+03
6.702003e+03
5.417531e+03
-1.896538e+04
2.184390e+04
1.353277e+03
-2.108868e+04
1.695205e+04
-1.778592e+04
-8.805168e+03
-1.885670e+04
-6.629737e+03
-1.295393e+04
-1.643430e+04
-3.630115e+03
5.272712e+03
8.149229e+03
6.889200e+03
-1.083066e+04
-9.272065e+03
-9.492698e+03
1.013144e+04
-3.585348e+03
8.819093e+03
9.603112e+02
-3.242424e+03
5.819085e+02
4.645649e+03
-3.544978e+03
-6.347629e+02
-9.560497e+02
8.186440e+02
9.485838e+03
1.839953e+03
7.999127e+03
1.938415e+03
-4.349799e+03
-3.684768e+03
5.295048e+03
6.838110e+01
-4.886436e+02
1.258858e+03
3.985885e+03
2.686602e+03
1.043385e+03
-3.734938e+03
2.742411e+03
-1.136517e+03
-1.582540e+03
-1.505245e+02
-2.782188e+02
-3.321151e+02
-1.476782e+03
1.373909e+02
9.469161e+02
-3.308880e+03
1.053642e+02
8.983933e+01
3.390163e+02
1.672175e+02
1.265742e+03
1.456993e+03
6.558605e+02
-1.177678e+03
-8.321205e+02
2.380688e+02
5.138827e+02
5.014199e+02
1.701300e+03
1.293215e+03
1.005126e+03
-1.259601e+03
5.054016e+02
9.886972e+02
-1.621605e+03
-2.926342e+02
-2.288262e+02
-3.560826e+02
9.959232e+01
5.231406e+02
-1.252735e+03
-4.105434e+02
-6.299222e+02
9.281437e+02
1.281524e+03
3.769983e+02
1.214597e+03
1.437092e+02
2.408829e+02
-4.641926e+02
4.194890e+02
3.360872e+02
-1.352155e+02
-1.545828e+02
-6.457690e+02
-1.840010e+02
2.361576e+02
4.797986e+02
3.737848e+02
-3.790805e+02
-9.691636e+01
4.373381e+02
-2.425729e+02
2.755071e+02
-8.169485e+01
-3.547415e+02
4.453044e+01
1.314947e+02
5.213687e+02
-2.911781e+02
1.084163e+02
-1.115420e+02
-1.119134e+02
1.552922e+02
-2.559676e+02
4.293249e+00
-1.347475e+02
-2.169793e+02
9.374028e+01
8.810834e+01
2.083376e+02
-3.281056e+01
6.823685e+01
2.744638e+01
-1.653440e+02
-8.055965e+01
2.711544e+02
1.846118e+02
2.510287e+02
3.931065e+01
-8.669562e+01
-5.748674e+01
-5.603135e+00
7.802232e+01
-4.295076e+00
5.009778e+01
-8.232931e+01
-1.674003e+01
-1.530599e+01
7.782304e+01
-9.795571e+01
-1.031866e+02
-4.602644e+00
-1.753169e+01
1.695757e+02
-1.625470e+02
1.830923e+00
6.650349e+01
3.555327e+00
7.523624e+01
3.301511e+01
2.031487e+00
-6.688180e+01
6.426084e+01
3.387955e+00
-1.952053e+01
4.147629e+01
1.089519e+01
1.075073e+02
-2.933322e+00
-2.465621e+01
7.143287e+01
-4.633015e+01
2.177116e+01
7.667493e+01
-7.062221e+01
-1.995040e+00
4.153387e+01
3.342648e+01
-2.760215e+01
2.768238e+01
1.354444e+01
-1.878227e+01
-1.228060e+01
-1.233320e+01
-1.558561e+01
8.562865e+00
-3.603301e+00
-5.037489e+01
3.211515e+01
1.738852e+01
1.747248e+01
1.979763e+01
-1.750997e+00
1.713946e-01
-1.137572e-01
5.675017e-01
2.845017e-01
1.772370e-01
4.553264e-02
-5.308146e-01
-5.430306e-02
-1.417063e-01
1.492782e-01
-6.282584e-02
2.961798e-02
8.855955e-04
3.340350e-02
-1.133395e-01
2.994788e-02
-1.842646e-02
-7.164907e-03
7.737559e-02
4.864264e-02
9.925994e-02
3.588009e-02
-1.433299e-02
1.593898e-01
4.155532e-02
-1.920992e-02
-1.525212e-02
1.645473e-02
