-2.970088e-01
5.862794e-01
2.570842e-01
5.034667e+01
1.964225e+02
-2.194234e+01
3.456304e-04
-1.510725e+05
-5.258094e+05
2.136681e+05
7.318577e+04
9.264221e+04
6.377768e+04
-9.893509e+04
6.198298e+03
-1.527352e+05
2.880862e+04
5.570098e+03
8.078033e+04
3.100052e+04
-4.252930e+04
-3.424912e+04
-4.642134e+04
-2.404186e+04
1.037817e+04
5.752459e+03
-2.200425e+04
-7.849202e+03
-5.425564e+03
-5.095581e+03
-7.932345e+04
4.276491e+03
-3.705287e+04
-2.905628e+04
8.443833e+03
1.524440e+04
7.484594e+01
-4.979197e+03
3.061711e+04
-5.786718e+03
1.200523e+04
-3.160902e+03
-1.121945e+04
-9.976266e+02
1.951022e+04
3.271007e+03
-4.193308e+03
1.068077e+04
-1.129602e+04
7.010951e+03
1.495257e+04
-1.109839e+04
1.843101e+03
-9.716655e+03
-4.416589e+03
5.088521e+02
5.168473e+03
1.048241e+04
2.017889e+03
-1.282934e+04
-3.975167e+03
-1.909570e+03
-4.084890e+03
-1.520994e+03
-3.172671e+03
6.429723e+03
1.183277e+03
6.372247e+03
-6.248682e+03
5.036843e+03
6.690652e+02
2.243992e+02
-2.950259e+03
1.387624e+03
2.580743e+03
2.041537e+03
2.793070e+03
1.407552e+03
-3.479129e+03
1.929504e+03
-2.070188e+03
5.153934e+02
-1.138876e+03
8.768112e+02
1.622881e+03
2.250206e+03
2.305683e+02
-2.052064e+02
4.958649e+02
-1.658059e+03
-1.435116e+02
1.062514e+02
1.843016e+03
1.618145e+03
-1.027214e+03
9.032467e+02
1.710074e+03
-6.866054e+02
8.275436e+02
4.790669e+02
-1.022280e+02
1.053939e+02
-4.319317e+02
-1.545488e+03
2.822749e+02
-1.486040e+02
1.916215e+03
2.877638e+02
1.239048e+03
9.938942e+02
-4.538056e+02
1.497688e+03
3.103747e+02
8.892368e+02
6.776632e+01
-6.524496e+00
-1.932103e+02
-6.040632e+02
-3.694758e+02
1.687976e+02
-5.494919e+01
-1.960009e+02
-4.895259e+02
2.234632e+02
6.164297e+02
-7.258425e+02
-3.685374e+02
1.632774e+02
-2.198284e+02
-8.780419e+02
2.743646e+02
3.624863e+02
-5.456541e+01
4.430735e+01
-4.290519e+02
1.184728e+02
4.245359e+02
-1.816506e+02
2.847985e+01
2.982671e+01
4.538645e+01
2.657219e+02
-8.047523e+00
1.597359e+02
-2.218881e+02
4.069740e+01
4.588674e+02
-1.508059e+02
1.011483e+02
3.155431e+02
1.117332e+02
1.076493e+02
2.265824e+02
-5.715300e+01
-3.476126e+01
-4.088967e+01
1.126651e+01
1.435772e+02
-2.086125e+02
-2.818211e+02
2.113533e+02
-7.293813e+01
1.427570e+02
-5.843316e+01
-6.087237e+00
-9.257478e+01
2.215385e+00
6.455168e+01
-8.069008e+01
2.255398e+02
2.215976e+02
7.022087e+01
1.298189e+02
5.283675e+01
1.015525e+02
-9.108050e+01
-2.120059e+01
-2.901698e+00
-5.307736e+01
6.168270e+01
3.132318e+01
1.621801e+02
-6.401040e+01
-5.899456e+01
8.118352e+01
-1.939398e+00
1.276298e+02
5.402707e+01
-8.131812e+01
4.119485e+01
1.798295e+01
6.120713e+01
-5.956343e+01
5.914319e+01
1.684122e+01
1.921259e+01
-6.102618e+01
-5.832865e+01
-2.086515e+01
-3.269238e+00
-9.915318e+00
-8.018117e+01
9.228708e-02
-5.294622e+01
7.024301e+01
3.334356e+01
-2.671426e+00
3.888175e+00
-1.036147e+00
9.527214e-01
9.238394e-02
-5.616460e-01
-1.245301e-01
-4.659508e-01
-1.520353e-01
-5.898488e-01
-3.199098e-02
-5.124270e-01
6.928988e-02
9.275284e-02
-1.127381e-02
-1.258010e-01
-1.176217e-02
-1.710957e-01
-1.261235e-01
-7.527282e-02
7.661699e-02
8.372669e-02
-1.324037e-02
-7.174180e-02
1.620943e-01
1.178208e-01
-1.036663e-01
-1.604129e-01
1.489157e-03
