-1.273881e+00
-1.531418e+00
6.707529e-01
5.688889e+01
1.999628e+02
-6.967066e+00
3.644334e-04
-4.303257e+04
-1.569948e+05
-6.484230e+04
-1.361778e+05
-4.282704e+04
-1.759157e+05
1.937598e+05
-1.433449e+03
-7.168512e+03
-9.254838e+04
-1.255331e+05
2.043362e+05
3.960176e+04
5.030216e+04
4.805098e+04
2.867925e+04
9.480475e+04
-7.307232e+03
-2.487352e+04
-3.154734e+04
3.179218e+04
1.684112e+04
9.936002e+04
-2.876689e+04
3.599990e+03
-9.158296e+03
-6.809045e+04
-2.336599e+04
-3.502499e+04
3.295691e+04
-1.455379e+04
-7.142962e+03
-2.088711e+03
-1.852056e+04
3.741989e+02
-2.827163e+04
2.471949e+03
2.973719e+04
-1.106548e+04
9.595765e+03
-4.572172e+03
-1.353400e+04
-6.492536e+03
-2.931515e+03
1.263260e+04
2.342412e+03
-1.263245e+04
-8.121354e+03
8.139214e+03
-4.233540e+03
9.527943e+03
4.901228e+03
-4.329711e+03
-5.448726e+03
4.016485e+03
-2.351048e+03
-3.136926e+03
5.519252e+03
5.082054e+03
-7.902813e+01
-1.847385e+03
-2.451847e+03
5.173611e+03
-3.294871e+02
-1.603376e+03
-7.541350e+02
1.355958e+03
-5.005876e+03
-1.424153e+03
1.727980e+03
1.640181e+03
-2.496405e+03
-1.023452e+03
6.970806e+02
-9.102026e+02
7.335125e+02
2.262891e+03
2.472776e+03
7.291562e+02
-4.420062e+03
3.178034e+02
1.193454e+03
1.510141e+03
6.525679e+02
5.169126e+02
2.898009e+03
2.279140e+03
-1.229599e+03
-9.947950e+02
7.675980e+02
-9.584506e+02
1.516045e+02
-5.978233e+02
-6.854836e+02
1.117949e+02
1.373592e+03
-1.381592e+03
1.271286e+02
6.469771e+02
9.322899e+02
7.496022e+02
3.978994e+02
2.289832e+03
7.396899e+02
1.415203e+03
-1.124468e+03
1.418552e+03
2.114904e+02
-3.303066e+02
-1.570873e+01
-1.018861e+03
-3.193563e+01
8.071244e+02
-1.481607e+02
7.315685e+01
6.881292e+01
-3.074815e+02
5.065655e+02
-3.153813e+02
5.044304e+02
-6.688722e+00
-2.134854e+02
1.839581e+02
3.796412e+02
3.061687e+02
-3.211501e+01
2.645442e+02
-1.336310e+02
-2.569590e+02
5.837027e+02
7.865487e+01
2.292456e+02
-3.465529e+01
-3.698142e+02
1.080716e+02
-5.037960e+01
3.706896e+02
5.560448e+01
1.759540e+02
-1.629394e+02
-1.850632e+02
7.942867e+01
1.931149e+02
-1.192847e+02
1.250995e+02
4.337751e+01
6.172770e+01
-3.458907e+02
-1.202672e+02
2.497319e+02
1.054255e+02
1.156701e+02
-1.638909e+02
-1.050036e+02
1.247784e+02
2.991891e+01
-1.620060e+02
-3.710706e+01
-1.191699e+02
5.271083e+01
1.421577e+02
1.013045e+02
3.277117e+01
-1.290459e+00
-5.597901e+01
-1.669107e+01
1.981366e+02
6.712559e+01
-7.389267e+01
4.057512e+01
-3.270444e+01
-2.988526e+01
7.284133e+01
-1.356211e+02
5.040739e+01
7.510364e+01
6.329608e+00
5.768601e+01
-4.865369e+01
9.162843e+01
1.144132e+01
-1.112970e+02
1.404715e+00
7.496663e+01
4.478227e+00
-2.047378e+01
-3.545688e+01
-2.161108e+01
6.989925e+00
8.086437e+01
-2.127165e+01
2.534105e+01
-4.054592e+00
3.071015e+00
-2.681116e+01
3.902611e+01
7.295601e+01
2.117842e+01
4.337573e+01
-1.918651e+00
3.308258e+00
-1.462884e+00
1.763749e-01
-1.077488e-01
-2.138493e-01
4.239913e-01
-9.823224e-01
-6.581869e-02
-5.914001e-01
-2.175407e-02
-1.018236e-01
2.325279e-01
-8.560342e-02
-9.987880e-02
5.438478e-02
8.217552e-02
1.576578e-01
3.733032e-02
2.107920e-02
-5.938246e-02
1.843913e-01
8.098239e-02
-1.980797e-01
7.266165e-02
-6.119229e-02
1.492866e-01
2.593411e-02
-8.152048e-02
