-1.476046e-01
1.000734e-01
6.177457e-02
5.034667e+01
1.971336e+02
-2.736376e+01
3.619242e-04
-4.505536e+04
-4.375844e+05
-2.473440e+03
-7.784301e+04
-8.781366e+04
-9.365448e+04
1.855941e+04
5.918480e+04
-1.380871e+05
-1.420152e+04
3.991620e+04
3.359982e+04
-6.613519e+04
-5.366526e+03
-4.875977e+04
-3.201668e+04
-3.353433e+04
-2.287104e+04
-2.098141e+04
-4.175181e+04
6.804208e+03
-1.203768e+04
2.765196e+04
-4.887739e+04
1.438639e+03
-9.574164e+03
-2.038298e+04
3.824607e+03
1.134059e+04
1.321490e+04
7.559102e+03
1.176766e+04
-9.353624e+03
1.095088e+04
-1.289514e+04
-1.329377e+04
-2.613895e+01
7.077422e+03
-1.249449e+03
1.054367e+03
4.173927e+03
-7.996350e+03
-7.921480e+03
1.531814e+02
-1.119590e+04
1.202010e+03
-9.808219e+03
-1.172507e+04
9.953219e+03
6.176167e+03
1.451211e+04
-4.244803e+03
-9.859381e+03
-2.509929e+03
4.647588e+03
-4.894912e+03
1.292193e+03
-1.078544e+03
4.430259e+03
2.756012e+03
1.126823e+03
-5.412829e+03
3.173302e+03
5.421860e+02
-1.588081e+03
-3.313250e+03
9.839465e+02
2.656661e+03
6.998253e+02
2.581006e+03
2.356651e+03
-3.752526e+03
8.622819e+02
4.169950e+02
1.470728e+03
-3.559377e+02
1.704023e+03
3.445476e+03
2.383567e+03
-9.793886e+00
-2.540618e+03
-8.292962e+02
-9.187958e+02
3.357642e+01
3.747219e+02
1.010473e+03
1.954616e+03
-1.598036e+03
1.079416e+03
4.488491e+02
-1.435089e+02
9.033930e+02
5.130712e+02
6.968807e+01
3.790823e+02
-8.549564e+01
-1.401969e+03
3.906495e+02
-3.995864e+02
2.333147e+03
2.208642e+02
-3.290828e+02
7.758460e+02
-6.009489e+02
1.900190e+03
1.050322e+02
1.301131e+03
-1.147017e+02
1.724519e+02
-2.254419e+02
-4.410286e+02
-1.523914e+02
-2.116610e+02
1.093408e+02
-1.161593e+02
-2.303720e+02
4.720218e+02
4.748632e+02
-3.041200e+02
-1.617791e+02
-5.551191e+01
-2.786621e+02
-2.937711e+02
5.305205e+02
6.010808e+02
2.244266e+02
9.860638e+01
-2.946970e+02
2.493348e+02
4.425344e+02
-2.591341e+02
2.363372e+02
5.649414e+01
-2.311529e+02
3.972369e+02
-3.488986e+01
4.973876e+01
-5.340623e+01
1.322813e+02
4.472708e+02
-1.755990e+02
-2.179833e+01
3.025705e+02
-1.365961e+02
1.922587e+02
2.434555e+02
1.083728e+02
-1.877984e+02
-5.891391e+01
-8.316076e+01
1.793384e+02
-9.735567e+00
-3.264647e+02
-3.878634e+00
3.722542e+01
1.758733e+02
-1.312050e+01
1.503694e+02
1.210737e+00
-4.639991e+01
8.721863e+01
1.068918e+02
1.712650e+02
1.939051e+02
-1.372219e+00
-5.330715e+01
8.503010e+01
8.780753e+01
-6.085565e+01
-4.680372e+01
1.628592e+00
1.733929e+01
3.801361e+01
-6.964542e+01
1.487599e+02
1.594111e+01
-1.505144e+01
1.375414e+02
-3.377842e+01
8.144594e+01
1.554812e+01
-2.663801e+01
2.493001e+01
5.446891e+01
5.927735e+01
-6.510095e+01
4.985041e+01
6.740661e-01
1.663990e+01
-9.733756e+00
-4.479105e+01
1.202454e+01
4.485242e+00
3.418668e+01
-6.793891e+01
2.876148e+01
-1.598682e+01
4.797400e+01
2.265335e+01
-2.246770e+00
4.429777e+00
-3.309897e-01
9.772561e-01
4.323182e-02
-3.113591e-01
1.914971e-01
-6.444800e-01
-2.633939e-01
-6.521456e-01
-1.684200e-01
-2.014624e-01
-1.154908e-01
1.339054e-01
-2.115006e-02
-7.563995e-02
8.468009e-02
2.676814e-02
3.258664e-02
7.026372e-02
1.427538e-02
2.644053e-02
1.247441e-01
-8.009908e-02
1.477417e-01
6.962832e-02
7.106352e-03
-1.031921e-01
4.103474e-02
