-6.541849e-01
-2.213122e-01
1.932287e-01
5.802667e+01
2.235858e+02
-2.142775e+01
3.601102e-04
-7.808028e+04
7.018236e+04
1.751978e+05
1.259602e+05
-1.520476e+04
-2.146050e+03
-7.207522e+04
6.658901e+04
-3.680564e+04
1.223304e+05
-3.372116e+04
1.586475e+04
-3.959379e+04
-5.000047e+04
-2.044703e+04
6.475311e+04
6.901949e+03
2.236423e+04
-3.856141e+04
3.035657e+04
-9.617430e+03
-2.620929e+04
4.082353e+03
-2.017746e+04
-3.438981e+03
-1.041685e+04
-2.131132e+04
1.708022e+04
1.388978e+04
2.547813e+04
-3.161857e+03
-7.842654e+03
1.040634e+04
1.354207e+03
-7.334988e+02
-1.817775e+04
-1.801517e+04
9.286292e+03
3.541681e+03
-6.140842e+03
5.861426e+03
-1.633691e+03
-1.742191e+03
4.382549e+03
2.135202e+03
2.609060e+03
5.488684e+03
-8.189648e+02
3.432671e+03
-2.927247e+03
5.284341e+03
-1.598967e+02
-5.049394e+03
-5.136380e+03
-1.596287e+03
3.471887e+03
-4.774984e+03
3.415580e+03
2.730211e+03
3.230559e+03
1.375306e+03
-5.002199e+03
2.487419e+03
4.509862e+03
3.273938e+03
-1.121964e+03
-3.658070e+02
-7.709428e+02
1.374684e+03
1.475241e+03
2.034508e+03
-4.196153e+03
-2.437839e+03
-8.344828e+02
-5.745342e+02
-8.042394e+02
-6.417178e+02
1.778247e+03
1.423026e+03
-1.751232e+03
1.323384e+01
5.050946e+02
-8.676044e+01
7.489344e+02
-6.424908e+02
2.517531e+03
1.624689e+03
-7.922838e+02
1.425347e+03
1.247531e+03
-1.546311e+02
-4.740280e+02
-2.750723e+02
-1.159648e+03
-1.716413e+02
2.295486e+02
-5.176702e+02
2.763969e+02
-1.818590e+02
1.931210e+02
9.103114e+01
4.087419e+02
7.982532e+02
2.094412e+02
7.343561e+02
-7.303709e+02
4.008814e+02
-1.535431e+02
-5.676968e+02
-4.293472e+02
-5.113277e+02
-3.231885e+02
6.147933e+02
-1.842333e+02
-2.247160e+02
-4.620416e+02
5.461938e+02
3.013390e+02
-3.650875e+02
-9.461179e+01
3.310935e+02
1.500336e+02
-1.338615e+02
1.066069e+02
4.669141e+02
2.247758e+02
4.279980e+02
-1.043276e+02
-3.721257e+01
3.584557e+02
-4.051757e+01
-2.335560e+02
1.203053e+02
-4.844532e+01
-1.941412e+02
8.775748e+00
-1.173813e+00
-9.582480e+01
1.557564e+02
-1.057433e+02
-1.584790e+02
1.956198e+02
1.812255e+02
1.993380e+02
-2.840923e+01
1.098525e+02
2.151509e+02
-4.738789e+01
-4.465253e+01
2.411586e+02
1.683454e+02
-5.778089e+01
9.508434e+01
1.939480e+02
-4.434450e+01
3.830785e+01
1.564286e+02
-2.288381e+01
-2.972231e+01
-7.510151e+01
7.632482e+01
-1.449647e+02
-4.436899e+01
-2.033631e+01
1.261629e+02
-3.321555e+00
-2.361649e+01
-2.837946e+01
-8.255831e+01
2.543735e+01
-3.729779e+01
-5.812824e+01
3.688173e+00
-1.037417e+00
-8.385289e+00
-2.314083e+01
5.753015e+01
2.650450e+01
-8.068808e+01
5.852613e+00
6.007949e+01
-8.419514e+00
4.719418e+00
-8.370183e+00
6.724257e+00
1.742356e+01
3.243649e+01
3.080326e+01
-2.684505e+01
-3.491304e+01
-9.735220e+00
-1.151702e+01
1.649013e+01
-1.615458e+01
-2.024766e+01
2.977484e+00
-9.162258e+00
1.484826e+01
7.474473e-01
4.860910e-01
-5.858803e-01
1.487878e-01
-1.201826e-01
1.528887e-01
-2.189505e-01
-2.919680e-01
-2.919546e-02
2.189223e-01
-3.811646e-01
3.141959e-02
-2.136403e-01
-7.511704e-02
-5.498069e-02
-1.090822e-01
1.020175e-01
-4.260429e-02
1.112897e-01
1.207586e-01
-1.716512e-01
3.506626e-03
2.499762e-02
-7.319556e-02
-4.782179e-02
-1.997321e-01
-1.697616e-02
2.572958e-02
-5.978384e-02
2.024548e-02
