-2.166680e-01
6.277901e-01
-1.836845e-02
4.807111e+01
1.958669e+02
-2.364935e+01
3.470397e-04
-5.679586e+04
-3.350215e+05
-2.960192e+05
2.799473e+04
-1.455741e+04
-2.351438e+05
4.507427e+04
-9.043604e+03
-1.557393e+05
8.450241e+04
-1.201617e+05
7.014086e+04
4.633989e+04
-5.248771e+04
-1.010059e+05
-1.614323e+04
4.223746e+04
2.022766e+02
3.115940e+04
-7.961242e+03
4.422393e+04
-1.210126e+04
-2.066484e+04
-3.347777e+04
1.143874e+04
-2.364818e+04
-2.915031e+04
1.646746e+03
8.774319e+03
-1.067033e+04
1.298860e+04
1.494675e+03
2.088862e+03
7.806153e+03
-6.928742e+03
-4.186205e+03
2.301187e+03
1.997202e+04
1.297938e+03
1.127374e+04
3.908939e+03
3.005991e+03
1.653775e+02
8.337587e+03
-1.242557e+04
2.981122e+03
-2.151550e+03
1.780916e+03
3.981150e+03
5.824675e+03
1.268674e+04
7.490040e+03
-5.854744e+03
3.062024e+03
3.087222e+03
-4.068289e+02
6.472660e+02
-1.618259e+03
7.936308e+03
1.668644e+03
-5.941690e+02
-7.318701e+03
5.812220e+03
-1.238945e+02
-1.575175e+02
-2.657080e+03
-2.872978e+02
1.367575e+03
-1.499404e+03
-9.541802e+02
1.019079e+03
-3.308320e+03
-1.480737e+03
1.411357e+02
-1.153057e+02
2.212888e+02
1.048271e+03
4.834911e+03
1.443296e+03
-1.090434e+03
-2.584471e+03
-1.296874e+03
8.185480e+01
1.252328e+03
-1.845101e+03
6.514666e+02
8.948370e+02
-1.181266e+03
-7.567301e+02
4.052541e+02
1.065755e+02
-2.920728e+02
-1.007207e+02
6.875013e+02
2.637209e+01
1.167942e+03
-9.106904e+02
6.481838e+02
-1.423814e+03
8.024545e+02
-2.842089e+02
5.727322e+02
1.333767e+03
-1.787273e+03
1.570427e+03
7.551792e+02
8.358375e+02
-7.288629e+01
6.077203e+02
1.873104e+02
-3.308751e+02
7.591925e+00
-1.688559e+02
2.816494e+02
-2.386336e+02
-3.736683e+02
2.322874e+02
4.276451e+02
-5.063410e+02
3.559973e+02
-3.630460e+02
-3.552982e+02
-2.971019e+00
3.956651e+02
5.168445e+02
-3.923649e+01
2.338420e+02
-4.343324e+01
2.470175e+02
5.049962e+02
-1.879983e+02
1.364885e+02
3.831541e+01
3.404828e+01
2.838881e+02
2.118702e+02
5.386598e+00
-1.296321e+02
1.971006e+02
3.649699e+02
-3.095947e+02
-5.636239e+01
2.003105e+02
2.320770e+02
9.992959e+01
4.072242e+02
6.879053e+01
-9.282738e+01
1.094124e+02
5.945031e+01
2.039259e+02
-5.452761e+01
-3.032056e+02
-1.945077e+00
1.999810e+01
1.236188e+02
-2.395833e+01
-2.995413e+01
-9.446729e+01
-7.717419e+01
2.821242e+01
-5.548067e+01
1.104819e+02
4.850018e+01
-2.974865e+00
2.793146e+01
4.966833e+01
-3.394672e+01
-7.097276e+01
2.242987e+01
5.934010e+00
2.030721e+00
-2.492225e+01
-6.759428e+01
8.526543e+01
5.851460e+01
3.017766e+01
1.072747e+02
-4.436128e+01
7.747021e+01
4.049480e+01
-5.279137e+01
7.338316e+00
3.359698e+01
2.695982e+00
-1.012130e+02
1.476959e+02
-3.583927e+01
-1.225567e+01
-2.767870e+01
-4.000580e+01
-4.668962e+00
1.381333e+00
8.197732e+00
-5.342434e+01
8.449371e+00
-8.914798e+00
5.035254e+01
2.153239e+01
-2.636811e+00
3.568834e+00
-9.258295e-01
6.287951e-01
2.807722e-01
1.041109e-01
-1.973177e-01
-1.228978e+00
4.787677e-03
-6.073208e-01
-1.187459e-01
-4.463322e-01
-1.868425e-01
1.982950e-01
-1.559509e-01
4.421432e-02
6.697187e-03
2.055769e-02
9.326065e-02
-3.573962e-02
1.595036e-02
3.319588e-02
1.036016e-01
-8.963183e-02
-1.360486e-02
-3.157283e-03
-4.157734e-02
-1.335513e-01
9.994380e-02
