-4.969895e-01
-9.747357e-01
6.775522e-02
5.262222e+01
1.932535e+02
-1.186320e+01
3.232312e-04
2.583973e+04
-3.475561e+05
2.482827e+05
4.356794e+05
7.377259e+04
1.899119e+05
-1.100300e+05
5.169127e+04
1.344182e+05
1.664042e+05
3.986277e+04
4.798685e+04
-2.703391e+04
-6.078078e+04
-8.995135e+04
1.095432e+05
-2.396138e+04
2.813433e+04
-1.331507e+05
6.207642e+04
-2.665041e+04
1.597934e+04
4.159750e+04
-7.964609e+04
-3.341205e+04
2.209908e+03
-2.905289e+04
2.121579e+04
2.166416e+04
6.159041e+03
2.907968e+04
-3.474503e+04
8.182364e+03
2.647192e+03
8.781421e+03
-6.107810e+03
-1.110548e+04
6.454803e+02
-9.593629e+03
-4.196242e+03
5.800811e+03
-6.201729e+03
3.969665e+03
2.742843e+03
5.656257e+03
-2.545447e+02
3.243293e+03
-3.482899e+03
4.742770e+03
-6.234924e+03
5.815530e+03
-4.416813e+03
-1.065536e+04
-3.162313e+03
-6.891375e+02
5.763957e+02
-7.188326e+03
1.631251e+03
1.738021e+03
1.217802e+03
1.272949e+03
-4.008232e+03
1.306134e+03
5.616396e+03
3.533110e+03
-9.399074e+02
-1.098143e+03
-4.600149e+02
3.276949e+03
3.153651e+03
2.412292e+03
-3.159551e+03
-1.740429e+03
-1.367552e+03
-1.745107e+03
-4.332396e+02
-1.334784e+03
1.050198e+03
1.487660e+03
4.049961e+02
4.903796e+02
1.138998e+03
4.849847e+02
5.707835e+02
-2.178811e+03
1.953430e+03
1.760442e+03
-4.934212e+02
1.300902e+03
6.736133e+02
-3.721367e+02
-2.739041e+02
5.615023e+02
-1.772400e+02
3.283617e+02
2.767159e+02
-3.881491e+02
3.981993e+02
-2.644494e+02
1.305703e+03
-4.884632e+02
7.534650e+02
2.611384e+02
-1.194693e+02
1.039910e+03
-1.134818e+02
8.798148e+02
-5.701769e+02
-1.998546e+02
-1.055801e+02
1.178961e+02
-5.639321e+02
3.576324e+02
-7.549136e+02
-9.756536e+02
-1.854848e+02
3.127834e+02
2.689246e+02
-5.080521e+02
1.772511e+02
4.891837e+02
2.009622e+02
-3.349113e+02
3.532493e+02
1.193968e+02
5.616443e+02
1.362599e+02
2.712012e+01
-1.201550e+02
4.486691e+02
-5.499575e+00
-3.580262e+01
3.584813e+01
2.497961e+02
-5.664791e+01
-2.227701e+01
4.497336e+01
-9.150826e+01
2.376092e+01
1.642749e+02
-1.417457e+02
3.178729e+02
3.396732e+01
3.938062e-01
-2.166067e+02
1.155940e+02
1.424546e+01
-1.740006e+02
-2.882624e+01
2.458598e+02
8.335732e+01
-3.751944e+02
1.344623e+01
1.992237e+02
-3.589050e+01
3.504399e+01
1.767028e+02
2.801667e+01
-4.607529e+01
-1.069635e+02
9.687894e+00
-6.388263e+01
5.372296e+01
-4.870324e+01
1.909206e+02
5.141309e+01
-4.171746e+01
6.735413e+01
-8.027424e+01
-5.741592e+01
-2.773840e+01
-1.425596e+02
-4.314344e+01
-2.148260e+01
-2.336959e+01
-1.565752e+01
4.224964e+01
1.896265e+01
-5.498872e+01
9.416686e+01
1.860273e+01
3.954237e+00
-2.348354e+01
2.101001e+01
5.264574e+00
-6.488007e+01
4.722198e+01
2.438056e+01
-7.400044e-01
-4.912454e+01
-3.557995e+01
-3.252157e+00
1.789010e+01
1.366591e+01
-2.318149e+01
5.626536e+00
-6.887494e+00
4.314061e+01
5.884526e+00
1.676852e+00
6.962602e-01
-7.466541e-01
9.920090e-01
1.003650e-01
-4.165987e-02
-3.997793e-01
8.007715e-01
1.408196e-01
2.028784e-01
-6.487328e-01
-4.168291e-01
-1.009857e-01
8.398873e-02
-4.827813e-02
8.561926e-02
-5.306058e-02
-2.332937e-01
-1.673594e-01
-4.556449e-01
-1.186833e-01
-1.524918e-01
-2.644880e-01
-4.857980e-03
-1.777922e-01
7.231479e-03
-7.002540e-02
-1.875394e-01
4.281127e-02
