-7.440885e-02
5.931828e-01
-3.934437e-01
4.664889e+01
1.688263e+02
-2.236165e+01
3.369067e-04
-7.828072e+04
3.554466e+04
3.420800e+05
360310
1.642282e+05
-1.756514e+05
-1.484280e+04
1.387775e+05
1.622502e+05
4.893929e+04
-2.035471e+04
5.044664e+04
-8.182573e+04
-3.143933e+04
-6.111913e+04
6.591031e+04
-8.575102e+04
3.211802e+04
-3.807207e+04
3.845737e+03
1.462506e+04
-2.833620e+04
2.228842e+04
-5.209834e+04
-7.999725e+03
1.832777e+04
-1.432144e+04
-2.366972e+02
4.549613e+03
1.778744e+04
6.194701e+03
-1.618721e+04
-3.230089e+04
-1.988655e+04
2.763968e+02
-1.170011e+04
-9.108321e+02
2.724848e+04
-2.101801e+04
-5.251289e+03
5.943922e+02
4.660036e+03
3.702476e+03
-9.734629e+03
-3.412424e+03
1.937883e+03
3.292235e+03
-7.785042e+03
4.179296e+03
-2.424699e+03
1.234663e+04
-5.067295e+02
-1.150133e+04
-2.111275e+03
1.456943e+03
-3.597785e+03
-5.150764e+03
7.356899e+02
3.076551e+02
1.927455e+03
2.774823e+03
-5.530616e+03
1.732135e+03
5.306885e+03
3.990769e+03
-1.183283e+03
-1.322335e+03
-2.214029e+03
2.645391e+03
1.019878e+03
1.806846e+03
-4.290405e+03
-1.443803e+03
2.609268e+02
-7.168621e+02
1.204615e+02
-9.859693e+02
2.197688e+03
1.167811e+02
-2.815614e+03
4.286013e+02
-3.408730e+02
1.069850e+03
-4.087491e+02
-8.017493e+02
2.791889e+03
7.509430e+02
-9.206638e+02
5.781172e+02
7.488048e+02
1.605607e+02
-9.259152e+02
8.826763e+02
-7.061262e+02
-6.167246e+02
-2.015826e+02
-1.492457e+03
1.318388e+03
-8.840545e+02
6.651431e+02
3.814895e+02
6.394608e+02
7.292133e+02
-6.333413e+02
9.474115e+02
1.874681e+02
4.821192e+02
-5.743523e+02
-4.555229e+02
-3.090915e+02
-1.849154e+02
-4.618313e+02
4.348419e+02
-5.640726e+02
-5.533772e+02
-9.037182e+02
6.144229e+02
2.055595e+02
-1.140183e+02
2.814843e+02
1.373370e+02
-2.922184e+02
3.537555e+02
5.444647e+02
5.924008e+01
2.976798e+02
3.199097e+02
3.018506e+01
-8.910034e+00
7.967060e+02
-8.764014e+01
3.987003e+01
4.898578e+02
1.198434e+02
-3.200691e+02
9.796771e+01
1.672259e+02
8.488666e+01
1.806836e+02
-3.322729e+02
-3.261212e+02
1.014794e+02
1.501208e+02
1.316573e+02
1.786664e+02
2.349518e+02
3.086528e+01
-2.950942e+02
-1.004094e+02
2.534739e+02
1.193058e+02
-1.089287e+02
3.541608e+01
1.769311e+02
1.348033e+02
-2.275198e+01
9.254692e+00
7.621920e+00
-2.833937e+01
4.143402e+01
7.668215e+01
-1.044242e+02
5.214076e+01
8.232231e+01
1.280116e+02
5.811745e+01
2.225943e+01
-3.202464e+01
-9.477793e+00
4.259717e+01
-2.226082e+00
-3.047573e+01
-5.128484e+01
3.015321e+01
-4.681015e+01
6.219347e+01
-4.571772e+01
2.960185e+01
-4.400666e+01
1.730002e+01
-8.180045e+01
-5.637643e+01
-3.910745e+01
3.654494e+00
-2.562452e+01
1.107650e+01
1.946448e+01
3.471056e+01
-4.472515e+01
-1.408784e+01
-1.516261e+01
-1.691242e+01
4.734877e+01
2.490209e+01
-6.603686e+00
2.554674e+01
-2.410882e+00
2.087143e+01
3.580474e+01
6.772276e-01
-1.443666e+00
-4.155541e-01
3.313184e-01
1.483569e-02
8.367811e-02
1.356605e-02
-2.552983e-01
-1.776233e-01
-2.638676e-03
-2.325902e-01
-6.151965e-01
1.059354e-01
1.619576e-01
-1.836852e-01
1.897106e-01
-3.517990e-03
5.200417e-02
5.035037e-02
-3.551321e-01
-3.486241e-02
1.268024e-01
-1.779963e-01
-5.909869e-02
-1.980833e-01
-1.624299e-02
-4.557372e-02
-6.745402e-02
3.449338e-03
