3.499080e-01
9.449026e-01
3.009426e-02
5.006222e+01
1.531558e+02
-2.229715e+01
3.552606e-04
-4.947724e+04
1.333923e+05
-1.002001e+05
-4.346531e+05
-1.218046e+05
1.474657e+04
6.272374e+04
-5.605079e+04
-9.262728e+04
-4.262696e+04
-3.773807e+04
1.472522e+05
-4.239744e+04
-2.071326e+04
8.251373e+03
-1.538964e+04
-5.630264e+02
5.622649e+03
3.779875e+04
-3.273397e+04
3.900448e+04
-2.343506e+03
-6.332745e+04
2.211246e+04
-3.805361e+04
-7.178728e+03
-9.240550e+03
-4.373609e+04
-3.232305e+04
-2.711292e+04
-1.868078e+04
1.445037e+04
1.274990e+04
-1.480017e+04
-2.796733e+04
1.832548e+04
-1.573461e+04
1.710881e+04
-2.255340e+03
1.025661e+04
1.251501e+04
-2.076685e+04
2.447788e+02
-5.008099e+03
-2.429554e+03
2.900356e+03
-2.491279e+03
2.549443e+03
4.711998e+03
-4.437562e+03
8.006840e+03
4.602176e+03
1.832098e+03
-5.469472e+03
5.375693e+03
-4.372367e+03
6.806913e+02
-2.158960e+03
2.041212e+03
3.138953e+03
6.671857e+03
-1.666601e+01
-1.257338e+03
-3.499139e+02
3.884563e+01
3.972704e+03
1.760419e+03
-1.415073e+02
-1.676360e+03
-1.242887e+03
-1.038030e+03
-4.517153e+03
7.675842e+02
3.361713e+02
-5.111044e+02
9.939807e+02
3.564253e+01
6.832103e+02
-4.928673e+02
-8.371757e+02
-1.149852e+03
-1.405347e+03
3.043910e+03
-4.459425e+02
3.307333e+03
1.376381e+03
3.685764e+02
1.634398e+02
1.286048e+02
2.389343e+03
-2.374282e+03
9.682836e+02
2.687670e+02
-8.745782e+02
2.807944e+02
3.909364e+02
-1.400064e+03
5.280915e+02
-1.176162e+03
3.449778e+02
1.981826e+03
1.511856e+03
9.386562e+02
1.536796e+03
-3.888302e+02
-1.593045e+02
-8.615785e+02
4.808147e+02
3.835867e+02
-2.545722e+02
-3.829920e+02
-3.107097e+02
6.289153e+02
5.066337e+02
1.360433e+03
-9.895607e+01
5.156567e+01
2.487766e+01
-5.076750e+01
5.880383e+02
2.907847e+02
-4.945609e+02
-4.126509e+01
-2.095333e+02
-7.532168e+00
-6.309610e+02
-1.695602e+02
-4.221114e+01
-5.659963e+02
2.332188e+02
-3.943087e+02
1.665470e+02
1.122129e+02
-2.131402e+02
3.603614e+02
-5.356838e+01
2.209670e+02
-1.005434e+02
-9.259527e+01
-1.091828e+02
-3.247898e+02
-2.905848e+02
2.750450e+02
1.012936e+02
3.965656e+02
-3.352094e+02
-2.750354e+02
-9.336762e+01
-1.834236e+02
1.557886e+00
-2.433702e+02
2.303103e+02
-1.839135e+02
7.653884e+00
5.714418e+01
-2.066881e+02
-1.918072e+02
-2.498262e+02
7.700685e+01
8.482540e+01
2.504630e+02
-2.928745e+02
-7.721398e+01
5.833434e+01
1.110852e+02
1.303655e+02
1.602834e+02
-7.179031e+01
-8.556815e+01
9.019809e+01
2.783796e+01
-8.769855e+01
5.744563e+01
1.374381e+02
2.144848e+01
-4.566504e+00
-2.385720e+01
6.203165e+01
-2.132384e+01
2.652078e+01
1.076792e+02
-6.938824e+01
-1.820383e+01
6.515755e+01
5.303075e+01
-4.326338e+01
-9.036343e+01
1.583349e+01
8.699805e+00
-4.501060e+00
4.663086e+00
-5.783640e+01
-1.843843e+01
9.636799e+00
-3.063542e+01
7.409614e+01
1.861709e+01
-6.683752e+00
1.610292e+01
-1.645065e+00
-1.382807e+00
-2.924652e-01
4.700929e-01
-1.148512e-01
3.196292e-01
5.101079e-01
1.769640e-01
1.312294e-01
1.080411e-01
8.199237e-01
2.786158e-01
-5.918612e-02
-4.918324e-03
2.121512e-01
-3.190117e-01
-2.145598e-02
5.387523e-02
5.849361e-02
2.201287e-01
4.307999e-02
1.796972e-01
-1.329076e-01
-1.298465e-01
3.755767e-01
4.495518e-03
-2.327277e-02
9.630866e-02
-5.757490e-02
