-3.090646e-02
-5.620551e-01
-9.579100e-02
4.437333e+01
1.796051e+02
-2.620259e+01
3.482395e-04
-6.033010e+04
7.047442e+04
-9.410163e+04
-1.935859e+05
-1.193631e+04
2.840676e+04
2.686409e+04
7.669511e+04
-2.459150e+04
-1.895197e+04
2.359641e+04
1.222808e+05
-7.322790e+04
3.633431e+04
-2.571580e+03
-5.786495e+04
-2.333495e+04
-8.882719e+03
5.794730e+04
3.129084e+03
-4.186639e+04
-4.710365e+03
3.884830e+03
-8.319589e+03
1.786964e+04
5.749453e+03
-2.778155e+04
7.019852e+03
7.106647e+03
-5.451192e+03
-1.646990e+04
4.286472e+03
-1.627471e+04
3.966497e+02
1.736798e+04
1.614894e+04
-1.686712e+04
2.322350e+04
-3.410996e+03
-4.328234e+01
8.720920e+02
-2.361651e+04
3.486703e+03
-2.215350e+03
9.245740e+03
-3.731980e+03
4.246754e+03
-4.689544e+03
8.789060e+03
8.304586e+02
1.035173e+04
5.389452e+03
7.006956e+02
-1.711317e+04
1.634783e+03
9.336398e+03
1.689863e+03
2.343263e+03
3.553433e+03
-3.685915e+03
-3.140895e+03
3.266108e+03
9.277870e+02
2.864766e+03
-1.592402e+03
2.214214e+02
5.633294e+03
-2.485597e+03
-5.123532e+02
-3.207135e+03
1.383989e+03
-4.622675e+03
8.169711e+02
-6.736780e+02
5.904113e+02
4.229872e+02
1.634859e+03
7.343018e+02
8.248192e+02
-1.751172e+03
2.285875e+03
8.585554e+02
-5.106527e+01
-3.394150e+02
-2.963009e+02
1.823718e+03
5.669057e+02
1.272600e+02
1.293104e+03
1.778751e+03
-4.440742e+02
-1.512018e+03
-9.516216e+02
-1.070205e+03
-5.306010e+02
1.891164e+03
-9.258289e+02
-4.579410e+02
-1.558988e+03
-1.020969e+02
1.457055e+03
1.790096e+03
1.270419e+03
1.058841e+02
2.581281e+02
2.763251e+02
3.074128e+02
-5.061328e+02
2.031313e+02
2.166328e+02
1.771715e+02
-4.344789e+02
1.666622e+02
2.778831e+02
5.089471e+02
1.205246e+02
3.029809e+00
5.687569e+02
-4.818028e+02
6.563420e+02
2.009454e+02
1.095959e+02
-2.302555e-01
8.756908e+02
3.419329e+02
-2.293852e+02
1.301820e+02
-2.644955e+02
-1.655911e+02
1.850082e+02
4.454606e+02
-1.241380e+02
-3.027965e+02
-9.844801e+01
-7.481235e+01
2.119159e+02
1.826928e+02
3.581869e+00
5.606123e+01
-2.883355e+02
-3.016778e+02
5.328376e+00
1.095073e+02
1.200545e+02
1.167942e+02
6.080375e+01
3.863612e+01
3.478027e+00
4.776463e+01
2.777261e+01
-1.810119e+02
4.016062e+01
-1.423455e+01
-1.575835e+02
1.716935e+01
-5.000107e+01
4.805886e+01
-2.836302e+02
9.035251e+00
-2.581324e+01
3.004041e+02
-2.106822e+02
6.177190e+00
1.467869e+01
8.490273e+00
7.425644e+01
8.928745e+01
2.110898e+01
-3.272220e+01
8.427321e+01
4.994473e+01
-2.491847e+02
-1.153573e+01
-9.587905e+01
8.882740e+01
1.382608e+02
-3.932919e+01
2.088455e+01
-6.541949e+01
1.021608e+02
1.075835e+02
-2.596359e+01
-1.181375e+01
5.709607e+01
1.451104e+01
-4.685835e+01
3.095156e+00
-7.069372e+00
1.313983e+01
3.228657e+01
3.477024e+01
-5.778564e+01
-4.519251e+01
1.399919e+01
-4.419086e+01
-6.517581e+01
5.057198e+01
3.816978e+01
2.144768e+01
-3.926086e-01
3.394619e-01
-4.360338e-01
6.858695e-01
-6.772793e-03
6.111034e-01
-3.189869e-01
-4.686370e-01
6.638486e-02
-2.104646e-01
2.779314e-01
3.219410e-01
-3.435505e-01
-1.122681e-01
1.793433e-02
-2.397814e-01
-1.249840e-01
-1.672179e-02
-6.245446e-02
1.024251e-01
3.818254e-02
6.624398e-02
-9.827664e-02
-2.411741e-01
1.402371e-01
-5.132283e-02
-1.513865e-01
2.662052e-02
-1.131501e-01
