-4.590326e-01
1.152053e+00
1.351690e-01
5.575111e+01
1.895573e+02
-1.217297e+01
3.584469e-04
-1.964593e+05
-3.351997e+05
4.115539e+05
9.911107e+04
1.666653e+05
-4.292388e+04
-1.100081e+05
-7.902099e+03
-1.406279e+05
-2.493033e+03
-7.699235e+04
1.882902e+03
-5.010664e+03
-3.289054e+04
-1.343877e+04
-1.159237e+04
7.073333e+03
5.390445e+04
-3.259081e+04
1.546078e+04
5.540305e+03
2.557080e+03
7.187919e+03
-8.680384e+04
-2.210170e+04
-2.876095e+04
-3.262253e+04
4.303252e+04
3.245892e+04
-1.805445e+04
-2.199235e+04
1.942580e+04
2.027659e+04
3.947848e+04
6.049907e+03
-3.873980e+04
1.897451e+03
7.010919e+03
2.358340e+03
-5.159327e+03
5.293839e+03
2.123046e+04
1.492090e+03
1.629478e+04
-2.176835e+02
-1.732307e+03
-4.504129e+03
-5.022729e+03
2.841495e+03
1.877142e+02
5.891535e+03
3.282417e+03
-1.402480e+04
1.782680e+03
-8.248893e+03
-6.106298e+03
-9.494907e+03
-2.680655e+03
6.551116e+03
4.896724e+03
1.066950e+04
-8.570049e+03
2.435454e+03
4.591065e+03
3.890532e+03
5.562446e+03
-3.442908e+03
2.281739e+03
3.906282e+03
5.793931e+03
-4.707721e+03
-1.077550e+03
-1.181874e+03
-2.990070e+03
-1.427211e+03
-1.946054e+03
1.746430e+03
1.158280e+03
2.291911e+03
-6.905853e+02
1.114776e+03
4.773943e+01
-9.171479e+02
1.619665e+03
5.180214e+02
3.887350e+03
3.129532e+03
-5.920959e+02
2.201112e+03
1.290555e+03
6.497153e+02
-8.315081e+02
-7.858387e+02
-1.482268e+03
-1.935116e+03
-2.154546e+02
-4.558003e+02
1.623868e+03
-3.156886e+02
1.143782e+03
-7.117061e+02
1.527890e+03
2.254042e+03
7.588495e+02
1.335947e+03
-2.305603e+02
6.694321e+02
-9.827812e+02
-4.312106e+02
-3.717774e+02
-4.625450e+02
-3.151434e+02
6.285928e+02
6.050455e+02
-8.273547e+01
-1.075394e+03
1.299901e+03
1.813588e+02
-3.585315e+02
-2.354075e+02
-1.642637e+02
1.881407e+02
-8.663723e+02
-2.673038e+02
4.743284e+02
-1.461096e+02
2.407725e+02
-3.126774e+02
-9.502786e+01
2.382169e+01
-4.489369e+02
-3.377768e+02
5.578587e+02
-2.205804e+02
-2.229588e+02
1.513568e+02
6.451475e+01
-2.068041e+02
1.252015e+02
3.372645e+01
-4.043742e+02
1.706347e+02
5.574652e+02
4.713890e+02
1.450741e+02
2.090833e+02
2.109263e+02
2.236227e+00
4.376082e+01
-1.066788e+00
3.530853e+02
-3.257217e+02
-1.639458e+02
2.665345e+02
-1.807512e+02
3.086496e+02
-2.002638e+00
-9.056379e+01
-4.546366e+01
1.446670e+02
-7.327917e+01
-1.417312e+02
1.333521e+02
1.273377e+02
1.101530e+02
1.000677e+02
-1.555283e+02
-1.503285e+01
-5.047013e+00
-1.947458e+01
2.525527e+01
-3.293650e+01
1.103737e+02
2.467981e+02
1.212208e+02
-1.327622e+02
1.641956e+01
5.075448e+01
2.707830e+01
6.715109e+01
3.985813e+01
1.683780e+00
8.600529e+01
-4.930699e+01
4.992480e+01
1.544146e+01
5.723152e+01
-6.238735e+00
2.683325e+01
-1.098220e+02
-7.008341e+01
-2.646453e+01
6.896835e+01
-6.567094e+01
-7.105476e+01
-5.433070e+01
-1.091293e+02
5.178374e+01
5.810525e+00
-6.802808e-01
-8.582477e-02
-6.677864e-02
-5.252043e-01
-1.874996e-01
-3.292059e-01
-6.864527e-01
3.356878e-01
3.436277e-01
-5.180604e-01
1.659757e-01
-1.036034e+00
3.044342e-01
4.150328e-02
1.273694e-01
1.180298e-01
6.047541e-03
3.256752e-02
4.141954e-02
-2.360115e-01
2.144213e-01
5.309640e-02
-1.187253e-01
1.453791e-01
-3.586870e-02
2.695511e-02
6.208971e-02
-1.553196e-01
-2.097447e-03
