-4.308703e-01
-1.333174e+00
4.449288e-01
5.632000e+01
1.909958e+02
-1.226145e+01
3.446265e-04
-1.030162e+04
2.949591e+05
-9.172652e+04
-2.259787e+05
-8.643272e+04
1.099118e+05
2.627050e+04
-6.766105e+04
-3.363892e+02
-5.759618e+04
-4.362376e+04
1.827083e+05
1.825412e+05
1.342655e+05
5.705648e+04
7.707958e+03
-6.156021e+03
-1.767371e+04
1.028580e+03
-1.163342e+05
-5.460211e+04
4.302292e+03
2.730415e+04
-5.997579e+04
-1.710541e+04
7.911179e+03
3.390804e+04
3.431869e+04
-1.673564e+03
2.234967e+04
-3.106124e+03
4.121239e+04
-1.093635e+04
1.269327e+04
3.259040e+03
-3.046075e+04
-3.611588e+04
-5.386126e+03
-3.026666e+03
1.291677e+04
-2.581807e+03
-3.314758e+04
5.728990e+03
1.186835e+04
7.002311e+03
5.564977e+03
1.195584e+04
-6.002369e+03
4.443209e+03
6.753981e+03
-4.729635e+03
2.102389e+03
-5.000417e+03
-7.354276e+03
5.015998e+03
1.297252e+04
-4.689941e+03
9.096620e+03
2.396916e+03
9.204862e+02
-1.562633e+03
5.195342e+03
7.811072e+03
-7.044909e+03
-8.322520e+03
-2.830102e+03
1.562702e+03
2.564100e+03
-3.487494e+03
2.863713e+03
-1.160880e+03
-2.992774e+03
-8.508901e+02
-2.388999e+03
4.711002e+02
-1.050107e+03
3.419657e+03
-1.944983e+03
2.814672e+02
-1.226560e+03
7.547792e+03
2.980727e+03
-4.590703e+02
1.397317e+03
9.279894e+02
3.087421e+03
-1.806100e+03
1.613547e+03
-2.292558e+03
4.136072e+03
-1.213913e+03
-2.038127e+03
-1.717399e+02
-5.158098e+02
3.081227e+02
6.651666e+01
-9.564834e+02
1.421079e+02
2.349747e+02
3.973489e+02
1.038995e+03
1.685811e+03
1.039474e+03
1.062947e+03
-2.063849e+02
-9.532473e+02
9.973510e+02
8.898326e+02
-8.064437e+02
1.288257e+03
-5.968206e+02
-1.342770e+03
1.293403e+03
3.632077e+02
-7.116523e+02
4.576527e+02
1.986748e+02
1.547183e+02
-3.275735e+01
1.597118e+02
2.791527e+02
2.680408e+02
-9.422160e+01
6.350225e+02
6.398792e+02
1.399713e+02
-1.762027e+02
1.165735e+02
-1.465448e+02
3.596371e+02
1.057427e+02
2.970014e+02
-4.191736e+02
4.501645e+01
-4.723085e+02
-1.884237e+02
7.420824e+02
7.808296e+01
-1.910539e+01
-5.094660e+02
2.878054e+02
2.971927e+02
-2.039614e+02
5.547437e+01
-8.204110e+01
-2.304394e+02
-2.333508e+02
3.353075e+01
7.535535e+01
4.359494e+02
-4.922910e+01
-3.749274e+02
4.233290e+02
3.223971e+02
-7.591108e+01
1.713331e+01
-5.609912e+01
-1.337812e+02
-1.636535e+02
-1.921550e+02
2.856688e+02
1.036506e+01
-2.484800e+02
1.951878e+01
-8.509538e+01
2.518484e+01
1.407651e+02
9.836185e+01
-1.004878e+02
5.253068e+01
-1.256155e+02
-3.438807e+01
4.730616e+00
-1.685898e+02
-5.220887e+01
-1.732909e+01
1.453928e+01
2.689171e+01
-1.556145e+02
1.089522e+01
6.731340e+01
-1.798999e+02
2.179401e+01
2.101478e+01
2.677673e+01
1.864646e+01
-7.447589e+00
1.687121e+02
-3.907054e+01
8.732893e+01
-2.528701e+01
-7.394416e+01
-1.313163e+02
-2.399946e+01
-5.043445e+01
3.030517e+01
1.641752e+02
-2.156291e+01
3.173887e+01
3.211021e-01
-1.363600e+00
-3.249256e-01
-7.164911e-01
3.634148e-01
2.236958e-01
-8.611954e-02
-5.898917e-01
-3.973295e-01
3.611686e-01
-2.130638e-02
5.090418e-01
-5.618947e-02
-5.682201e-02
2.794066e-01
-1.842395e-01
-8.895928e-02
-7.973696e-02
-1.521238e-01
2.125511e-01
1.048845e-01
1.326185e-01
2.549884e-01
2.996153e-02
2.345001e-01
2.493020e-01
-2.833404e-01
7.731645e-03
1.346489e-01
