-5.548872e-01
5.797787e-01
-3.405619e-02
5.063111e+01
2.138501e+02
-1.817236e+01
3.479137e-04
-2.172205e+05
-7.341583e+04
5.884247e+05
3.272659e+05
1.623495e+05
3.696159e+04
-1.173494e+05
1.266624e+05
-8.744163e+04
9.198752e+04
1.144243e+03
3.241544e+04
-8.224328e+04
-4.496381e+04
-7.733241e+04
5.945394e+04
1.245725e+04
2.190346e+04
-7.052155e+04
4.542021e+04
2.533262e+03
9.990052e+02
2.301671e+04
-7.963352e+04
1.767134e+04
1.243279e+04
-3.991175e+04
1.063438e+04
1.085257e+04
1.613501e+04
7.778745e+03
-3.945985e+04
-2.156453e+04
1.925755e+03
-1.851851e+02
-2.207220e+04
-6.097152e+03
3.119813e+04
-1.763168e+04
-1.025369e+04
7.503101e+03
3.046222e+02
1.836875e+03
1.353181e+04
1.005892e+04
5.779139e+03
-1.163857e+03
-8.992502e+03
5.615266e+03
-1.296001e+03
1.296550e+04
1.888842e+02
-1.083516e+04
-5.187578e+03
-8.147111e+02
-6.408033e+02
-7.661432e+03
4.899009e+02
1.669580e+03
4.047212e+03
6.124687e+03
-7.367574e+03
3.356076e+03
6.295367e+03
6.203777e+03
1.297323e+03
-2.353814e+03
-2.242576e+03
1.939235e+03
2.925210e+03
2.907592e+02
-5.856555e+03
-2.019538e+03
-1.632003e+03
-1.191272e+03
-2.493455e+03
1.610648e+03
2.257692e+03
1.882125e+03
-2.425198e+03
8.971071e+02
-7.826428e+02
-9.598389e+01
-4.275138e+01
-2.040229e+03
3.402439e+03
2.312406e+03
-8.688094e+02
7.061289e+01
2.463462e+03
6.493756e+02
-1.430285e+03
-5.847245e+01
-1.787427e+03
-1.360203e+03
1.053723e+02
-1.089439e+03
1.694160e+03
-1.935200e+03
1.015129e+03
-1.832196e+02
1.193737e+03
1.417813e+03
-2.413530e+01
1.861808e+03
7.115337e+01
1.351789e+03
-7.901959e+02
-8.195580e+02
-5.077774e+02
4.076529e+01
-5.358542e+02
7.929872e+02
-1.785961e+02
-2.582154e+02
-7.361536e+02
1.048364e+03
6.043453e+02
-4.476662e+02
2.323116e+02
1.939744e+02
3.726613e+02
-2.786408e+02
1.550008e+02
-3.448754e+01
8.627266e+01
4.116254e+02
-5.943515e+01
-1.090195e+02
8.005742e+02
9.481334e+01
-8.560828e+01
2.967796e+02
1.823363e+02
-2.822525e+02
-2.165767e+02
1.871469e+02
-6.031715e+01
1.704099e+02
-3.444007e+02
-2.568094e+02
1.220728e+02
1.406568e+02
4.438958e+02
9.644841e+00
5.777253e+01
5.303191e+01
-1.221992e+02
5.166140e+01
1.550920e+02
2.442950e+02
-3.066559e+02
-9.520235e+01
4.146271e+02
-5.298017e+01
-8.625455e-03
1.107997e+02
-8.601992e+01
-7.300100e+01
5.272451e+01
7.825164e+01
-2.387881e+02
6.913655e+01
5.214132e+01
1.888893e+02
7.733504e+01
9.260912e+00
-1.429543e+02
-8.627374e+01
3.176144e+00
-4.782812e+01
-1.018173e+02
-1.064447e+02
5.170050e+01
-6.594460e+01
2.446794e+01
2.541073e+01
4.516528e+01
-1.196893e+00
1.068712e+02
-1.620530e+01
-9.951621e+01
-2.599669e+00
-1.087157e+01
-6.578475e+00
-8.211447e+00
5.003540e+01
3.882179e+00
-4.285987e+00
-3.452863e+01
-3.185150e+01
4.516869e+00
5.729684e+01
1.270337e+01
-3.920476e+01
-2.882615e+01
-3.791761e+01
2.151528e+01
2.592103e+01
7.829803e-01
-5.124910e-01
-4.186366e-01
-1.473744e-01
-1.215956e-01
2.790533e-03
-7.615296e-01
-4.465614e-02
-9.694804e-02
-4.819261e-01
-3.864320e-03
-8.905410e-01
-1.457572e-01
1.906694e-02
-3.091323e-02
2.075602e-01
-3.073849e-02
6.271330e-02
3.994614e-02
-4.482807e-01
4.276853e-02
6.073468e-02
-2.045898e-01
-9.345219e-02
-2.292617e-01
-7.940225e-02
2.950917e-03
-9.456365e-02
-4.409630e-02
