-3.346652e-01
-6.921318e-01
-2.362443e-01
4.721778e+01
1.925855e+02
-2.160987e+01
3.552916e-04
1.320213e+03
-2.874427e+04
2.557672e+04
1.474076e+05
4.960941e+04
1.934288e+05
-8.260837e+04
-7.298397e+04
2.670023e+04
7.863209e+04
2.600789e+04
1.513004e+05
1.147806e+04
-3.077610e+04
-3.856677e+04
6.162948e+04
6.728596e+04
4.829562e+04
-5.776266e+04
-3.181442e+04
1.614907e+04
6.266261e+03
3.608438e+04
-3.085674e+04
-2.675657e+04
1.957321e+04
-2.160450e+04
-2.940719e+04
-9.005652e+03
-1.347819e+04
2.146133e+03
-3.848654e+03
1.670335e+04
-1.374045e+04
-5.853354e+03
-3.242020e+03
8.726674e+03
9.567896e+03
-1.651747e+04
4.057374e+03
6.484610e+03
-8.416457e+03
2.870566e+03
1.009654e+03
6.275115e+03
-1.027241e+03
3.700777e+03
-1.124637e+02
-1.160965e+01
-2.002800e+03
3.555447e+03
4.342463e+02
-4.313603e+03
-6.131672e+03
7.399515e+02
2.184021e+03
-7.734542e+03
9.940848e+02
1.969685e+03
1.634162e+03
-5.149637e+02
-2.796568e+03
1.378829e+03
3.079272e+03
1.741774e+03
3.344698e+02
-1.957688e+02
-2.095997e+03
-3.616594e+02
2.393430e+03
-2.105231e+03
-2.646594e+03
-5.872495e+02
-1.053210e+03
-6.089457e+02
6.912468e+01
2.651293e+03
-1.489676e+03
9.400104e+02
-1.470984e+03
2.837095e+03
-6.403132e+02
1.464246e+03
-1.506708e+03
6.261970e+02
2.669182e+03
1.222611e+03
-1.573145e+02
5.539658e+02
2.113292e+03
-6.584127e+02
5.035942e+01
7.960255e+02
-1.362881e+03
-1.479031e+02
1.683680e+02
5.039263e+01
5.569404e+02
-3.146169e+02
3.796802e+02
-1.632103e+00
1.368387e+03
7.224256e+02
8.270753e+02
5.368986e+02
-6.095395e+02
6.611999e+02
-4.621977e+02
6.434280e+00
1.548751e+02
2.263343e+01
-3.108585e+02
8.893370e+02
-1.648545e+02
2.045612e+02
8.523399e+01
1.613313e+02
-5.879985e+01
-2.974458e+02
3.888440e+02
2.841126e+02
3.039799e+02
-4.890110e+01
-2.741673e+02
2.809274e+02
2.581925e+02
2.151907e+02
2.057412e+02
-6.249001e+02
9.790758e+01
9.539444e+01
-1.213133e+01
-2.328592e+02
1.494044e+01
-3.932061e+01
-1.149725e+02
3.459198e+02
6.682531e+01
6.051628e+00
-1.047150e+02
-5.465558e+01
3.295543e+02
4.892103e+01
3.150270e+01
-1.162634e+02
-1.565475e+02
1.734091e+01
-2.526003e+02
-9.218135e+01
2.866053e+02
8.194136e+01
-6.478931e+01
2.928050e+01
2.395157e+02
-6.502542e-01
-7.998985e+01
9.091617e+01
-7.234666e+01
-6.218431e+01
-8.205299e+00
1.949014e+02
-1.286634e+02
-1.201978e+01
-2.307601e+01
1.129759e+02
5.655706e+01
1.527650e+01
-4.461585e+01
-1.015957e+02
3.234305e+01
-3.447652e+01
-1.585328e+02
5.011457e+01
7.372514e+01
-5.868081e+00
-1.552825e+01
3.467937e+00
-1.895261e+01
-1.167484e+01
3.421067e+00
1.038960e+01
-7.606742e+01
-7.311266e+01
6.386356e+01
2.294976e+01
-1.359994e+01
2.286630e+00
9.907002e+01
7.765961e+00
1.723847e+01
-1.909108e+01
-1.036106e+01
-1.783944e+01
3.221358e+00
-2.968961e+01
3.048966e+01
-7.139349e+00
2.050192e+01
8.802052e+00
6.540092e-01
-1.495020e+00
-3.473516e-01
-2.381826e-01
1.582505e-01
6.103464e-02
-2.873828e-01
3.825813e-01
4.597681e-02
7.945483e-02
-1.621593e-01
-3.147570e-01
4.572178e-01
3.695359e-03
1.112302e-02
-1.448900e-02
-2.470185e-02
-3.980790e-02
3.431087e-02
-2.017229e-01
1.186651e-01
-1.130572e-02
-1.515506e-01
4.061822e-02
-4.131948e-02
3.005397e-02
-2.740793e-02
-8.477487e-03
-3.330822e-02
