-6.604531e-01
-1.345461e-01
5.471635e-02
5.973333e+01
2.283855e+02
-1.948234e+01
3.618762e-04
-3.229922e+05
-7.089015e+04
7.326149e+05
5.351696e+04
1.666689e+05
-5.449493e+04
-1.626123e+05
1.549121e+05
-1.844955e+05
1.710670e+05
-1.635821e+04
6.394028e+04
-4.816984e+04
-1.643726e+03
-2.864503e+04
1.048393e+04
2.845398e+04
-2.978299e+04
-1.191882e+05
-1.934700e+04
-2.878712e+04
1.376148e+04
1.044721e+04
-6.794123e+04
-2.451540e+04
9.470120e+03
-3.159809e+04
2.042407e+04
2.091419e+03
2.658776e+04
1.866981e+04
-1.894421e+04
-1.415916e+04
1.730350e+04
-6.919735e+03
-1.210949e+04
-9.099164e+03
-3.361909e+03
-6.972691e+03
1.622620e+03
1.048189e+04
-4.822197e+03
-1.358346e+03
2.215683e+04
1.215623e+04
3.093358e+03
2.165355e+03
-1.443325e+04
-5.384075e+03
5.535891e+03
9.805420e+03
-4.678953e+03
-1.816411e+04
-8.169381e+03
-8.199429e+02
1.260121e+03
-5.116526e+03
-9.392121e+02
3.446906e+03
3.580091e+03
7.398206e+03
-6.778816e+03
4.473825e+03
4.185138e+03
7.428554e+03
1.666059e+03
9.549167e+02
-1.112302e+03
1.069777e+03
4.004186e+03
2.191277e+02
-6.293756e+03
-1.829173e+03
-2.025169e+03
5.359493e+02
-2.631742e+03
2.378957e+03
1.281603e+03
3.898650e+03
-2.062346e+03
2.222310e+03
-3.074821e+02
-2.405240e+02
1.727580e+03
-2.215600e+03
3.068047e+03
3.567100e+03
-4.979609e+02
9.401743e+02
3.162250e+03
2.632062e+02
-6.145537e+02
1.379645e+01
-1.258148e+03
-7.142912e+02
-2.033002e+02
-9.396484e+02
9.274510e+02
-8.809247e+02
8.214871e+02
8.300939e+02
1.327064e+03
1.652732e+03
7.088954e+02
1.671602e+03
8.440554e+01
1.665370e+03
-8.858939e+01
-4.853425e+02
-3.034757e+02
-7.966182e+01
-1.045430e+03
6.664156e+02
-5.185443e+02
-5.156322e+00
-5.176467e+02
8.147892e+02
8.017516e+02
-4.733544e+02
-4.464343e+02
3.107536e+02
3.607103e+01
-6.559387e+02
1.170202e+02
2.265703e+02
5.891736e+01
1.382520e+02
-1.561594e+02
-8.126888e+01
3.452329e+02
2.237077e+02
1.950668e+01
-1.589856e+02
-1.356776e+02
-3.261863e+02
1.815316e+01
1.775840e+02
3.812910e+01
1.286540e+02
-3.141438e+01
9.770114e+00
2.445741e+02
2.530160e+02
2.857977e+02
5.259266e+01
-2.284442e+02
2.883385e+02
-5.698831e+01
7.358170e+01
4.745202e+01
4.912298e+02
-3.573789e+02
-6.794016e+01
4.103841e+02
-1.262701e+02
-1.705771e+01
4.096395e+01
-1.939101e+02
-9.488673e+01
-1.253396e+01
1.107172e+02
-2.098007e+02
1.009178e+02
6.850684e+01
1.406044e+02
9.941077e+01
1.363388e+02
1.004556e+01
-1.245607e+02
3.506948e+01
-3.549634e+01
-1.114466e+02
-7.301001e+01
5.922844e+01
3.722379e+01
-6.974163e+01
4.549822e+01
6.509798e+00
4.675754e+01
1.242330e+02
8.213419e+01
-1.326286e+02
-4.590428e+01
-4.354599e+00
3.618889e+01
2.822445e+01
3.963052e+01
4.946319e+00
-4.416663e+01
-7.065721e+01
-3.811255e+00
1.522930e+01
6.172736e+01
4.400479e+01
-1.105191e+02
-3.950008e+01
-6.313783e+01
3.215995e+01
3.332361e+01
-2.808727e-01
-6.191196e-01
-3.562895e-02
-4.856880e-01
-1.218847e-01
-5.281849e-01
-5.708221e-01
2.220563e-01
-2.274591e-02
-4.087837e-01
4.212065e-01
-5.960473e-01
1.147630e-01
1.543278e-02
3.533385e-01
5.915474e-01
-2.640226e-02
8.180758e-03
-4.692974e-02
-2.199244e-01
-3.595299e-02
-4.476478e-02
-7.183578e-02
-1.061030e-01
-2.118553e-02
3.380786e-02
6.391789e-03
-4.688490e-02
-5.689026e-02
