-3.272056e-01
7.866331e-01
1.236210e-01
4.750222e+01
1.903795e+02
-1.783304e+01
3.391943e-04
-1.098864e+05
-2.051742e+05
3.508521e+05
1.922907e+05
1.035645e+05
1.705720e+05
-136126
1.152359e+05
2.375050e+03
1.108976e+04
1.708340e+04
1.164540e+05
-4.789398e+04
-4.812653e+04
1.832611e+04
2.789143e+04
1.329528e+04
-1.370775e+03
-5.863973e+04
-4.427387e+03
1.696097e+04
-4.471353e+03
4.095696e+04
-4.491623e+04
9.070376e+03
-5.568150e+03
-1.229836e+04
1.203779e+04
1.680482e+04
-1.424764e+03
3.486519e+03
5.651667e+03
-5.913508e+03
-8.102348e+02
3.473243e+03
-9.115193e+03
-4.876902e+03
1.712710e+04
-4.059120e+03
-4.851917e+03
3.458939e+03
-3.894703e+03
-3.118728e+03
7.991204e+03
2.532106e+03
6.847164e+03
-8.444166e+02
-8.892146e+03
2.368817e+03
3.115479e+02
6.713810e+03
-3.667590e+03
-6.220147e+03
-2.644093e+03
-3.726694e+02
4.988879e+02
-3.509081e+03
3.937484e+02
3.308141e+03
2.700356e+03
2.971225e+03
-4.103087e+03
1.383106e+03
2.985032e+03
1.540916e+03
1.320304e+03
3.717639e+01
-1.482018e+03
4.097394e+02
2.386278e+03
1.069035e+03
-3.365364e+03
-1.706304e+03
-1.968902e+03
2.223854e+02
-1.428102e+03
1.117577e+03
5.238641e+02
2.193947e+03
-1.095393e+03
9.644800e+02
2.347727e+02
9.835632e+01
-2.791745e+01
-6.551707e+02
2.396091e+03
1.122849e+03
-3.859846e+02
1.283897e+03
2.182103e+03
8.140024e+02
-1.066804e+02
1.094851e+03
-1.534163e+03
-5.813276e+02
-5.658334e+02
-1.388167e+02
4.300155e+02
-7.363039e+01
1.053851e+03
-7.883501e+01
7.592288e+02
1.031454e+03
4.724432e+02
1.193850e+03
-2.661183e+02
4.414818e+02
-3.834677e+02
-1.029313e+02
3.014827e+02
9.249632e+01
-2.982239e+02
2.541739e+02
-2.774336e+02
-2.622152e+02
-4.484882e+02
4.311586e+02
8.977299e+01
-2.976998e+02
-1.331567e+01
3.964326e+02
2.712163e+02
-2.748248e+02
1.146350e+02
1.248710e+02
1.746740e+02
3.249339e+02
2.749750e+01
-2.763758e+01
5.221038e+02
1.272457e+00
-3.031783e+01
9.425971e+01
6.570373e+01
5.727282e+01
-1.679026e+02
5.252589e+01
-7.675634e+01
6.265254e+01
-3.448620e+01
-1.780097e+01
2.125992e+02
1.543375e+02
2.619423e+01
-8.966299e+01
8.114803e+01
2.327409e+01
-1.424551e+02
-8.127800e+00
8.646702e+01
1.258985e+02
-2.049878e+02
-1.097335e+02
2.050520e+02
-5.037101e+01
3.582475e+01
7.284509e+01
4.773605e+01
-6.314552e+01
-3.484765e+01
6.988319e+01
-8.501824e+01
4.295318e+01
4.662374e+01
1.145183e+02
-2.751778e+00
1.999225e+01
1.548004e+01
-5.169607e+01
-4.235019e+01
-5.612947e+01
-1.008648e+02
-2.654601e+00
5.000812e+01
-8.427830e+00
-1.457518e+01
2.896980e+01
2.343580e+01
-3.644698e+01
7.641982e+01
-1.989465e+01
-6.223515e+00
6.679159e-01
3.486532e+01
1.387576e+01
-2.573207e+01
-8.230620e-02
5.123204e+01
8.083567e+00
-3.686504e+01
-2.657010e+01
9.178042e+00
7.756601e+00
5.304431e+00
-3.060014e+01
-1.462535e+01
-1.630417e+01
2.423744e+01
1.725962e+01
1.020734e-01
1.100317e+00
-1.035275e+00
1.205626e-01
-6.416640e-02
-3.440180e-01
-3.786508e-01
1.097625e-01
5.255863e-02
-2.628123e-01
-2.968551e-01
-4.038312e-01
2.454754e-01
-4.482640e-02
1.964790e-01
3.544874e-01
-6.241641e-02
5.311323e-02
2.605685e-02
-3.274911e-01
5.053286e-02
-3.234456e-02
-7.608070e-02
-8.142301e-02
-1.960741e-01
2.094445e-02
2.011054e-02
-5.738647e-02
1.675573e-02
