-8.295970e-02
-1.382943e+00
-1.233234e-01
5.347556e+01
1.705450e+02
-1.170464e+01
3.409701e-04
-4.521097e+04
-1.305672e+04
5.473684e+04
3.188119e+05
1.315292e+05
1.574836e+04
-8.432633e+04
5.263932e+03
-1.659202e+04
1.005009e+05
1.073479e+03
1.217706e+04
-3.365873e+03
-4.075748e+04
-6.376907e+04
6.739806e+04
-2.669677e+04
2.080894e+04
-5.730949e+04
1.800586e+04
-3.200468e+04
-2.232150e+04
2.299438e+03
-1.643543e+04
-1.595042e+04
2.739074e+04
-7.142841e+03
-1.756036e+03
-5.177588e+03
-1.926515e+03
1.701060e+04
-2.693966e+04
-9.625530e+03
-1.217262e+04
-8.961971e+02
-1.609543e+03
2.635843e+03
1.067408e+04
-1.403683e+04
3.446868e+03
5.466293e+03
3.287915e+03
1.128090e+03
1.546999e+03
-9.544612e+02
2.985921e+02
8.575338e+03
-4.263789e+03
-2.848427e+02
-1.678058e+03
7.379967e+03
-6.687083e+02
-8.479678e+03
-2.519561e+03
8.700184e+02
2.374302e+02
-5.604283e+03
4.023445e+03
2.263386e+03
4.165257e+03
-1.353174e+03
-3.801882e+03
2.675109e+03
5.236490e+03
3.741904e+03
-3.519718e+03
-1.181835e+03
-1.526345e+03
-5.726803e+02
8.397397e+02
1.829867e+03
-3.239089e+03
-8.017838e+02
1.642090e+03
-1.307279e+03
3.229049e+01
6.335793e+02
2.997386e+03
3.666671e+02
-5.065363e+02
1.261471e+02
-1.282345e+03
9.777437e+02
-4.119629e+02
-1.671769e+03
4.003413e+02
8.569477e+02
-1.773286e+03
1.162091e+03
4.349948e+02
1.565628e+02
-5.382780e+02
-4.027441e+02
-2.671055e+02
-1.613089e+02
5.115134e+01
1.440658e+02
-9.875266e+01
-6.725658e+01
5.712879e+02
4.243153e+02
-7.371413e+01
-9.025876e+00
-8.061361e+02
6.421541e+02
-3.026070e+02
8.535290e+02
-3.937852e+02
-4.204274e+02
-4.263163e+02
4.335962e+01
-2.943931e+02
4.123707e+02
-8.223788e+02
-3.574932e+02
-3.133850e+02
3.247653e+02
3.822431e+02
1.144075e+02
-1.678126e+01
4.166208e+01
-3.160912e+01
-1.481314e+01
3.275032e+02
2.166353e+02
2.813561e+02
2.342917e+02
7.083565e+01
-3.572440e+01
4.916852e+02
4.411831e+01
1.319373e+02
-7.765184e+01
1.261515e+02
-2.602620e+02
6.770824e+01
7.616800e+00
1.258283e+02
2.533504e+02
-1.976816e+01
-8.612208e+01
1.666956e+02
-7.444601e+01
1.174458e+02
4.116422e+01
1.499893e+02
2.341453e+01
-1.831851e+02
-6.177020e+01
1.666186e+02
4.523483e+01
-1.086914e+02
1.223519e+02
1.621432e+02
3.672166e+01
-3.142001e+01
1.030414e+02
1.185064e+01
-2.878656e+01
-8.144234e+01
3.309824e+01
-8.730309e+00
2.308170e+01
9.979111e+00
1.102977e+02
6.053320e+00
1.443365e+01
-2.192913e+01
1.086836e+00
3.988993e+01
5.222137e+01
-3.255756e+01
-3.573810e+01
1.078347e+01
1.155659e+01
1.083550e+01
5.930944e+01
-8.454226e+00
-2.925322e+01
-2.317349e+01
-1.237636e+01
-7.004115e+01
-7.967908e+01
3.512737e+01
4.012976e+01
5.425986e+01
4.387506e+01
3.110370e+01
-6.807523e+01
-4.337031e+00
-9.427536e+00
-1.085622e+00
2.550884e+01
4.927960e+01
-2.652037e+01
2.517799e+01
-3.455703e+01
3.740324e+01
7.296250e+00
3.228628e-01
1.393795e-01
7.654884e-02
9.000823e-02
-2.913827e-01
1.163120e-01
2.942407e-02
-3.027722e-01
-9.096138e-02
-1.608516e-01
-2.233146e-01
-3.772717e-01
4.001543e-01
6.655837e-02
-1.138030e-01
1.937706e-01
3.530661e-02
-1.748127e-02
2.140051e-02
-1.963083e-01
1.754205e-02
4.733080e-02
-7.197091e-02
2.944717e-02
-1.349481e-01
2.507754e-02
-6.050038e-03
-7.266468e-02
2.078052e-02
