-9.373788e-02
-4.645011e-01
-1.463090e-01
4.209778e+01
1.790547e+02
-2.289862e+01
3.472067e-04
-9.765107e+04
-1.917015e+05
1.725628e+05
187657
8.080199e+03
2.115480e+05
-1.828726e+05
8.746728e+04
-8.851912e+04
6.012970e+04
-2.909167e+04
1.725624e+04
-1.564527e+04
-6.319042e+04
-5.952359e+02
2.047586e+04
2.024523e+04
2.609603e+03
-6.969602e+04
-3.862834e+03
-5.517330e+02
-3.527741e+04
2.624387e+04
-6.643432e+04
1.759105e+04
-4.876015e+03
-1.860298e+04
4.154582e+04
2.289018e+04
1.522168e+04
1.149978e+04
3.903110e+02
1.924741e+03
-4.595009e+03
-1.766186e+03
-1.084006e+04
4.277327e+03
4.670604e+03
-3.002503e+03
2.720546e+03
1.468243e+03
2.152721e+03
-2.815066e+03
8.426248e+03
3.646096e+03
3.013076e+03
-1.533173e+02
-5.221128e+03
2.118853e+03
8.534194e+02
4.287858e+03
-4.099580e+03
-8.710855e+03
-2.495458e+03
-6.990641e+03
4.812093e+02
-5.847971e+03
2.733724e+03
3.832415e+03
5.021310e+03
9.785867e+02
-4.783020e+03
1.437087e+03
2.899752e+03
2.103285e+03
-1.137827e+03
3.751973e+00
9.716185e+02
2.099641e+03
2.826980e+03
6.708810e+02
-3.656120e+03
-9.058826e+02
-1.312214e+03
6.775540e+02
-2.613521e+03
2.521904e+02
2.569797e+03
1.621060e+03
-8.824214e+02
1.105409e+03
-5.065575e+02
-3.766316e+02
4.896140e+02
-1.074249e+03
2.592016e+03
1.953855e+03
-1.788061e+03
9.538294e+02
1.325426e+03
1.218299e+03
3.577501e+02
9.977358e+02
-8.106144e+02
-4.662062e+02
-6.336905e+02
-5.216952e+02
7.957659e+02
1.135532e+02
8.482637e+02
-3.249671e+02
4.805848e+02
1.256232e+03
7.783533e+01
1.650670e+03
-2.688688e+02
6.488403e+02
-6.628387e+02
-4.542308e+02
3.185735e+02
-2.734886e+02
-2.349747e+02
3.197679e+02
-4.335960e+02
-3.823179e+02
-5.050987e+02
5.827929e+02
-1.246979e+02
-4.056059e+02
-8.823026e+01
4.743252e+02
2.826718e+02
-2.763185e+02
2.257013e+02
2.962480e+02
3.713418e+02
3.938923e+02
-2.211274e+02
7.361368e+01
4.313617e+02
-1.430615e+02
2.459796e+01
8.793916e+01
3.536927e+01
3.532964e+01
-8.603167e+01
7.627507e+01
-2.720007e+01
1.645681e+02
7.708528e+01
-1.649502e+02
2.242241e+02
1.119189e+02
3.513251e+01
-4.512416e+00
2.578192e+02
1.664458e+02
-2.128073e+02
-3.599822e+01
1.495724e+02
2.401075e+02
-2.494075e+02
-8.071202e+01
2.253028e+02
-1.634034e+00
1.209747e+02
1.026185e+02
9.052644e+01
-1.186872e+02
-7.750426e+01
6.517552e+01
8.441213e+00
6.128725e+01
2.628832e+01
1.068814e+02
-7.195987e+00
-1.097177e+00
4.414645e-01
-8.333269e+01
-7.086052e+01
-3.900434e+01
-1.869835e+01
2.785742e+01
2.981161e+01
1.036989e+01
-1.913717e+01
5.294767e+01
3.820297e+01
-1.880782e+01
3.430817e+01
-5.281153e+00
-3.303404e+01
3.772589e+01
2.488106e+01
1.280528e+01
-3.193192e+01
5.358972e+01
4.020980e+01
-1.113529e+01
-5.555653e+01
-2.908976e+01
1.185742e+00
-9.813941e+00
-1.133741e+01
-2.814503e+01
6.638407e+00
-2.249742e+01
2.841215e+01
1.842055e+01
-5.459699e-01
1.261490e+00
-2.932520e-01
4.587190e-01
8.960310e-02
-3.258140e-01
-2.138769e-01
-2.065726e-01
1.231984e-01
-3.730455e-01
-3.692298e-01
-4.901074e-01
2.229482e-01
1.519903e-01
8.058565e-03
3.692891e-01
7.416101e-03
-1.211882e-02
5.205271e-02
-3.212305e-01
5.040626e-02
-1.757461e-02
-2.098358e-02
2.352639e-02
-1.918130e-01
3.691829e-02
5.607142e-02
-7.528968e-02
-1.499773e-02
