-4.689718e-02
-1.145780e+00
-1.827820e-01
5.347556e+01
1.712288e+02
-1.401036e+01
3.448525e-04
6.709838e+04
1.335555e+05
7.504083e+03
1.446020e+05
-5.440555e+04
1.062137e+05
-5.587493e+04
1.021391e+05
1.367004e+05
3.340839e+04
6.622209e+04
8.915282e+04
-2.476300e+04
-4.251165e+04
-1.142257e+04
8.015238e+04
-7.078258e+04
1.571778e+04
-2.138112e+03
1.027379e+04
-6.107480e+03
-3.206587e+04
1.460166e+03
-1.893275e+03
-1.224296e+04
1.222973e+04
8.111943e+03
-1.089492e+04
5.658510e+02
2.129294e+02
6.633260e+03
-1.704417e+03
-1.225551e+04
-1.542333e+04
4.485863e+03
1.084274e+03
-9.925888e+03
1.804005e+04
-2.277179e+04
6.887065e+02
1.343561e+04
-3.226881e+03
1.961282e+03
-1.099278e+04
9.452322e+02
-5.594741e+03
9.694750e+03
1.349572e+03
3.382862e+03
-6.865892e+03
6.071268e+03
-6.260522e+02
-4.296588e+03
-3.540508e+03
-1.746327e+03
-1.002651e+03
-5.366832e+03
8.258754e+02
9.692140e+02
1.597186e+03
-3.831018e+03
-6.547143e+02
7.741200e+02
4.526118e+03
2.480609e+03
-6.398581e+02
1.301351e+03
-1.939548e+03
1.270698e+03
1.104539e+01
1.975815e+03
-3.889455e+03
-1.638587e+03
1.783386e+03
-1.140301e+03
1.145957e+03
-6.683217e+02
1.475820e+03
4.370511e+02
-1.578806e+03
1.008416e+03
-3.416875e+02
1.235421e+03
-1.288483e+03
-9.445269e+02
1.003383e+03
1.964303e+02
-6.062175e+02
8.654559e+02
8.732149e+02
-3.204951e+02
-4.843835e+02
1.349434e+03
-7.230261e+02
-7.111762e+01
7.759254e+02
-4.489585e+02
2.040555e+02
-8.564010e+02
3.031958e+02
2.498667e+02
1.876070e+02
2.535737e+02
2.018846e+02
4.152487e+01
-4.355131e+02
1.625336e+02
-3.084612e+02
-7.251465e+01
6.525930e+01
2.622613e+01
-2.778045e+02
5.081991e+02
-4.572421e+02
-3.341747e+02
3.512691e+00
3.523293e+02
-2.798062e+02
9.584915e+00
4.688477e+02
3.982247e+02
-1.057305e+02
3.324247e+02
2.929648e+02
1.793860e+02
2.900608e+02
2.814625e+02
2.664662e+02
-2.745099e+01
3.898505e+02
4.351245e+01
-5.864944e+01
3.783921e+01
1.274615e+02
2.965378e+01
9.641111e-02
1.516542e+02
1.678116e+02
-2.592701e+01
-2.977417e+02
-2.214487e+02
1.269704e+02
-1.793666e+02
-1.073386e+01
3.532431e+00
3.738236e+01
-2.904208e+01
-1.765916e+02
-1.690410e+02
2.368767e+02
-3.309493e+01
-9.019359e+01
3.891673e+01
1.608524e+02
9.565577e+01
-1.114425e+02
9.361649e+01
-1.534880e+01
-5.410872e+01
-7.258253e+01
9.928210e+01
-1.016839e+02
-5.277976e+01
-3.736878e+01
1.319628e+02
-1.010386e+01
1.300988e+01
1.924109e+01
-5.900220e+01
7.608617e+01
-3.660779e-01
-1.262745e+02
4.358529e+00
-1.935130e+01
-4.064647e+01
5.350637e+01
2.946453e+01
1.270273e+01
-1.106530e+02
-4.331148e+01
-7.261949e+00
-6.217900e+00
-3.267691e+01
6.237202e+01
-5.639241e-01
-1.678805e+01
-1.144709e+01
6.335427e+01
-2.715285e+01
2.043355e+01
2.741451e+01
-4.603032e+00
-1.640264e+01
2.047132e+01
3.014622e+01
3.227804e+01
3.458537e+01
2.791710e+00
4.991481e+00
1.254827e+00
-1.137833e+00
-1.687043e-01
3.320387e-01
1.173179e-02
1.045668e-01
3.640566e-01
2.852629e-01
2.658144e-03
1.540100e-01
-1.342069e-01
5.324372e-02
-5.472592e-03
-7.720191e-04
-1.801548e-01
6.513102e-02
-5.420813e-02
-2.463350e-02
5.723814e-02
-1.720637e-01
-7.671373e-02
1.049635e-01
-1.547473e-01
-6.043559e-02
-1.328805e-01
-6.863008e-03
-8.813047e-02
-2.211240e-02
1.953656e-03
