-1.424805e-01
5.634153e-01
-3.951307e-02
4.693333e+01
1.866288e+02
-2.318167e+01
3.514765e-04
-1.891426e+05
-1.177794e+05
2.608046e+05
1.932038e+05
1.079941e+05
1.628924e+05
-1.097148e+05
8.838873e+04
-6.730533e+04
9.675677e+04
6.629451e+04
3.156759e+04
-8.254995e+04
-4.348284e+04
-5.077624e+04
5.349387e+04
2.410867e+04
6.499227e+04
3.798253e+02
8.609670e+03
6.779487e+04
-1.589949e+04
9.244131e+03
-8.681562e+04
1.445736e+04
1.514807e+04
-3.739161e+04
8.803614e+03
-7.213021e+03
9.178315e+02
2.350385e+03
3.401865e+03
-1.684829e+04
-1.494809e+04
-2.169304e+04
-1.954522e+04
3.819626e+03
3.087731e+04
-2.035417e+04
-1.377211e+03
1.835301e+04
-1.609539e+04
-6.772301e+03
5.509955e+03
1.065132e+03
9.915083e+03
-9.556443e+03
-7.825637e+03
7.966873e+03
-4.228578e+03
1.280922e+04
-2.259402e+03
-1.242693e+04
-3.570469e+03
4.801903e+03
-2.703098e+03
-8.530051e+03
-2.015967e+03
3.566622e+03
6.591120e+03
1.004223e+04
-6.321438e+03
2.194860e+03
5.476976e+03
9.302637e+02
2.435204e+03
5.967385e+02
-1.831849e+03
2.094844e+03
5.073499e+03
-1.186407e+03
-8.521395e+03
7.949477e+02
-3.703444e+03
5.645715e+02
-1.911620e+03
2.906344e+03
3.094410e+03
1.309593e+03
-3.829619e+03
2.283552e+03
-1.037979e+03
-2.965950e+01
-2.335352e+02
4.171673e+02
2.808569e+03
2.115092e+03
-6.274202e+02
1.573206e+01
2.799797e+03
1.393939e+03
-9.951140e+02
2.067721e+03
-1.366702e+03
-3.663542e+02
2.636036e+02
-1.300210e+03
2.573598e+03
-1.467529e+03
8.855891e+02
-6.527501e+02
1.678903e+03
2.112060e+03
9.718189e+01
2.712485e+03
-2.844574e+01
5.305771e+02
-7.222891e+01
-9.242544e+02
1.199381e+02
-1.025465e+03
-5.815292e+02
9.334244e+02
1.675370e+02
4.613861e+02
-7.831440e+02
9.533954e+02
3.414834e+02
-8.762766e+02
3.954815e+02
-3.856779e+01
3.394099e+02
-3.438781e+02
1.342759e+02
-6.634698e+01
7.252554e+01
2.311859e+02
-2.462932e+02
-1.671315e+02
8.964726e+02
-5.041026e+02
5.988503e+01
4.257426e+02
9.278629e+01
5.176517e+01
-1.810631e+02
5.840449e+02
-4.765466e+01
1.045032e+02
-1.369828e+02
-2.934884e+02
2.295484e+02
5.938622e+01
1.083209e+02
3.124423e+02
3.926114e+01
-1.718058e+02
-4.660327e+02
4.091409e+00
1.996353e+02
8.994966e+01
-2.999760e+02
-6.975578e+01
5.277368e+02
8.678703e+01
-5.148915e+01
6.829472e+01
-7.173489e+01
-2.370688e+01
1.559320e+02
1.515539e+02
-2.873337e+02
6.484241e+01
1.150870e+02
1.906644e+02
2.367226e+02
3.619039e+01
-1.676436e+02
-1.037376e+02
4.988968e+01
1.409182e+01
-6.282600e+01
-6.180803e+01
2.026068e+01
-2.432523e+01
-3.111198e+01
-1.090265e+02
5.087046e+01
3.135195e+01
1.615652e+02
-7.940773e+01
-1.516359e+02
1.445243e+01
2.858248e+01
2.070026e+00
-4.730066e+01
1.488962e+01
4.359724e+01
-1.895934e+01
-7.651714e+01
2.610026e+01
-2.578120e+01
8.814709e+01
-3.850697e+01
-8.998264e+01
4.347692e+01
-3.841170e+01
1.883001e+01
6.815224e+01
-2.485653e+00
-2.691454e+00
6.407247e-01
7.666565e-01
1.789643e-02
-7.139686e-01
-4.314871e-01
-2.933002e-01
-1.152649e-01
2.955557e-01
1.924747e-02
-1.049205e+00
-2.204141e-02
1.958452e-01
1.217698e-01
1.698495e-01
-2.572353e-02
1.282320e-01
6.704876e-02
-4.783648e-01
1.227742e-01
2.247370e-01
-2.550310e-01
-9.676147e-02
-2.748497e-02
2.840506e-02
-6.862551e-03
-8.543186e-02
-5.621689e-02
