-9.285283e-02
-1.310493e+00
2.539215e-01
5.518222e+01
1.714106e+02
-1.355724e+01
3.445722e-04
-9.201275e+04
1.421964e+04
3.817123e+04
-2.340409e+04
-7.943163e+04
-3.019841e+04
-1.796508e+04
1.197677e+04
-9.924714e+04
6.756327e+04
3.324362e+04
9.947348e+04
-1.118407e+04
1.224668e+03
-8.939127e+04
5.936382e+04
-9.279420e+03
1.552942e+04
-2.929696e+04
5.200965e+04
-1.445454e+04
-2.101911e+04
-1.373478e+04
-1.106465e+04
2.422670e+04
-3.984557e+04
7.704605e+03
-9.348812e+03
3.733741e+02
1.436446e+04
-6.419893e+02
-1.245512e+04
-1.540838e+04
-1.684544e+04
-1.010450e+04
1.352348e+04
-1.828131e+04
9.613354e+03
-1.416128e+04
4.074153e+03
-3.672447e+03
-1.266511e+04
-1.929485e+03
-7.344985e+03
2.193885e+03
-5.215474e+02
1.349839e+03
-7.511013e+02
9.112861e+03
-4.822684e+02
1.084980e+04
2.715490e+03
-3.867234e+03
-4.697523e+03
1.544295e+03
1.159904e+02
-4.434213e+03
-2.347020e+02
-1.931489e+03
2.068653e+03
1.110530e+03
-1.128402e+03
-5.347359e+02
4.029285e+03
4.252805e+03
1.369468e+03
-1.879580e+03
-2.655920e+03
-5.159862e+02
-5.723079e+02
-3.233102e+02
-3.864407e+03
-4.927197e+02
-2.383286e+03
1.172452e+02
1.439992e+03
9.575864e+02
3.346850e+03
-6.905511e+02
-8.095013e+02
1.033717e+01
5.177497e+02
1.832859e+03
-4.744817e+02
-9.834056e+02
1.615313e+03
3.266406e+02
-8.594806e+02
1.027188e+03
1.130765e+03
3.647350e+01
3.630544e+01
-5.838084e+01
-6.576744e+02
5.346500e+01
8.678921e+02
-4.419700e+02
4.089408e+02
-5.202591e+02
3.532572e+02
6.971683e+02
5.280632e+02
2.421381e+02
1.002032e+02
5.513657e+02
-2.523151e+02
4.924466e+02
-2.529950e+01
1.369874e+02
2.762664e+02
-1.827781e+02
-2.659562e+02
4.663370e+02
-3.024435e+02
1.965418e+02
-1.231148e+02
9.573354e+01
6.189649e+02
-2.385143e+02
-6.172322e+01
-3.898511e+01
6.126824e+01
2.050630e+02
2.293141e+02
2.812433e+02
1.469298e+02
5.266180e+01
-1.754044e+02
-2.142736e+01
5.805918e+02
-5.665811e+01
7.813503e+01
-1.048330e+02
-9.532486e+01
6.619814e+01
-9.922085e+01
2.061442e+02
-1.020341e+02
7.952609e+01
8.465097e+01
-1.054195e+02
-4.463147e+01
-3.404791e+00
8.929893e+01
2.904431e+01
1.292209e+02
-4.225832e+01
-4.356508e+01
3.962093e+01
5.994315e+01
1.235641e+02
6.252296e+01
-1.272798e+02
9.316423e+01
1.064731e+02
-8.419875e+01
1.186347e+02
-1.054682e+02
5.345759e+01
-1.432764e+02
1.824724e+02
-1.333637e+02
-6.624804e+00
3.955693e+01
7.331347e+01
1.108618e+01
9.792439e+01
-4.243776e+01
-6.937209e+01
-3.575591e+01
3.428144e+00
-8.621915e+01
-2.015575e+01
-6.026106e+01
-8.810227e-01
8.630531e+00
3.670993e+01
5.168430e+01
-6.918401e+01
6.450082e+01
1.563059e+01
-1.022664e+02
-8.501263e+01
5.451837e+01
-2.888852e+00
-3.612752e+01
2.141459e+01
-1.110338e+00
2.877258e+01
4.151118e+00
2.978832e+01
-1.343940e+01
6.470842e+00
2.504761e+01
-2.008191e+01
5.248344e+01
-3.878861e+00
1.592443e+01
2.739935e+01
-6.401815e-01
1.215549e+00
-3.021558e-01
2.528265e-01
-1.256862e-02
-6.465068e-02
-1.837077e-01
-3.511707e-01
8.644830e-03
-1.577159e-01
2.751489e-01
-3.698212e-02
1.063726e-01
-4.856125e-02
-5.295673e-02
1.351103e-01
-1.063123e-02
-2.195223e-01
-2.109273e-01
-1.214119e-01
-3.625773e-01
1.346081e-01
-1.221977e-01
-1.523317e-01
-5.973515e-02
8.280422e-03
-3.498787e-02
-2.272598e-02
1.078218e-02
