-2.841403e-01
-1.440707e+00
5.575833e-03
5.688889e+01
1.817574e+02
-9.073677e+00
3.479582e-04
-8.139515e+04
-1.577542e+05
-1.488058e+05
1.499479e+05
1.144202e+05
-1.438445e+05
4.633321e+04
-1.546732e+03
-8.335022e+04
1.065485e+05
-9.622766e+04
9.698008e+04
-1.185559e+05
-2.578023e+04
-8.320727e+04
2.052503e+04
-1.117964e+04
-3.747677e+04
-1.520448e+04
5.368707e+01
2.381481e+04
7.283099e+03
-5.225946e+03
-3.418358e+04
1.726741e+03
7.902679e+03
-7.324037e+03
-6.002430e+03
-9.707479e+03
1.629629e+04
2.726345e+04
8.048114e+03
8.632898e+03
-5.641659e+03
6.301289e+03
-4.940202e+03
-1.679160e+04
7.852650e+03
3.899881e+03
1.935372e+03
-1.372779e+03
6.819725e+02
-4.600100e+03
2.314510e+03
-5.945523e+03
5.912154e+03
8.344932e+02
-8.550967e+03
4.418687e+03
3.336718e+03
1.319649e+04
-3.113660e+03
-7.140585e+03
-6.783002e+02
2.670489e+03
4.554890e+01
2.322920e+03
1.725719e+03
1.855217e+03
1.536739e+03
1.464487e+03
-4.881476e+03
7.614114e+03
4.192989e+03
2.618439e+03
-2.227523e+03
-8.988054e+02
-1.887324e+03
-2.628220e+03
5.073440e+02
3.171739e+03
-3.737143e+03
-4.219534e+02
-1.155674e+03
-5.217920e+02
1.045278e+03
-3.424445e+02
3.868235e+03
1.834318e+03
2.932851e+02
-3.647838e+02
1.206821e+03
3.006768e+02
1.646404e+03
-4.105446e+02
1.434424e+03
9.075665e+02
-1.014016e+03
1.453216e+03
1.107833e+03
-2.749145e+01
-2.785049e+01
3.162884e+02
7.330204e+02
7.888765e+02
8.973426e+01
-1.013122e+03
-4.651116e+01
-2.752097e+02
1.058992e+03
1.311614e+03
-3.815122e+01
2.393352e+02
-4.722849e+02
9.931055e+02
-3.598792e+02
7.270300e+02
6.640591e+02
4.770837e+01
-6.136568e+01
-2.777505e+02
-4.009574e+02
-1.834328e+01
-3.350863e+02
-1.837707e+02
-3.185221e+02
2.360388e+01
8.719089e+02
-4.313292e+02
-3.409010e+02
-8.083337e+01
-2.472044e+02
7.412013e+01
5.926161e+02
3.128053e+02
3.949662e+01
4.729229e+01
-2.693906e+02
-1.024623e+02
5.342250e+02
-2.635647e+01
1.498495e+02
-7.764771e+01
-8.864919e+01
1.186713e+02
1.970173e+02
-3.292003e-01
-5.173924e+01
2.506060e+02
1.776746e+02
-1.031833e+02
1.068160e+02
2.275616e+02
5.452542e+01
6.547308e+01
1.467435e+02
1.460249e+02
-7.262325e+01
-8.220751e+01
9.259996e+01
8.943913e+01
-8.759286e+01
-1.361623e+02
-1.014752e+02
-4.934773e+01
1.053619e+02
-1.592537e+01
7.236752e+01
-3.140058e+01
-1.452241e+02
9.874880e+01
-1.968852e+01
7.197189e+01
8.469415e+01
3.424341e+00
-4.786176e+01
8.600550e+01
5.373558e+01
-5.852291e+01
1.483908e+01
-6.312331e+01
7.654683e+00
1.579832e+00
-9.461416e+01
7.387086e+01
2.759799e+00
4.026577e+01
7.359437e+01
-5.937359e+01
8.291087e+01
2.528584e+01
-4.827651e+01
-6.989278e+01
6.021260e+01
4.040442e+00
-2.864659e+01
7.231409e+01
-2.105242e+01
-2.322274e+00
-3.701949e+01
-4.007839e+01
2.797966e+01
1.936970e+00
3.596758e+01
-3.288424e+01
4.226196e+01
1.655025e+01
3.903921e+01
4.358340e+01
-1.490371e+00
2.116784e+00
-8.524645e-01
5.359696e-01
1.623556e-01
-1.842311e-03
-1.487616e-01
-8.034748e-01
-2.567759e-01
-3.629152e-01
-1.934672e-01
-1.067448e-01
3.079646e-03
4.262392e-02
-3.683912e-02
2.318148e-01
-1.701372e-02
-5.806830e-02
-8.838491e-02
-1.440958e-02
-1.653339e-01
-1.149735e-01
1.984628e-03
-2.485164e-01
-6.224061e-02
1.944647e-02
6.939620e-03
-7.646226e-02
7.825914e-02
