-1.069551e-02
8.962567e-01
5.253940e-03
5.262222e+01
1.747124e+02
-2.084923e+01
3.570387e-04
-6.110978e+04
1.041601e+05
1.395653e+05
4.434307e+04
1.031172e+05
-1.417596e+05
7.430980e+04
4.058928e+04
5.147992e+04
-2.309455e+04
-1.184830e+05
9.452116e+04
1.075528e+04
-2.938638e+04
4.187371e+04
-3.378927e+04
2.381210e+04
1.808964e+04
2.546576e+04
2.549273e+04
3.590301e+04
-1.528129e+04
-2.605474e+03
-1.938266e+04
1.302577e+03
-2.726024e+04
-3.256254e+04
-1.122195e+04
7.093187e+03
1.076631e+03
-1.208681e+04
1.287307e+04
-9.423502e+03
-1.605325e+04
2.965291e+03
-1.591063e+04
-2.136893e+03
1.902202e+04
-1.580924e+04
5.706407e+03
3.184422e+03
-6.974668e+03
1.232252e+03
-4.534510e+03
1.871782e+03
3.361279e+03
-3.391612e+03
1.017232e+03
1.454843e+03
1.559758e+03
9.009703e+03
7.873828e+03
-7.997778e+03
-4.676357e+03
-2.311586e+03
-7.594821e+02
3.990373e+02
-2.163159e+03
5.155485e+03
-2.403580e+03
1.239998e+03
-4.029300e+03
4.425213e+03
4.217699e+01
1.480601e+03
1.866558e+03
8.093649e+00
-3.015180e+03
6.283889e+02
-2.157843e+03
-5.628574e+02
-3.615003e+03
-7.460617e+02
-1.446266e+03
-2.359733e+03
3.771902e+02
5.802415e+02
1.006294e+03
-4.513150e+02
-3.614465e+03
1.214612e+02
1.178732e+03
-1.230232e+02
1.187192e+02
5.346009e+02
2.521882e+03
1.167133e+03
-6.688004e+02
-2.203612e+02
8.797953e+02
-1.224016e+03
-5.563739e+02
1.238963e+02
-8.390835e+02
-9.613100e+02
4.111173e+02
-1.342181e+03
1.117137e+02
-1.251710e+03
4.775517e+02
3.683322e+02
1.899058e+03
1.781831e+03
-3.633859e+02
4.727705e+02
-3.447688e+02
-1.253617e+02
-6.101771e+02
4.824982e+02
3.459296e+01
-4.945628e+02
-2.494672e+02
5.835671e+02
5.109973e+02
2.238796e+02
-4.086791e+02
-5.254401e+01
2.526562e+02
-2.040701e+02
4.518612e+02
5.711341e+01
-4.402010e+02
2.042621e+02
4.212081e+02
2.763697e+02
-3.899887e+01
1.228071e+02
7.657536e+01
-2.673876e+02
4.467068e+02
-1.078177e+02
-2.498673e+02
9.870734e+01
-2.401015e+02
-4.136564e+00
2.473134e+02
3.448410e+02
-6.207597e+01
-1.634239e+01
-3.774979e+02
-3.934905e+02
-2.789037e+01
2.863260e+02
2.116362e+02
7.877420e+01
1.000038e+02
-1.228882e+02
-1.490308e+02
-8.951499e+01
1.151368e+02
8.818038e+01
6.886937e+01
-2.638159e+01
1.181206e+02
9.475368e+01
-1.356990e+01
-1.248609e+02
-2.123959e+02
-1.038869e+02
-1.964178e+01
1.592283e+02
-1.911843e+02
-6.079670e+01
6.263619e+01
6.893531e+01
1.037481e+02
3.837153e+01
-7.705082e+01
-6.907742e+01
9.437458e+01
2.299873e+01
-9.413251e+01
6.557352e+01
5.726322e+00
3.376904e+01
5.225329e+01
-1.240574e+02
7.496012e+01
-5.538779e+01
2.790358e+01
-1.035537e+01
-1.947791e+01
1.522875e+01
4.187057e+01
-1.599676e+01
-6.083439e+01
1.132014e+01
-1.196960e+01
-1.910389e+01
9.293169e+00
-3.309554e+00
-2.405341e+01
8.066013e+00
-1.411458e+01
-1.831706e+01
-2.623123e+01
3.058362e+01
2.508708e+01
3.360278e+01
-1.075252e-01
-1.121548e+00
-3.152680e-01
-3.677728e-01
4.658838e-01
1.984874e-01
1.905894e-02
-1.179779e-01
4.534023e-01
2.779789e-01
1.919448e-01
-2.959426e-01
-2.144784e-02
6.205067e-02
-1.505794e-01
-1.817182e-02
1.054250e-02
2.282218e-02
9.487341e-02
-3.833372e-02
-2.931135e-02
2.179863e-01
-6.450298e-02
-4.450134e-02
-3.546587e-02
-2.693613e-02
-2.316164e-02
5.980833e-02
-1.888135e-02
