-2.245719e-02
8.083087e-01
-6.505892e-02
5.063111e+01
1.734075e+02
-1.901724e+01
3.290650e-04
4.680305e+04
1.386243e+05
4.351712e+04
2.610022e+05
2.068477e+04
9.038681e+04
1.918160e+04
4.557111e+04
9.841548e+04
4.866751e+04
3.560034e+04
6.751627e+03
-5.856942e+03
-5.936077e+04
7.825403e+04
9.263844e+04
-3.132277e+04
4.833660e+04
-1.284773e+04
3.764013e+04
1.232324e+04
-1.744724e+04
2.957398e+04
-1.199639e+04
-2.351903e+04
1.772451e+04
-3.266486e+04
3.308819e+04
-3.740728e+03
8.430252e+03
8.912074e+03
-1.035160e+04
-1.142362e+04
-1.129474e+04
7.334132e+03
-6.063893e+03
-5.238646e+02
3.460935e+03
-1.128773e+04
-3.073124e+03
7.633230e+03
4.109488e+03
-1.728239e+02
-1.073820e+04
1.341203e+04
4.109059e+03
3.287091e+03
-9.360538e+02
5.518464e+03
-6.254279e+03
6.030484e+03
-4.252487e+03
-6.356686e+03
-1.491656e+00
-3.932722e+03
-1.310853e+03
-4.129361e+03
3.391428e+03
2.896783e+02
3.051123e+03
-1.179724e+03
-2.093599e+03
1.643433e+03
3.872021e+03
1.884759e+03
8.180261e+02
2.275543e+03
-1.050366e+01
1.835692e+03
1.466460e+03
1.573351e+03
-5.344580e+03
-2.719311e+03
1.418437e+03
-1.272508e+03
4.698335e+02
-7.167236e+02
2.373313e+03
1.428646e+03
-3.466551e+03
1.284494e+03
3.323049e+02
-1.769169e+01
-2.381349e+02
1.024153e+02
1.077463e+03
6.403915e+02
-1.494762e+03
8.224427e+02
3.489226e+02
9.975424e+02
-7.607578e+02
1.144931e+02
-1.017208e+03
1.492478e+01
-1.179929e+02
-9.230080e+02
4.698062e+02
-6.038722e+02
3.680565e+02
4.279669e+02
2.638393e+02
7.655596e+02
-3.725034e+02
-3.864034e+01
-2.605116e+02
5.169359e+02
1.111351e+02
-4.688604e+02
2.457539e+02
-5.083487e+01
-3.509954e+02
6.242858e+02
-1.364741e+02
-2.172960e+02
-4.016810e+02
5.045594e+02
-3.775458e+02
-2.998020e+02
2.228936e+02
5.044952e+02
4.073493e+01
1.549686e+02
3.323529e+02
1.634480e+02
2.820190e+02
1.704603e+02
1.653293e+02
-8.247128e+01
2.309073e+02
-2.429816e+02
-2.801489e+02
8.691461e+01
-1.808793e+02
-1.746714e+02
9.607557e+01
8.149582e+01
1.052341e+02
-7.985211e+01
-2.907148e+02
-2.453794e+02
1.715148e+02
-3.139443e+01
7.573797e+01
5.833270e+01
-1.219392e+01
1.981407e+01
-1.749039e+02
-2.571624e+02
2.332907e+02
-1.121665e+02
-1.323372e+02
9.825516e+01
1.374517e+02
1.221363e+01
2.740524e+00
4.913970e+01
1.998347e+01
-6.137997e+01
5.430223e+01
3.658343e+01
6.415353e+00
-7.824035e+00
-1.040178e+01
9.001167e+01
-5.856110e+01
3.350457e+00
2.815955e+01
-6.753552e+01
2.515732e+01
-2.412636e+01
-3.752663e+01
3.420881e+01
5.370468e+01
-5.198668e+01
3.041005e+01
-7.278625e+00
2.668757e+01
-7.709769e+01
-4.421477e+01
-4.031986e+01
4.445722e+01
3.907100e+01
1.579444e+01
-1.462440e+01
1.085663e+01
-3.870017e-01
1.426085e+01
-4.206805e+01
4.044336e+01
1.938291e+01
-1.780758e+01
3.708794e+01
6.000649e+00
2.436301e+00
7.045627e+00
2.835258e+01
-6.658579e+00
1.399789e+01
1.255569e+00
-1.634542e+00
4.601701e-01
-1.404865e-01
-2.724709e-02
-2.103363e-01
4.308445e-01
4.542536e-01
-3.148125e-02
1.595355e-01
1.769208e-03
-5.207458e-02
2.396742e-01
-5.933726e-02
-2.282543e-01
-1.687237e-03
-1.076817e-02
1.921467e-01
1.979516e-01
-1.547625e-01
4.607695e-02
8.472726e-02
-1.004853e-01
-3.902253e-02
-1.085309e-01
-4.014464e-02
4.059311e-02
-2.799861e-02
-9.287541e-02
