-1.339130e-03
8.194135e-01
-2.275739e-03
4.892445e+01
1.777117e+02
-2.290935e+01
3.513535e-04
19108
-3.173079e+05
-2.566909e+05
-2.112463e+04
-8.092733e+04
5.341247e+04
2.520683e+04
-3.848114e+04
-1.281263e+05
-1.251833e+05
-1.884260e+04
1.074179e+05
9.103061e+04
-6.642820e+04
3.781620e+03
3.715161e+04
1.972003e+04
4.596646e+04
4.732923e+04
2.195822e+04
-6.956584e+03
-3.258713e+04
1.796475e+03
-1.844623e+04
1.231043e+03
-5.221080e+04
-3.244393e+04
-3.732069e+03
5.891304e+02
-2.695128e+04
-1.481467e+04
1.869466e+04
9.687602e+03
3.213360e+03
2.236223e+03
-6.919974e+03
5.323205e+03
1.229270e+04
-2.057641e+04
6.245333e+02
6.015440e+03
9.165297e+02
2.155694e+03
-4.421172e+03
-1.114077e+04
-3.243827e+03
-1.304991e+04
-6.434364e+02
2.871479e+03
-2.398096e+03
5.831003e+03
6.043447e+03
-1.022642e+04
4.165086e+02
-2.484021e+03
-3.064389e+03
-3.535745e+03
-1.283401e+03
6.608227e+03
3.463052e+02
4.448843e+02
-5.589748e+03
-2.022634e+02
-2.225201e+03
-2.298286e+03
-8.951498e+02
1.156479e+03
2.554119e+03
1.803782e+03
1.823850e+03
2.195677e+02
-2.237569e+03
2.323012e+02
-9.563818e+02
-1.001077e+03
1.105097e+02
1.793873e+03
2.347212e+03
5.496191e+02
-2.238498e+03
-1.052425e+03
-8.975688e+02
1.954354e+01
-1.203792e+03
9.885037e+02
1.091313e+03
1.018475e+03
-2.207015e+03
-1.579424e+02
3.466626e+02
-4.764684e+02
1.035615e+03
2.031014e+02
-4.344938e+02
-1.685214e+02
8.246063e+02
-6.074309e+02
-4.339997e+02
-4.728004e+02
9.823431e+02
6.013887e+01
5.489464e+02
1.218414e+03
-4.677885e+02
8.216593e+02
-5.334449e+02
5.072898e+02
-8.682217e+01
4.055381e+02
3.819802e+02
-4.965953e+02
4.981811e+02
3.189655e+02
2.535757e+02
-7.940342e+01
-3.646020e+02
-1.603654e+02
1.808814e+01
-3.388181e+02
1.572570e+02
1.039249e+02
-2.692848e+02
-3.289029e+02
1.803403e+02
7.065892e+02
2.711422e+02
2.926867e+02
-1.329801e+02
-2.122155e+01
2.226515e+02
-3.852723e+02
1.019096e+02
-7.648725e+01
-1.461402e+02
4.092544e+02
3.181528e+01
8.963857e+01
-9.037288e+00
-2.888964e+01
2.556994e+02
-3.543551e+02
1.780971e+02
8.832021e+01
1.281802e+02
1.699712e+02
3.084263e+02
-1.376397e+02
-1.128950e+02
-7.344806e+01
1.437675e+02
7.090533e+01
4.744831e+01
-2.159235e+02
1.491577e+02
1.514204e+02
1.150824e+02
-4.094085e+01
8.180906e+00
-7.796221e+01
1.109972e+01
2.094741e+01
4.850820e+01
8.687564e+01
1.247358e+02
4.706078e+01
1.502564e+01
-5.860487e+00
6.427589e+01
-1.048675e+02
3.331876e+01
-2.024776e+01
1.672030e+01
1.459286e+02
2.397380e+00
3.973726e+01
-7.681127e+00
-2.108715e+01
1.193442e+02
-7.050723e+01
8.249903e+00
-2.365065e+01
-3.781888e+01
4.100142e+01
3.138561e+01
1.953546e+01
-1.009250e+02
4.348575e+01
3.239249e+00
2.005085e+01
4.481586e+00
-1.302161e+01
-1.697457e+01
-1.463240e+01
-4.225883e+01
-6.925624e+00
2.832289e+01
-2.796216e+01
4.697708e+01
1.540681e+01
-1.882323e+00
3.115529e+00
-2.420001e-01
3.919834e-01
7.488140e-01
-2.537605e-01
1.932690e-01
-3.953719e-01
-1.802200e-02
-4.259132e-01
-2.349182e-02
-2.773353e-01
1.400816e-01
9.584633e-02
-1.399634e-01
-1.144105e-01
9.129535e-02
6.841511e-03
2.240278e-02
2.659486e-02
2.520589e-02
1.951132e-01
1.537189e-02
8.066074e-02
9.719032e-02
8.484475e-02
-1.155423e-01
-1.094782e-01
2.010113e-02
