-2.435112e-01
1.426074e+00
-9.850590e-02
5.205333e+01
1.783331e+02
-9.952501e+00
3.337958e-04
-1.670704e+05
2.383487e+05
2.727056e+04
-2.205869e+05
3.828592e+04
4.882864e+04
-7.567494e+04
1.340915e+05
-6.835691e+04
2.822791e+04
-1.796535e+04
1.179408e+05
1.100073e+05
-1.982889e+04
-4.139197e+04
1.110165e+04
6.272991e+03
-4.441614e+04
-2.654091e+03
3.411577e+04
-2.591194e+04
-4.962575e+03
-2.157562e+04
-1.193999e+03
1.858499e+04
-3.408954e+04
2.315142e+04
-1.529638e+04
2.100991e+02
5.742149e+03
-1.409670e+02
-7.870200e+01
8.221420e+03
-5.188745e+03
-1.475196e+04
4.607366e+03
-2.234664e+04
1.513057e+04
-8.796660e+03
1.350096e+04
6.470075e+03
-1.477359e+04
-1.378704e+03
6.828571e+03
-5.578630e+01
-2.328346e+03
1.240310e+04
8.065654e+03
3.640062e+03
4.677665e+03
3.044222e+03
2.666686e+03
3.338307e+03
-6.753900e+03
2.297830e+03
4.958425e+03
-1.227033e+03
-2.355361e+03
2.033792e+02
-2.017362e+03
2.552625e+03
4.278530e+02
-3.280633e+02
2.658232e+03
3.767796e+03
2.816126e+03
-1.451859e+03
-4.057669e+03
-2.464067e+03
-3.382844e+03
-2.485864e+03
-2.298528e+03
-6.715499e+02
-1.746623e+03
-6.287592e+02
-4.202319e+02
2.133736e+02
1.101606e+03
-8.709540e+02
-5.637618e+02
1.791376e+02
7.004166e+02
5.470123e+02
8.234572e+02
-6.317606e+02
1.823484e+03
-6.067572e+02
1.941214e+01
-1.218171e+02
1.396326e+03
-4.728817e+02
-7.390145e+02
1.338160e+02
-1.197644e+03
-4.382225e+02
8.679665e+02
-7.045790e+02
-9.150858e+01
-6.622963e+02
-7.815695e+02
1.301173e+03
1.368495e+03
5.306784e+02
9.968883e+02
6.291124e+01
-5.902401e+02
-1.804827e+02
-4.059830e+02
6.288019e+01
2.067555e+02
-3.048337e+02
-7.027817e+02
3.801584e+02
2.501569e+02
4.639972e+02
1.817324e+02
1.069424e+00
3.374772e+02
-1.269957e+02
3.225842e+02
-1.699527e+02
-6.715834e+01
3.005435e+02
-6.552854e+01
1.987919e+02
-4.010225e+02
1.757605e+02
2.446746e+01
-1.730488e+02
2.160337e+02
6.654760e+01
1.018871e+02
-2.966530e+02
-6.243871e+01
-1.863861e+02
-8.369382e+00
2.977997e+02
-6.341383e+01
1.002795e+02
-1.213365e+02
-7.320403e+01
-1.047867e+02
-1.401239e+02
2.353262e+02
-3.289258e-01
-9.691179e+01
-1.466484e+01
8.838120e+00
1.751147e+02
4.921199e+01
1.186391e+02
1.148242e+02
-9.064689e+00
9.558457e+01
1.383791e+01
-1.112387e+02
4.108968e+01
-2.794776e+02
-4.651812e+01
-1.593720e+02
2.316821e+02
-3.174026e+02
-7.164523e+01
-2.387273e+00
6.542276e+01
9.264455e+01
4.006028e+01
-7.170419e+01
-6.227271e+01
7.772079e+01
4.334770e+00
-1.415512e+02
-4.935008e+01
-2.680486e+01
2.578602e+01
2.279487e+01
1.650907e+01
4.891155e+00
-6.365694e+01
7.355633e+01
1.142914e+02
-1.354769e+02
-8.603620e+01
7.506963e+01
2.285440e+01
-1.131292e+01
1.591324e+01
1.023927e+01
-1.569400e+01
6.875669e+00
4.344783e+01
-3.866551e+01
-4.374511e+01
1.512976e+01
-1.520535e+01
2.630041e+01
2.398375e+01
6.152880e+00
-8.212534e+00
-5.603428e-01
-8.844857e-01
-7.346534e-01
-4.037386e-01
5.252526e-02
2.254944e-01
-6.598442e-01
-4.112486e-01
6.321028e-03
8.777536e-02
5.630495e-01
1.254733e-01
-1.308497e-01
-1.468400e-01
6.755342e-02
8.362915e-02
-6.545498e-02
-1.780830e-01
-1.101543e-01
-1.186629e-02
-1.441040e-01
9.363575e-02
-1.113122e-01
-1.938490e-01
-1.002394e-02
1.109448e-02
-1.080427e-01
1.055134e-01
6.723025e-02
