2.518055e-01
1.055378e+00
-4.674561e-02
5.205333e+01
1.568737e+02
-1.743036e+01
3.211405e-04
46664
1.604912e+05
-2.628279e+05
2.018395e+05
8.350904e+04
1.855342e+05
-8.882959e+04
1.010886e+04
4.663636e+04
2.215214e+03
-2.818720e+04
5.512607e+04
3.481170e+04
-1.076764e+05
2.643885e+04
7.719025e+04
-3.243661e+04
2.040060e+04
-6.303748e+03
-7.391533e+02
5.058873e+03
-2.548363e+04
-1.221000e+04
5.366534e+03
-1.210458e+04
1.025099e+04
3.045266e+03
-2.529522e+03
-1.669142e+04
-2.019148e+04
7.355629e+03
-6.383415e+03
6.109957e+03
-1.163147e+04
1.737024e+04
5.257894e+03
2.569153e+03
9.857480e+03
-1.442421e+04
8.990125e+03
5.086729e+03
5.566946e+03
5.575683e+03
-5.686926e+03
-2.266955e+03
2.264555e+03
8.065818e+03
7.014742e+02
-1.217462e+03
-2.704734e+03
3.081498e+03
-4.250012e+02
4.394222e+02
-8.158387e+02
-2.481577e+03
2.969300e+03
-1.157295e+03
3.582410e+03
1.779748e+03
1.833070e+03
-3.967842e+03
-3.910967e+02
2.025584e+03
3.359275e+03
6.461691e+02
-6.110517e+02
2.124082e+02
-1.108215e+02
1.274991e+02
-2.361302e+02
1.389220e+03
-2.636261e+03
-1.958480e+03
1.340968e+03
-7.410983e+02
5.186636e+02
-2.494197e+02
1.189188e+03
2.096775e+02
-1.442965e+03
1.040904e+03
-5.998270e+02
6.747129e+02
-1.015187e+03
-3.354312e+02
4.690414e+02
-5.158887e+02
-1.115449e+03
3.022494e+02
5.778049e+02
1.359975e+02
-3.707684e+02
6.903597e+02
-6.781288e+02
4.868558e+02
-1.491585e+02
-1.071920e+02
-4.265368e+02
7.184804e+00
-2.170046e+02
6.695848e+02
2.128883e+02
2.990378e+02
2.715190e+02
-3.439346e+02
-3.228820e+02
1.410287e+02
1.060686e+00
-3.505027e+02
4.153122e+02
2.023010e+02
-1.893488e+02
2.298455e+02
-2.389243e+02
-1.705808e+02
-6.619632e+01
1.014664e+02
-2.946314e+02
-1.099842e+02
1.982218e+02
3.250306e+02
3.604648e+01
3.331441e+02
1.382726e+02
4.848381e+02
1.422748e+02
2.375047e+02
1.179920e+02
-1.479019e+02
6.562502e+01
1.711691e+01
5.974566e+01
-1.587759e+02
-5.655539e+01
-9.378639e+01
8.952363e+01
1.363236e+02
1.880860e+02
9.063142e+01
-2.248006e+02
-1.247290e+02
1.402126e+02
-1.435521e+02
8.966105e+01
3.219408e+01
9.752549e+00
2.298731e+01
-7.910616e+00
-1.244066e+02
2.413085e+02
-4.446436e+01
-6.719853e+01
7.849284e+01
5.821484e+01
-2.816382e+01
-6.680554e+01
1.943060e+01
3.979452e+01
-8.789545e+01
-1.049209e+02
9.983001e+01
1.384833e+01
-2.804620e+01
3.801885e+00
3.055306e+01
-2.943638e+01
-9.837528e+00
9.418913e+00
-4.847750e+01
4.656245e+01
-4.128648e+01
-7.511523e+01
8.385686e+01
4.969144e+01
-8.092423e+00
3.769428e+01
2.134459e+01
1.788918e+01
-1.114562e+02
-7.570856e+01
1.163813e+01
-4.526382e+00
-2.327080e+01
5.130236e+01
6.085101e+00
1.172455e+01
1.133223e+01
5.893626e+01
-3.619328e+01
2.848564e+01
1.372795e+01
-2.465411e+01
-3.013322e+01
1.209803e+01
2.007979e+01
3.241058e+01
2.720688e+01
5.532104e+00
3.145219e+00
6.773303e-01
-1.506632e+00
-3.042627e-01
3.648184e-01
-4.951724e-02
1.737071e-01
2.691827e-01
8.041572e-02
-8.690295e-02
-2.333458e-02
-1.415631e-01
2.468643e-01
1.172787e-01
1.710042e-02
-8.184938e-02
-5.052419e-03
2.455899e-03
-5.510257e-02
-4.500039e-02
-5.432129e-02
-6.935313e-03
-3.835252e-02
-1.054681e-01
-4.552133e-02
-6.713648e-02
4.826430e-02
-7.150030e-02
1.718158e-03
6.874964e-02
