-7.333839e-03
9.007788e-01
-1.174441e-02
5.006222e+01
1.799413e+02
-1.948242e+01
3.390980e-04
-1.603773e+05
-4.398608e+05
-5.331798e+04
-7.265223e+04
1.476396e+05
-5.769844e+04
4.463496e+04
-5.688275e+04
-1.314987e+05
-2.398261e+04
-2.480123e+04
9.747157e+04
4.787332e+04
-1.585169e+04
1.086995e+04
-2.694106e+04
6.695656e+03
1.870051e+03
3.346578e+04
-4.445905e+03
1.837741e+04
1.350241e+04
1.923998e+04
-3.988850e+04
6.083528e+03
-2.262742e+04
-1.904805e+04
1.462365e+04
1.375636e+04
-1.243315e+04
-4.352582e+02
2.029585e+04
8.320849e+03
1.368074e+04
-2.687129e+04
-8.537996e+03
8.396602e+03
4.580929e+03
9.826547e+02
9.967639e+03
2.905711e+03
-5.099067e+03
-1.137201e+03
9.972849e+03
-5.745741e+03
2.596067e+03
-1.038666e+04
-4.850767e+03
4.588592e+03
5.919107e+03
7.801238e+03
2.616596e+03
-6.238193e+03
-2.684111e+03
2.996240e+03
-2.747454e+03
-9.508016e+01
2.582158e+01
4.547167e+03
1.412674e+03
9.169886e+03
-6.947942e+03
1.819105e+03
-1.175478e+03
-7.375823e+02
7.734939e+02
1.239388e+03
-4.470627e+02
-6.572942e+02
1.561783e+02
-9.793382e+02
-2.455708e+03
1.949023e+03
-7.614222e+02
-7.305288e+02
-3.023375e+02
1.297412e+03
2.620929e+03
2.318097e+03
2.525634e+00
-6.757964e+02
1.991013e+02
-3.841234e+02
5.825397e+02
1.823159e+03
5.375544e+02
1.679644e+03
-1.283619e+03
7.415038e+02
9.506381e+02
-7.141628e+01
9.947485e+01
2.016315e+02
-3.384546e+02
1.119369e+02
5.618792e+02
-1.615689e+03
1.147068e+02
-1.734935e+02
1.268019e+03
1.540032e+03
6.471868e+02
1.530233e+03
-1.056021e+01
6.729254e+02
1.052575e+02
7.520128e+02
3.844509e+02
2.936945e+02
1.519084e+02
-6.170389e+02
-5.325172e+02
2.797173e+02
4.173282e+02
1.654843e+02
-1.436201e+02
-1.719884e+02
6.206763e+02
-5.815399e+02
5.043059e+01
-1.285157e+02
-3.878527e+02
-5.309312e+02
2.231650e+02
1.837769e+02
-3.969310e+02
-4.381947e+01
-3.689042e+02
-7.449365e+01
2.682719e+02
-3.566732e+02
5.020026e+01
-7.711726e+01
-3.106344e+02
1.462731e+02
1.777145e+02
2.187882e+02
-1.571318e+02
-2.268678e+01
3.452169e+02
-1.595123e+02
-1.779612e+01
2.861291e+02
2.145387e+02
1.991811e+02
1.340614e+02
-3.797546e+01
-1.125116e+02
1.015555e+02
-3.924779e+01
3.699947e+01
-2.600451e+01
-3.189874e+02
-6.358445e+01
-3.435005e+01
1.730135e+02
-1.120656e+02
-1.260713e+02
-2.973911e+01
5.487320e+01
8.228798e+01
-8.803564e+01
1.903021e+02
1.723324e+02
3.161424e+01
1.093674e+02
4.870615e+01
7.663366e+01
-3.190393e+01
1.340049e+01
2.159096e+01
-3.215278e+01
7.753930e+01
6.590653e+01
1.347535e+02
-2.808535e+01
-2.432634e+01
9.125720e+01
4.052725e+01
1.463083e+02
9.665340e+01
-8.253552e+01
4.059053e+01
6.343829e+01
6.248198e+01
-3.534631e+01
3.558766e+01
-2.763686e+01
2.886116e+01
-1.575431e+01
-3.439983e+01
-1.856218e+01
2.131958e+01
-2.192151e+00
-6.934671e+01
1.053575e+01
-2.099113e+01
5.523821e+01
2.606893e+01
-3.079748e+00
2.866096e+00
-8.505831e-01
1.345259e+00
4.424952e-02
-3.195948e-01
-4.236869e-01
-5.223906e-01
-9.497305e-02
-5.373752e-01
2.970819e-01
-7.854009e-02
3.995559e-02
4.378917e-02
2.200482e-01
-1.508574e-01
-2.915705e-02
-9.724568e-02
-6.343637e-02
2.011122e-01
3.458874e-03
6.262072e-02
-3.753769e-02
-1.823283e-01
3.511201e-01
6.221286e-02
-9.443782e-02
-8.961122e-02
-9.889130e-02
