-2.220293e-01
-7.087325e-01
1.043013e-01
4.693333e+01
1.903417e+02
-2.178964e+01
3.448060e-04
3.978193e+04
-5.238614e+05
2.240204e+05
5.059182e+05
1.313685e+05
6.915027e+04
-3.120002e+04
-6.864657e+04
1.116238e+05
1.000880e+05
2.253242e+04
1.317996e+04
1.231377e+04
-1.071473e+05
7.931290e+03
2.608976e+04
-1.443816e+04
2.208638e+04
-2.168620e+04
-2.071608e+04
-2.577963e+04
4.195203e+03
1.411594e+04
-6.988155e+04
-2.159958e+04
-1.726051e+04
-3.810150e+04
2.947751e+04
2.727549e+04
-1.000501e+04
1.624487e+04
7.593516e+03
3.938182e+03
2.395281e+03
-1.778689e+04
-3.039143e+04
1.182037e+04
-9.456532e+02
-2.425737e+03
-7.184707e+03
1.050814e+04
-8.640313e+03
2.997986e+03
9.629835e+03
-9.508592e+03
-2.794402e+03
-5.260826e+03
-6.559184e+03
2.651934e+02
-1.454928e+03
3.096355e+03
1.512746e+03
-1.528143e+04
-2.375504e+03
-2.289531e+03
2.006367e+03
-4.781129e+03
-5.279976e+02
9.745061e+03
3.157056e+03
-4.260466e+02
-1.032710e+04
3.225287e+03
6.489454e+02
-3.479244e+03
-5.177577e+03
4.966988e+02
2.722356e+03
4.309382e+03
2.133760e+03
2.083385e+03
-2.404752e+03
-5.801411e+01
-4.569972e+01
-2.241527e+03
-1.882412e+03
1.396348e+03
1.292948e+03
2.854786e+03
1.544254e+03
-4.258187e+02
-5.489665e+02
-4.978573e+02
-3.076388e+02
-7.063543e+02
8.678858e+02
2.646096e+03
-2.103456e+03
9.977740e+02
8.680163e+02
-4.831537e+02
-8.706303e+01
4.510236e+02
-5.881666e+02
1.471809e+02
5.187567e+01
3.505514e+01
4.937476e+02
-3.096509e+02
2.217288e+03
-1.010156e+03
5.411437e+02
8.249235e+02
-6.638326e+02
1.376807e+03
8.343153e+01
7.449031e+02
-8.704794e+02
-7.867976e+01
-3.341488e+02
-1.703578e+02
-4.803860e+02
3.628387e+02
-1.929402e+02
-7.136646e+02
-1.169453e+02
1.332710e+02
4.028636e+02
-3.604353e+02
8.156965e+01
4.739958e+02
-5.100865e+02
-1.318301e+03
5.531669e+02
1.659804e+02
7.041940e+02
3.150779e+02
-1.591392e+01
-9.763231e+01
4.386124e+02
-4.810688e+02
-8.411159e+01
2.244113e+02
7.168812e+01
2.113862e+02
6.728056e+01
1.177758e+02
3.981973e+01
-9.603463e+01
1.938100e+02
-2.638890e+02
3.566435e+02
4.183246e+02
1.711342e+01
-1.547271e+02
4.120163e+02
-1.081586e+02
-1.790446e+02
-5.572400e+01
2.445200e+02
-5.131888e+01
-3.008615e+02
-2.135738e+01
1.449181e+02
-1.283326e+02
1.987606e+02
1.481682e+02
1.506976e+02
-1.052340e+02
-7.660549e+00
-8.101669e+01
4.652789e+01
1.839415e+02
1.224168e+02
1.878629e+02
5.137159e+01
-5.734850e+01
7.567221e+01
-4.985683e+01
1.489555e+01
-1.758647e+01
-2.540380e+01
6.357561e+01
1.003010e+02
3.220663e+01
-3.965663e+01
-6.031262e+01
6.117934e+01
8.245415e+01
1.086090e+02
3.885649e+01
2.965654e+01
8.421727e+01
3.767991e+00
5.778357e+01
-7.876415e+01
6.047818e+01
4.281879e+01
2.255360e+00
-5.731740e+01
-8.145963e+01
2.177288e+01
3.077372e+01
-1.378098e+01
-6.440566e+01
2.390900e+00
-2.331385e+01
5.853194e+01
4.472507e+00
1.049480e-01
2.764177e+00
-7.980256e-01
1.795638e+00
4.952160e-01
8.291575e-02
1.414817e-01
1.737611e-01
1.482032e-01
-1.352078e-01
-5.601600e-01
-4.700943e-01
-2.000015e-01
2.514875e-01
-8.112472e-02
-2.556753e-01
-3.652469e-02
1.138851e-01
1.001480e-01
-7.103612e-02
2.655894e-01
-1.278431e-03
-1.371503e-01
1.591909e-01
1.267219e-01
9.040591e-02
-4.429787e-02
-1.760726e-01
7.979104e-03
