-2.312418e-01
1.089139e+00
1.363428e-01
5.575111e+01
1.816586e+02
-1.605990e+01
3.526665e-04
4.758302e+04
-3.666515e+03
-5.814985e+04
1.010367e+05
-1.296267e+04
-1.502545e+05
1.151095e+05
-3.343856e+04
3.583854e+04
5.013414e+04
-1.402123e+04
3.534261e+04
-2.186164e+04
1.322765e+04
-4.161136e+04
1.905386e+04
1.036898e+04
3.893110e+04
6.796200e+03
4.164638e+03
1.129151e+04
-1.039807e+04
-3.668855e+03
-1.675183e+03
-9.630584e+03
-8.700284e+03
-1.124687e+04
-4.607824e+03
-4.490795e+03
-2.133777e+03
-4.911141e+03
1.029324e+04
-5.719460e+03
-1.522279e+04
7.657670e+03
-1.430796e+04
1.340647e+03
-3.314581e+02
-7.634657e+03
5.335800e+03
-3.870904e+03
5.205289e+03
-3.874169e+02
6.697773e+02
6.019997e+03
-7.546915e+03
-1.202552e+03
4.956335e+03
7.403677e+03
-1.588257e+03
4.417089e+02
1.710180e+03
-1.707080e+04
-5.014321e+03
5.767811e+02
-1.334937e+03
-5.833120e+03
3.187846e+03
2.032589e+03
-5.830405e+02
-4.263652e+03
-4.441459e+03
9.934204e+02
3.312512e+03
3.200193e+02
3.338854e+02
-7.595048e+02
-2.487625e+03
2.821630e+03
2.220713e+03
-2.967665e+03
-3.173487e+03
-1.823708e+03
-1.122697e+03
4.794831e+02
3.833888e+03
4.184843e+03
1.258915e+03
-1.819849e+02
-3.356680e+03
-4.677757e+02
1.201071e+03
9.972140e+02
2.611197e+02
4.464973e+02
1.197993e+03
2.863698e+02
-4.167168e+02
-9.071888e+02
-4.686116e+01
-6.085935e+02
-5.505093e+02
6.710565e+01
3.157936e+01
-1.252388e+02
9.382333e+02
-3.984039e+02
4.549395e+02
-5.605009e+02
-3.594053e+01
-7.116510e+02
6.821248e+02
9.610093e+02
9.052709e+01
1.703225e+02
-6.372431e+02
1.067472e+03
1.158715e+01
1.358797e+02
9.319201e+00
-3.393428e+02
-1.600115e+01
5.956259e+02
8.536593e+02
-6.385874e+00
-2.828070e+02
1.856320e+02
1.340982e+02
-1.592638e+02
1.079192e+02
-1.690583e+02
-2.091939e+02
3.072316e+02
2.058333e+02
5.982521e+02
2.199504e+02
1.088037e+02
3.025179e+02
-1.273984e+02
-3.295272e+02
-3.153829e+02
-9.713595e+01
-1.496051e+02
-1.435315e+02
1.897209e+02
6.485025e+01
1.369082e+02
-1.473279e+01
6.581134e+01
-1.455077e+02
-1.581171e+02
1.635835e+02
2.000212e+02
7.888059e+01
9.860091e+01
5.819587e+01
-8.030241e+01
-2.613643e+02
-8.426615e+01
3.143405e+02
6.236734e+01
1.261651e+02
-3.118339e+01
1.391492e+02
6.990097e+01
1.970593e+02
-4.465384e+01
-7.215228e+01
-7.936478e+01
-3.518112e+01
3.779138e+01
-2.020334e+01
-8.292640e+01
5.355050e+01
1.425224e+01
-2.984918e+01
8.848068e-01
-1.390102e+01
-9.640496e+01
1.574587e+02
7.780551e+01
1.096793e+01
7.616996e+01
-9.920449e+01
4.597696e+01
-1.662685e+01
-8.827873e+00
8.688749e+01
-5.133800e+01
-4.037242e+00
-2.656610e+01
2.583907e+01
1.436906e+00
4.369561e+01
1.140533e+01
-5.304218e+01
2.150440e+01
4.213967e+01
-1.644150e+01
1.468527e+01
1.943634e+00
6.404938e+00
4.071873e+01
-2.317144e+01
-3.835455e+01
4.250198e+00
2.692411e+01
2.117305e+01
2.486647e+01
1.314724e-01
-7.850214e-01
5.498807e-01
-1.507135e-01
2.373103e-01
-4.745116e-02
-1.239872e-02
-8.615354e-02
6.059569e-02
1.234963e-01
-6.214856e-02
-2.110864e-01
-3.121508e-02
-3.637944e-02
-1.160346e-01
-3.482651e-02
3.356297e-02
3.717337e-02
7.600082e-02
-1.220126e-01
7.192825e-02
8.850569e-02
4.789790e-02
1.052588e-01
9.417134e-03
1.346184e-02
9.501367e-03
-6.003334e-02
-7.877961e-03
