-4.738541e-01
-9.414267e-01
1.088384e-01
5.205333e+01
2.000620e+02
-1.617612e+01
3.424676e-04
-3.089280e+05
-1.482168e+05
6.814124e+05
3.602727e+05
3.765112e+05
1.447203e+05
-1.072166e+05
-1.191189e+05
-1.556122e+05
9.701079e+04
5.173912e+04
3.694154e+04
3.605000e+04
-1.104215e+04
-2.789921e+04
-1.885059e+04
1.952442e+04
4.278999e+04
-1.089211e+05
-2.629629e+04
-5.047595e+03
1.588560e+04
3.036786e+04
-9.114345e+04
-9.379024e+03
2.309370e+04
-1.926684e+04
2.399392e+04
-8.083993e+03
3.591045e+03
1.102596e+04
-2.489504e+04
-2.568751e+03
2.571120e+04
-1.560725e+04
-1.697243e+03
-1.397702e+03
-1.893857e+03
-4.938005e+03
1.532745e+03
3.559429e+03
-7.190927e+03
8.547885e+03
2.204213e+04
-1.117674e+04
1.118387e+04
-7.102693e+03
-7.663764e+03
1.932322e+02
3.509236e+03
5.553005e+03
-5.148192e+03
-1.077869e+04
-5.723406e+03
4.020860e+03
1.614904e+02
-5.709311e+03
2.175185e+03
-1.378999e+03
3.979160e+03
1.237178e+04
-4.507832e+03
1.657230e+03
3.059391e+03
3.569235e+03
1.815741e+03
-2.085854e+02
1.112703e+03
7.560007e+02
4.920554e+03
-5.936057e+02
-5.195058e+03
6.373518e+00
-2.071877e+03
2.412048e+01
-2.462084e+03
2.453770e+03
4.210385e+01
2.333924e+03
-1.464169e+03
2.073074e+03
-9.436765e+02
1.395596e+03
2.619854e+02
1.588480e+02
2.808694e+03
1.859242e+03
2.906944e+02
1.690214e+02
3.512167e+03
4.150368e+02
-3.126260e+02
-2.975826e+02
-7.786754e+02
-4.690979e+02
-4.632693e+02
-1.450783e+03
2.052328e+03
-8.378723e+02
7.913784e+02
3.709614e+02
2.375353e+03
1.715635e+03
3.405233e+02
1.217459e+03
8.147498e+02
8.601473e+02
-2.291201e+02
-4.860420e+02
4.448414e+01
-1.120201e+02
-1.177930e+03
8.697153e+02
3.233990e+01
7.022406e+01
-5.840276e+02
8.043880e+02
2.456578e+02
-6.699113e+02
-4.751200e+01
1.965052e+02
7.166795e+01
-7.033257e+02
-8.793075e+00
-9.388969e+01
-7.250771e+00
-1.203164e+02
-2.881609e+02
-3.509250e+02
4.687233e+02
-1.068548e+02
7.305511e+01
1.718448e+02
5.275388e+01
-2.592530e+02
-1.401402e+02
4.306136e+02
-2.155470e+02
8.343846e+01
1.101918e+02
1.634696e+02
7.288410e+01
2.059967e+02
3.325274e+02
3.405817e+01
-2.948987e+02
-4.806328e+01
-1.402945e+02
1.660337e+02
-6.449252e+01
2.476351e+02
-3.257482e+02
-8.598062e+01
3.509046e+02
-2.039136e+02
-2.225554e+01
-3.913507e+01
-1.609777e+02
-8.072723e+01
6.607037e+01
1.230656e+02
-2.359816e+02
1.236512e+02
9.115618e+01
1.564624e+02
1.638310e+02
1.362491e+02
-8.574746e+01
-6.730249e+01
-5.204581e+00
-3.240260e+01
-7.923626e+01
-6.666772e+01
1.308466e+02
-1.192897e+01
-1.000687e+02
-2.608925e+01
-1.449945e+01
8.634794e+01
1.686319e+02
5.593058e+01
-1.473071e+02
2.100345e+01
-3.905856e+00
1.909153e+01
-3.256150e+01
3.852218e+01
6.657214e+01
-2.124374e+01
-6.736176e+01
-2.772666e+01
-6.543112e+01
6.921500e+01
1.781821e+01
-7.788989e+01
1.413890e+01
-6.262957e+01
3.242886e+01
1.037507e+01
-4.910747e-01
-8.626443e-01
-1.423790e-01
2.376647e-01
-5.060008e-02
-2.433923e-01
-8.861313e-01
-1.074062e-01
3.670169e-02
-4.014862e-02
3.013001e-01
-6.025668e-01
2.920102e-01
3.172348e-02
2.964661e-01
7.729022e-02
-4.891243e-02
-8.004045e-02
-6.618839e-02
-1.436256e-01
1.183131e-01
-1.085800e-01
-1.651253e-01
-2.017184e-01
1.118821e-01
9.322272e-02
-8.080165e-02
-4.739447e-02
-1.743605e-02
