1.398371e-01
-6.985906e-01
2.375848e-01
4.750222e+01
1.567188e+02
-2.409726e+01
3.390336e-04
-1.075088e+05
1.818085e+05
-8.874955e+04
1.084252e+05
1.596567e+05
-1.295295e+05
-9.481816e+04
189903
-6.288303e+04
4.787691e+04
-133150
-2.536208e+04
-6.555052e+04
-5.175838e+04
-7.898523e+04
8.150695e+04
-2.340527e+04
1.291806e+04
-8.167094e+03
-4.472724e+03
-6.446301e+04
-8.325488e+03
-2.848034e+04
5.055218e+04
3.361580e+04
1.860060e+04
-5.826851e+03
9.453288e+03
-1.624097e+04
-7.560803e+02
2.302905e+04
-3.765759e+04
3.382337e+03
-6.257584e+03
1.234030e+04
-8.499317e+03
-1.396119e+04
1.508143e+04
-1.142042e+04
5.285543e+03
2.764258e+02
2.671184e+03
-3.571918e+03
1.379885e+04
-1.472498e+03
-1.168304e+03
1.504612e+04
-1.229773e+04
-3.680458e+03
4.697194e+03
8.139438e+03
-7.238433e+03
-8.123755e+03
-3.929309e+03
2.226735e+02
8.964296e+03
3.313653e+02
7.157241e+02
8.057862e+02
1.627539e+03
-3.301065e+03
-3.897450e+03
6.167866e+03
3.788556e+03
8.177661e+02
-1.227259e+03
-1.614051e+03
-6.598339e+02
3.941307e+02
-2.073159e+03
3.799768e+03
-3.935099e+03
-2.633450e+03
-4.454088e+02
-1.310864e+03
4.911779e+02
4.649619e+02
4.178531e+03
1.148751e+03
-2.116440e+03
-8.538867e+02
3.119153e+02
1.948220e+03
3.160891e+02
-1.112372e+03
-6.642496e+02
1.529418e+03
-1.355643e+03
8.058436e+02
7.781821e+02
1.019850e+02
-1.732359e+03
-1.631621e+03
-4.852509e+02
6.836994e+01
1.184413e+03
5.318240e+02
-3.430639e+02
-6.678354e+02
1.332054e+02
1.357183e+03
-3.541572e+02
9.607156e+01
1.471945e+02
1.217093e+02
-1.081192e+03
1.220075e+03
2.022583e+01
-1.103891e+03
-7.033485e+02
1.484368e+02
-4.957166e+02
6.123872e+02
-4.670286e+02
-1.432612e+02
-5.581695e+02
7.626418e+01
5.435878e+02
2.697109e+02
-8.806203e+01
-1.743765e+02
-1.965437e+02
1.806682e+02
3.210762e+02
4.485321e+02
4.508816e+02
5.518958e+02
-1.461175e+02
1.957212e+02
3.696830e+02
6.742913e+01
1.517565e+02
-1.224917e+02
6.938718e+01
-4.748114e+02
7.878136e+01
1.634020e+02
2.568998e+01
2.722363e+02
-2.989689e+02
7.822271e+01
1.497212e+02
4.891234e+01
1.798044e+02
1.292072e+02
-3.299463e+01
-8.980794e+01
4.453262e+01
9.122237e+01
1.452818e+02
7.282037e+01
-5.784701e+01
1.260280e+02
1.206893e+02
3.010658e+01
-1.488181e+01
1.352825e+02
3.348709e+01
-1.247490e+02
-1.674538e+02
4.155585e+01
-1.069792e+02
-2.447246e+01
4.178629e+01
8.758406e+01
1.277882e+01
5.745515e+01
-5.058130e+01
-7.924023e+00
7.549664e+01
4.302912e+01
-6.124834e+01
-3.749226e+01
-8.364870e+01
-1.650881e+01
-3.436954e+01
1.782294e+01
-4.674628e+00
-3.303962e+01
6.886411e+01
4.856878e+01
-7.163008e+01
-6.753927e+01
2.214655e+01
-3.283894e+01
1.100360e+01
4.505425e+01
2.864691e+01
-3.963654e+01
-3.477819e+01
5.302835e+01
-1.219696e+00
5.531802e+01
4.538069e+01
-1.277035e+01
9.386292e+00
-3.343238e+00
1.774373e+01
1.011442e+01
-6.112648e-01
-8.356480e-01
6.140913e-01
-4.121860e-03
1.195289e-01
3.677833e-03
-1.999558e-01
-3.636715e-01
-1.572615e-01
1.094230e-01
1.946538e-02
-1.665196e-03
2.119578e-01
-5.412709e-02
-1.702040e-01
1.320846e-01
1.408210e-02
-1.408306e-01
-1.794644e-01
-6.348909e-02
-2.775825e-01
-2.375496e-02
-3.051600e-02
-8.006557e-02
-1.535403e-01
-6.012900e-02
4.797907e-02
-5.409374e-02
1.652264e-02
