-5.984753e-01
1.148828e+00
-5.149129e-02
5.489778e+01
2.104950e+02
-1.406798e+01
3.580490e-04
-2.209681e+05
-2.326069e+05
-2.006364e+05
-2.110633e+05
2.861210e+04
-1.177662e+04
-1.754358e+05
6.711736e+04
-2.335978e+05
5.250557e+04
-3.613873e+04
6.220094e+04
-4.254256e+04
-6.907156e+04
-7.363745e+04
2.242907e+03
-1.009068e+04
-3.224021e+02
-8.152632e+01
-2.026070e+04
2.638467e+04
3.848413e+03
-3.725343e+04
-3.474602e+04
-2.518997e+04
2.094555e+04
-3.601900e+04
1.285772e+04
5.491576e+03
-1.218008e+04
1.453346e+04
-1.640547e+04
2.134219e+04
3.247988e+03
-2.544721e+04
3.368203e+03
-5.442871e+03
1.838133e+04
6.094927e+03
8.418248e+03
4.899943e+03
-1.233991e+04
-2.136455e+03
9.615370e+03
-1.061046e+04
5.262724e+03
-3.768962e+03
-3.262288e+03
1.076300e+04
2.732786e+03
1.252292e+04
4.453583e+02
-9.298109e+03
-2.558750e+03
7.057530e+03
-2.971413e+03
-1.982599e+03
2.594391e+03
5.298174e+03
6.833317e+03
9.121885e+03
-5.109589e+03
1.605607e+03
4.678552e+03
1.132636e+02
-2.922373e+02
-2.675519e+03
4.712603e+02
-4.412408e+02
6.200054e+02
7.765261e+01
-6.583386e+03
6.025209e+02
-1.124439e+02
2.357345e+03
-1.481306e+03
1.799550e+03
3.776270e+03
4.301913e+01
-7.342668e+02
-6.634637e+02
-1.077663e+03
4.618396e+02
1.617178e+03
1.711760e+03
2.363151e+03
1.846963e+03
-8.104824e+02
3.331341e+02
1.557806e+03
-4.161651e+02
5.442363e+02
-2.387107e+02
-3.417338e+02
-5.406593e+02
8.583149e+02
-2.038091e+03
1.912494e+03
-7.194642e+02
8.017116e+02
3.319132e+02
9.465139e+02
1.703155e+03
-1.034764e+02
2.457823e+03
-2.899595e+01
3.864713e+02
-1.524676e+02
-4.920306e+02
-3.805905e+02
-5.063816e+02
-3.595609e+02
3.446755e+02
-4.189464e+01
6.800240e+02
-6.591443e+02
6.827816e+02
7.443315e+02
-2.949799e+02
2.564532e+02
-4.669380e+02
-2.953663e+02
-5.095845e+01
1.289958e+02
1.644507e+02
-4.811235e+02
-2.787605e+01
-6.278472e+02
-2.934520e+02
8.062003e+02
-2.501453e+02
3.748637e+02
4.436799e+02
-2.047182e+01
-3.198475e+01
1.460026e+02
1.000697e+02
-2.918343e+02
2.341349e+02
2.257186e+02
-3.446719e+02
-1.363576e+02
2.978724e+02
2.508582e+02
3.633353e+02
1.536666e+02
4.518058e+01
-3.700768e+02
-9.367034e+00
-1.039473e+02
8.831927e+01
-1.123810e+02
-8.494062e+01
9.230486e+01
7.990633e+01
3.543479e+01
-5.044046e+01
-2.786398e+01
3.182933e+01
1.009791e+02
1.502497e+02
-2.137028e+02
1.246464e+02
3.361646e+01
5.208434e+01
2.286857e+02
5.163646e+01
-1.410520e+02
4.656948e+01
1.009820e+01
1.001434e+02
3.445968e+01
-4.366045e+01
6.626936e+01
6.766315e+01
2.178374e+01
7.531058e+00
7.864872e+01
3.760489e+01
1.302748e+02
7.858693e+01
-1.588510e+02
-1.574028e+01
3.950584e+01
7.748420e+01
-3.478794e+01
5.344221e+01
-1.020818e+01
-5.149359e+01
-9.520988e+01
-1.815387e+01
-5.905404e+01
4.359494e+01
1.103000e+01
-9.892229e+01
6.210172e+01
-4.874116e+01
2.831023e+01
2.857705e+01
-4.375798e+00
1.153541e+00
-1.735044e-01
1.132988e+00
-1.590735e-02
2.375551e-01
-2.605700e-01
-1.413903e+00
-1.348123e-02
-2.576342e-01
7.663834e-02
-5.926160e-01
-1.957407e-02
1.081426e-01
2.816709e-01
-3.807154e-02
-4.233920e-02
7.962795e-02
1.093147e-01
-1.159549e-01
1.031487e-01
1.469991e-01
9.885500e-03
-1.152843e-01
1.557415e-01
1.334567e-02
1.382895e-02
-6.156730e-02
3.874424e-03
