-2.000263e-01
-1.798294e-01
-2.064594e-01
4.636444e+01
1.941482e+02
-2.552460e+01
3.415950e-04
-3.773370e+04
-5.970763e+05
1.456742e+05
5.351054e+04
9.124080e+04
3.921658e+04
3.483937e+04
-2.534393e+04
-8.802754e+03
-5.707858e+04
-6.580767e+04
4.842143e+04
7.051008e+04
-1.319365e+04
3.694308e+04
-4.140545e+04
-9.574623e+04
-1.286027e+04
-1.185927e+04
-8.813867e+03
-1.916988e+04
1.157994e+04
1.201775e+04
-9.796364e+04
-4.566321e+04
-4.635312e+04
-4.381314e+04
4.780341e+04
4.122515e+04
-1.242529e+04
9.784036e+03
2.484379e+04
-3.902562e+03
2.988535e+04
1.035323e+04
-1.337996e+04
-8.719432e+03
-1.617902e+04
9.871675e+03
2.170350e+03
1.365133e+04
-7.201181e+03
9.638087e+02
8.317562e+03
4.145538e+03
2.862734e+03
-5.187030e+03
1.173219e+03
6.007939e+03
5.138907e+03
3.602551e+03
-1.456915e+03
-2.075470e+04
-1.644952e+03
9.509789e+02
-5.040243e+03
-2.474358e+03
-2.749469e+03
7.393247e+03
-9.409376e+02
2.653147e+03
-4.152875e+03
-7.968838e+02
-2.031204e+03
-1.007953e+03
-3.880587e+03
1.690345e+03
2.110857e+03
2.421843e+03
1.031457e+03
2.111992e+03
-1.645263e+03
2.378771e+03
-9.612777e+02
8.410873e+02
-1.412263e+03
-7.943560e+01
1.404761e+03
3.795655e+03
2.576618e+03
4.563539e+02
5.854507e+02
-3.414595e+03
7.632529e+02
4.190738e+02
2.687222e+03
2.292995e+02
-1.090827e+03
1.920653e+03
7.536984e+02
-4.180367e+02
4.115078e+02
4.898717e+02
-1.444143e+02
-3.742904e+02
-3.906990e+02
-2.479213e+03
-8.582407e+02
3.920599e+02
2.016449e+03
4.781242e+02
7.484676e+02
1.260438e+03
-3.087042e+02
7.352606e+02
2.796766e+02
1.387371e+03
-9.916572e+01
5.325382e+02
1.722933e+02
-1.809650e+02
-8.816938e+01
9.007167e+01
-3.941378e+01
-5.332137e+02
-7.699805e+01
1.809963e+02
6.436983e+02
-4.672207e+02
-6.533350e+01
3.748063e+02
-4.560015e+02
-7.477556e+02
4.261132e+02
6.145817e+02
-1.422031e+02
-1.222244e+02
8.439727e+00
5.795191e+01
7.546747e+01
-2.300899e+02
-1.018311e+01
-8.016600e+01
-1.534152e+02
3.425685e+02
1.487764e+02
2.316725e+00
-4.493091e+01
-1.930467e+02
4.433045e+02
-1.364453e+02
1.339756e+01
1.156562e+02
1.874081e+02
7.706915e+01
2.503231e+02
2.440109e+01
-7.377084e+01
-1.558501e+02
-5.112750e+01
1.839058e+02
-3.465248e+02
-2.152355e+02
1.210507e+02
-1.291836e+02
2.964508e+02
-2.172036e+02
2.225134e+01
-2.120184e+01
4.460545e-01
-1.115559e+01
3.802478e+01
2.626648e+02
1.274309e+02
-1.830847e+01
6.629723e+01
7.647146e+00
2.159319e+02
-1.073317e+02
-8.856958e+00
4.131215e+01
-3.334169e+01
7.579420e+01
2.484532e+01
2.231686e+02
-3.657022e+01
-5.484322e+01
1.314556e+02
1.701052e+00
2.789472e+01
1.553720e+01
-4.460197e+01
7.361852e+01
6.046296e+00
1.270372e+02
-4.653527e+01
5.528891e+01
7.043083e+00
-1.379568e+01
-3.066369e+00
-8.335957e+01
-3.557889e+00
-3.425946e+01
-2.244905e+01
-7.248720e+01
-4.446737e+01
-2.717730e+01
7.087170e+01
2.392939e+01
-1.374694e+00
4.263213e+00
-8.662046e-01
8.375974e-01
4.549317e-01
-3.179756e-01
-1.593487e-02
-1.023696e-01
3.085757e-02
-5.708955e-01
-1.351650e-01
-3.562262e-01
-1.478183e-01
9.369463e-02
1.208906e-01
-3.143523e-01
-1.012806e-01
9.479810e-02
1.299019e-01
1.209234e-01
3.777685e-01
5.011527e-02
3.107093e-02
6.832445e-02
3.010686e-01
1.671420e-01
-1.745101e-01
-2.008873e-01
2.700442e-02
