-1.889075e-01
-1.250686e+00
2.198239e-01
5.632000e+01
1.770564e+02
-1.435358e+01
3.435603e-04
-1.366014e+05
-2.441413e+05
2.798098e+05
4.433597e+05
1.948717e+05
-6.072411e+04
-1.569491e+05
-2.302390e+04
-8.119347e+04
1.356036e+05
3.582302e+04
3.611440e+04
-1.018549e+05
-8.397027e+04
-3.336209e+04
1.897750e+04
-2.756485e+04
8.376393e+04
-5.597598e+04
3.574678e+04
-3.849239e+04
-1.024434e+04
3.241584e+03
-4.994261e+04
-2.290930e+04
2.141608e+04
-6.086809e+04
2.220287e+04
5.465417e+02
1.057808e+04
2.073177e+04
-2.063167e+04
-2.051902e+04
9.507613e+03
-1.066573e+04
-1.063994e+04
-1.812615e+03
5.883545e+03
-7.971850e+03
-7.957103e+03
4.967592e+03
-3.434413e+03
1.154285e+04
-5.249941e+03
-7.282079e+03
4.195170e+03
-4.257467e+03
-1.160768e+04
4.499733e+02
-6.807847e+03
9.770363e+03
5.449609e+02
-2.091696e+04
-6.379723e+03
-2.653900e+03
-8.136799e+02
-4.242136e+03
1.324561e+03
7.743780e+03
1.173006e+03
3.013930e+03
-8.549820e+03
2.795459e+03
7.302581e+03
3.832251e+03
-3.332899e+03
1.364737e+03
7.989923e+01
6.356408e+03
3.588706e+03
2.746211e+02
-5.737830e+03
-1.012427e+03
-4.415443e+01
-2.083867e+01
-6.347018e+02
3.671458e+03
3.774028e+03
3.118974e+03
-2.220969e+03
2.566726e+02
5.852650e+02
-8.040939e+02
-5.117061e+02
-2.031996e+03
2.189946e+03
1.531234e+03
-2.001079e+03
8.497830e+02
5.953653e+02
-2.490127e+02
9.920900e+01
-3.055257e+02
-8.604308e+02
-3.480546e+02
7.100335e+02
-1.028712e+03
1.360075e+03
-9.833973e+02
1.373071e+03
-9.499896e+02
1.308171e+03
1.319128e+03
-2.000780e+03
2.096083e+03
3.716539e+02
1.145361e+03
-1.022686e+03
-4.545532e+02
-7.775339e+02
9.007855e+01
-4.001587e+02
8.990187e+02
-6.038386e+02
-9.104186e+02
-9.285333e+02
6.182299e+02
4.487560e+02
-2.222966e+02
-1.908925e+02
4.071449e+02
-3.510890e+02
-4.754890e+02
5.244323e+02
2.277081e+02
8.758253e+02
2.627848e+02
-2.405219e+02
-3.413994e+02
5.798531e+02
5.113254e+01
-8.691222e+01
3.308695e+02
-4.276637e+01
-1.909301e+02
2.161916e+02
-5.002355e+00
-1.191309e+02
1.037180e+02
-9.198183e+01
-3.667481e+02
5.323522e+02
2.826909e+02
2.273526e+02
-1.108122e+02
3.782716e+02
1.814475e+02
-3.519185e+02
-1.621929e+02
1.712196e+02
1.647182e+02
-3.097734e+02
1.136600e+02
2.329070e+02
5.707141e+01
1.355903e+02
1.160958e+02
5.371535e+01
-8.432201e+01
-4.984335e+01
-1.116122e+01
7.135437e+01
1.324679e+02
5.815673e+01
1.484990e+02
5.949869e+01
-2.900766e+01
-8.054131e+01
-1.814393e+01
3.903123e+01
5.007221e+01
2.826745e+01
5.423402e+01
8.160551e+01
4.057782e+01
-1.861125e+00
2.568813e+01
5.754083e+01
4.156787e+01
5.459517e+01
-4.142958e+01
-1.777491e+01
3.900328e+01
-3.640575e+01
2.542749e+01
-1.314414e+01
8.152744e+01
2.439281e+01
-2.316682e+01
-7.336997e+01
-4.631033e+01
-1.646729e+01
9.516429e+01
3.028393e+01
-8.932239e+01
-1.093082e+00
-7.048151e+01
7.077863e+01
2.995964e+01
-7.795095e-01
2.891679e-02
-9.014127e-02
1.825746e-01
8.695303e-02
-3.920878e-01
-1.918620e-01
-2.129724e-01
7.844438e-02
-2.788416e-01
-1.292102e-01
-9.425911e-01
1.485046e-01
7.545242e-02
-1.029538e-01
2.117686e-01
-3.798724e-02
1.481077e-01
1.015405e-01
-3.674854e-01
8.763430e-02
7.124413e-02
-1.715191e-01
-1.036901e-02
-9.856801e-02
3.739013e-02
-5.423501e-03
-1.778350e-01
-2.021415e-02
