2.562792e-01
-6.365322e-01
-1.561338e-02
4.494222e+01
1.510416e+02
-2.661172e+01
3.555245e-04
7.337098e+04
6.810534e+04
-4.026285e+05
-3.802559e+04
-8.241701e+04
-1.971326e+05
1.208154e+05
-5.051732e+04
-5.138195e+04
-7.915789e+04
-1.328358e+05
3.189071e+04
-3.669526e+04
-2.831898e+04
-1.152564e+03
6.855473e+04
-3.852400e+04
4.376037e+04
3.622079e+04
-3.713537e+04
-9.841537e+03
-2.320530e+04
-4.096569e+04
3.813759e+04
-2.431175e+04
9.145739e+03
-1.099785e+04
6.049688e+02
-2.244827e+04
-1.016344e+04
-1.685398e+02
9.876042e+03
3.011537e+03
-1.192367e+04
9.466522e+03
1.391578e+03
2.595117e+03
5.698761e+03
4.622132e+02
2.341385e+03
-3.085905e+03
8.445235e+03
-1.544624e+03
-4.821823e+03
-9.049947e+03
-3.343006e+03
4.327842e+03
-4.660983e+03
1.411505e+03
-8.137697e+02
6.422358e+03
-1.875948e+02
-6.027161e+03
1.978530e+03
7.870923e+02
-9.373328e+02
3.530856e+02
4.620354e+03
1.212124e+03
8.064973e+01
-6.071027e+03
-2.637355e+02
3.795988e+03
6.891281e+02
-2.924314e+03
-4.704642e+03
1.538708e+03
2.196239e+03
1.039688e+01
-8.224750e+01
2.547068e+03
-3.172983e+03
-1.250030e+03
2.747570e+03
-9.782571e+02
2.773166e+03
3.670464e+02
3.789549e+03
8.759846e+02
-3.072815e+03
-4.001688e+02
-1.387037e+03
6.429817e+02
-1.354520e+03
6.604258e+02
-1.147095e+02
2.090594e+02
-1.949793e+03
6.976521e+02
5.541600e+01
-6.732446e+02
2.510401e+02
-5.300363e+02
2.738650e+02
7.394102e+02
3.139867e+02
-3.447861e+02
-9.168809e+02
3.654583e+01
3.609359e+02
1.442401e+03
-5.667715e+02
3.623600e+02
-5.555508e+02
-4.856209e+02
-4.537818e+02
7.802535e+02
5.374371e+02
3.688952e+01
-4.407968e+02
6.994129e+01
2.904135e+02
2.104856e+02
-1.880676e+02
-1.873422e+01
-4.227970e+02
3.138127e+01
-9.381424e+01
1.202751e+02
-1.641581e+02
1.351024e+02
-3.377125e+02
2.274296e+02
3.812777e+02
7.090283e+02
1.921537e+02
2.846250e+02
1.064433e+02
1.083737e+02
1.549425e+02
-2.264138e+02
3.886037e+01
5.658398e+01
-2.075907e+02
7.477325e+01
9.325084e+01
-1.613055e+01
4.917174e+01
1.534074e+02
-8.000198e+01
-1.225380e+02
1.992428e+02
2.375307e+01
-6.837130e+01
2.224664e+02
1.534426e+02
-2.281600e+01
-7.275028e+01
-2.226141e+02
2.983409e+02
-9.203606e+01
6.964951e+01
-8.896637e+01
-1.363626e+02
1.350443e+02
1.054592e+02
-1.513012e+01
6.020144e+01
-7.672403e+01
-6.728986e+01
1.680152e+01
1.514213e+02
-2.109080e+01
3.535835e+01
-4.023716e+01
-9.403231e+01
9.168435e+01
6.823529e+01
-5.705745e+01
8.291307e+01
3.864557e+01
2.661298e+01
1.173255e+02
3.158061e+00
3.682553e+01
1.344918e+01
5.527052e+01
5.583799e+01
-1.044704e+02
-1.171802e+02
-1.251581e+00
5.278120e+01
7.569458e+00
-1.873058e+01
1.229641e+00
9.013996e+00
5.860969e+01
1.663738e+01
-1.393422e+01
4.696118e+01
2.193529e+00
-3.041490e+01
1.384166e+00
6.883572e+00
-1.440062e+00
5.076291e+01
2.062091e+01
1.948472e+01
1.644192e+01
-4.575436e-01
1.187830e+00
1.854111e-01
-9.918742e-02
-2.529629e-03
4.161380e-01
6.525251e-01
-6.663598e-01
-2.068012e-01
-6.217895e-01
8.814171e-03
3.376003e-02
2.996237e-01
1.086159e-01
-3.419489e-01
-8.469561e-02
8.368337e-02
9.705509e-02
3.019844e-02
9.456488e-02
-4.124735e-02
5.829918e-02
1.197871e-01
1.715522e-02
-4.167823e-04
1.170310e-02
1.377013e-02
-4.123814e-02
-6.365659e-03
