-4.213890e-01
-6.515608e-01
2.561788e-02
5.233778e+01
2.119835e+02
-2.135645e+01
3.648758e-04
-1.104801e+05
-7.199236e+04
1.675350e+03
9.045049e+04
1.347263e+05
8.707855e+04
-1.374578e+05
3.734479e+04
2.538870e+04
4.599643e+04
-5.801252e+04
6.108191e+04
-4.809156e+03
-5.299341e+04
-1.445742e+03
6.946611e+04
2.017504e+04
3.630290e+04
-2.355589e+04
6.270543e+03
-3.645929e+04
8.251051e+03
3.908357e+04
-4.726711e+04
-2.419027e+04
1.041266e+04
-1.848913e+04
8.773893e+03
-2.930218e+03
3.833824e+03
-1.836121e+04
-1.694243e+04
3.216656e+03
-1.218055e+04
-2.463203e+04
-1.704913e+04
8.045101e+03
1.159541e+04
-1.797974e+03
2.838106e+03
6.655662e+03
-6.724201e+03
-1.361846e+03
-1.517423e+03
-1.877541e+03
4.988916e+03
6.700879e+03
2.598049e+03
-1.453894e+03
-2.307418e+03
5.545113e+03
1.053835e+03
-6.685002e+03
-3.648741e+03
2.636136e+03
1.050900e+03
-8.368872e+03
-8.728331e+02
4.816513e+03
4.445728e+03
4.843815e+03
-8.308789e+03
8.745573e+02
6.183089e+03
4.138504e+03
-8.769645e+02
-1.008657e+03
-2.461519e+03
1.976797e+02
2.271040e+03
-9.640154e+02
-2.533589e+03
-8.393528e+02
-3.464070e+02
-1.590828e+03
-1.289673e+03
4.541572e+02
2.437092e+03
1.627004e+03
-1.585233e+03
1.529159e+03
-6.359797e+02
-1.002651e+02
-3.111760e+02
6.413052e+02
3.123033e+03
1.723326e+03
-1.671435e+03
1.046317e+03
8.533961e+02
-5.535369e+02
-1.103708e+03
-1.983991e+02
-1.783104e+03
9.189828e+01
5.289056e+02
-6.863652e+02
8.082003e+02
1.246334e+02
-2.699059e+02
2.571664e+02
7.055942e+02
1.079500e+03
-8.578212e+01
1.096367e+03
-6.018335e+02
8.949135e+02
-6.979135e+02
-8.839098e+02
-7.441312e+02
-4.057919e+02
-7.822892e+02
9.871033e+02
-5.029809e+02
-4.163858e+02
-4.456352e+02
1.023745e+02
6.145657e+02
-3.045514e+02
1.712585e+02
3.021006e+02
-1.947234e+02
-1.926876e+02
4.942134e+01
2.005063e+02
2.672885e+02
4.447918e+02
-3.376851e+02
-4.623632e+02
4.601151e+02
-4.155846e+01
-1.656111e+01
1.971403e+02
-2.597409e+01
-5.325084e+02
1.150834e+02
1.101878e+02
-4.435246e+01
1.676750e+02
-2.147648e+02
-2.825323e+02
2.294658e+02
1.645916e+02
3.340933e+02
6.172503e+01
2.008939e+02
1.254816e+02
-3.757506e+02
-9.128249e+01
2.488104e+02
1.598662e+02
-1.853984e+02
1.018245e+02
2.153735e+02
3.286391e+00
-4.066707e+01
8.916950e+01
-1.048582e+02
-2.247312e+01
8.797779e+01
5.763274e+01
-1.379171e+02
8.512695e+01
5.860301e+00
1.313307e+02
1.574276e+02
-4.275810e+01
-6.879498e+01
-1.589187e+01
6.040146e+01
-3.279197e+00
-5.756673e+01
4.464406e+01
1.046270e+02
-1.928961e+01
2.020956e+01
2.101466e-01
3.768834e+01
2.537603e+01
3.576732e+01
6.876525e+01
-1.075662e+02
-4.241689e+01
2.229991e+01
8.015289e+01
6.150963e+01
4.246193e+01
5.711229e+01
-3.842121e+01
-2.840510e+01
-2.561196e+01
-3.631629e+01
2.702381e+01
-1.434866e+01
-6.001113e+01
4.192127e+01
-5.542302e+01
4.214044e+01
9.643336e+00
-7.914293e-01
-8.402296e-01
-4.940077e-02
-7.615000e-02
6.911953e-02
-2.101301e-02
-3.905061e-01
-2.332844e-01
1.184865e-01
-3.736836e-01
-1.390744e-01
-5.518265e-01
3.486991e-01
6.050696e-02
2.643728e-02
3.345008e-02
-2.180099e-02
6.364919e-02
6.660037e-02
-2.100243e-01
1.166397e-01
1.188455e-02
-1.921535e-01
6.394648e-02
-1.703521e-02
1.055912e-02
1.705612e-03
-4.628710e-02
-6.305316e-02
