-1.974876e-02
1.165085e+00
-7.613764e-02
5.489778e+01
1.777416e+02
-1.690681e+01
3.323196e-04
-1.164400e+05
-4.599016e+05
-7.720751e+04
-2.688665e+05
5.773337e+04
1.035294e+05
-1.193362e+05
-1.006020e+05
-4.144375e+05
1.090374e+05
-1.189324e+04
3.882962e+04
1.290881e+05
1.146056e+04
-6.578748e+04
-1.222663e+05
1.005070e+05
7.191101e+03
-4.441866e+04
-1.616335e+05
6.033888e+04
-1.707617e+04
-3.276237e+04
-1.878870e+04
-2.220945e+04
2.124551e+03
-3.575373e+04
2.159237e+03
-3.252126e+04
-1.636659e+04
5.027322e+04
5.383789e+04
3.740539e+04
3.359262e+04
7.946298e+02
1.052183e+04
-1.706330e+04
-4.238256e+03
9.484088e+03
1.533087e+04
2.132823e+04
-1.213931e+04
-4.748096e+03
1.917048e+04
-8.055260e+03
-6.318954e+03
-1.453022e+03
-4.488126e+03
-1.298734e+04
3.932500e+03
3.709412e+03
2.863429e+03
-3.491240e+03
-1.174009e+04
4.289116e+03
2.911825e+03
4.321210e+03
-3.046116e+03
6.139792e+03
3.366206e+03
5.607325e+03
-5.136595e+03
7.542895e+02
-6.394884e+03
-3.624918e+03
-3.444895e+01
6.001468e+03
6.196292e+03
1.964240e+03
7.245977e+03
-4.041237e+03
-2.131708e+03
1.907378e+03
-2.798231e+03
1.086395e+03
-6.377838e+00
5.582077e+03
-5.240239e+02
3.761639e+03
7.774755e-01
2.512717e+03
-1.284728e+03
-1.842392e+02
3.932491e+02
2.791213e+02
5.609401e+02
1.666443e+03
6.840021e+02
-2.437990e+02
1.532988e+03
-4.293816e+02
1.006017e+03
1.953345e+02
1.704272e+03
6.824669e+02
9.621760e+02
-5.242948e+02
4.000011e+01
-9.244730e+02
1.629838e+03
3.726748e+02
1.928964e+03
1.256636e+03
7.554075e+02
8.518527e+02
9.489918e+02
3.123105e+02
2.486386e+02
8.936948e+02
1.027890e+02
-5.987258e+02
-2.429180e+02
5.299068e+02
5.572549e+02
9.050273e+02
-1.021185e+02
5.558785e+02
-3.239039e+02
-5.193376e+02
-9.133575e+01
2.744485e+02
2.866456e+02
-8.194960e+02
-4.722426e+01
8.632341e+02
1.718022e+02
-4.663932e+02
-1.560472e+01
-8.362325e+01
-5.995369e+02
2.360327e+01
1.139557e+02
-6.466230e+02
5.310942e+00
5.952488e+02
-1.722330e+01
4.020594e+02
-1.778717e+02
-1.843248e+00
6.846926e+02
6.795145e+01
2.584578e+02
2.929510e+02
-2.154846e+02
6.117698e+01
-2.502697e+02
1.222802e+02
1.278197e+02
-1.709681e+01
-8.912742e+00
2.145427e+02
-1.934980e+02
-2.273633e+02
1.968754e+02
-9.793803e+01
1.192415e+02
1.280965e+01
-1.128396e+02
-2.423920e+01
-4.739613e+01
1.837575e+02
-3.867455e+01
1.408687e+02
1.611316e+02
1.731304e+00
8.162051e+01
1.035430e+02
1.169539e+02
-1.645473e+02
-1.343302e+01
-2.199413e+01
-8.768772e+01
4.409856e+01
9.144657e+01
1.923725e+02
-2.020627e+02
3.513426e+01
-4.118695e+01
2.564824e+01
1.115606e+02
8.688445e+01
-9.141567e+01
1.397597e+01
7.000877e+01
7.778019e+01
-1.066485e+02
7.764384e+01
7.824632e+01
2.660786e+01
-9.982444e+01
-5.690886e+01
-4.914712e+01
-2.254318e+01
3.709375e+01
-1.174530e+02
-7.310501e+00
-6.616862e+01
6.161499e+01
-4.527983e+00
-3.394988e+00
3.529554e-01
1.933993e-02
3.461660e-02
-5.591369e-02
-9.990292e-01
-2.376744e-01
6.872576e-01
-1.277577e-01
4.331267e-02
5.304181e-01
-1.758658e-01
2.075067e-01
3.845528e-02
3.195992e-01
1.304705e-02
-8.647583e-02
-1.925424e-01
-1.410831e-01
1.721447e-01
3.261060e-01
-2.030198e-01
7.733393e-02
-1.934149e-01
4.041656e-01
1.609737e-01
-1.299743e-01
-1.561543e-01
8.738704e-02
