-4.280316e-02
1.218787e+00
-3.899457e-01
5.603556e+01
1.662586e+02
-1.552024e+01
3.408758e-04
-1.089466e+03
-1.917404e+04
-2.111127e+05
-7.260352e+04
-6.859998e+04
-1.642147e+05
2.590057e+04
5.483494e+04
-5.045575e+04
1.713751e+04
-1.649761e+04
1.379478e+05
-4.912966e+02
-1.586230e+04
-5.826133e+04
6.548729e+04
2.999524e+04
1.147741e+04
-2.254281e+04
2.119838e+04
3.618647e+03
9.270637e+03
3.730170e+04
2.021149e+03
-8.937446e+03
-1.967698e+04
-2.307108e+04
-1.284046e+04
1.385043e+02
1.112190e+04
1.272811e+03
-5.969703e+03
1.041113e+04
1.225246e+04
6.396986e+03
3.858687e+03
-5.171479e+02
4.975341e+03
-1.293216e+04
-3.518390e+03
3.886217e+03
1.273720e+04
1.669595e+03
-1.462242e+03
3.010857e+02
-5.596609e+03
8.415245e+02
5.140449e+02
2.658776e+03
-3.246827e+03
7.259523e+03
3.736188e+03
-5.133518e+03
-3.522428e+03
-2.769754e+03
-1.375997e+03
-3.004369e+03
3.426918e+03
3.859915e+01
-1.515832e+03
-7.029064e+02
-3.338107e+03
1.067466e+03
2.662365e+03
2.620949e+03
-1.537472e+03
3.003318e+02
-2.258047e+03
-3.952478e+01
4.074637e+02
1.206245e+03
-2.256084e+03
-1.596176e+03
-4.682977e+02
-6.802950e+02
1.188552e+03
2.819610e+02
1.760191e+03
4.195348e+02
-3.143442e+03
8.267904e+02
1.354146e+03
-1.114401e+02
5.644909e+02
-1.658083e+02
2.097239e+03
1.668897e+03
-3.548985e+02
-1.698631e+02
4.801107e+02
-1.965789e+02
-5.443962e+02
-3.232239e+02
4.604643e+02
-2.658862e+02
1.102661e+03
-5.267050e+02
-2.293322e+02
-6.924368e+02
1.233824e+02
8.229993e+02
4.013141e+02
9.692469e+02
1.350725e+02
6.498688e+02
-1.129968e+03
8.990061e+02
-1.321095e+02
2.804474e+01
-9.108573e+01
-2.597275e+02
-9.922012e+01
4.495787e+02
-2.900757e+01
-3.571909e+02
-3.693319e+02
2.023273e+02
2.889899e+02
-1.139895e+02
9.426323e+00
1.125822e+02
4.178267e+01
5.526895e+02
1.779704e+02
6.359122e+02
3.210909e+02
1.834574e+02
-1.923329e+02
-2.885865e+02
-6.284168e+01
9.800812e+01
-3.787619e+01
-2.744052e+02
-1.469890e+02
-2.310489e+01
7.593353e+01
-8.657459e+01
1.955552e+01
3.054709e+02
2.113729e+01
-1.371398e+02
2.325031e+02
2.499325e+01
1.596376e+02
5.629251e+00
1.512198e+01
2.330354e+02
-1.083959e+02
2.741981e+01
2.132679e+02
1.442043e+02
4.377868e+01
-3.535606e+01
6.756419e+00
1.070315e+02
7.722211e+01
-3.167481e+01
-5.938647e+01
-6.250395e+01
-3.383584e+01
1.061991e+02
-2.150867e+01
-1.459864e+01
-4.634490e+01
-1.910453e+01
1.484108e+01
-3.377822e+01
1.481924e+01
-9.994387e+01
6.013803e+01
-1.048395e+01
-4.776317e+01
3.522089e+01
-6.563643e+01
3.315393e+00
3.288861e+01
6.112093e+01
6.609097e+01
-1.061601e+02
1.564952e+01
5.204861e+01
-6.113418e+01
-3.615221e+01
3.749650e+01
4.001104e+00
5.290794e+00
5.701176e+01
2.594163e+01
-1.854017e+00
7.741701e+00
-6.849885e+00
-1.702680e+01
-1.246461e+01
2.215503e+01
-1.346124e+01
-1.829808e+00
1.144181e+01
2.569780e+01
1.200432e+01
-9.453656e-02
-4.299168e-01
-3.827949e-01
-1.729408e-01
1.390359e-01
2.242590e-01
-2.299881e-01
-2.846428e-01
-2.372148e-02
-2.300377e-01
-1.350284e-01
-1.299796e-01
-4.702745e-02
-5.024927e-02
3.177352e-02
1.658118e-01
2.721065e-02
-3.059018e-02
-5.241580e-02
-8.836185e-02
-4.717095e-02
-5.517485e-03
3.918417e-02
-7.580008e-02
-1.115203e-01
2.199179e-02
-8.586502e-02
-1.147125e-01
4.892599e-02
