-1.405909e-01
-4.438806e-01
-9.715907e-02
4.608000e+01
1.874940e+02
-2.329266e+01
3.487806e-04
-1.766946e+05
-1.911756e+05
4.163082e+05
1.451001e+05
7.712673e+04
1.240489e+05
-1.095654e+05
5.299419e+04
-1.452500e+05
1.824310e+04
-3.812469e+04
1.633915e+04
-2.935298e+04
-8.693013e+03
1.580733e+04
-2.399691e+03
1.502454e+04
3.298670e+04
-5.691604e+04
-9.032017e+02
-2.427864e+04
-3.975212e+04
1.036976e+04
-6.084255e+04
2.942896e+04
-1.827605e+04
-2.950418e+04
3.357539e+04
1.061006e+04
2.009248e+04
1.986672e+03
-4.654240e+03
-1.035985e+04
4.682330e+03
2.095365e+03
-8.911249e+03
-4.364284e+03
7.477473e+03
-5.764805e+03
-3.947346e+02
2.314084e+03
-2.747882e+03
1.875500e+03
8.725643e+03
3.639818e+03
5.274320e+03
-4.677354e+03
-7.254479e+03
1.612802e+03
1.228333e+03
7.306699e+03
-4.145457e+03
-1.214055e+04
-4.179339e+03
-3.803057e+03
-7.004047e+02
-4.083433e+03
1.213579e+03
2.165009e+03
5.790062e+03
3.936077e+03
-2.917572e+03
2.046144e+03
2.036813e+03
2.680292e+03
6.290145e+02
8.667781e+02
1.422182e+03
1.941677e+03
3.822285e+03
9.942862e+02
-5.410137e+03
-4.861930e+02
-1.516760e+03
3.659139e+02
-2.006498e+03
9.005590e+02
2.817505e+03
1.642437e+03
-1.748821e+03
3.778283e+02
-1.397564e+02
5.327477e+02
-4.782852e+01
-5.910325e+02
2.059965e+03
1.999750e+03
-1.593536e+03
1.074147e+03
1.829170e+03
1.120029e+03
3.403033e+02
-3.215335e+02
-9.351674e+02
-3.613732e+02
-5.925453e+02
-9.132408e+02
9.059838e+02
-1.332975e+02
1.124446e+03
1.093451e+01
8.957745e+02
1.201605e+03
8.979780e+01
1.311520e+03
-6.188821e+01
8.686973e+02
-2.257881e+02
-7.985931e+02
-2.103314e+01
-3.778702e+02
-4.576685e+02
6.872491e+02
-3.989022e+02
1.647774e+01
-7.084910e+02
6.199220e+02
1.032823e+01
-3.980897e+02
-2.487413e+02
3.042169e+02
2.135841e+02
-4.863553e+02
2.295778e+02
2.205096e+02
3.418246e+02
2.553247e+02
-4.439396e+02
1.187082e+02
4.886116e+02
-1.096368e+02
-8.475515e+01
7.070602e+01
-2.813924e+01
-7.666675e+01
-1.306095e+02
1.048464e+02
-1.060201e+02
1.184098e+02
9.967147e+01
-1.109279e+02
1.354034e+02
1.323933e+02
2.177502e+01
1.312465e+02
1.228484e+02
-2.163320e+01
-7.209696e+01
-6.068564e+01
5.722594e+00
1.810639e+02
-1.257150e+02
-3.581358e+01
2.740382e+02
-3.197620e+01
4.889111e+01
2.790226e+01
7.175443e+00
-6.748062e+01
-4.002899e+00
5.263134e+01
-2.530035e+01
7.257008e+01
1.452227e+02
1.248040e+02
2.970671e+01
7.596964e+01
2.376310e+01
-8.677203e+01
-4.021960e+01
-7.310432e+00
-5.521022e+01
4.646143e+01
6.660679e+01
2.219082e+01
-3.666234e+01
1.042688e+01
3.482925e+01
-8.079888e-01
5.367458e+01
-1.156779e+00
-5.493165e+01
4.657846e+01
8.851423e+00
9.796001e+00
-2.819143e+01
-1.534148e+00
2.219490e+01
4.643249e+00
-3.970522e+01
2.548970e+00
-6.575561e+00
3.572757e+01
9.830721e+00
-4.038194e+01
1.046498e+01
-3.232382e+01
2.673688e+01
2.111620e+01
-1.037504e+00
2.047669e+00
-3.926053e-01
6.231564e-01
-7.226142e-02
-6.644357e-01
-3.463016e-01
-2.724614e-01
-8.922885e-02
-3.976242e-01
1.517784e-02
-2.870423e-01
3.106486e-01
7.733378e-02
-5.136263e-02
1.302724e-01
1.799556e-02
-1.200556e-02
-1.819934e-02
-1.949358e-01
-3.771675e-02
1.198816e-01
-9.781591e-03
-9.542160e-02
-6.310552e-02
3.927308e-02
2.983789e-02
-5.666598e-02
-8.275260e-02
