-2.120804e-01
-4.947409e-01
4.345286e-02
4.437333e+01
1.895626e+02
-2.327397e+01
3.502707e-04
-5.005130e+04
-9.770474e+04
1.234867e+05
2.291329e+05
8.608195e+04
-1.683720e+04
-3.328340e+04
1.117226e+05
-1.211698e+04
1.466774e+05
-9.118812e+04
-4.429359e+04
-9.484948e+04
-3.750357e+04
-1.055753e+05
3.846383e+04
-1.771214e+04
-2.852997e+04
-5.144996e+04
7.744504e+03
-6.857092e+03
-2.301028e+03
-3.780310e+03
-4.840629e+04
-2.021412e+04
2.651574e+04
-1.391514e+04
-3.094692e+03
-1.655777e+04
-6.915057e+03
3.952295e+04
-2.472862e+04
-6.768553e+03
-6.910880e+03
8.706750e+03
-7.445242e+03
-2.977163e+03
2.257787e+04
-1.495045e+03
4.074420e+03
7.424380e+03
-3.404312e+03
-8.751158e+03
1.418553e+04
1.697489e+03
7.627322e+02
3.188729e+03
-7.371662e+03
-8.663980e+02
-1.418741e+03
1.274563e+04
-2.846367e+03
-4.522611e+03
-5.715607e+02
4.552662e+03
2.901117e+02
1.124463e+03
2.814008e+02
3.956391e+03
2.708037e+03
-8.942612e+02
-6.678107e+03
7.132853e+03
5.427838e+03
1.629944e+03
-3.505687e+03
-1.798461e+03
-2.429596e+03
1.471311e+02
3.799684e+02
3.888583e+03
-5.450799e+03
-7.661641e+02
5.672590e+01
-1.335661e+03
8.775090e+02
-3.583790e+01
2.772686e+03
2.283099e+03
-2.288927e+02
-2.004092e+02
-2.734537e+02
8.821334e+02
1.243475e+03
-2.012302e+03
8.661177e+02
1.450771e+03
-9.606674e+02
1.033248e+03
2.129751e+02
1.146560e+02
-5.457838e+02
3.121685e+00
-6.522369e+00
-3.459137e+01
6.930519e+02
-4.903577e+02
2.510684e+02
-6.391624e+02
1.302174e+03
2.946494e+02
2.893351e+02
2.778846e+02
-1.279114e+02
1.062606e+03
-1.838413e+02
5.977285e+02
-5.709504e+02
-3.038814e+02
-6.633576e+02
7.289745e+01
-4.640416e+02
3.801529e+02
-3.305032e+02
-6.340441e+01
-3.113217e+02
6.146267e+02
4.563105e+02
-1.750636e+02
1.484644e+02
1.308454e+02
-1.690275e+02
-1.210618e+02
3.147393e+02
3.116613e+02
2.898450e+02
4.511893e+01
1.877283e+02
1.104239e+01
4.116665e+02
-3.434668e+01
1.592990e+02
-1.177342e+02
1.642960e+02
5.490298e+01
-1.993302e+01
8.025843e+01
6.339804e+01
2.795356e+02
3.621289e+00
-1.435878e+02
1.325159e+02
2.679258e+02
1.321655e+02
4.563070e+01
-7.191389e+01
1.101071e+02
-2.440398e+02
-5.487871e+01
1.288311e+02
4.784102e+01
-1.162700e+02
-1.119344e+02
6.143212e+01
5.010746e+01
5.147182e+00
3.268357e+01
1.188302e+02
-9.276746e+01
-5.215803e+01
9.280856e+01
-1.609628e+02
1.177934e+01
-1.684939e+01
1.353519e+02
2.204100e+01
2.035463e+01
-3.034304e+01
-7.169363e+01
2.132584e+01
-3.758761e+01
-9.610166e+01
-9.524464e+01
-2.194307e+01
5.964762e+01
-1.652894e+01
-7.260855e+00
1.059230e+01
-9.472827e+00
6.062701e+01
-1.319858e+01
-2.901516e+01
-7.166996e+01
4.105096e+01
2.508685e+01
-2.699036e+01
1.015165e+02
2.565474e+01
-4.413683e+01
-6.145920e+01
-4.674028e+01
4.880785e+00
2.407592e+01
5.611054e+01
-4.520574e+01
-3.425598e-01
-1.974064e+01
3.205019e+01
1.670296e+01
-2.842235e-01
2.305592e-01
2.860901e-01
9.825769e-02
-7.458153e-03
-1.131317e-01
-1.471396e-01
-2.653130e-01
4.266165e-02
-6.720606e-02
-2.748568e-01
-5.938384e-01
-4.980811e-02
1.201657e-01
-1.737764e-01
1.557401e-01
-2.617296e-02
5.244111e-02
8.049630e-02
-3.058961e-01
5.476229e-02
-8.917332e-02
-1.207863e-01
-8.594471e-02
-5.279395e-02
-3.680060e-02
3.090461e-02
-2.101820e-03
4.211524e-02
