-2.657732e-01
9.252722e-01
-3.145455e-01
5.432889e+01
1.820150e+02
-1.910361e+01
3.537437e-04
-1.593691e+05
-8.862365e+04
2.833513e+05
3.454059e+05
2.074918e+05
2.035802e+04
-1.263255e+05
3.741989e+04
-1.243624e+05
1.326536e+05
1.748610e+03
9.026420e+04
3.504735e+04
-8.662007e+04
-8.135367e+04
8.185146e+03
1.763807e+04
-1.862829e+04
-3.598339e+04
4.007770e+04
4.033546e+04
-9.742432e+03
-2.459265e+04
-4.256582e+04
3.848570e+04
-1.755302e+04
-1.299322e+04
-3.909486e+04
2.557109e+03
1.335027e+04
1.503151e+04
-5.641317e+02
9.161490e+01
-2.467525e+04
2.260255e+03
-1.195625e+04
-9.104158e+03
2.862689e+04
-3.098387e+03
-9.014023e+03
1.545769e+04
-7.968654e+03
-2.056252e+03
1.415830e+04
-8.228000e+02
3.483333e+03
4.050684e+03
-2.086418e+03
-4.679995e+03
6.410293e+03
1.014461e+04
2.531736e+03
-2.363096e+03
-3.489948e+03
1.196965e+02
2.880169e+03
1.829715e+03
-3.822090e+03
5.303430e+03
-6.420528e+02
1.430756e+03
-9.315823e+03
3.848931e+03
3.610038e+03
4.002923e+03
-4.527497e+02
-2.081696e+03
-4.129191e+03
-1.090157e+03
-1.177917e+03
-1.780363e+03
-3.535774e+03
-1.790981e+03
-1.507484e+03
7.594993e+02
-2.154266e+02
2.554020e+03
2.672087e+03
-5.882301e+01
-1.405744e+03
-8.328211e+02
1.797991e+02
-3.811745e+02
9.244707e+01
-2.610769e+03
1.622283e+03
2.384664e+02
2.047651e+02
-6.540344e+02
1.245751e+03
3.396051e+02
4.370303e+02
8.750769e+02
-9.478653e+02
-1.187922e+02
3.420205e+02
-5.836342e+02
8.182534e+02
-7.976205e+02
7.583461e+01
-5.371237e+02
1.556159e+03
4.979319e+02
-3.697712e+02
1.318531e+03
5.089980e+01
5.891639e+02
-5.084678e+02
3.043723e+02
6.361390e+01
9.339568e+01
-3.985865e+02
5.904727e+02
-1.373265e+01
1.474072e+02
-3.299551e+02
3.594883e+02
6.750276e+02
-1.188937e+02
1.237461e+02
-1.390376e+02
-4.592957e+01
1.022049e+02
1.316305e+02
1.836771e+02
1.655436e+02
1.808531e+02
7.298747e+01
-1.772636e+02
4.654249e+02
9.338747e+01
1.787178e+02
1.819864e+01
1.860665e+02
4.014923e+01
-1.977889e+01
1.864855e+02
-8.766730e+01
1.968405e+02
-1.964014e+00
-1.594620e+02
1.142075e+02
1.068346e+02
2.956680e+02
-1.841154e+02
2.009142e+02
1.433459e+02
-1.009965e+02
1.537235e+02
1.910566e+02
2.696406e+02
-7.516736e+01
-1.617593e+02
2.876990e+02
-5.741062e+00
-1.075434e+00
6.750658e+01
-8.281655e+01
-1.082902e+02
-7.659012e+01
1.003274e+02
-2.460092e+02
1.070086e+02
4.773675e+01
5.565630e+01
6.730123e+01
-2.251183e+01
-1.747650e+02
-7.039280e+01
2.450222e+01
-6.288007e+01
-1.260954e+02
-5.545000e+01
2.519337e+01
8.776545e+01
-1.175354e+01
2.085413e+00
1.149497e+01
-6.525047e+00
1.244100e+02
-1.901750e+01
-8.183273e+01
-5.539965e+01
6.649933e+01
2.040850e+01
-2.489098e+01
8.880116e+01
2.436989e+01
6.977021e+00
-6.314693e+01
-5.600212e+01
-7.034836e-01
-5.331216e+00
4.046957e+01
-4.636369e+01
-1.988745e+01
-3.450689e+01
5.262154e+01
2.549923e+01
-4.289739e-01
-1.673300e-01
-1.195894e+00
-4.153126e-01
2.071957e-02
-9.055240e-02
-5.539367e-01
-4.380548e-01
-4.977135e-02
-1.699110e-01
5.066789e-02
-9.106742e-01
-6.943522e-02
2.341647e-02
-1.254922e-01
1.560929e-01
-3.745460e-02
1.487929e-03
-8.063245e-03
-3.453587e-01
5.601210e-02
3.969055e-02
-1.326864e-01
-1.679586e-01
-2.071048e-01
1.863213e-02
-4.406362e-02
-5.127112e-02
1.096917e-01
