-4.066001e-01
7.461376e-01
-2.998459e-02
5.290667e+01
2.111488e+02
-2.116907e+01
3.472356e-04
-9.751418e+04
-3.228418e+05
-2.479276e+05
-4.966275e+03
8.180503e+04
-7.833339e+04
3.429421e+04
-1.109084e+05
-2.097385e+05
1.277247e+04
1.846264e+04
5.144029e+04
4.958267e+04
-7.819550e+03
-3.463882e+04
4.011263e+04
5.519975e+04
2.713812e+04
8.020698e+03
2.522022e+04
4.670278e+04
7.706472e+03
7.925304e+03
-1.236497e+04
8.115036e+03
-1.316158e+04
-2.071329e+04
-1.243548e+04
2.074969e+03
-8.306918e+03
-1.272876e+03
7.272794e+02
1.100209e+04
7.884341e+03
-1.144378e+04
5.587882e+03
1.230920e+04
3.402948e+03
-7.980496e+03
4.168505e+03
-2.323889e+02
8.350572e+03
-3.815460e+03
1.710996e+03
-8.611953e+03
3.636943e+03
-1.131606e+04
-5.182169e+03
8.989460e+03
3.346915e+03
8.844721e+03
8.022079e+02
-6.268363e+03
-3.288994e+03
3.124474e+03
-3.742487e+03
-9.860516e+02
2.290701e+03
1.197631e+03
-1.266525e+03
5.171846e+03
-4.933399e+03
2.340396e+02
-9.291393e+02
2.902384e+02
-7.699340e+02
5.457623e+02
7.986880e+01
-1.926141e+03
1.802254e+03
-1.364344e+03
-2.717728e+03
1.490941e+03
-9.717457e+02
-2.184091e+02
-1.096834e+02
9.330258e+02
3.111516e+03
3.996055e+02
-7.199252e+02
-7.153244e+02
-1.257673e+03
-1.048056e+02
7.236550e+02
7.414915e+02
1.124297e+03
1.149174e+03
-1.254082e+03
-1.275499e+02
1.307747e+02
1.108922e+02
8.366544e+02
-7.692795e+01
4.147925e+02
-3.642528e+02
7.878703e+02
-1.058568e+03
3.899927e+02
-8.056025e+02
1.147833e+03
1.094176e+03
2.678082e+02
1.209546e+03
-3.748713e+02
9.888420e+02
-5.778901e+01
3.196391e+02
-3.437334e+01
4.982029e+02
-1.864628e+01
-5.138427e+02
-2.309729e+02
2.732928e+02
3.384444e+02
4.839402e+02
-4.391910e+02
1.160866e+02
3.175900e+02
-4.706559e+02
-1.219776e+02
-4.091679e+02
-3.482372e+01
-8.538456e+01
6.871932e+01
4.190859e+02
-2.943444e+02
2.203403e+01
-1.345772e+02
-2.294312e+02
2.019626e+02
-2.739839e+02
-1.449400e+01
-1.812889e+02
-2.357415e+02
2.153308e+02
3.594270e+01
6.598685e+01
-9.760350e+01
1.917141e+02
3.738640e+02
-1.004838e+02
5.021005e+01
1.815534e+02
1.112180e+02
1.698546e+02
1.438633e+02
-4.179080e+00
-2.386542e+01
1.356633e+02
-6.263665e+00
1.452638e+02
8.441977e+01
-2.220487e+02
-4.171880e+01
-3.974126e+01
1.378374e+02
-3.625923e+01
-6.920401e+01
9.912211e+00
3.252073e+01
9.673697e+01
1.289934e+01
7.907204e+01
1.518621e+02
1.599436e+01
3.268645e+01
3.868307e+01
1.360084e+00
-2.628308e+01
2.750425e+01
1.598241e+01
1.700784e+01
7.117581e+01
4.353690e+01
8.264677e+01
-2.189078e+01
2.806211e+01
1.052824e+02
7.804091e+00
5.232182e+01
4.372887e+01
-1.037394e+02
-3.379530e+01
2.629646e+01
3.566645e+01
-3.538224e+01
8.508673e+01
-4.227190e+01
-1.668851e+01
2.925787e+00
-2.590374e+01
-1.522021e+01
1.459550e+01
1.216512e+01
-3.746955e+01
3.371626e+01
-4.892147e+01
4.205564e+01
3.105627e+01
-2.505495e+00
2.962890e+00
-2.349793e-01
3.385855e-01
2.798950e-01
-9.805945e-02
-2.677333e-01
-6.955543e-01
-1.490948e-01
-4.463890e-01
1.617722e-01
-2.084037e-01
-6.863158e-02
6.825811e-02
1.326304e-01
6.095676e-02
2.239060e-02
-9.078841e-03
-6.384193e-02
9.181371e-02
-1.475611e-02
9.890447e-03
2.887921e-02
-1.181644e-01
9.220853e-02
2.810356e-03
-3.295174e-02
-9.437791e-02
1.207727e-02
