-8.332508e-02
4.222681e-01
2.250337e-02
4.636444e+01
1.848352e+02
-2.342157e+01
3.323614e-04
-2.351302e+05
-9.972221e+04
1.861775e+05
-4.831068e+05
-1.625610e+05
9.339602e+04
-1.185052e+05
8.664809e+04
-2.875703e+05
4.842365e+02
-2.915548e+04
1.159616e+05
-4.411635e+04
7.803162e+02
3.631899e+04
5.376124e+03
1.186995e+04
-6.531627e+03
-2.601763e+04
-2.103357e+04
-3.786986e+04
-2.266257e+04
-1.377692e+04
-4.370076e+04
-2.652492e+04
-3.030792e+04
-9.018144e+03
1.594450e+04
1.271434e+04
5.521020e+03
2.734659e+03
1.175436e+04
1.026817e+04
2.380784e+04
-2.425478e+04
2.051477e+02
-2.022832e+04
-1.033345e+04
8.727011e+03
2.039173e+04
2.226479e+03
-1.612372e+04
-4.692542e+03
5.715776e+03
-5.368469e+03
8.884152e+03
-6.363765e+03
-8.127354e+03
8.664136e+03
3.284255e+03
7.249696e+03
-9.313064e+02
-8.695606e+03
-4.586764e+03
3.689211e+03
-2.790447e+03
-2.188427e+03
2.840607e+03
3.154521e+03
4.907823e+03
1.012299e+04
-1.987925e+03
8.942759e+02
-3.744670e+02
2.565442e+03
3.837242e+03
1.095548e+01
2.372724e+03
-1.566605e+02
3.169792e+03
2.944161e+02
-5.159817e+03
-5.330137e+02
-1.023465e+03
4.550323e+02
-2.427238e+03
5.623916e+02
1.725322e+03
2.192199e+03
3.314280e+02
-1.720103e+02
2.060903e+02
6.810354e+02
8.258314e+02
1.062882e+03
2.104175e+03
1.526283e+03
-6.896739e+02
1.151960e+03
2.614581e+03
-3.129818e+02
5.984374e+02
5.791467e+02
-6.104876e+02
2.385196e+01
-3.361273e+02
-1.264893e+03
5.905961e+02
-1.234750e+02
1.432215e+03
9.387159e+02
6.476006e+02
9.379339e+02
1.106106e+03
7.831306e+02
-4.991770e+02
3.717674e+02
7.681078e+02
-2.495805e+01
-1.815867e+02
-5.988137e+02
-6.947698e+02
6.002497e+02
-7.567788e+01
4.073282e+02
-1.443842e+02
1.835721e+02
3.567660e+02
-3.438025e+02
-2.647133e+02
2.650266e+02
-1.678433e+02
-5.359514e+02
-9.690969e+01
2.860038e+02
-3.302202e+02
9.057854e+01
-2.996323e+02
-1.875507e+02
3.201176e+02
-3.345482e+02
1.280701e+00
-1.916306e+01
-3.094647e+02
1.339634e+02
-4.692096e+01
2.082948e+02
-1.882342e+02
1.640469e+01
2.162953e+02
-4.933482e+01
-1.800840e+02
1.334412e+02
1.101441e+02
2.320841e+02
-8.580715e+01
-4.901336e+01
1.280801e+02
-9.368121e+01
-1.577535e+02
1.749396e+02
-1.031219e+02
-7.782144e+01
1.461812e+02
-9.309216e+01
-7.576462e+00
-5.600565e+01
-8.645382e+01
4.621126e+01
-8.778530e+01
1.394146e+02
-9.869317e+01
-3.355450e+01
9.413058e+01
1.099955e+02
1.112440e+02
1.066941e+02
6.383781e+01
-1.099400e+02
-4.162852e+01
-5.746880e+00
-7.485247e+00
5.074184e+01
8.182921e+01
1.467419e+01
-7.110627e+01
3.069216e+01
9.414745e+01
-3.907252e+01
4.200227e+01
9.090884e+01
-1.237791e+02
2.784873e+00
2.519926e+01
7.806511e+01
-1.830898e+01
-3.334096e+01
9.630557e+00
1.651121e+01
-2.996702e+01
1.139872e+01
-2.041630e+01
3.483535e+00
5.845397e+00
-5.691199e+01
5.626558e+01
-3.587723e+01
-5.082295e+00
2.074413e+01
-2.552690e+00
1.754303e+00
-1.969264e-01
4.521062e-01
2.708559e-01
-4.338719e-01
-2.878408e-01
-1.787744e-01
-2.234300e-01
-3.643371e-01
5.928537e-01
2.507866e-01
1.195252e-01
-1.469014e-01
3.847790e-01
-3.237836e-02
-5.297897e-02
-4.569227e-02
3.614103e-02
2.389214e-01
-9.061301e-02
9.353852e-02
2.328069e-02
-1.424386e-01
2.457926e-01
1.538840e-01
-2.744492e-02
-1.856242e-02
5.898115e-02
