-6.080983e-03
3.212056e-01
6.371187e-02
4.096000e+01
1.722653e+02
-2.552117e+01
3.461300e-04
-59728
-2.026770e+05
1.234619e+05
2.223327e+05
2.532065e+04
4.396477e+04
-7.021019e+04
1.909345e+02
-7.803292e+04
1.378428e+04
-3.224181e+03
6.813357e+04
2.026692e+04
-6.940623e+04
-5.376609e+03
4.406051e+04
-2.176035e+04
2.094975e+04
-2.844725e+04
8.794483e+03
2.404503e+04
-3.134473e+04
6.072180e+03
-4.637471e+04
1.472821e+04
-2.089359e+04
-2.058039e+04
7.376292e+03
6.274589e+03
4.874078e+03
7.105758e+03
6.036545e+03
-1.090996e+04
-1.031728e+04
1.823207e+03
-7.395230e+03
5.168837e+03
9.089879e+03
-1.157846e+04
-3.112666e+03
4.349203e+03
2.365587e+03
3.929501e+02
-3.394905e+03
-1.424584e+03
6.508613e+02
-5.095793e+03
-6.865313e+03
3.612641e+03
1.524976e+03
7.417840e+03
-1.425732e+03
-1.048475e+04
-1.214467e+02
-2.005534e+03
-2.729080e+03
-3.346479e+03
-6.115499e+02
2.569988e+03
3.254607e+03
7.999020e+02
-5.628656e+03
8.607250e+02
1.491991e+03
1.547124e+03
-2.039844e+03
1.209881e+02
9.058993e+02
1.195836e+03
1.395663e+03
7.610197e+01
-3.859667e+03
-8.358154e+02
-9.425242e+02
7.565738e+02
-7.595450e+02
1.260568e+03
2.002316e+03
1.337498e+03
-1.028524e+03
4.507686e+02
-7.827600e+02
-3.303615e+02
-1.047499e+03
-2.146047e+02
1.866742e+03
1.208892e+03
-1.928235e+03
8.577901e+02
8.601202e+02
5.094738e+02
8.123981e+02
1.172827e+03
-8.664425e+02
-7.268780e+01
-6.283917e+02
-1.108522e+03
4.247646e+02
-7.690252e+01
1.368329e+03
4.222718e+02
4.898255e+02
9.910976e+02
-3.349079e+02
1.308883e+03
-1.138674e+02
8.924687e+02
-2.192439e+02
-9.034371e+01
2.256373e+02
-1.312038e+02
2.934647e+00
4.246377e+02
-2.494935e+02
-2.066438e+01
-5.971498e+02
4.309883e+02
1.648522e+02
-2.164731e+02
-1.105957e+02
2.792249e+02
-8.582680e+01
-8.603644e+01
2.323504e+02
3.997713e+02
3.599670e+02
1.781451e+02
-1.074401e+02
-2.421103e+01
4.228124e+02
-1.972816e+02
5.133173e+01
6.475357e+01
-1.439522e+02
1.421414e+02
-1.911458e+01
1.006907e+02
5.275528e+01
1.210634e+02
1.202907e+02
-2.370537e+02
1.906802e+02
1.534952e+02
1.222108e+01
6.731848e+01
2.340924e+02
3.863658e+01
-1.572204e+02
-9.616876e+01
1.230791e+02
1.308059e+02
-1.001140e+02
-1.259644e+02
1.529119e+02
5.337166e+01
8.562976e+01
1.172378e+01
1.291567e+02
-6.793957e+01
-4.359085e+01
8.255418e+01
4.148338e+01
1.158391e+02
1.335742e+02
4.971327e+01
-3.432021e+01
1.519371e+01
-5.430841e-03
-7.983394e+01
-3.275368e+01
-2.854118e+01
7.078194e+00
6.228139e+01
7.078550e+01
5.291022e+01
-2.339746e+01
-5.999666e+00
6.577267e+01
-2.980267e+01
2.347016e+01
-2.923176e+01
-4.148240e+01
5.949346e+00
3.914304e+01
1.935855e+01
-4.153745e+01
4.361581e+01
2.796693e+01
8.868512e+00
-1.608025e+01
-3.238399e+01
1.733999e+00
5.864602e+00
8.550322e+00
-3.161947e+01
2.704473e+01
-1.813615e+01
4.202049e+01
3.552200e+01
-1.030646e+00
1.222616e+00
-5.539565e-01
4.527847e-01
7.833844e-02
-4.528266e-01
1.852972e-01
-3.044710e-01
-8.305484e-02
-3.555144e-01
-1.428633e-01
-5.179871e-01
2.058600e-01
1.040717e-01
-1.063950e-01
1.426982e-01
5.687726e-02
-6.890002e-02
1.786475e-02
-2.004095e-01
1.659185e-02
1.221589e-01
-2.241105e-02
-2.420655e-03
-5.193452e-02
5.504662e-02
3.967903e-03
-1.020809e-01
1.531984e-02
