-5.230180e-01
-4.770594e-01
2.092104e-02
5.546667e+01
2.198922e+02
-2.191273e+01
3.648768e-04
-1.105608e+05
-7.215091e+04
1.675371e+03
9.042603e+04
1.347457e+05
8.710138e+04
-1.374419e+05
3.736246e+04
2.537056e+04
4.600409e+04
-5.802329e+04
6.109645e+04
-4.807156e+03
-5.299175e+04
-1.458471e+03
6.947401e+04
2.017906e+04
3.630716e+04
-2.354944e+04
6.267234e+03
-3.645859e+04
8.252754e+03
3.906547e+04
-4.726414e+04
-2.417926e+04
1.041085e+04
-1.848261e+04
8.772318e+03
-2.928810e+03
3.836000e+03
-1.836124e+04
-1.694375e+04
3.211116e+03
-1.218169e+04
-2.463382e+04
-1.704575e+04
8.044124e+03
1.159725e+04
-1.796025e+03
2.838224e+03
6.652091e+03
-6.727043e+03
-1.362910e+03
-1.519026e+03
-1.877080e+03
4.988956e+03
6.700139e+03
2.598904e+03
-1.452274e+03
-2.305898e+03
5.544233e+03
1.053803e+03
-6.682669e+03
-3.648371e+03
2.634652e+03
1.053049e+03
-8.369601e+03
-8.707339e+02
4.816861e+03
4.445960e+03
4.841594e+03
-8.306944e+03
8.744520e+02
6.183324e+03
4.138348e+03
-8.765555e+02
-1.009554e+03
-2.461262e+03
1.977356e+02
2.270509e+03
-9.626789e+02
-2.533716e+03
-8.405114e+02
-3.456375e+02
-1.591087e+03
-1.289419e+03
4.531424e+02
2.436984e+03
1.626752e+03
-1.584577e+03
1.529360e+03
-6.360244e+02
-9.948162e+01
-3.114876e+02
6.412714e+02
3.122875e+03
1.723157e+03
-1.671730e+03
1.046454e+03
8.538302e+02
-5.531623e+02
-1.103704e+03
-1.986364e+02
-1.783139e+03
9.215264e+01
5.287014e+02
-6.860370e+02
8.084060e+02
1.246557e+02
-2.697618e+02
2.569203e+02
7.053599e+02
1.079202e+03
-8.586351e+01
1.096219e+03
-6.018893e+02
8.946874e+02
-6.979590e+02
-8.840475e+02
-7.440351e+02
-4.057856e+02
-7.823184e+02
9.870284e+02
-5.032529e+02
-4.162979e+02
-4.455473e+02
1.024026e+02
6.143549e+02
-3.044156e+02
1.712220e+02
3.021984e+02
-1.946897e+02
-1.925707e+02
4.938708e+01
2.004212e+02
2.673962e+02
4.449318e+02
-3.377107e+02
-4.623853e+02
4.602006e+02
-4.169780e+01
-1.660124e+01
1.972252e+02
-2.596906e+01
-5.324318e+02
1.150117e+02
1.100646e+02
-4.429717e+01
1.676254e+02
-2.148334e+02
-2.825938e+02
2.294671e+02
1.645449e+02
3.340724e+02
6.172160e+01
2.009551e+02
1.254162e+02
-3.758226e+02
-9.133247e+01
2.488312e+02
1.598053e+02
-1.853387e+02
1.018479e+02
2.153090e+02
3.288605e+00
-4.064145e+01
8.921836e+01
-1.047699e+02
-2.246774e+01
8.794645e+01
5.763642e+01
-1.378782e+02
8.510176e+01
5.828399e+00
1.313427e+02
1.573845e+02
-4.271735e+01
-6.877991e+01
-1.587472e+01
6.042454e+01
-3.308979e+00
-5.754786e+01
4.467070e+01
1.046673e+02
-1.933604e+01
2.024899e+01
2.209809e-01
3.769747e+01
2.536963e+01
3.569941e+01
6.876667e+01
-1.075208e+02
-4.240454e+01
2.230639e+01
8.013939e+01
6.151283e+01
4.245839e+01
5.709566e+01
-3.843542e+01
-2.839223e+01
-2.559723e+01
-3.630439e+01
2.702279e+01
-1.434959e+01
-5.998546e+01
4.195090e+01
-5.540793e+01
4.211293e+01
9.638491e+00
-7.912844e-01
-8.405463e-01
-4.932016e-02
-7.622902e-02
6.912772e-02
-2.096730e-02
-3.903440e-01
-2.333809e-01
1.185174e-01
-3.737350e-01
-1.390826e-01
-5.516655e-01
3.486835e-01
6.050884e-02
2.636258e-02
3.342094e-02
-2.177337e-02
6.368850e-02
6.661893e-02
-2.100455e-01
1.165762e-01
1.192375e-02
-1.921619e-01
6.397823e-02
-1.707275e-02
1.055362e-02
1.799188e-03
-4.624543e-02
-6.306668e-02
