1.114981e-01
7.455713e-01
1.626897e-01
4.721778e+01
1.653405e+02
-1.968979e+01
3.328870e-04
-1.774538e+05
-2.206166e+05
-7.485542e+04
5.804348e+04
-1.130869e+04
2.213464e+05
-1.246656e+05
4.034572e+04
-1.968754e+05
2.443438e+04
8.367191e+03
9.658016e+04
5.263138e+04
-8.685332e+04
-2.277848e+04
5.723742e+04
4.093834e+03
1.132174e+04
-3.584376e+02
4.635437e+04
1.125591e+03
-2.669348e+04
2.437870e+03
-6.217879e+04
1.859824e+04
-3.239467e+04
-3.201775e+04
3.998632e+04
8.406403e+03
7.733696e+03
1.081765e+04
-8.144986e+03
2.285390e+03
-2.410145e+04
-1.143756e+04
6.418936e+03
2.784173e+03
1.333263e+04
-1.719437e+04
1.144853e+04
4.287565e+03
-1.009904e+04
-1.266605e+03
5.175312e+03
-2.058938e+03
-5.279876e+02
-8.092615e+03
-4.215800e+03
6.896688e+03
-9.409996e+02
1.030324e+04
2.565763e+03
-8.570377e+03
-1.434302e+03
-2.761658e+03
-2.115598e+03
-6.142105e+03
1.591920e+03
4.040552e+03
5.037550e+03
6.847642e+03
-4.412901e+03
-1.386380e+03
3.417934e+03
1.189009e+03
5.273251e+02
3.253314e+01
9.040165e+01
1.321339e+03
1.430204e+02
-2.171901e+02
-6.227910e+03
4.556293e+02
-2.570940e+03
-1.886080e+02
-6.268417e+02
5.113780e+02
3.614286e+03
-4.552094e+02
-1.896997e+03
4.484008e+02
-5.170561e+01
6.598792e+02
-4.172295e+02
7.150874e-01
1.246015e+03
1.597357e+03
-1.974526e+03
4.426187e+02
1.633471e+03
1.171170e+03
1.362707e+02
7.890312e+02
-1.062279e+03
1.538666e+02
3.938394e+02
-1.548717e+03
1.292068e+03
-2.263539e+02
5.044418e+02
4.820655e+02
8.072902e+02
1.315531e+03
2.574813e+02
1.442844e+03
-6.672915e+01
8.952708e+02
2.346186e+02
-3.863340e+02
8.603618e+02
-7.201395e+02
-2.182633e+02
3.226164e+02
-2.225864e+02
1.979077e+02
-3.756735e+02
2.782708e+02
4.466873e+02
-7.296064e+02
2.265915e+02
1.181022e+01
-5.772181e+00
-2.201780e+02
1.955848e+02
1.839258e+02
1.761135e+02
1.173140e+02
-5.375526e+02
1.257894e+02
6.666537e+02
-3.984972e+02
2.354718e+02
1.216916e+02
-1.224240e+02
2.057075e+02
1.690266e+01
3.407832e+02
-5.493286e-01
-1.523179e+01
2.439258e+02
-4.140309e+02
7.894231e+01
-4.286351e+01
2.039381e+02
2.074921e+02
2.470879e+02
-6.720404e+01
-2.409183e+02
-6.790543e+01
8.957219e+01
1.346955e+02
-1.472021e+02
-2.262187e+02
2.400513e+02
1.195829e+02
-3.500201e+01
7.086658e+01
-5.295708e+01
-6.037677e+01
2.562118e+01
1.374491e+02
-1.662254e+02
1.810748e+02
6.595047e+01
1.074543e+02
1.647846e+02
8.185635e+01
-2.429988e+01
-1.071314e+02
-1.176391e+01
-6.292001e+00
-3.360706e+01
1.781128e+01
2.566644e+01
-1.032650e+01
-1.406168e+01
-2.337480e+01
8.822561e+01
-5.060638e+01
1.046185e+02
1.876040e+01
-1.196733e+02
1.616154e+01
4.829501e+01
-5.616752e+00
-7.743472e+01
3.492385e+01
-1.512895e+01
1.433671e+01
-1.680839e+01
4.704682e+01
-4.540986e+01
4.019171e+01
-1.390895e+01
-3.315852e+01
6.102829e+01
-1.570620e+01
2.090631e+01
4.052798e+01
-2.995441e+00
1.427347e+00
-6.348075e-01
1.341093e+00
1.301128e-01
-4.324584e-01
-2.139281e-01
-6.772290e-01
-1.285621e-01
-2.225237e-01
2.205198e-01
-4.760110e-01
-4.450652e-02
6.697731e-02
-4.747444e-02
2.310012e-03
3.205845e-03
-1.402947e-01
-8.021325e-02
-2.064077e-01
-2.244688e-01
2.607861e-01
-1.049327e-01
-1.575093e-01
3.392450e-02
3.521569e-02
-4.562528e-02
-7.598407e-02
-6.761155e-02
