-2.945933e-01
3.416066e-01
-2.877479e-01
4.152889e+01
1.889426e+02
-2.545270e+01
3.281895e-04
4.039886e+04
-2.786433e+05
8.752108e+04
4.166439e+05
1.743485e+05
1.174953e+05
-1.405347e+04
-1.200798e+05
2.910948e+04
5.216419e+04
1.387147e+05
-1.445083e+04
-4.861712e+04
-4.860523e+04
4.340563e+04
6.847039e+03
-1.718875e+04
2.175828e+04
-2.252313e+04
5.876582e+03
1.024498e+04
-1.315528e+04
-2.513734e+03
-4.888048e+04
-4.855538e+04
3.037416e+04
-2.238412e+04
-1.354301e+04
-8.453827e+03
-3.009570e+04
5.364750e+03
1.162073e+04
-1.146883e+04
3.298461e+03
5.974954e+03
8.192158e+02
2.898787e+04
-5.438667e+03
-8.108815e+03
7.523726e+02
1.233379e+04
1.241716e+04
8.093091e+02
1.117777e+03
-5.844017e+03
-3.378331e+03
-3.767631e+03
-1.973770e+03
-9.900789e+02
-1.068010e+03
-5.867155e+02
-2.027111e+03
-8.280673e+03
-1.749134e+03
-3.682038e+03
-6.136305e+03
-3.417440e+03
1.422378e+03
5.712216e+03
3.889734e+02
-2.691792e+03
-3.814840e+03
1.282932e+03
2.080521e+03
2.172871e+03
-5.191631e+03
1.902852e+03
5.257012e+02
2.019988e+03
1.909025e+03
7.904561e+02
-3.322185e+03
4.562337e+01
2.982798e+03
-1.229401e+02
-2.748096e+02
1.006011e+03
1.820225e+02
2.425575e+03
5.695080e+02
-4.825775e+02
-1.671045e+03
-6.511907e+02
-9.784033e+02
-1.474535e+01
2.199503e+02
9.706735e+02
-1.604727e+03
1.005734e+03
-2.992611e+02
-3.889625e+02
5.822652e+02
1.232519e+03
1.097323e+01
-5.032088e+02
-6.183312e+01
2.200844e+02
-6.327367e+01
-7.633427e+02
1.642944e+03
-2.597957e+02
9.960404e+01
3.003900e+02
-6.919907e+02
7.072403e+02
8.657384e+01
1.338538e+01
-6.245189e+02
3.164662e+02
-7.943833e+02
4.010482e+02
-4.264270e+00
2.544183e+01
-3.237686e+02
-1.971357e+02
-1.856988e+02
2.518822e+02
-2.464399e+02
1.102521e+02
3.294787e+01
3.763783e+02
-1.833110e+02
-4.635367e+02
3.121609e+02
2.221412e+02
3.040471e+02
-1.349015e+01
4.142971e+02
-2.268033e+02
-3.937162e+01
-5.726709e+01
1.312736e+02
-1.440363e+02
9.072121e+01
1.153338e+02
4.607745e+01
-1.697633e+02
2.783606e+02
3.895046e-01
-6.736704e+01
-1.701328e+02
2.315361e+02
2.746150e+02
-4.362594e+01
-3.748177e+01
5.446540e+01
2.547283e+01
-1.978361e+02
-1.044286e+02
1.515891e+02
-9.673854e+01
-1.579806e+02
-5.676566e+01
3.023007e+01
-8.378312e+01
1.524576e+02
-5.470101e+01
1.766095e+02
-2.651900e+01
-8.456400e+00
-5.892087e+01
9.321843e+01
4.947312e+01
4.269081e+01
1.351622e+02
-4.420295e+01
-5.320435e+01
3.986781e+01
4.384104e-01
5.973346e+01
4.936080e+01
-3.005018e+01
5.083540e+01
1.262250e+02
9.404279e+01
-2.256993e+01
-7.877822e+00
4.336774e+01
3.604073e+01
-4.186401e+01
-1.074696e+01
3.325663e+01
1.272563e+01
2.241711e+01
3.276714e+01
2.233357e+00
4.538725e+01
6.027310e+01
-4.051821e+01
-2.903435e+01
-7.207601e+01
1.850621e+01
-9.673560e+00
4.312015e+01
-2.631325e+01
2.367401e+00
-5.316728e+01
5.411427e+01
7.063684e+00
6.405750e-01
8.912012e-01
6.132514e-02
-8.333548e-02
-3.426341e-01
1.059574e-02
3.252546e-01
3.491045e-01
-1.756162e-02
-1.905993e-01
-1.989389e-01
-6.000166e-01
7.206517e-02
1.246451e-01
-6.132520e-02
-1.437595e-03
-1.747537e-02
1.755017e-01
8.962788e-02
-1.238670e-01
2.089587e-01
-8.990967e-02
-1.410228e-01
1.357885e-01
8.840047e-02
5.555513e-02
-4.172115e-02
-1.307475e-01
2.835307e-02
