-3.831429e-01
6.807457e-01
-1.653368e-01
5.290667e+01
2.045544e+02
-2.033367e+01
3.491999e-04
-2.225717e+05
-3.187884e+05
6.183390e+04
-6.887165e+03
2.377126e+05
-4.509254e+04
-5.458877e+04
5.710610e+04
-1.326355e+05
-8.275786e+04
-7.891867e+04
1.058780e+05
2.107585e+04
-5.607445e+04
-1.070008e+05
2.628406e+04
1.588078e+04
-2.211599e+03
-5.607130e+04
4.709463e+03
3.416180e+04
1.026021e+04
4.798605e+03
-3.798448e+04
2.217928e+04
-9.275021e+03
7.118324e+03
-1.040246e+04
-3.489920e+03
-1.918402e+04
-8.556885e+03
-3.887986e+04
1.020604e+04
-1.631763e+04
-1.206750e+04
2.247356e+03
3.449272e+03
2.972935e+04
-7.954666e+03
8.389275e+03
-2.574709e+03
-2.468985e+03
8.824902e+03
4.815273e+03
-4.798093e+03
5.878951e+03
-1.217803e+04
-6.142816e+03
5.120324e+03
-1.731574e+03
1.427943e+04
5.230478e+03
-7.648849e+03
-4.295159e+03
6.334417e+03
7.489860e+02
3.884658e+02
1.036713e+03
2.210443e+03
5.067083e+03
1.039059e+04
-3.970990e+03
4.167137e+02
4.011017e+03
1.739675e+03
1.042384e+02
-2.461014e+03
-3.242164e+03
-1.790605e+03
7.353185e+02
-1.342161e+03
-2.294192e+03
8.827919e+02
-1.835319e+03
7.286777e+01
-1.240998e+03
1.343925e+03
2.377709e+03
-8.084625e+02
-9.996833e+02
-4.694723e+02
-1.247015e+03
1.458578e+03
-8.363378e+00
9.800238e+02
2.898039e+03
1.394622e+03
-7.875854e+02
1.054748e+02
1.381134e+03
-9.743962e+02
5.424931e+02
5.171024e+01
-8.125890e+02
-4.455810e+02
6.436949e+02
-2.053399e+03
9.074771e+02
-1.857936e+02
3.609000e+01
1.337735e+03
1.339227e+03
1.516440e+03
6.115267e+02
1.469581e+03
-3.485928e+02
9.306103e+02
-3.503485e+02
-5.345642e+02
-2.363884e+02
-2.931768e+02
9.424583e+00
-5.609765e+00
9.980581e+01
3.458161e+02
-7.269951e+02
2.808311e+02
9.478463e+02
-5.878231e+02
1.742935e+02
-3.253391e+02
-2.472324e+02
-2.210535e+01
2.955034e+01
3.485984e+02
-2.109548e+02
-2.834337e+01
-4.610917e+02
-2.109370e+02
7.025743e+02
4.717878e+01
2.709946e+02
2.637687e+02
-1.462874e+01
-1.507518e+01
-7.555661e+01
7.952932e+01
-1.637837e+02
3.992625e+02
1.036937e+02
-3.454441e+02
4.684284e+00
2.228553e+02
2.518204e+02
2.133580e+02
1.280861e+02
1.259040e+01
-1.685905e+02
8.948612e+01
4.430582e+00
1.885339e+02
-1.402376e+01
-2.665735e+02
1.354415e+02
5.021439e+01
-6.594730e+01
-1.181166e+02
-8.483701e+01
3.599058e+01
1.262658e+02
2.244957e+02
-1.597810e+02
1.668246e+02
8.275333e+01
2.295257e+01
1.737651e+02
9.860734e+01
-1.348283e+02
4.041374e+00
-1.143291e+01
1.911171e+01
-4.041204e+01
-7.045901e+01
4.519688e+01
3.081567e+01
-1.639693e+01
-1.206430e+01
9.081472e+01
8.552439e+00
1.161101e+02
4.439230e+01
-1.429551e+02
-2.595407e+01
1.132829e+01
3.799008e+01
-4.836128e+01
1.769600e+01
-1.371113e+01
9.923241e+00
-3.263466e+01
-5.485770e+00
-4.905591e+01
4.392092e+01
-1.242588e+01
-6.115557e+01
8.064499e+00
-2.090930e+01
4.117751e+01
3.421578e+01
-2.762054e+00
1.536702e+00
-5.462652e-01
8.693293e-01
3.157198e-01
-2.089147e-01
-7.046435e-01
-7.836572e-01
-9.286419e-03
-3.666529e-01
3.833008e-02
-4.337038e-01
2.574241e-01
3.114105e-02
4.510295e-01
-9.481295e-03
-1.087625e-02
-2.046878e-01
-2.022312e-01
-1.992188e-01
-9.276175e-02
1.713034e-01
5.120296e-02
-1.398595e-01
1.206749e-01
-1.867090e-02
-8.139650e-02
-9.610429e-02
-8.509726e-02
