-4.206397e-01
-9.299294e-01
3.771950e-01
5.290667e+01
1.957570e+02
-1.824645e+01
3.531825e-04
-4.677304e+04
1.493830e+05
-2.178181e+04
-6.379730e+03
-4.091238e+04
3.660223e+04
-1.121586e+05
6.572359e+04
-4.489258e+04
9.159648e+04
3.835436e+04
6.129107e+04
-1.012478e+05
1.609917e+04
1.672748e+04
3.698348e+04
4.266610e+03
4.919619e+03
-2.591694e+04
-3.245458e+04
-4.494453e+04
-1.479764e+04
2.243227e+04
-1.663036e+04
-3.408021e+04
1.314218e+04
-1.559520e+04
-1.120318e+03
-3.690855e+03
1.093142e+04
7.719040e+02
6.290568e+03
-7.992255e+02
-6.884916e+03
1.821308e+03
-3.207129e+03
-1.519949e+03
2.662817e+03
-8.373802e+02
4.683981e+03
-1.152710e+03
4.540249e+03
-4.017134e+03
2.971202e+03
-3.394720e+03
-5.794281e+02
1.073158e+04
-4.559694e+03
-3.513499e+02
8.773960e+02
5.532307e+03
-5.334854e+03
-2.171510e+03
-7.410119e+01
-1.170696e+03
7.181893e+02
-1.436957e+03
3.806282e+03
2.158394e+03
8.879860e+02
-9.185869e+01
-2.459110e+03
2.878853e+03
5.563057e+03
1.284344e+03
-9.599440e+02
8.340159e+02
-1.823304e+02
-2.645443e+01
2.246901e+03
3.919253e+03
-4.196658e+03
-1.645862e+03
8.097375e+02
-7.387166e+02
-2.131493e+02
7.919528e+02
4.795298e+02
1.802596e+03
-2.083106e+03
1.803899e+02
6.069978e+02
6.427114e+02
5.923279e+02
-4.758646e+02
2.582479e+02
1.056695e+03
-8.945514e+02
1.522297e+03
1.106845e+03
3.895627e+02
-5.676973e+02
-3.479323e+02
-1.047103e+03
-3.127446e+02
4.027893e+02
3.760155e+02
5.942821e+01
9.035657e+01
2.750247e+02
6.306895e+02
2.871925e+02
6.264283e+02
7.646996e+01
5.581907e+02
-6.348779e+02
4.428439e+02
-2.033518e+02
-2.711758e+02
-5.904042e+02
7.524316e+01
-7.423822e+02
4.567330e+02
-6.080538e+02
-4.102272e+02
-3.539846e+02
1.621732e+02
-1.228826e+02
-1.694926e+01
-4.174730e+01
2.637459e+02
3.035346e+01
1.193138e+02
2.556503e+02
5.066595e+02
4.081098e+02
4.475053e+02
-1.520589e+01
-6.225619e+01
1.610062e+02
6.998606e+01
7.326043e+01
-1.254020e+02
4.142518e+01
-3.016898e+02
1.589494e+02
1.418947e+02
7.743534e+01
1.060947e+02
-1.548069e+02
1.118734e+02
1.601139e+02
1.589121e+02
5.579922e+01
-2.824971e+01
-1.338553e+02
1.596681e+02
-1.543896e+02
-2.118732e+01
1.598946e+02
4.665522e+01
-1.103685e+02
1.361544e+02
3.072462e+01
5.206816e+01
-2.762186e+01
9.250484e+01
3.604009e+01
-3.260164e+01
-7.526376e+01
1.009406e+02
6.363242e+00
-1.042816e+02
-1.194795e+01
9.638815e+01
-1.988607e+01
-6.313557e+00
1.937037e+01
-2.256014e+01
1.996200e+01
-1.918175e+01
-1.100583e+02
3.580010e+01
3.807734e+00
5.255994e+00
2.488721e+01
1.452501e+01
-2.951734e+00
-5.005558e+01
4.756095e+00
2.009562e+01
-3.255242e+01
-6.331927e+01
1.158121e+01
1.143076e+01
6.139426e+01
2.847879e+01
6.290258e+01
-4.362996e+01
-2.320837e+00
9.642712e+00
-7.770285e+00
1.457185e+00
3.729527e+01
-2.561974e+01
2.350795e+01
-1.997932e+01
1.542032e+01
1.368671e+01
3.845659e-01
-1.345843e+00
3.996229e-01
-7.576016e-01
-1.002667e-01
1.190426e-01
-1.562037e-01
-9.780417e-02
-1.040250e-02
-5.611314e-02
-9.517954e-02
-2.161268e-01
1.383526e-01
-1.252462e-02
-1.616135e-01
2.674890e-01
3.744490e-02
5.725031e-02
-7.087610e-02
-1.523004e-01
-1.088236e-01
-1.452601e-01
-5.678824e-02
-2.732546e-02
-1.273853e-01
-8.724215e-03
3.661127e-02
-1.513352e-02
4.417065e-02
