-2.190064e-01
7.631723e-01
8.634470e-02
4.949333e+01
1.938163e+02
-2.088441e+01
3.457337e-04
-9.101415e+04
-2.104920e+05
7.513365e+03
-3.164539e+04
7.615053e+04
-5.098545e+04
3.985541e+04
-6.511249e+04
-5.711879e+04
8.164891e+04
3.132553e+04
7.600491e+04
2.706375e+04
2.673254e+04
-3.467161e+04
-3.052411e+04
3.897858e+04
4.474516e+04
-1.326047e+04
-2.010897e+03
2.357484e+04
-1.339960e+04
-1.004785e+04
-2.510658e+04
8.701738e+03
-1.855154e+04
-1.499429e+04
1.074179e+04
-7.757117e+03
-6.140903e+03
-4.452394e+02
8.540811e+03
-1.057115e+04
3.334343e+03
-2.700361e+04
5.609459e+03
4.172855e+03
6.645610e+03
-1.394857e+04
9.262285e+03
5.044397e+03
-1.664709e+03
6.609464e+03
-6.605086e+03
1.788588e+03
-5.688248e+03
-4.871996e+03
3.705193e+03
4.229204e+03
-1.818065e+03
8.460751e+03
4.072091e+03
-8.862042e+03
-7.564960e+03
4.137283e+02
-2.109896e+03
-1.405402e+03
1.355216e+03
3.476303e+03
2.223829e+03
6.015558e+03
-4.077050e+03
-3.066163e+03
8.848712e+02
9.269938e+02
2.261385e+03
1.702939e+03
-5.886745e+01
1.671848e+03
1.106892e+03
-1.866772e+03
-3.708951e+03
8.109568e+02
-2.079443e+03
-3.485537e+02
4.983452e+02
1.248872e+03
1.872458e+03
3.311639e+02
-1.546371e+03
4.127191e+02
7.572776e+02
9.557563e+02
-2.398363e+01
9.421677e+02
1.195746e+03
1.277060e+03
-1.081424e+03
-2.987881e+01
1.482003e+03
1.375807e+02
-1.029635e+02
-2.141385e+02
3.381901e+01
-6.584566e+02
1.440331e+03
-1.270559e+03
9.433246e+02
-1.328364e+03
7.845082e+02
5.034799e+02
1.460068e+03
1.572395e+03
2.528676e+02
8.858706e+02
-1.449818e+02
3.925842e+02
-4.517748e+02
1.352995e+02
2.312698e+02
-9.717166e+02
-5.670889e+02
8.139277e+02
1.699670e+02
4.426200e+02
-2.466305e+02
1.640224e+02
4.565839e+01
-6.451384e+02
1.459646e+02
-6.926891e+01
7.444273e+00
-2.719865e+02
9.315909e+01
2.651917e+02
2.139848e+02
3.416751e+01
-2.098946e+02
-2.930094e+02
9.523810e+01
-3.145801e+02
-7.750628e+01
-1.476349e+02
-1.847151e+02
2.481548e+02
5.799164e+01
3.521764e+02
2.966463e+01
6.176395e+01
1.243577e+02
-2.295879e+02
1.036912e+02
1.960232e+02
1.077191e+02
1.098537e+02
4.441536e+01
-9.875935e+01
-1.547154e+02
5.890339e+01
4.312091e+01
2.615572e+01
1.419516e+02
-6.565106e-01
1.033419e+02
-1.575902e-01
4.211068e+01
-2.284977e+01
-1.616005e+02
2.281438e+01
1.061334e+02
1.820892e+02
-1.081621e+02
5.504661e+01
1.064551e+02
9.286565e+01
1.340065e+02
2.052521e+01
9.011814e+00
-6.213519e+01
4.840986e+01
5.447185e+01
-6.512444e+01
5.205068e+01
6.333828e+01
2.627347e+01
-3.710870e+01
-5.734589e+01
7.306108e+01
1.902064e+01
1.341718e+02
4.280122e+01
-1.070775e+02
-1.673158e-01
6.860330e+01
1.978794e+01
-4.262134e+01
1.428263e+01
2.077289e+01
1.023310e+01
-2.075677e+01
1.564634e+00
-3.039551e+01
4.097219e+01
1.372215e+01
-6.624358e+01
2.867200e+01
-1.486054e+01
2.848061e+01
2.254568e+01
-2.143374e+00
-5.440956e-02
-5.256688e-01
9.827080e-01
-7.471216e-02
-7.406797e-01
-4.028958e-01
-5.294659e-02
-1.563273e-01
1.174835e-01
2.823022e-01
4.393736e-03
-4.184721e-02
-3.985293e-02
2.283005e-01
5.881272e-02
-6.054565e-02
-6.959019e-03
-4.675004e-02
-5.126175e-02
-1.936001e-02
1.218169e-01
-7.644016e-02
-1.852090e-01
2.481426e-01
1.232711e-02
-9.079807e-02
-3.073487e-02
-4.722103e-02
