1.874025e-01
-1.551819e+00
-2.929035e-01
5.888000e+01
1.870448e+02
-9.528320e+00
3.629141e-04
-1.274168e+05
-2.188797e+05
2.018805e+05
-1.728106e+05
4.995692e+04
-3.485021e+04
-1.259258e+03
-3.530857e+04
-1.540232e+05
-2.837894e+04
-1.167624e+05
4.878879e+04
-8.680711e+03
1.958466e+04
4.020265e+04
-6.629985e+04
1.909246e+04
-8.337472e+03
-1.866854e+04
-4.029925e+04
-3.618822e+04
1.404324e+04
-8.523054e+03
-5.903397e+04
-3.409514e+04
-9.710019e+03
-2.118142e+04
1.050600e+04
7.027892e+03
-1.071144e+04
-5.445453e+03
2.172573e+04
8.041984e+03
3.573211e+04
-7.813400e+01
-1.408528e+04
-4.936494e+03
-1.021018e+04
8.179578e+03
6.712519e+03
5.194617e+03
-5.625441e+03
-1.347836e+03
1.510449e+04
-1.186202e+04
1.835838e+02
-3.016554e+03
-5.469688e+03
-6.579694e+03
5.061963e+03
1.798200e+03
1.980000e+03
-9.146273e+03
-3.401796e+03
2.672250e+03
-1.330644e+03
9.662922e+02
2.745808e+01
4.315530e+03
2.551601e+03
5.217580e+03
-4.109013e+03
3.656074e+03
-1.686355e+03
7.123972e+02
-6.408857e+02
2.112809e+02
2.202939e+03
-9.699893e+02
2.132953e+03
8.246232e+02
-2.784224e+03
7.141399e+02
-2.392016e+02
-1.125595e+03
-1.371906e+03
1.505738e+03
3.887339e+01
3.128782e+03
7.914248e+02
3.568538e+01
-5.081467e+02
-4.046892e+02
6.187122e+02
8.039785e+02
1.105148e+03
2.423373e+03
-9.234370e+02
1.568276e+03
1.224499e+03
-5.674395e+02
-1.576112e+02
-6.401740e+02
-1.263100e+02
-4.910052e+02
-1.363546e+02
-5.193541e+02
-6.504172e+02
-8.112031e+01
1.874099e+03
9.216685e+02
9.448300e+02
1.309991e+03
7.064725e+02
7.519061e+02
1.072210e+01
4.130038e+02
-1.561122e+02
1.802642e+02
-5.498227e+02
-3.747720e+02
-6.722642e+02
3.120760e+02
3.090250e+02
1.847123e+02
2.199140e+01
1.901166e+02
4.803827e+02
-1.083685e+02
-2.285931e+02
6.614686e+01
-3.714272e+02
-6.733096e+02
3.458918e+02
4.311087e+02
-2.136237e+02
3.981666e+01
-2.863947e+02
-2.307855e+02
-4.113413e+01
-2.852251e+02
4.817690e+00
-1.435463e+02
-2.313466e+02
5.663339e+01
2.612175e+01
1.077513e+02
-1.140919e+02
7.534505e+01
2.873992e+02
-9.504807e+01
-2.536639e+01
5.063145e+02
6.675188e+01
1.523567e+02
-7.079180e+01
-6.951087e+00
-1.878690e+01
4.698379e+00
-1.384693e+02
1.175617e+02
-1.176614e+02
-8.264062e+01
2.925181e+01
-1.446814e+02
2.185381e+02
-1.468153e+02
-6.152112e+01
-4.570440e+01
-1.827104e+01
2.700903e+01
-6.277740e+01
5.467953e+01
9.298016e+01
4.240829e+01
7.132239e+01
4.026939e+01
7.673678e+01
-3.717150e+01
3.158241e+01
6.067177e+01
-6.321668e+01
8.042161e+01
9.168623e+01
1.435118e+02
-7.516473e+01
-1.517825e+01
5.864606e+01
3.652557e+01
9.373949e+01
1.166988e+02
-3.042075e+01
5.028740e+01
3.718550e+01
7.358048e+01
-2.965814e+01
2.175464e+01
3.145338e+01
-2.211456e+00
-7.424017e+01
-5.133015e+01
-1.970295e+01
3.817083e+00
1.828461e+01
-9.364282e+01
-9.547943e+00
-3.696825e+01
4.675613e+01
-3.127370e+00
-1.768853e+00
9.366207e-01
-5.678847e-01
5.948794e-01
2.666658e-02
-2.810987e-01
-5.441741e-02
-1.541784e-01
1.984558e-02
-2.970127e-01
2.081621e-01
-4.231367e-02
-8.824483e-02
-6.965771e-03
2.274880e-01
-8.690160e-02
-6.482028e-02
-1.690029e-02
-5.624856e-02
1.643368e-01
2.079081e-01
-2.484801e-02
7.425302e-02
-6.620058e-02
2.560180e-01
1.005268e-01
-1.387635e-02
-8.642193e-02
4.381101e-02
