-1.246767e-01
-8.838794e-01
1.067157e-01
5.205333e+01
1.832597e+02
-2.260435e+01
3.548573e-04
-3.385342e+04
-1.058964e+05
-1.281034e+03
5.415822e+04
4.106233e+04
-1.531909e+05
8.248580e+04
-1.011776e+05
-1.351048e+05
3.976584e+04
-7.712077e+04
4.372457e+04
-3.154088e+04
-4.180512e+03
-3.414725e+04
-1.524061e+04
2.418370e+04
1.522549e+04
4.132459e+03
-9.523190e+03
2.225968e+04
-2.292364e+04
-3.350608e+04
-1.261072e+04
-1.122319e+04
3.599135e+03
-2.457310e+04
-4.946644e+03
-1.648188e+04
-1.018631e+04
5.219511e+03
1.868261e+04
-7.507198e+03
1.429490e+04
1.359123e+02
-6.594309e+03
-3.061855e+03
6.434756e+03
8.624761e+01
3.197735e+03
3.622623e+03
1.548987e+03
2.658806e+03
2.761271e+03
-5.231069e+03
3.944569e+03
-4.925757e+03
-5.992571e+03
-4.411601e+02
8.042536e+02
5.358292e+03
1.274321e+03
-7.504733e+03
-4.058313e+03
3.204212e+03
2.864634e+02
9.929868e+02
1.565485e+03
5.254945e+03
6.338748e+02
7.209425e+01
-5.731531e+03
4.309847e+03
3.541433e+02
1.958176e+03
-2.189967e+03
2.592652e+03
1.351662e+03
1.629617e+02
1.189226e+03
8.198358e+02
-4.001985e+03
-1.187370e+02
3.999721e+02
8.922778e+01
-4.752712e+02
2.154506e+03
2.090420e+03
2.812797e+03
-1.828688e+02
-4.062435e+02
-6.664982e+02
-9.766975e+01
1.010106e+02
5.856105e+02
6.048513e+02
1.202225e+03
-1.225581e+03
8.683092e+02
8.654921e+02
-6.757720e+02
1.887269e+02
1.393997e+02
2.187392e+02
1.890712e+02
6.692414e+02
-6.316717e+02
-1.678716e+02
-8.146282e+02
1.458717e+03
8.343538e+02
6.742242e+02
6.983049e+02
-4.691801e+02
4.539781e+02
6.903108e+01
4.603949e+02
1.463938e+02
2.493398e+02
-4.727532e+02
-1.238486e+02
-1.787414e+02
5.218389e+02
4.567986e+02
3.112612e+02
-3.574146e+02
3.283137e+02
8.326402e+01
-1.479789e+02
-2.015070e+02
1.572298e+02
-2.572026e+02
-3.219890e+02
3.167236e+02
5.020325e+02
5.584814e+01
9.020976e+01
1.078480e+02
-2.205577e+02
-3.395221e+01
-1.788656e+02
-3.777212e+01
-3.309102e+02
-2.213204e+02
2.062939e+02
7.413960e+01
-3.143157e+01
-6.851630e-01
9.342918e+01
1.109983e+02
-2.159646e+02
1.142482e+02
3.532276e+02
8.342639e+01
1.238323e+02
3.296427e+01
6.333411e+01
-4.137056e+01
-8.644615e+01
6.260100e+01
-4.069880e+00
3.844227e+01
-1.208456e+02
-4.362928e+01
-4.391295e+01
1.577292e+02
-7.176143e+01
5.962282e+01
-1.951172e+01
-4.619934e+01
7.057313e+01
1.961265e+01
4.645807e+00
1.257712e+02
6.040154e+01
-7.987718e+01
1.729417e+01
-1.115161e+01
-5.494460e+01
3.626691e+01
-8.618645e+00
8.990835e+00
5.768481e+01
7.034834e+01
1.397108e+02
-4.968412e+01
4.064370e+00
4.756088e+01
1.039043e+01
1.776608e+01
3.384251e+01
-5.236924e+00
1.171035e+01
1.901438e+01
2.018256e+01
-1.841957e+01
7.713559e+01
1.631071e+01
-3.158129e+00
-4.440413e+01
-5.838253e+01
7.145765e+00
1.545094e+00
1.860505e+01
-5.605169e+01
4.295117e+00
-2.340337e+01
4.503036e+01
2.091446e+01
-8.822371e-01
4.764020e-01
-4.955652e-02
-6.177701e-02
-3.276614e-02
-1.812750e-01
2.064111e-01
-1.189197e-01
-5.828362e-02
-3.177286e-01
1.807775e-01
-1.888433e-01
1.894013e-01
4.997943e-02
1.553182e-03
7.537916e-02
1.283798e-02
3.212458e-02
4.272049e-02
5.669424e-02
1.662114e-01
1.751815e-02
3.525533e-02
-5.256664e-02
1.136234e-01
6.175901e-02
-1.530743e-02
-6.742498e-02
2.230603e-02
