2.312911e-02
-8.517683e-01
2.963940e-02
4.892445e+01
1.714774e+02
-2.104464e+01
3.456785e-04
-1.913298e+05
-1.145447e+05
8.201614e+04
-1.304373e+04
-7.257084e+04
-8.527803e+04
-1.011405e+05
-3.045912e+04
-2.704921e+05
-6.319305e+03
-1.147461e+05
6.031717e+04
-1.289256e+05
-3.594868e+04
-3.592052e+04
3.354425e+04
-1.110370e+04
3.744450e+04
-1.516661e+04
-2.371254e+04
-2.456315e+04
-6.691976e+04
-4.580821e+04
-2.564740e+04
2.475719e+04
-2.250041e+04
-2.331031e+04
9.281877e+03
6.443132e+03
7.265233e+03
6.075073e+03
-1.876305e+03
-9.943209e+03
-5.929809e+03
-5.059171e+03
1.539198e+04
-1.052301e+04
1.001205e+03
3.560813e+03
2.259362e+03
-1.365137e+04
-1.943190e+03
-6.506705e+03
2.121596e+03
-10840
7.691835e+03
-4.760494e+03
-1.735119e+04
5.536646e+03
3.529936e+03
7.860401e+03
-3.803540e+03
-1.110707e+04
-6.029309e+02
1.025207e+03
-1.637389e+03
-2.868163e+03
3.327827e+03
1.527897e+03
6.746625e+03
4.696269e+03
-3.517219e+03
1.601579e+03
2.411843e+03
1.581359e+03
2.414490e+02
-1.926246e+03
2.964685e+03
3.051694e+03
1.752475e+03
2.017113e+03
-6.517866e+03
-1.802292e+03
-1.525418e+02
1.887588e+03
-1.412153e+03
3.802476e+02
4.729062e+03
1.116965e+03
-9.413538e+02
-1.164962e+03
-1.653517e+03
2.930518e+03
-2.939514e+02
-1.870668e+02
9.994353e+02
1.356282e+03
-2.403099e+03
1.374598e+03
1.947463e+03
1.365897e+03
1.308796e+03
-3.436901e+02
-2.509000e+02
1.128428e+02
-6.614368e+02
-3.217146e+02
1.088333e+03
-2.511401e+01
1.491807e+03
6.625786e+02
-2.091184e+02
5.400808e+02
-4.895659e+02
9.153354e+02
4.996923e+01
5.788594e+02
1.513813e+02
-1.518430e+02
-1.349537e+02
6.242803e+01
-2.814164e+02
4.625011e+02
-7.103029e+02
3.195284e+02
-7.948175e+02
4.258269e+02
2.887667e+02
2.695013e+02
-5.135667e+02
1.073561e+02
-2.294964e+02
-1.584457e+02
2.883146e+02
2.819821e+02
4.025933e+02
3.505651e+02
-5.699643e+02
6.875781e+01
8.034139e+02
-3.882456e+02
3.586242e+02
3.195961e+02
-1.455476e+02
3.636671e+01
-9.749270e+01
-2.718170e+01
-1.861278e+02
2.064144e+02
2.009147e+02
-1.872572e+02
-1.338215e+01
3.363918e+02
-1.106236e+02
3.360229e+02
2.421341e+02
2.641479e+01
-1.120209e+02
-4.726878e+01
-5.411740e+01
1.291988e+02
1.614498e+01
-1.235113e+02
-1.353716e+00
6.598299e+01
6.220230e+01
2.863818e+01
1.912223e+02
8.729851e+00
-8.291070e+01
7.562288e+01
9.575214e+01
4.445742e+01
1.568869e+02
1.080429e+02
-7.085194e+01
1.071429e+02
-5.833563e+00
-8.479137e+00
-5.312074e+01
2.406218e+01
7.453399e+01
6.242557e+01
8.880471e+01
1.178041e+01
-2.532632e+01
5.899037e+01
8.361129e+01
1.364510e+00
1.658268e+01
-1.483827e+01
-5.322997e+01
7.943903e+00
-2.917873e+01
1.759080e+01
-2.729926e+01
2.387051e+01
3.727082e-01
1.647717e+01
-4.716613e+01
1.480155e+01
-2.136025e+01
3.142907e+01
3.336874e+01
-3.076736e+01
8.627132e+01
-5.893798e+01
2.931450e+01
2.891711e+01
-2.435981e+00
3.529485e+00
-5.773309e-01
5.198169e-01
-9.676557e-02
6.218967e-03
7.829651e-02
-1.183170e+00
-2.095094e-01
-6.229725e-01
1.686533e-01
-3.201204e-01
4.521185e-01
1.631614e-01
-3.803038e-02
1.035375e-01
1.319916e-01
-9.194200e-02
-1.304805e-01
-4.129079e-02
-3.003099e-01
1.330285e-01
4.075334e-02
-6.513310e-02
-4.625661e-02
2.434129e-02
8.805789e-02
-4.956200e-02
-1.879126e-02
