-3.547453e-01
8.903515e-01
-1.413838e-01
5.376000e+01
1.879618e+02
-1.716694e+01
3.497283e-04
-8.931760e+04
-1.895059e+05
1.810856e+05
5.404368e+04
-4.140355e+04
2.356255e+05
-1.076266e+05
2.507396e+04
-1.617497e+05
6.524101e+04
1.267531e+05
9.491952e+04
1.997471e+03
-2.778542e+04
-2.781658e+04
7.722775e+04
4.091237e+04
1.755416e+04
-3.086752e+04
8.988570e+04
-1.772526e+04
3.704540e+03
-2.483288e+04
-4.983211e+04
-4.389127e+04
-4.534916e+04
-3.846156e+04
2.565476e+03
8.576468e+03
-6.682202e+03
8.784950e+03
-1.605537e+04
7.305892e+03
4.134399e+03
9.653549e+03
6.132662e+03
-1.057273e+04
9.269192e+03
-6.577963e+03
1.708443e+03
1.159386e+04
-1.217773e+04
2.655462e+03
3.383864e+03
2.545147e+03
4.065364e+03
-9.717597e+03
1.133706e+03
3.875869e+03
-5.792649e+03
4.805524e+03
2.981481e+03
-6.132750e+03
-2.410468e+03
-2.643808e+03
-8.932805e+01
-7.250441e+03
3.439955e+03
4.176835e+03
-4.533205e+02
4.935517e+03
-4.326796e+03
-8.026780e+02
5.582748e+03
5.849767e+03
2.382747e+03
6.069517e+02
-3.416845e+02
7.221237e+02
2.112251e+03
-1.764988e+02
-5.205292e+03
-1.358335e+03
-9.524609e+02
-1.710693e+03
-2.357411e+02
1.473517e+03
8.402262e+01
1.048312e+02
-9.594643e+02
2.764939e+02
1.434589e+02
-1.178043e+02
8.553287e+02
-1.588690e+03
2.236047e+03
1.127648e+03
-1.275183e+01
5.632209e+02
9.342751e+02
-3.750121e+02
3.782127e+02
5.018904e+02
-1.122462e+03
-8.593068e+02
1.407109e+03
-1.073885e+03
8.800451e+02
-1.153634e+03
5.792170e+02
-5.281588e+02
1.420002e+03
6.686894e+02
1.793049e+02
8.259982e+02
-3.141627e+02
3.525973e+02
-2.820912e+02
3.533215e+02
-6.870135e+01
9.580605e+01
-1.768974e+02
7.993090e+02
-1.979659e+02
-4.796399e+01
-1.795903e+02
5.378581e+02
-7.347495e+01
-4.105568e+02
4.691409e+02
3.188129e+02
2.393402e+02
-2.637131e+02
-1.233434e+02
3.915324e+01
-2.286032e+01
-1.887533e+01
1.736824e+02
-3.580573e+02
1.946966e+02
7.801653e+01
-1.831138e+01
-1.327410e+02
6.966593e+01
2.265920e+02
1.116526e+01
1.818023e+02
-7.914047e+01
-4.619725e+01
8.527435e+01
-3.912412e+02
2.424976e+02
-1.580781e+01
2.068258e+02
-1.059283e+02
-1.013784e+02
8.808366e+01
-1.584338e+02
-1.503282e+01
4.151455e+01
8.986720e+01
-2.059183e+02
-5.932867e+01
1.463521e+02
8.841518e+01
-3.942321e+01
9.773134e+01
-1.667498e+02
2.544797e+01
3.235421e+00
8.449332e+01
-1.584202e+02
-2.492091e+01
-3.986118e+01
2.074269e+02
9.916371e+01
-3.888277e+01
-3.544611e+01
-1.454900e+02
3.649872e+00
-3.251559e+01
-1.228281e+02
3.914508e+00
8.796180e+01
3.572784e+01
-1.890462e+01
2.775230e+01
3.560759e+01
-5.220252e+01
1.900091e+01
1.442402e+01
-3.153869e+01
-1.526649e+01
-6.709145e-01
2.485976e+01
-3.367562e+01
6.155244e+01
-7.489188e+00
-2.069269e+01
-2.692487e+01
4.056224e+00
-5.639944e+01
4.729245e+00
3.272421e+01
-2.241981e+01
1.057564e+01
-4.464867e+01
3.154736e+01
4.177939e+00
1.911598e-02
7.847476e-01
-3.570600e-01
-3.792053e-01
-7.939162e-02
-3.221647e-02
-5.255160e-01
2.332769e-01
-2.141786e-01
-6.240083e-02
5.702564e-02
-6.897680e-01
1.629773e-01
-1.052757e-02
4.669694e-02
5.786365e-02
-3.501019e-02
7.081310e-02
9.317701e-03
-3.212798e-01
-8.184140e-02
9.133378e-02
-1.484572e-01
2.742378e-03
-9.476080e-02
3.343105e-02
-1.045055e-01
-7.432029e-02
1.285718e-02
