-4.496817e-01
-8.511648e-01
1.233794e-01
5.518222e+01
2.104305e+02
-1.680338e+01
3.678435e-04
-2.453955e+05
-1.143215e+05
3.568663e+05
-1.772979e+04
-3.034670e+04
-1.838508e+04
-2.622078e+05
1.610475e+05
-1.748471e+05
2.525515e+04
-6.451164e+04
3.138924e+04
-1.205059e+05
-5.270083e+03
-1.485301e+03
8.341217e+04
-6.071060e+03
1.480360e+04
-7.306391e+04
-4.896104e+04
-5.791905e+04
-3.418875e+04
1.026838e+04
-6.007342e+04
1.652586e+04
3.852050e+03
-1.718277e+04
5.874780e+04
3.230465e+04
3.501066e+04
-1.215264e+03
-1.492378e+04
-2.453222e+04
-7.760274e+03
-3.554587e+04
-2.399549e+04
-3.637567e+03
1.040423e+04
4.035398e+03
-2.607730e+03
-2.033013e+02
2.904660e+03
-1.128110e+04
1.043788e+04
-5.521102e+03
4.352128e+03
8.048066e+03
-2.139481e+04
4.675729e+03
4.069444e+03
9.250187e+03
-5.841976e+03
-1.772577e+04
-1.461946e+03
-4.909022e+02
-1.877384e+03
-6.930868e+03
4.710553e+03
5.681669e+03
9.203121e+03
8.057486e+03
-5.369021e+03
3.166135e+03
6.489479e+03
5.251039e+03
-2.422073e+03
-2.730154e+03
1.332881e+03
6.775350e+02
5.777915e+03
3.131808e+03
-7.946587e+03
-2.734927e+03
1.413795e+03
1.088857e+03
-5.860171e+03
1.128039e+03
3.744754e+03
3.611687e+03
-7.799400e+02
1.053185e+03
-2.781708e+03
3.467485e+01
5.785719e+02
-1.538250e+03
1.882301e+03
4.025137e+03
-2.733882e+03
3.221568e+03
3.318099e+03
1.408965e+03
1.725039e+02
5.438891e+02
-2.914127e+03
-7.280798e+02
-6.008093e+02
1.829142e+01
1.833305e+03
5.862016e+02
1.400143e+03
4.383834e+02
-5.092800e+02
2.084034e+03
7.105383e+02
2.450452e+03
-6.275106e+02
1.201828e+03
-4.527371e+02
-1.671815e+03
-8.723421e+02
-3.323757e+02
-8.403339e+02
7.758496e+02
-1.095864e+03
-2.102290e+02
-9.688829e+02
9.767534e+02
5.929503e+02
2.904241e+02
-9.931671e+02
5.347400e+01
-1.695921e+02
-4.199784e+02
3.637343e+02
2.996482e+02
2.816487e+02
7.005018e+02
-7.353685e+02
1.982659e+02
9.908660e+02
-2.340117e+02
6.513226e+01
5.317967e+02
-8.731187e+01
-4.738634e+02
-2.395641e+02
-8.070515e+01
4.807634e+01
3.876477e+02
-5.186326e+01
-1.332358e+02
-3.511427e+01
2.044605e+02
1.536916e+02
2.055874e+02
2.111401e+02
1.469319e+02
-2.539305e+02
3.031988e+01
-4.989862e+01
3.334576e+02
-3.324317e+02
7.007096e+01
3.029776e+02
-4.932788e+01
1.076658e+02
1.549685e+02
1.847840e+02
-1.239410e+01
5.124551e+01
9.555995e+00
1.151429e+02
2.818403e+01
1.001778e+02
1.461083e+02
-2.465526e+01
9.875124e+01
-1.381293e+02
8.500174e+00
-3.252987e+01
8.546880e+01
9.368597e+01
9.511885e+00
7.142434e+01
-5.834299e+01
-1.861457e+01
1.023921e+02
8.348744e+01
1.717174e+01
2.413352e+01
4.096295e+01
-1.433037e+02
2.136918e+01
-6.714413e+01
7.810042e+01
1.367162e+02
4.232520e+00
3.783876e+01
-3.473167e+01
-4.740290e+01
8.028863e+00
6.558719e+01
5.079262e+01
2.549194e+01
-6.790421e+01
6.549217e+01
-6.120247e+01
1.920725e+00
5.603217e+01
-1.900060e+00
2.113555e+00
-5.115386e-01
1.569598e-01
-5.407878e-01
-4.961489e-01
-5.523967e-01
-9.888022e-01
-3.047686e-01
-5.138664e-01
-1.864990e-01
-4.564112e-01
1.196298e-01
2.466692e-01
2.200079e-01
2.886479e-01
1.527445e-01
1.961020e-01
1.136760e-01
-3.074732e-01
2.044400e-02
1.858762e-01
1.134803e-01
1.617173e-01
-2.120996e-01
3.832613e-04
2.589664e-01
-5.584100e-02
-3.604290e-02
