9.953106e-02
6.644251e-01
-1.934873e-01
4.522667e+01
1.605311e+02
-2.470677e+01
3.420080e-04
-1.294774e+05
-1.223325e+05
2.088228e+05
-7.036398e+04
1.231944e+05
1.415637e+05
-5.528795e+04
9.300492e+04
-2.036682e+05
-4.238302e+04
7.845709e+04
7.103682e+04
-1.842324e+05
-5.426223e+04
1.385907e+04
-9.625148e+04
3.682789e+04
-7.979777e+04
-2.093260e+04
-6.822239e+04
-1.937427e+02
1.155633e+02
1.153779e+04
4.460248e+04
2.278945e+04
-2.613334e+04
-3.683673e+02
-5.478961e+03
1.694043e+03
-1.246547e+04
1.453379e+03
1.974998e+04
2.377378e+04
1.329471e+04
-1.858629e+04
-1.950016e+04
-1.418640e+04
1.612621e+04
1.196803e+04
-7.125740e+03
6.405288e+03
-4.753197e+03
-2.419893e+03
1.650619e+04
-3.986907e+03
4.181349e+03
2.865960e+02
4.239184e+03
4.261787e+03
6.625218e+03
6.713306e+03
-5.528206e+03
4.812464e+03
-7.454134e+03
3.412971e+03
-2.621153e+02
1.057409e+03
-2.023145e+03
3.430562e+03
5.220253e+03
4.515513e+03
-8.671545e+03
3.595046e+03
1.587576e+03
2.332477e+03
1.374704e+03
2.818043e+03
2.436395e+01
-5.642617e+02
3.739228e+03
9.998304e+02
-1.980012e+03
-9.708585e+02
-2.986150e+03
-1.401844e+02
-3.250233e+03
1.650682e+03
1.798359e+03
3.692812e+03
7.680505e+02
-2.164267e+03
-2.170172e+02
-1.129156e+01
5.919449e+02
1.165763e+03
1.594671e+03
1.881457e+03
-1.482750e+03
5.131765e+02
2.063267e+03
-9.783961e+01
2.897333e+02
-5.649004e+01
-1.696499e+03
-6.686186e+00
4.117021e+02
5.970371e+01
-8.597176e+01
-7.480464e+02
9.873024e+02
1.093063e+03
5.919864e+01
8.620426e+02
7.323699e+02
7.710012e+02
-7.269909e+02
2.715218e+02
-1.028752e+02
1.267335e+02
-5.178790e+02
1.412591e+02
-2.802982e+02
-9.287990e+01
6.098596e+02
4.021389e+02
-5.016028e+02
1.184188e+02
4.984320e+02
-2.833290e+02
-4.188251e+02
3.736355e+02
-2.766604e+02
-5.450485e+02
-2.112748e+02
2.687159e+02
3.176745e+00
2.521699e+02
-6.494875e+01
-6.923860e+01
2.160649e+00
-2.763749e+02
3.402007e+01
-2.834508e+02
-1.781725e+02
3.972664e+02
-1.917429e-01
-1.598958e+01
-6.312445e+01
-4.068016e+01
4.231381e+00
1.731817e+02
-7.950740e+01
2.839656e+02
1.621585e+02
-2.288615e+01
4.299020e+01
1.323611e+02
1.529371e+02
6.669539e+01
-1.752927e+02
4.758907e+01
6.013754e+01
-2.248335e+02
3.299288e+01
-2.206344e+02
4.914328e+01
1.445480e+01
-1.401027e+02
-3.023497e+01
-6.937486e+01
1.452493e+02
-1.733205e+02
2.906704e+01
1.172312e+02
4.735365e+01
-3.450230e+01
-1.711803e+01
-2.342948e+01
-1.141901e+02
4.120988e+00
-5.443477e+01
-6.836463e+01
2.290187e+01
-3.697706e+01
9.733530e+00
-8.367505e+01
3.991811e+01
8.224460e+01
1.033409e+01
9.547031e+01
1.180792e+02
-1.283644e+01
2.612013e+00
5.862034e+01
8.887498e+01
-3.657971e+01
-2.103491e+00
3.880803e+01
2.001793e+01
-3.984237e+01
-4.863142e+01
1.696953e+01
1.229152e+01
-2.474548e+01
-3.570073e+01
-3.827322e+01
-5.822930e+00
1.576165e+01
-7.861409e+00
-1.220021e+00
2.314927e+00
4.158346e-01
-4.805426e-01
4.777794e-01
-5.556533e-01
5.859368e-02
-3.426955e-02
4.789091e-01
-4.377325e-01
2.202884e-01
5.948492e-02
-3.258021e-01
-6.907410e-03
1.332332e-01
6.882752e-02
-1.040259e-01
7.435747e-02
9.513381e-02
8.819414e-02
3.155785e-02
-9.928767e-02
1.482905e-01
-1.331337e-01
1.408592e-01
-6.750687e-03
3.417509e-02
1.329893e-02
1.982338e-02
