-2.836053e-01
1.109986e+00
-1.586082e-01
5.518222e+01
1.935178e+02
-1.223693e+01
3.426486e-04
-1.360882e+05
1.425235e+04
1.043148e+05
8.102102e+05
-1.431113e+05
1.474150e+05
-2.618312e+05
-4.329443e+05
-3.666490e+05
2.966216e+05
-6.172814e+04
6.458631e+04
1.313635e+05
-1.116718e+05
-2.369989e+04
1.364361e+05
-3.940823e+04
1.511115e+05
-1.157241e+04
3.259090e+04
-7.363620e+04
-1.180797e+05
-1.427392e+04
-1.163910e+05
3.191487e+03
-6.743490e+03
-7.856081e+04
7.924752e+04
3.601244e+04
5.169151e+04
4.012374e+04
-2.493678e+04
1.160082e+02
-4.398179e+04
-2.981554e+04
-4.693740e+03
-8.265228e+03
-8.896650e+03
-1.113900e+03
-1.191900e+04
3.422392e+03
7.604370e+03
-2.874254e+03
-5.095837e+03
-2.552484e+04
-9.536468e+02
-1.292552e+03
-2.153167e+04
6.216061e+03
-2.087584e+03
7.597500e+03
-3.628191e+03
-2.340850e+04
7.058767e+03
-5.306200e+03
9.685447e+02
-1.302998e+04
9.106860e+03
7.513812e+03
8.272331e+03
9.606473e+03
-9.504507e+03
-5.882838e+02
3.358348e+03
-1.608673e+03
-1.634211e+03
-4.338578e+03
5.587047e+03
6.291535e+03
2.390644e+03
5.041188e+03
-6.498309e+03
-2.050057e+03
-1.297883e+03
1.897564e+03
-4.045842e+03
-2.487312e+03
5.251806e+03
-1.755961e+03
-2.434471e+03
1.881437e+03
-2.748147e+02
1.027481e+03
4.772419e+02
-1.502577e+03
2.830147e+03
1.730864e+03
-3.009181e+03
6.018448e+02
2.203591e+03
2.198271e+03
1.358394e+03
4.716987e+02
-3.621395e+02
3.699115e+02
-1.322437e+03
-1.998551e+03
2.763054e+03
1.470844e+03
1.040364e+03
-1.447823e+03
2.142321e+02
1.160706e+03
-1.526503e+03
1.657693e+03
1.328291e+02
1.366638e+02
1.504388e+02
-8.382101e+02
6.757363e+02
-8.345343e+02
-4.009889e+02
1.024683e+03
-1.274365e+03
-1.011724e+03
-1.151999e+03
9.692152e+02
1.747223e+02
2.179207e+02
-3.366777e+02
1.569117e+02
-2.484586e+02
-1.810198e+02
6.517277e+02
5.384418e+02
1.050368e+03
7.997556e+02
-8.189888e+02
1.887588e+02
1.229548e+03
-7.735417e+02
2.149879e+02
8.546537e+02
1.400960e+02
-1.580280e+02
1.239446e+02
6.586283e+00
-2.284666e+02
9.077960e+00
2.395148e+02
-3.866954e+02
3.681286e+02
1.370025e+01
1.212751e+02
2.374574e+02
7.764495e+02
1.514489e+02
-5.150151e+02
-2.440303e+02
3.477591e+02
4.790865e+02
-4.088807e+02
1.486778e+02
3.896124e+02
8.277593e+01
1.471364e+02
1.741653e+02
3.360364e+02
-9.652132e+01
-3.320654e+01
-1.073559e+02
1.841704e+02
1.465301e+02
1.968820e+02
2.026041e+02
9.647424e+01
-2.363273e+01
5.504737e+00
3.550257e+00
-2.831476e+01
-4.449462e+01
2.138298e+02
2.000357e+02
1.787778e+02
-1.315352e+02
-5.616740e+01
1.735990e+01
1.037405e+02
-3.671521e+01
-8.135024e+01
-1.412123e+02
-8.163128e+01
1.135145e+02
-1.360798e+02
-7.660115e+00
-2.026877e+01
1.146599e+02
6.576909e+01
-5.665160e+01
-9.825071e+01
-1.496998e+01
-5.371901e+01
9.126970e+01
-2.660948e+01
-2.611905e+01
1.700713e+02
-6.522223e+01
1.201050e+01
2.992927e+01
-6.252865e-01
-1.597421e+00
-9.835075e-01
1.108326e+00
4.132810e-01
-1.813125e-02
-3.092391e-02
-1.022958e+00
-2.903782e-01
1.989632e-02
-4.393714e-01
-7.912171e-01
3.829946e-01
2.461328e-01
-4.193678e-02
-8.472018e-03
-7.116070e-02
6.022148e-02
1.725479e-02
-2.401067e-01
-4.388959e-02
1.549771e-01
2.520245e-02
7.953127e-02
-4.568740e-01
1.633819e-01
-2.727032e-02
-1.671270e-01
1.213368e-01
