1.449612e-01
4.246245e-01
2.319901e-01
3.868444e+01
1.639235e+02
-2.330282e+01
3.187435e-04
-3.601024e+05
-2.029818e+05
2.502337e+04
-7.432838e+04
2.827681e+05
-2.082937e+05
7.397040e+03
1.032289e+03
-2.579538e+05
7.211166e+04
-2.594638e+04
6.366840e+04
-1.796731e+05
-2.478353e+04
-8.276641e+04
-3.019061e+04
-2.348814e+04
-3.495373e+04
-1.136958e+04
-4.425443e+04
5.552991e+04
1.381686e+04
-4.214284e+04
-7.922117e+03
6.921267e+03
3.038513e+04
-1.959448e+04
-7.001037e+03
-1.928477e+04
3.418710e+03
1.454834e+04
-2.521683e+04
-1.440782e+04
-1.260866e+04
-3.929977e+04
1.204266e+04
1.967169e+03
2.159337e+04
5.719432e+03
1.254642e+04
2.456952e+03
-1.723486e+04
-7.295515e+03
3.849145e+03
-7.005505e+03
8.296097e+03
-1.039149e+04
-1.076525e+04
1.500597e+04
7.181965e+03
1.838124e+04
-1.717746e+03
-1.003452e+04
-8.395891e+03
8.981570e+03
-4.103192e+03
1.329229e+03
-1.326783e+03
4.315719e+02
8.688554e+03
1.234062e+04
-3.373259e+03
2.751071e+03
4.582775e+03
1.588873e+03
-2.714921e+01
-1.088777e+03
-1.751782e+03
-2.362075e+02
-7.159849e+02
-3.135660e+02
-8.019759e+03
1.510858e+03
-1.182340e+03
2.239039e+03
-7.696351e+02
1.210825e+03
4.630930e+03
-6.088881e+02
-1.274189e+03
-6.640156e+02
-8.773683e+02
1.692683e+03
9.431918e+02
1.715599e+03
1.596058e+03
2.232741e+03
-1.200849e+03
1.131047e+02
2.343273e+03
-2.679915e+02
-3.871907e+02
-4.631010e+02
3.352000e+00
1.575040e+02
2.280256e+02
-2.104513e+03
2.055897e+03
-1.342929e+03
8.368984e+02
1.735150e+03
3.334721e+02
1.611631e+03
-3.655067e+02
1.826894e+03
4.025251e+02
6.452426e+02
7.724713e+02
-6.351932e+02
-5.746709e+02
-7.064340e+02
-7.542785e+02
1.312977e+02
-1.749742e+02
7.983032e+02
-7.857328e+02
3.429442e+02
1.274787e+03
-3.045224e+02
2.480384e+02
-2.552061e+02
-4.223989e+02
4.685048e+01
3.528750e+02
-1.835438e+02
-3.574106e+02
-3.181111e+02
-7.807446e+02
-9.854133e+01
9.197977e+02
-1.946651e+02
4.631181e+02
4.037545e+02
-1.104540e+02
6.999293e+01
1.576750e+02
1.883570e+02
-1.145654e+02
2.369270e+02
1.320900e+01
-1.699616e+02
-1.918492e+02
4.229660e+02
1.924014e+02
4.921326e+02
7.710325e+01
-3.219003e+01
-2.567786e+02
2.694329e+01
-1.620954e+02
3.901250e+01
-1.009772e+01
-2.025474e+02
2.617540e+01
9.097862e+01
-2.337637e+01
-1.306048e+02
-1.896555e+02
8.446350e+01
7.727308e+01
2.010341e+02
-2.240154e+02
1.565654e+02
1.456596e+02
1.296480e+01
2.460590e+02
2.021209e+02
-1.323801e+02
4.079486e+01
2.539172e+01
7.766060e+01
7.225055e+00
-5.676873e+01
-8.024009e+00
3.777433e+01
3.253765e+01
-3.936793e+01
8.036820e+01
5.451840e+01
1.623995e+02
9.274950e+01
-1.704446e+02
-2.743127e+01
4.284960e+01
2.461147e+01
-1.856946e+01
-1.499878e+00
-1.469145e+01
-7.196714e+00
-6.547930e+01
1.737806e+01
-5.442052e+01
1.014074e+02
4.810333e+01
-1.111380e+02
6.784374e+01
-2.071919e+01
2.336602e+01
5.775657e+01
-4.779308e+00
9.084120e-01
-3.046872e-01
1.516496e+00
-3.073177e-01
3.535502e-02
-2.085751e-01
-1.380060e+00
-3.760026e-01
-4.626658e-01
5.286080e-01
-4.426737e-01
-2.252900e-01
1.100666e-02
4.774613e-01
1.030267e-02
-4.265967e-02
-9.382206e-03
-1.280971e-01
2.042308e-02
-2.751631e-01
1.529586e-01
1.296161e-01
-3.470096e-01
3.500890e-01
-5.242877e-02
1.010595e-01
-3.627146e-02
-1.230884e-01
