7.266055e-01
-4.604650e-01
6.473950e-02
4.835556e+01
1.053594e+02
-2.457521e+01
3.537152e-04
-1.923754e+05
-1.492086e+05
-262820
-1.438185e+05
9.150233e+03
1.578947e+05
-2.281938e+05
1.735596e+05
-1.874726e+05
1.588107e+05
-1.033749e+05
7.006465e+04
-1.576834e+04
-6.465471e+04
-1.507836e+04
-3.877415e+03
-6.645778e+04
-3.678014e+04
7.235813e+04
-4.055334e+04
-7.247401e+02
1.159994e+04
-1.774692e+04
-4.255682e+04
-2.585820e+04
1.392058e+04
-2.015546e+04
2.856558e+04
-2.326771e+04
1.194197e+04
2.335227e+04
9.965058e+03
-7.130593e+03
-1.299943e+04
7.529428e+03
-1.369258e+03
-2.450267e+04
3.552719e+04
7.793326e+02
1.013852e+04
1.469036e+04
-1.556185e+04
-6.958263e+03
1.233023e+04
-3.397178e+03
1.585257e+03
6.474716e+03
-4.869518e+03
-1.312597e+03
1.942702e+03
1.792940e+04
-3.414730e+03
-5.805915e+03
3.512928e+03
1.312367e+01
1.358201e+03
2.362079e+03
-4.736434e+03
6.422794e+03
3.044396e+03
1.710935e+03
-7.599636e+03
3.371339e+03
2.144260e+03
-1.406280e+01
-4.356927e+02
2.318502e+03
-2.649793e+02
5.068990e+02
-5.842529e+02
4.111355e+03
-7.604306e+03
-4.337644e+01
-1.676287e+03
1.025943e+03
1.545985e+03
1.697589e+03
3.282092e+03
2.341770e+03
-2.425653e+03
7.144562e+01
1.607378e+02
-1.138483e+03
-1.025866e+03
-2.678543e+02
6.058492e+02
1.817894e+03
-1.463104e+03
9.777055e+02
1.692602e+03
1.446142e+03
-4.196774e+02
5.901249e+02
-2.261617e+02
7.156299e+02
-2.651049e+02
-1.427415e+03
-2.816252e+02
-2.536290e+02
1.323340e+02
1.457704e+03
5.870762e+02
8.554515e+02
-7.462031e+01
1.338771e+03
3.786871e+02
1.485538e+03
1.128756e+03
-6.069316e+02
3.777650e+02
-5.600095e+02
-7.027572e+02
2.978725e+02
-3.142555e+02
3.099335e+02
-2.627973e+02
1.684586e+02
6.312695e+02
-6.827134e+02
3.776671e+02
3.911648e+02
-1.047428e+02
-1.311069e+02
4.736778e+02
3.651843e+02
-1.148788e+02
9.949935e+01
-3.978578e+02
2.998069e+02
6.788359e+02
-2.131144e+02
2.657908e+02
1.314024e+02
6.775698e+01
-1.972415e+01
2.322470e+02
3.669201e+02
-9.346726e+01
-3.815612e+01
2.573635e+02
-1.031756e+02
3.459151e+01
2.220093e+01
1.973454e+00
3.671166e+02
-4.060498e+01
1.984392e+01
-1.585566e+02
-2.936354e+02
1.528974e+02
6.562785e+01
-2.861776e+02
-2.639433e+02
1.655307e+02
9.384766e+01
-8.197549e+01
-1.451558e+00
7.280236e+00
-6.276591e+01
-6.603446e+00
1.914119e+02
-2.175339e+02
2.420498e+02
6.891299e+01
-2.836085e+00
1.176001e+02
1.611413e+02
1.120780e+02
-1.425623e+02
-1.919219e+00
-3.103157e+01
-1.011056e+02
-2.537835e+00
-2.164654e+01
8.768350e+01
5.791697e+01
-8.048511e+00
3.643595e+00
-7.503459e+01
1.607902e+02
3.971666e+01
-1.037263e+02
-2.888754e+01
7.475313e+01
2.081747e+01
-6.404835e+01
4.864618e+01
-2.627922e+01
-2.478633e+01
-4.836419e+01
2.193061e+01
-3.926022e+01
2.624619e+00
2.606631e+01
-7.674444e+01
3.596175e+01
-2.584522e+01
3.408499e+01
4.404943e+01
-3.762716e+00
1.200987e+00
-3.640796e-01
7.346464e-01
2.572066e-01
-2.219693e-01
2.254585e-01
-5.853713e-01
-3.269096e-01
-4.026296e-01
4.120345e-01
-3.098443e-01
-1.833545e-02
5.231063e-02
-2.944005e-02
3.415632e-02
1.834500e-02
-1.156559e-01
-4.407647e-02
5.084669e-02
-5.757248e-02
-5.403335e-02
-2.830648e-01
-2.819944e-01
1.277525e-01
3.523970e-02
-9.410962e-02
-5.588390e-02
-5.312939e-02
