-3.432786e-01
-1.084467e+00
3.003838e-02
5.518222e+01
1.930366e+02
-1.627784e+01
3.603361e-04
-1.139786e+05
4.114989e+04
2.650951e+05
-7.593012e+04
3.517365e+04
3.130327e+03
-4.953711e+04
1.161599e+05
-1.215403e+05
3.766684e+04
3.244776e+04
1.122286e+05
-7.388188e+04
-4.477377e+04
2.420177e+04
2.502071e+03
1.988798e+04
-2.939398e+03
-4.628493e+04
-1.615571e+02
-1.821619e+04
8.521654e+03
9.370925e+03
4.634620e+03
-4.390200e+04
2.336021e+03
-4.703352e+04
-1.915036e+04
7.916607e+02
-1.082608e+04
3.356513e+03
1.295168e+04
8.503105e+03
2.075965e+04
-7.319555e+02
-1.871071e+04
-4.646117e+03
7.852927e+03
-4.680915e+03
4.397114e+03
6.114985e+03
4.439901e+03
-2.823818e+03
1.652006e+04
-1.534049e+02
-5.315284e+03
2.736595e+02
-2.659501e+03
2.643054e+03
3.085051e+03
5.126853e+03
-7.231754e+02
-7.781278e+03
-2.723496e+03
-3.089136e+03
-5.512943e+03
-4.121551e+03
-5.760715e+02
5.646390e+03
-5.232729e+02
2.406959e+03
-6.788052e+03
2.244069e+03
4.918204e+02
5.008938e+03
3.921956e+02
-1.693351e+03
2.248857e+02
1.306716e+01
1.374640e+03
2.965358e+00
-5.388579e+03
-1.550366e+03
-1.202657e+03
-1.111287e+03
-1.511054e+03
2.154087e+03
-7.790027e+02
2.520672e+03
-1.865874e+03
-9.053061e+02
-5.602435e+02
-6.458412e+02
7.929980e+01
-4.815152e+02
1.961489e+03
2.030841e+03
-1.224190e+03
1.523390e+03
2.149408e+03
-1.137252e+03
-5.857601e+02
-1.088204e+02
-1.496762e+03
-1.553186e+03
7.463756e+02
2.893868e+01
-2.271587e+02
-1.398840e+03
1.412755e+03
3.360652e+02
7.565638e+02
1.103371e+03
4.424920e+02
7.071459e+02
-6.534647e+02
5.731863e+02
2.061522e+01
4.868580e+02
-7.533201e+02
-6.949762e+01
-4.399894e+02
4.083165e+02
6.465459e+01
2.414669e+02
-3.289864e+02
8.524625e+01
3.407033e+02
-1.622551e+02
1.243933e+02
1.988031e+02
-1.177185e+02
-2.647388e+02
-3.086855e+02
1.856719e+02
-1.199079e+01
3.763741e+02
3.614032e+02
-1.368241e+02
-1.241822e+02
-8.768926e+01
-1.189529e+02
-2.257905e+02
-1.034834e+02
1.352334e+02
3.586987e+01
2.975855e+02
8.163865e+01
-1.190334e+01
-9.653386e+01
-3.400693e+01
8.854614e+01
3.151505e+02
3.417228e+02
1.213351e+01
-1.100500e+02
4.384168e+01
-2.336789e+00
-1.213575e+01
-1.443776e+01
1.408019e+02
-4.692965e+01
5.855183e+01
1.651227e+02
-8.845117e+01
7.183498e+01
5.086120e+01
-1.606426e+02
-6.217682e+01
-3.617344e+01
8.832346e+01
-2.763677e+02
-5.923621e+01
-2.134478e+01
1.627679e+02
9.421539e+01
-9.342336e+01
2.925004e+01
-1.878302e+02
1.219828e+02
-1.645010e+01
-1.146674e+02
4.826898e+01
8.521421e+01
4.822045e+01
-4.473459e+01
-2.541861e+01
-8.726002e+00
-9.355373e+00
4.531906e+01
6.958517e+01
-2.879322e+01
-5.524344e+01
4.288167e+01
5.076021e+01
-7.492847e-01
3.519577e+01
3.678413e+01
-3.192547e+01
-3.006535e+01
-2.348657e+01
1.766671e+01
2.277348e+01
3.243023e+01
-4.153582e+01
-4.063694e+01
-4.576295e+01
1.453581e+01
2.875972e+00
9.942395e-02
-1.324789e+00
-9.989638e-02
-7.081583e-01
6.109744e-02
-7.446344e-02
-1.353505e-01
2.842807e-01
-4.126317e-02
-2.181597e-01
2.469150e-01
-3.728817e-01
1.129068e-01
-9.137580e-02
-1.607354e-02
9.649386e-02
1.045743e-03
9.761521e-02
1.070978e-01
-1.289600e-01
5.993395e-03
3.689303e-03
-1.098962e-01
8.436743e-03
-1.976749e-02
3.019834e-02
1.003223e-02
-2.385535e-02
5.103056e-02
