-2.180805e-01
-1.458479e+00
6.806833e-02
5.688889e+01
1.836752e+02
-1.014876e+01
3.628804e-04
-2.175583e+05
-2.022696e+05
5.870704e+05
-2.006813e+05
1.768884e+04
6.606462e+04
-1.518859e+05
1.369167e+05
-1.801943e+05
-9.177079e+04
-5.393350e+04
1.026554e+05
-1.134296e+05
6.780881e+04
-3.375616e+04
-6.403171e+04
-1.714672e+01
-2.318064e+04
-7.683582e+04
-7.250876e+04
-9.016662e+04
-1.488493e+04
-1.582283e+04
-1.091537e+05
-2.209529e+04
1.605546e+04
-3.379015e+04
-4.687327e+03
-1.436248e+03
5.221889e+03
1.284168e+04
1.379207e+04
-3.382116e+03
1.653918e+04
1.652216e+04
-2.135799e+04
-2.663427e+03
2.172999e+04
8.045362e+03
2.040619e+03
3.073928e+03
-2.446519e+04
-3.715631e+03
2.688863e+04
-1.521217e+04
-2.838312e+03
-6.892664e+03
-2.187853e+04
-9.826646e+03
2.083490e+03
2.277288e+03
-4.162554e+03
-1.189374e+04
-1.531666e+04
3.586637e+03
4.256930e+03
-9.680416e+02
4.044917e+03
4.089088e+03
-8.951088e+02
7.131500e+03
-1.626156e+03
6.664969e+03
2.614043e+03
1.793655e+03
-1.134132e+03
2.336965e+03
2.053751e+03
-1.918627e+02
6.339662e+03
3.866377e+03
-5.041389e+03
6.890095e+02
-5.676235e+02
-1.442107e+03
-3.462290e+03
2.786346e+03
-1.758347e+03
4.113712e+03
-1.332293e+02
2.621775e+03
-5.121886e+01
3.853433e+02
1.577376e+03
-1.465105e+03
2.877293e+03
1.922383e+03
-6.878635e+01
1.061399e+03
3.650961e+03
-2.159351e+03
-2.937059e+02
-6.785875e+02
-5.024303e+02
-8.457711e+02
3.438582e+02
-9.793970e+02
1.350211e+02
4.468914e+01
2.319139e+03
6.040446e+02
2.639985e+03
1.192686e+03
1.228966e+03
1.608472e+03
1.131035e+02
6.564928e+02
-7.745989e+02
-3.943603e+02
-8.807025e+02
1.101763e+02
-8.609803e+02
6.403423e+02
-1.452499e+02
5.473098e+01
-4.307035e+02
8.124651e+02
4.134663e+02
4.760509e+01
-2.901863e+02
2.685523e+02
-2.364037e+02
-9.525716e+02
5.935256e+02
5.341595e+02
1.592532e+02
5.650041e+01
-1.042722e+02
-2.495695e+02
3.591088e+02
3.346447e+02
2.424527e+02
-1.176284e+02
2.471718e+02
-8.515956e+01
-3.202729e+02
1.604924e+02
-2.675733e+02
2.584257e+02
-3.764965e+01
-2.013425e+02
3.874182e+02
4.133841e+02
1.163783e+02
1.129101e+02
-1.993795e+02
1.044619e+02
-2.189396e+01
-2.783137e+01
-5.560453e+01
2.536907e+02
-1.830610e+02
1.223493e+02
2.263643e+02
5.858680e+01
1.803411e+02
-5.058352e+01
-5.709758e+01
-1.034940e+02
-2.828684e+01
8.845953e+01
-9.624710e+01
-3.919772e+01
1.124956e+02
2.013266e+02
6.926855e+01
1.250938e+02
2.481815e+01
-9.710240e+01
5.717144e+01
6.046402e+01
-9.712129e+01
-4.255463e+01
-1.274738e+00
1.200298e+02
-8.452211e+01
-5.330851e+01
1.649622e+01
4.209855e+01
8.901797e+01
5.111784e+01
-9.210307e+01
-2.292654e-03
-1.986607e+01
6.616760e+01
-6.996356e-01
6.623205e+00
5.639073e+01
2.008177e+00
-6.579076e+01
-4.893336e+01
-3.337516e+01
-1.206392e+00
4.975078e+01
-9.423116e+01
-4.310271e+01
-1.352021e+01
5.527210e+01
2.377887e+01
-8.645172e-01
1.563738e+00
-2.349356e-01
-3.875827e-01
-1.403398e-01
-3.662030e-01
-2.992871e-01
-9.722288e-03
3.097870e-02
-3.024096e-01
1.773197e-01
-4.674333e-01
2.725612e-01
3.762685e-02
2.749054e-01
1.482189e-01
-2.256493e-02
-6.494086e-03
-9.685922e-02
-1.458379e-01
9.472927e-02
7.411227e-02
5.300409e-02
-5.336415e-02
1.127899e-01
1.451634e-01
-9.834391e-02
-6.351052e-02
4.180890e-02
