2.390237e-02
7.744436e-01
-6.982731e-02
5.120000e+01
1.695505e+02
-2.268845e+01
3.562685e-04
-8.781416e+04
1.161041e+05
1.260405e+05
1.272015e+05
1.043429e+05
-2.733880e+04
1.228026e+04
4.296122e+04
5.246722e+03
5.221936e+04
-4.267189e+04
6.111682e+04
-3.865140e+04
-4.520057e+04
-2.271611e+04
2.288962e+04
-1.313568e+04
-3.612377e+03
1.553668e+04
1.797604e+04
3.570352e+04
-1.266790e+04
-2.061405e+03
-2.154668e+04
6.270777e+03
-5.246882e+03
-9.880731e+03
-1.455538e+04
2.464257e+03
-8.192864e+02
-6.207885e+03
6.922578e+03
-3.690768e+03
-1.246694e+04
5.001121e+03
-6.389198e+03
-1.007049e+04
2.075523e+04
-1.337144e+04
4.938908e+03
4.511686e+03
-8.613577e+03
-2.447681e+03
7.002889e+03
2.497334e+02
5.412538e+03
2.716090e+02
-3.619186e+03
7.779537e+03
2.079079e+03
7.573380e+03
2.981902e+03
-4.795817e+03
-6.530832e+03
6.470246e+01
-5.283634e+02
-3.010797e+03
3.239793e+02
2.313818e+03
8.535245e+02
2.140110e+03
-2.096512e+03
4.123038e+03
2.719738e+03
1.255531e+03
-7.266766e+02
-1.834739e+03
-3.130752e+03
-1.080586e+03
-1.556515e+03
1.581442e+02
-4.169878e+03
1.024283e+02
-1.422802e+03
-4.288365e+02
6.658762e+02
7.243784e+02
1.540106e+03
-2.656778e+02
-1.678049e+03
9.898350e+02
1.154439e+02
5.491634e+02
8.069940e+01
5.029503e+02
2.306361e+03
7.428184e+02
-5.019196e+02
6.568076e+02
1.745612e+03
-3.952511e+02
-9.926892e+02
6.930758e+02
-1.060666e+03
-4.434869e+02
-4.348925e+02
-6.309857e+02
5.515088e+02
-7.524330e+02
4.913437e+02
8.788297e+02
9.827567e+02
9.916110e+02
3.180284e+02
4.924910e+02
-4.487455e+02
-4.529878e+01
3.491843e+01
-2.386118e+02
-1.520290e+02
-4.322726e+02
-4.123451e+02
4.192596e+02
2.393011e+02
3.375260e+02
-3.876700e+02
2.499458e+02
5.976014e+02
-2.635468e+02
2.767236e+02
9.613633e+01
-1.262693e+02
6.008920e+01
2.975515e+02
1.606547e+02
-3.162357e+02
1.327103e+02
-4.186950e+01
-1.435486e+02
5.282183e+02
-6.279947e+01
9.387226e-02
1.638357e+02
-1.553771e+01
-1.095415e+02
5.535680e+01
2.467358e+02
-8.257182e+00
8.501099e+01
-3.129173e+02
-1.906281e+02
-3.783120e+01
1.939634e+02
1.790076e+02
1.403213e+02
7.236250e+01
-1.251345e+02
-9.422861e+01
-2.462857e+01
1.826100e+02
-4.163383e+00
-6.228880e+01
-1.102229e+02
1.462735e+02
-1.168158e+01
-2.493384e+01
-3.239529e+01
-1.182793e+02
-6.286117e+01
-8.513412e+01
1.746587e+02
-2.472949e+02
-3.859365e+01
9.412614e+01
8.998019e+01
6.781366e+01
6.807767e+01
-5.411127e+01
-7.686091e+01
7.645124e+01
-1.688307e+01
-1.015470e+02
-8.313103e+00
6.182755e+00
3.288377e+01
2.959860e+01
-2.327389e+01
2.077891e+01
-4.676672e+01
1.991123e+01
2.453948e+01
-7.009654e+01
-3.249220e+01
4.678422e+01
-2.855095e+00
-1.270240e+01
1.396849e+01
2.228798e+01
-2.727718e+01
-1.037682e+01
-6.134383e+00
-1.886081e+01
-1.360720e+01
-9.815386e+00
-9.077663e+00
1.779728e+01
2.132694e+01
2.113944e+01
3.596813e+01
-1.526038e-01
-8.144735e-01
-1.043604e-01
-6.504691e-02
9.307236e-02
3.301995e-01
1.003701e-01
-3.614740e-01
1.830261e-01
-1.737997e-02
4.541582e-02
-3.439228e-01
5.536815e-03
-1.293222e-02
-9.986116e-02
1.751810e-02
-4.839069e-02
-7.944746e-02
-5.731496e-02
-1.378591e-01
-8.535297e-02
1.479858e-01
-1.369142e-01
-7.231977e-02
-7.893819e-02
-1.897269e-02
5.968586e-04
2.261992e-02
-6.206584e-04
