4.821641e-02
-5.515773e-01
6.927393e-02
4.096000e+01
1.693743e+02
-2.318188e+01
3.271408e-04
-220439
1.307827e+05
-1.694290e+05
-6.907469e+04
1.952043e+05
3.300148e+04
-1.364212e+05
1.452262e+05
-2.087800e+05
-3.290189e+04
-1.434715e+05
-5.203265e+04
1.145172e+05
-8.220623e+04
-5.014335e+03
6.412250e+04
-5.500280e+04
-1.698991e+04
7.954909e+03
1.871695e+04
-2.264013e+04
-7.593810e+03
-2.294318e+03
5.603146e+03
1.297549e+04
-6.050584e+03
9.442717e+03
2.082880e+04
-1.377574e+04
5.860171e+03
9.855339e+03
-1.793870e+04
2.351799e+04
2.995839e+04
1.156047e+04
4.546273e+03
-9.352227e+03
2.136788e+04
1.280134e+04
6.702819e+03
2.646354e+03
1.832225e+04
3.899009e+03
1.096797e+04
-8.426578e+03
3.557218e+03
7.664329e+03
2.868099e+02
2.007289e+03
2.777637e+03
3.625001e+03
-1.366533e+03
-9.506395e+02
4.946584e+03
-3.814016e+02
-2.237822e+03
2.428777e+03
2.118151e+03
-2.191770e+03
-1.580121e+02
4.487415e+03
-2.399332e+03
9.614893e+02
3.334508e+03
4.360097e+03
1.538908e+03
-1.084158e+03
1.320242e+03
-3.393546e+02
-4.550280e+02
8.734292e+02
-3.741268e+03
-2.121811e+03
-1.201703e+02
-3.992485e+02
9.915231e+02
-1.225560e+03
4.187667e+03
1.571634e+03
-3.268191e+03
-1.099614e+03
-7.848922e+02
-1.010506e+03
5.166534e+02
-4.222866e+01
1.193536e+03
-4.094532e+02
-8.590638e+02
3.336752e+02
7.398929e+02
1.135719e+03
-2.165196e+02
-2.700246e+02
1.260433e+01
-6.268200e+01
5.325124e+01
-1.388610e+03
-5.473989e+02
3.610229e+02
-1.445302e+03
2.773626e+03
2.534483e+02
1.143329e+03
4.496705e+02
2.635917e+02
-4.005620e+02
8.896188e+02
6.127593e+02
-8.293148e+02
-4.176765e+02
-2.465650e+02
-5.917193e+02
4.929791e+02
1.402325e+02
-1.249537e+01
-8.828154e+02
5.230331e+02
9.523239e+01
-3.949790e+02
-1.732678e+02
1.377166e+02
-4.857642e+01
3.773601e+02
-6.519833e+01
5.737505e+02
-6.387491e+02
3.141880e+02
-2.763046e+02
1.408984e+02
6.159044e+01
-1.291531e+02
1.585508e+01
-1.725558e+01
-8.512963e+01
-4.075910e+02
6.091870e+01
5.115630e+01
-6.437766e+01
3.500748e+02
4.327531e+01
1.513999e+02
-1.960588e+02
-1.452599e+02
3.775032e+02
2.538401e+02
-9.228203e+01
1.705475e+02
7.484000e+01
-7.169375e+01
7.137052e+01
8.025811e+01
2.816061e+01
-7.976815e+01
-1.603822e+01
-5.220250e+01
3.292617e+01
-9.622610e+01
-6.545581e+01
-7.924152e+01
-1.091383e+01
8.631587e+01
-1.245586e+02
-2.667730e+01
-3.897265e+01
-3.591974e+01
3.938029e+00
2.100710e+01
8.671904e+00
-7.031418e+01
4.263023e+01
6.662911e+00
-1.762925e+01
1.344225e+01
5.225175e+01
-2.007628e+01
-5.366237e+00
7.764031e+01
-1.037412e+01
-1.019472e+02
6.187679e+01
9.978032e+01
-5.842762e+01
-3.375564e+01
2.605646e+01
5.789458e+01
3.761453e+01
5.935055e+01
8.129786e+00
-3.810917e+01
-2.265033e+01
6.555175e+00
-6.590979e+01
-5.114871e+00
-7.422086e+00
-2.759103e+00
1.093873e+01
-1.958208e+01
1.846950e+01
-1.053890e+01
-1.321581e+00
9.865154e-02
5.002868e-01
-7.211036e-01
-3.264059e-01
-1.258995e-01
-6.182308e-01
-6.638255e-01
2.233233e-01
-7.821916e-01
3.750521e-01
9.571542e-03
3.515970e-01
-3.799975e-02
-2.426842e-02
9.999382e-02
1.883800e-02
-1.118299e-01
-2.274293e-02
1.637117e-02
-6.014322e-02
-7.414047e-02
1.769446e-03
-2.310898e-01
-3.737878e-02
-1.830529e-03
-1.391231e-02
-3.007159e-02
6.476219e-03
