1.546961e-01
-3.020488e-01
-6.188220e-02
3.811555e+01
1.630307e+02
-2.361201e+01
3.093457e-04
-4.388161e+05
1.200964e+05
1.391451e+05
-3.294592e+05
1.037016e+05
2.531944e+04
-2.612867e+05
2.255900e+05
-2.407847e+05
9.842528e+04
-1.276167e+05
7.696149e+04
-8.975210e+04
-1.317001e+05
4.566188e+03
4.556335e+04
1.590797e+04
1.813838e+03
-1.855655e+04
6.459327e+04
3.752176e+04
-6.414271e+03
-1.735967e+04
-1.153509e+04
3.092262e+03
-8.322677e+03
-4.477447e+04
2.991612e+03
-1.139184e+04
1.099365e+04
-4.776974e+03
-2.901850e+04
2.650718e+04
-2.120585e+03
-4.878539e+04
1.137535e+03
-1.969187e+04
3.821189e+04
-6.455605e+02
-2.486922e+02
-4.443688e+03
-1.091527e+04
-6.095530e+03
-6.254196e+03
-3.311562e+03
1.390707e+04
-9.537510e+03
-2.157753e+03
1.538411e+04
-7.973147e+03
1.338079e+04
3.721441e+03
-3.337445e+03
-1.219500e+03
2.751902e+03
-4.933772e+03
-6.892595e+02
-7.211912e+02
5.525790e+03
6.907239e+03
1.887951e+04
-1.035512e+04
-6.666190e+03
6.456483e+03
6.125894e+03
9.319582e+03
-3.199194e+03
-2.363666e+03
1.651065e+03
2.595339e+02
-1.969178e+03
-6.807110e+03
-1.831268e+03
-4.795995e+03
-3.567273e+02
-2.288348e+03
-1.430291e+03
4.592428e+03
-9.674122e+02
-2.992909e+03
-2.646825e+03
-2.993597e+02
2.128640e+03
1.346661e+03
1.920258e+03
3.816863e+03
1.966858e+03
-8.049003e+02
-1.796970e+02
1.713458e+03
5.383251e+02
1.367496e+02
9.578489e+01
-1.607663e+03
-9.862565e+02
4.743652e+02
-2.217123e+03
2.309474e+03
-8.533531e+02
-6.802911e+02
1.187804e+03
1.550964e+03
1.973805e+03
2.550523e+02
2.210470e+03
-4.301168e+02
-5.213945e+02
-1.437028e+02
-7.218039e+02
-5.259723e+02
-9.194902e+02
-1.093885e+03
9.147495e+02
-1.200433e+01
1.080290e+03
-1.422799e+03
3.911400e+02
6.809841e+02
-4.015264e+02
4.482039e+02
-2.989044e+02
-1.653483e+02
1.053608e+02
-2.390787e+02
-3.678027e+02
-3.953563e+02
4.168079e+02
-8.943049e+02
-6.191697e+02
1.084258e+03
-6.247206e+02
1.351026e+02
7.144750e+02
-1.838811e+02
-2.636170e+02
3.369574e+02
7.579021e+00
-4.789363e+02
1.841123e+02
-4.954910e+01
-4.634898e+02
-3.458404e+02
4.350931e+02
3.281993e+02
4.218668e+02
3.252498e+02
-5.873097e+00
-3.619074e+02
-3.955901e+00
-3.779176e+01
3.528221e+01
1.050226e+02
6.330502e+01
9.666493e+01
-4.603223e+01
-1.204349e+02
-5.777747e+01
-1.189691e+02
1.268177e+02
1.531711e+02
1.585144e+02
-4.221428e+02
2.309298e+01
6.417860e+01
2.132962e+02
2.712242e+02
-3.738012e+01
-1.967930e+02
8.942065e+01
6.195553e+01
3.506621e+01
-2.071981e+01
-2.748863e+01
2.389974e+02
-1.157348e+02
2.712507e+01
-3.795150e+01
5.281162e+01
3.781063e+01
2.336481e+02
1.001882e+02
-1.220491e+02
-5.781260e+01
1.776300e+01
2.763359e+01
-2.203066e+01
-2.673945e+01
-7.309843e+01
-4.310101e+01
-1.487536e+02
1.929873e+01
-7.296446e+01
1.154472e+02
-3.603730e+01
-5.429725e+01
7.571060e+01
-1.023835e+02
1.607152e+01
3.994732e+01
-5.125144e+00
-2.988445e+00
-2.707647e-01
1.042644e+00
6.114326e-01
3.009863e-03
-3.520940e-01
-9.179408e-01
2.442546e-01
2.831146e-01
7.988328e-01
-7.187353e-01
7.313933e-02
3.450982e-02
3.673706e-01
1.875127e-01
-3.095773e-02
8.968395e-02
1.582482e-01
-2.297754e-01
-1.324354e-01
2.396110e-01
-4.044256e-01
-3.614567e-01
1.440637e-01
-1.284223e-01
9.613745e-02
2.106072e-02
-8.247659e-02
