4.552049e-02
-1.218548e+00
-2.049039e-01
5.461333e+01
1.683316e+02
-1.580623e+01
3.434396e-04
-5.809007e+04
-1.329962e+05
1.305449e+05
2.958969e+05
3.411246e+05
-1.889933e+05
9.029595e+04
-8.163473e+04
1.085695e+05
6.667888e+04
3.869966e+03
-1.929049e+04
-3.232395e+04
6.587708e+03
3.106035e+04
3.787703e+03
7.552906e+03
1.560589e+04
-1.129773e+04
-1.475474e+04
4.835756e+04
1.987376e+04
1.836148e+04
-4.158291e+04
-2.522011e+04
6.483153e+03
5.643733e+03
3.216530e+03
-9.796916e+03
-6.071226e+03
5.395247e+03
9.284345e+03
-9.160343e+03
1.845964e+04
9.605643e+03
-1.417942e+04
8.498123e+03
-2.120266e+04
-4.780845e+03
1.198041e+04
4.951176e+03
-1.687653e+03
-2.366857e+03
-1.440605e+03
-2.649148e+03
1.129505e+04
-6.542255e+02
-1.374913e+03
-5.096359e+02
5.862048e+03
7.003153e+02
-3.532942e+03
-8.591344e+03
-4.849255e+03
5.737245e+03
2.331123e+03
-3.995423e+01
-2.201589e+03
9.696565e+01
8.046847e+02
-9.692605e+02
-2.857657e+03
7.449171e+03
5.850379e+03
1.855017e+03
-2.366756e+03
2.290580e+03
-2.650376e+03
-5.510468e+02
4.051987e+02
-1.765943e+03
-2.362049e+03
-1.766325e+03
2.052142e+03
-9.352878e+02
9.942562e+02
3.115408e+03
1.308226e+03
2.296448e+03
-6.178508e+02
4.440248e+02
3.577234e+02
-7.322507e+02
3.842483e+01
4.724383e+02
-9.683548e+01
1.235850e+03
-1.271135e+03
1.486497e+03
-2.998175e+02
-1.617874e+02
-3.966511e+02
1.511420e+02
-4.536249e+02
2.130688e+02
-6.178795e+02
-2.727937e+02
-3.548893e+01
-4.426231e+02
8.919114e+02
9.627412e+01
8.396452e+02
3.877927e+02
-5.865529e+02
3.148562e+02
-6.230956e+01
7.661699e+02
-9.667368e+01
6.903769e+01
-8.965995e+02
-4.722211e+01
-7.122711e+02
7.629443e+02
2.376160e+02
2.949239e+01
1.172163e+02
1.898490e+02
2.251542e+02
-2.990228e+02
-1.784801e+02
1.509663e+02
-3.538033e+02
-2.429891e+02
3.513884e+02
3.706604e+02
6.760089e+01
-1.482880e+02
6.884824e+01
-4.438586e+02
-1.854189e+02
-5.028633e+01
-2.836736e+02
-1.479353e+02
-3.231350e+02
-3.501996e+02
2.149656e+02
1.420872e+02
2.198144e+02
1.240012e+02
-1.038727e+02
-5.533380e+01
8.217259e+01
2.843396e+02
-2.076560e+01
-3.144541e+00
-1.543603e+02
1.178734e+02
8.044084e+00
-4.202337e+01
1.520951e+02
-5.440878e+00
-1.551283e+02
2.254564e+01
-6.980163e+01
-1.578557e+02
1.168614e+02
-1.148645e+02
7.242111e+01
-4.183980e+01
-6.202131e+01
5.826518e+01
1.292950e+02
-1.092070e+01
9.749810e+01
-6.438503e+01
-7.431322e+01
5.520812e+01
2.504222e+00
-1.459102e+01
5.158967e-01
2.979350e+01
2.604452e+00
7.687395e+01
2.077427e+01
1.778872e+02
-6.541653e+01
-4.091621e+01
3.706991e+01
3.722298e+01
3.702924e+00
3.119040e+01
-4.687955e+00
8.792342e+00
3.490232e+01
3.219954e+01
2.542753e+01
4.986209e+01
3.405915e+01
-8.260011e+00
-7.152019e+00
-1.675634e+01
1.461699e+01
6.430801e+00
4.010656e+01
-6.881001e+01
1.138449e+00
-1.351202e+01
5.391567e+01
1.457644e+01
-2.038925e-01
-4.810610e-02
3.502621e-01
-3.985938e-01
-1.900997e-01
-4.601680e-01
-2.640277e-01
1.588884e-01
-1.301487e-02
1.308718e-01
1.393500e-01
-1.073849e-01
3.340125e-01
4.787170e-02
-2.377135e-02
-7.828765e-03
2.305499e-02
-1.517400e-02
-1.833993e-02
1.509261e-01
1.463328e-01
-1.093142e-01
-2.852014e-02
-4.942528e-03
1.522804e-01
6.359363e-02
5.041359e-02
-3.120092e-02
1.264392e-02
