2.083129e-02
-1.271359e+00
1.209855e-01
5.546667e+01
1.713428e+02
-1.402291e+01
3.458642e-04
-2.424376e+05
-3.974525e+04
1.969680e+05
3.055679e+03
4.303183e+05
-1.773279e+05
-5.044734e+04
2.016363e+05
5.597624e+04
6.585855e+04
-1.451510e+05
-6.832443e+04
-1.548084e+05
-1.588833e+04
8.893622e+04
-3.200786e+04
-2.882593e+04
-1.866275e+04
-2.161470e+04
-3.623118e+04
-3.984522e+04
-3.944270e+03
-3.315600e+04
-8.611263e+03
-3.575597e+04
1.787961e+04
-1.487956e+04
4.287082e+04
-5.040750e+03
1.558428e+03
-1.348512e+04
-7.985135e+03
-2.867768e+04
-1.270223e+04
-2.367333e+04
-1.810000e+04
-9.483529e+03
-1.487056e+04
-4.523395e+03
1.840765e+04
-1.761976e+03
1.897987e+03
-1.187515e+03
3.474572e+03
9.686412e+03
-3.721476e+03
1.416126e+04
-1.363640e+04
-5.688903e+03
3.774111e+03
5.286577e+03
1.031852e+03
-1.367496e+04
-1.112226e+04
-5.783283e+03
4.964515e+02
-2.401339e+03
-4.577679e+03
7.965806e+03
7.118096e+03
2.906337e+03
-8.157748e+03
7.398005e+02
8.654608e+02
2.556877e+03
-2.112862e+03
1.276201e+03
7.540131e+01
4.745636e+03
1.675367e+02
-1.021154e+03
-5.865416e+03
-1.283833e+02
2.253928e+03
-1.546652e+03
-1.328603e+03
1.698154e+03
2.981745e+03
1.947618e+03
-1.534727e+03
1.249968e+02
-4.814321e+02
8.239316e+02
-4.823603e+02
-2.724082e+02
-9.782245e+02
4.461231e+03
-3.036618e+03
1.779027e+03
4.617455e+02
2.338293e+02
-1.880680e+03
-1.074345e+03
-1.922145e+03
-7.590556e+02
1.448457e+02
1.092830e+01
3.226976e+02
-1.132772e+03
9.579006e+02
1.050660e+03
6.161158e+02
1.891318e+03
3.628761e+02
4.150016e+02
5.017281e+02
6.958403e+02
-6.548382e+02
-6.580722e+02
-8.968819e+02
-7.546050e+01
-1.245729e+03
5.625651e+02
-2.683507e+02
3.521808e+02
-7.532192e+02
-4.568410e+00
6.577211e+02
1.818696e+02
-9.974810e+01
1.884311e+02
-8.728623e+02
-5.152485e+02
6.896403e+02
2.259156e+02
3.608016e+02
1.369963e+02
-2.789455e+02
-1.072473e+02
8.055041e+01
-1.261399e+02
-1.960281e+02
7.951505e+01
-3.095809e+02
-7.284330e+02
4.454329e+02
2.096421e+02
3.053670e+02
-2.368714e+01
-4.398267e+02
-2.583870e+02
-4.462728e+00
6.812071e+02
2.942618e+02
2.698404e+02
-4.410632e+01
-1.162405e+02
9.584875e+01
7.425373e+01
1.350147e+02
5.148553e+01
-1.413994e+02
1.136751e+02
1.021065e+02
-9.045478e+01
6.290226e+01
-1.167102e+02
-2.410015e+02
3.482762e+01
8.430975e+01
1.241039e+02
-1.423469e+02
1.191181e+02
1.033893e+02
1.266613e+02
1.016611e+02
1.926629e+01
-6.211406e+01
-3.477658e+01
5.340630e+01
7.318461e+01
-1.011330e+02
7.191960e+00
1.126192e+02
7.370020e+01
-1.983148e+00
-4.391842e+01
8.420904e+01
9.108067e+01
4.473243e+01
8.992757e+01
-7.742502e+01
3.153354e+00
3.144741e+01
2.173454e+01
2.938699e+01
-4.316999e+01
-2.229303e+00
-5.909908e+01
-4.669565e+01
1.164400e+01
-5.455641e-01
8.798590e+01
4.320174e+01
-9.033713e+01
-2.473978e+01
-6.590205e+01
2.448902e+01
2.466717e+01
-1.970634e+00
3.028638e-01
2.889478e-01
-3.262485e-01
-1.226837e-01
-4.382280e-01
-1.299636e-01
1.029706e-01
3.192857e-03
1.054373e-01
8.522366e-01
-1.420261e-01
1.455890e-01
1.132875e-01
-5.110485e-02
-2.594129e-02
5.497767e-03
3.008423e-02
5.545622e-02
6.322120e-02
-2.934407e-02
4.118088e-02
-2.332468e-01
1.553627e-02
3.386139e-01
-4.592529e-03
7.736406e-02
-8.397301e-03
-1.877965e-01
