1.066759e-01
-1.152759e+00
1.980389e-01
5.176889e+01
1.624599e+02
-1.741967e+01
3.499184e-04
-1.380207e+05
3.733147e+04
-2.760742e+05
-7.714431e+04
8.317348e+04
-1.089633e+05
-6.212640e+04
4.683821e+04
-7.003923e+04
-2.954797e+04
-6.001304e+04
5.201466e+04
-7.675725e+04
-1.981892e+04
3.498357e+04
8.880729e+04
-2.758547e+04
2.481704e+04
1.163788e+04
1.658847e+04
-3.317397e+03
-2.873896e+04
-6.809521e+03
-5.791769e+03
-1.024493e+04
1.385578e+04
-6.138131e+03
2.268889e+04
1.424319e+04
1.523571e+04
-4.954665e+03
-2.122324e+04
-1.299967e+03
-7.960822e+03
-2.166276e+04
-8.299756e+02
3.419805e+03
3.195796e+03
7.012308e+03
1.123381e+04
-4.048266e+03
1.301526e+04
-3.362169e+03
-2.058477e+03
-2.447110e+03
5.495889e+03
5.927206e+03
-3.250465e+03
1.124527e+04
3.828703e+03
7.485510e+03
-2.245718e+02
-6.810921e+03
-3.078755e+03
4.278744e+03
-6.356633e+02
-4.132726e+03
6.651637e+03
1.315742e+03
6.472269e+03
4.174443e+03
-1.126954e+03
2.037234e+03
4.640256e+03
1.443714e+03
-3.470901e+02
-1.399524e+03
3.093901e+02
-7.896543e+02
-1.379545e+03
-2.096190e+02
-5.872550e+03
-1.870053e+03
2.845829e+03
-1.313133e+03
-1.722639e+03
-7.094629e+02
4.871959e+03
-1.089193e+02
-1.018941e+03
-5.694578e+02
-1.584329e+03
1.539099e+03
1.120594e+03
7.836119e+02
7.469664e+02
1.183468e+03
-2.155265e+03
7.363837e+02
1.027726e+03
1.071009e+03
-9.867615e+02
-1.161489e+03
-4.704714e+02
-3.899321e+02
4.290138e+01
-2.803239e+02
3.441566e+02
-1.175398e+02
2.205648e+02
1.449079e+03
-1.049495e+03
6.456158e+02
-7.004568e+02
3.515902e+02
-4.503089e+02
6.960825e+02
5.685938e+02
-7.808061e+02
-6.885261e+02
-2.814085e+02
-5.604707e+02
4.208615e+02
-5.266788e+02
1.702936e+02
-5.764533e+02
7.789579e+01
3.831371e+02
1.001968e+01
-1.021108e+02
4.170554e+00
-1.474851e+02
1.087770e+02
3.291075e+02
-4.332496e+01
-2.815777e+02
3.797249e+02
-4.526625e+02
1.646733e+01
6.737380e+02
-3.815756e+02
-1.209959e+01
3.337823e+02
-1.608476e+02
-4.074190e+02
9.648255e+01
-3.298420e+01
4.685366e+01
3.609868e+02
-1.242662e+02
-9.646115e+01
-9.208175e+01
1.117932e+02
8.232799e+01
2.394342e+02
2.113446e+02
-5.698346e+01
-5.749859e+01
-2.883107e+01
9.632933e+01
-6.958533e+01
-1.257024e+01
1.045457e+02
-9.300830e+01
1.424095e+01
3.031653e+01
2.491459e+01
-8.867624e+01
5.405592e+01
-6.539194e-01
7.070705e+01
2.076931e+00
-8.032757e+01
-3.482689e+01
5.684047e+01
6.645930e+01
6.884614e+01
-4.160625e+01
2.621971e+01
5.808864e+01
1.162669e+02
2.625048e+00
-6.456941e+00
5.182521e+01
-3.654932e+01
2.958518e+01
9.860162e+01
6.306074e+01
-4.424940e+01
-2.988133e-01
7.517460e+01
-6.207428e+01
2.750627e+01
-3.274813e+01
4.811503e+01
8.577496e+01
3.525066e+00
9.915373e-01
-3.857354e+01
1.421148e+01
4.171067e+01
-2.961785e+01
3.174892e+01
1.764552e+01
-4.450696e+01
5.279456e+01
-3.818228e+00
5.433160e+00
1.611605e+01
-1.611097e+00
1.460347e+00
-1.666649e-02
3.302756e-01
-2.428974e-01
3.574607e-01
-1.756265e-01
-1.096372e+00
-9.347562e-02
-4.933151e-01
9.012696e-02
8.703423e-02
3.775322e-01
1.108191e-01
7.359630e-03
-3.375072e-02
8.394143e-02
1.179825e-01
6.817783e-02
6.553914e-02
-1.866014e-01
1.506806e-01
2.057065e-01
-4.227336e-02
2.189865e-02
-1.613142e-03
-4.945111e-03
-3.473254e-02
-6.104156e-02
