-1.557092e-01
1.461512e+00
-1.319552e-01
5.546667e+01
1.811645e+02
-1.000725e+01
3.523204e-04
-1.022151e+05
-2.194892e+05
6.524354e+04
4.581952e+04
-1.148051e+05
2.442565e+04
-4.950333e+04
6.284148e+04
-2.704394e+05
-4.259864e+04
-7.594565e+04
6.266603e+04
-2.042401e+04
-7.883425e+04
-1.859809e+04
4.106106e+04
4.632846e+04
3.333222e+04
-3.892812e+04
-3.224765e+03
3.419815e+03
-2.789525e+04
4.265162e+04
-1.169386e+04
5.342393e+04
-2.493034e+04
-4.926994e+04
3.548115e+04
1.979817e+04
1.875762e+04
-4.139259e+03
-6.307516e+03
1.329169e+04
1.546432e+04
-4.842816e+03
-1.222747e+04
-5.031947e+03
2.152597e+04
-4.443670e+03
-8.295401e+03
-1.671965e+03
7.998190e+03
1.967548e+03
1.081308e+04
1.480632e+03
5.273117e+03
-9.486767e+03
-6.323854e+03
1.170892e+04
-4.708409e+02
9.950785e+03
1.456637e+03
-8.022623e+03
4.136180e+02
-3.690486e+03
-1.473636e+03
-5.888687e+03
3.274965e+03
4.696758e+03
5.210376e+03
3.383761e+03
-6.200099e+03
1.847495e+03
2.218549e+03
9.988370e+02
-5.488624e+02
4.448409e+02
2.809726e+03
2.200305e+03
4.581655e+03
2.208127e+02
-4.357532e+03
-1.341426e+03
-2.262346e+03
-5.645383e+01
-1.633875e+03
1.038672e+03
4.538396e+03
1.982833e+03
-3.109242e+03
-3.943071e+02
-4.601060e+02
-7.499807e+02
-5.793154e+02
-7.121416e+01
3.193211e+03
2.919226e+03
-2.371790e+03
7.905797e+01
1.768454e+03
1.416880e+03
3.587025e+02
1.254948e+02
-1.219925e+03
-1.202396e+02
-9.375395e+01
-1.045174e+03
8.544477e+02
-2.185261e+02
1.107953e+03
4.893780e+02
9.222723e+00
2.054984e+03
-3.826975e+02
2.001278e+03
-4.534550e+02
1.588580e+03
1.811284e+02
-4.482845e+02
1.607475e+02
-3.431259e+02
4.379553e+02
3.025082e+02
-5.314737e+01
-1.532214e+02
-9.003877e+02
6.844914e+02
2.822260e+02
-5.711010e+02
-2.290149e+02
3.681746e+02
2.796300e+02
-1.897942e+02
5.913970e+00
5.940265e+02
4.518904e+02
4.820216e+02
-5.027442e+02
2.986365e+02
6.093380e+02
-2.772300e+02
-4.348135e+01
2.654243e+02
-2.188106e+02
2.695711e+02
-1.425915e+02
-7.749621e+01
-2.206850e+02
1.904473e+02
2.639066e+02
-1.869162e+02
2.002203e+02
9.762423e+01
1.491677e+02
1.145734e+02
4.400059e+02
1.745518e+02
-1.453584e+02
3.529113e+00
1.090360e+02
2.356853e+02
-1.174773e+02
-2.896230e+02
1.638881e+02
3.341478e+01
2.032424e+02
1.072954e+02
7.860828e+01
-1.003445e+02
9.093528e+00
1.845877e+01
4.894245e+01
1.328757e+02
7.921996e+01
2.513806e+01
-3.874006e+01
4.347063e+01
-1.119150e-01
-1.183134e+02
-7.507007e+01
-6.619487e+01
2.270702e+01
6.951144e+01
-2.617726e+01
-3.903195e+01
1.636837e+01
1.059578e+02
9.517957e+01
-6.638943e+01
4.399883e+01
5.277986e+00
-1.490892e+01
8.168855e+01
-2.368047e+00
2.199990e+01
-5.937648e+01
6.740254e+01
-6.666098e+00
4.034057e+01
-1.140665e+01
-3.284547e+01
1.264192e+00
2.245192e+01
-4.502068e+01
-2.665231e+01
-1.558382e-01
-1.932891e+01
2.725575e+01
2.723927e+01
-1.491241e+00
2.605786e+00
-6.295730e-01
6.849461e-01
1.939606e-01
-2.889456e-01
-1.695022e-01
-7.743779e-01
-3.501735e-02
-8.695916e-01
-3.062596e-01
-3.380488e-01
-1.549628e-01
1.566293e-01
-8.631138e-02
8.678662e-02
2.843409e-02
-1.346891e-02
5.170540e-02
-1.661373e-01
-6.007684e-02
4.128985e-02
1.457571e-01
-4.782675e-02
-1.685851e-01
-4.068337e-02
7.098857e-02
-1.648536e-01
-6.487265e-02
