-1.559608e-01
1.047299e+00
-1.619598e-01
4.778667e+01
1.891301e+02
-1.727173e+01
3.125185e-04
-2.967256e+05
1.721943e+05
-2.442126e+05
-585938
3.736059e+04
-1.345852e+05
2.856227e+04
1.576755e+04
-1.950427e+05
-3.297695e+04
-1.732658e+05
9.826893e+04
1.980097e+04
1.773633e+04
3.414485e+04
-5.948550e+03
4.602159e+04
4.210425e+04
3.385637e+04
-1.944344e+04
2.438012e+04
1.124101e+04
-2.379071e+04
1.783653e+04
9.177228e+03
-7.965927e+02
-1.764071e+04
1.973587e+03
-1.218931e+04
3.659781e+03
-2.041386e+04
-6.012010e+03
2.192588e+04
-2.042076e+04
-4.807067e+04
6.753959e+01
-1.457957e+04
-2.392168e+02
-2.670638e+02
1.588930e+04
-2.201813e+03
-2.629222e+04
-4.949072e+03
3.412470e+03
-3.039376e+03
8.185239e+03
-4.414570e+03
9.002866e+00
1.168778e+04
1.544567e+03
7.487207e+03
1.998439e+03
-7.500545e+03
-4.255886e+03
8.639910e+03
-1.082705e+03
8.006256e+02
1.289586e+02
2.055794e+03
5.952749e+03
1.171167e+04
-1.347254e+03
-3.590086e+02
-1.471215e+03
-2.887771e+03
4.382068e+03
-1.469122e+03
-1.039427e+03
-2.766999e+03
-1.305418e+03
-2.114869e+03
-4.740163e+03
1.561445e+03
-2.760213e+03
-4.495519e+02
4.957809e+02
1.002608e+03
3.318955e+03
-1.891731e+03
-3.029265e+03
1.427575e+02
6.308743e+02
1.750251e+03
9.702495e+02
3.712945e+03
1.342805e+03
1.186639e+03
-4.094256e+02
-9.681990e+02
2.294641e+03
-9.463451e+02
-5.957976e+02
-6.004209e+02
-9.187827e+02
-2.196818e+02
5.612648e+02
-2.061320e+03
1.283467e+03
-5.714325e+02
-1.882991e+02
1.084473e+03
1.314929e+03
2.138639e+03
7.641853e+02
8.955880e+02
-5.023959e+02
1.146364e+01
5.293450e+02
-4.279473e+02
-1.759382e+01
-1.593115e+03
-8.227914e+02
7.684651e+02
5.791146e+02
1.459078e+03
-4.839940e+02
-1.011074e+02
7.899052e+02
-3.019475e+02
3.011270e+02
-6.243043e+02
-3.261309e+02
2.506711e+02
9.678812e+01
1.516736e+02
-4.379857e+02
-1.568391e+02
-6.987580e+02
-3.490735e+02
5.307043e+02
-5.601614e+02
8.316872e+01
2.861133e+02
-3.643774e+02
-1.226713e+02
9.738946e+01
4.391462e+02
-3.280598e+02
-1.178250e+01
-3.912479e+01
-1.797606e+02
-2.779116e+02
2.093129e+02
2.365420e+02
5.025769e+02
-9.679922e+01
-3.215062e+02
-2.673115e+02
3.456834e+01
-9.182275e+01
-7.295689e+00
1.789965e+02
5.837907e+01
1.517441e+02
8.980625e+01
-7.623161e+01
-1.376944e+02
-2.779329e+02
6.877139e+01
1.314689e+02
2.177426e+02
-2.933634e+02
-1.719615e+00
1.094609e+02
1.855680e+01
2.913742e+02
1.270525e+02
-1.486389e+02
-9.178163e+00
1.268982e+02
1.423245e+02
3.950946e+01
1.145395e+01
1.626911e+01
-1.919608e+01
7.076427e+00
-1.185569e+02
9.894135e+01
2.537810e+01
1.296236e+02
8.567544e+01
-1.859700e+02
-2.520348e+01
5.677044e+01
4.068151e+01
-2.062601e+01
-7.217885e+01
-2.647190e+01
-1.440583e+01
-2.299954e+01
7.665442e+01
-7.235117e+01
7.753172e+01
-1.281615e+01
-9.414170e+01
8.669312e+01
2.812567e+00
-2.025117e+01
4.785704e+01
-5.400520e+00
-2.585241e+00
1.737000e-01
1.195857e+00
4.227906e-01
5.547296e-02
-3.719766e-01
-1.227674e+00
-1.229236e-01
5.214370e-01
8.519054e-01
1.308441e-01
1.152362e-01
-4.508109e-02
5.264119e-01
-1.234730e-01
1.373755e-02
7.247090e-03
8.944984e-03
2.472614e-01
-1.550903e-01
3.319485e-01
3.388262e-02
-2.421050e-01
4.034117e-01
6.005279e-03
9.386202e-02
7.369141e-02
-1.194828e-01
