-1.773089e-01
-1.430517e-01
1.773658e-01
4.124445e+01
1.818961e+02
-2.253471e+01
3.291313e-04
-1.823900e+05
4.705046e+04
5.924184e+05
4.426182e+05
9.714469e+04
-1.286668e+05
-1.662428e+05
1.261368e+05
-6.028572e+04
2.997622e+05
3.736112e+03
-5.279361e+04
-1.214156e+05
-7.423621e+04
-2.768544e+04
3.483415e+04
-9.787562e+04
6.184012e+03
-9.768040e+04
6.134430e+04
-7.199199e+03
-2.668909e+04
-3.886468e+03
-3.746124e+04
-2.246314e+04
1.881310e+04
-3.821441e+04
4.090679e+04
1.289569e+04
2.559394e+04
5.349192e+04
-3.439398e+04
-3.315819e+04
8.107915e+03
4.442501e+03
1.333138e+04
-1.067560e+04
-1.545556e+03
-2.943286e+03
-3.888813e+03
-4.362296e+02
1.438712e+04
-4.093450e+03
8.291616e+03
1.941501e+03
4.841756e+03
3.792578e+03
-1.758125e+04
5.612884e+03
-2.083604e+02
1.196027e+04
-1.077897e+04
-1.302536e+04
-2.198241e+03
-6.288565e+03
-2.066771e+03
-2.792873e+02
3.182175e+03
2.200147e+03
3.280216e+03
3.159494e+03
-5.870751e+03
-3.492112e+02
5.411788e+03
5.660767e+03
-1.298208e+02
-1.683098e+03
2.678813e+02
6.485933e+03
4.625906e+02
2.241125e+03
-7.490203e+03
-3.042966e+03
9.973303e+02
2.301946e+02
-5.590312e+02
-1.546461e+03
4.450872e+03
1.627639e+03
-1.351788e+03
-1.267819e+03
3.906867e+02
1.084175e+03
9.433457e+02
-2.897457e+03
4.422187e+02
1.420047e+03
-1.677522e+03
1.503463e+03
9.176912e+02
1.812132e+03
-2.490583e+02
2.685190e+02
5.077420e+01
-3.044276e+02
-1.166651e+03
-8.170416e+02
9.855159e+02
-9.234930e+02
1.228483e+03
2.191318e+02
7.765920e+02
3.905119e+02
-1.240519e+03
7.328995e+02
5.626280e+02
8.307288e+02
-3.691324e+02
-5.203397e+02
-4.131503e+02
4.451841e+02
-7.774280e+02
5.904454e+02
-1.009249e+03
-5.660592e+02
-9.793894e+02
8.319437e+02
5.962849e+01
2.879657e+01
-3.799649e+01
5.199146e+02
-1.568069e+02
-1.130142e+02
4.980834e+02
5.266444e+01
6.068196e+02
2.174207e+02
1.149885e+02
3.253632e+01
6.122242e+02
-2.372292e+02
-1.898416e+01
2.854296e+02
4.131808e+00
-2.384038e+02
4.568527e+01
-1.493266e+02
-1.604537e+01
1.587910e+02
-4.403460e+01
-1.158535e+02
2.011404e+02
5.679621e+01
4.405512e+01
5.748783e+01
8.238779e+01
1.620144e+02
-8.599054e+01
-1.292985e+02
4.340664e+01
1.017918e+02
-1.614747e+02
8.804818e+01
1.467594e+02
-4.338380e+01
3.722563e+01
4.511499e+01
1.188868e+02
-4.946492e+01
-7.240435e+01
4.390256e+00
-3.154485e+01
5.836220e+01
3.772454e+01
2.042204e+02
-5.921154e+01
2.920706e+01
7.491289e+00
-7.195476e+01
-1.121996e+01
1.745847e+01
-2.145627e+01
-6.316097e+01
9.931457e+01
-4.996408e+00
-1.983629e+01
4.697374e+01
4.234558e+01
-1.892807e+01
5.054319e+01
-2.581088e+01
1.388101e+01
2.708442e+01
-3.418805e+01
1.073115e+01
5.245120e+00
4.594516e+01
9.284575e+00
-5.828760e+01
-5.196701e+01
-7.570506e+00
-8.013920e+00
8.444520e+01
7.572308e+01
-2.498353e+01
2.993087e+00
-6.609727e+01
2.466229e+01
9.300606e+00
1.147457e+00
-6.247457e-01
1.634952e-02
-3.666470e-01
-7.417843e-02
-2.760524e-01
-1.968626e-01
1.879949e-01
-1.812057e-01
-5.234320e-02
1.653202e-01
-4.788988e-01
3.154424e-01
6.182908e-02
-1.312927e-01
2.613834e-01
4.802723e-02
9.637747e-02
1.446256e-01
-3.053117e-01
-3.899905e-02
-9.153610e-02
-2.020694e-01
-1.315829e-01
-2.297355e-01
5.724602e-03
3.676867e-02
-1.036090e-01
9.939469e-03
