-1.601101e-01
8.102105e-01
-3.646654e-01
4.892445e+01
1.862797e+02
-2.229097e+01
3.372284e-04
-1.024628e+05
-1.110666e+05
1.589491e+04
-2.745269e+05
-9.447412e+04
-2.232874e+05
1.249084e+05
-7.604923e+04
-2.142055e+05
-6.288218e+04
-7.825328e+04
5.522708e+04
-3.630908e+04
3.469670e+04
8.896437e+03
-5.306409e+04
4.628524e+04
6.965510e+03
2.999848e+04
-3.091053e+04
-2.420280e+04
-2.919128e+04
-2.978812e+04
-1.259194e+04
-2.108770e+03
-2.428873e+04
-2.542991e+04
5.441982e+03
1.737270e+04
3.513180e+03
-1.774862e+04
1.504925e+04
6.574656e+03
1.346027e+04
-1.434502e+04
-1.099734e+04
-2.387521e+03
-1.415750e+04
2.995482e+03
1.306226e+04
4.052342e+03
-4.681373e+03
2.060742e+03
7.500191e+03
-2.444244e+03
1.676043e+03
-5.508516e+03
-6.892645e+02
2.496390e+03
5.266892e+03
4.462386e+03
3.890286e+03
-1.126115e+04
-5.209388e+03
2.114827e+03
2.695110e+02
-1.579736e+03
2.885230e+03
5.187770e+03
2.901396e+03
2.091796e+03
-1.019396e+03
3.837075e+03
-4.487540e+02
-7.032385e+02
-6.847880e+02
5.975955e+02
2.039379e+03
-1.795042e+02
9.802371e+02
-8.419074e+02
-3.433688e+03
1.452859e+02
2.775331e+03
-3.258707e+02
-8.917780e+02
2.039298e+03
2.751906e+03
1.379878e+03
1.318505e+02
-1.290114e+03
-6.633343e+02
1.765157e+02
2.382519e+01
1.205212e+03
-1.226209e+01
2.292978e+03
-1.558737e+03
5.268655e+02
1.171549e+03
-8.746500e+02
5.137178e+02
-1.393858e+03
-5.246159e+02
-7.172054e+01
7.758441e+02
-6.153203e+02
1.550856e+02
-6.785612e+02
1.231695e+03
4.450771e+02
4.183546e+02
1.308455e+03
-4.881151e+01
3.643048e+02
-4.521479e+02
8.620895e+02
1.379303e+02
3.196638e+02
-5.666040e+02
-1.824834e+02
-2.893017e+01
4.047411e+02
3.949395e+02
5.138422e+02
9.341429e+00
7.073087e+01
5.000099e+02
-1.670748e+01
-1.625456e+02
-7.995924e+01
-4.774491e+02
-3.875235e+02
1.428050e+02
4.707314e+02
5.915138e+01
1.312821e+02
-2.509111e+02
-5.206576e+01
7.677606e+00
-1.887028e+02
-2.938573e+01
-3.570724e+01
-2.969677e+02
1.056705e+02
9.539006e+01
2.353899e+00
-4.742677e+01
1.057854e+01
6.524194e+01
-2.349900e+02
-9.416816e+01
3.062953e+02
1.238307e+02
2.468038e+02
3.127314e+01
-5.849150e+01
1.201769e+01
1.371757e+01
-1.117856e+02
1.063538e+02
1.082180e+02
-9.609408e+01
-1.609848e+01
3.093479e+01
1.559406e+02
-9.764483e+01
-1.053872e+02
-4.850184e+01
-1.843932e+01
3.178881e+01
4.528021e+01
1.250390e+01
9.874261e+01
1.393889e+01
9.644152e+00
1.072802e+02
-1.539534e+01
-5.350927e+01
5.427163e+01
8.286079e+01
1.342674e+01
7.211346e+01
-2.956224e+01
9.354917e+01
-1.621943e+01
2.024260e+01
1.035303e+02
2.118069e+01
-2.201863e+01
7.143922e+01
-4.878205e+01
8.141740e+01
1.097514e+01
4.613866e+01
-2.044735e+01
4.469148e+00
-1.990378e+01
1.226232e+01
9.264093e+00
9.522911e+00
-1.191560e+00
6.144134e+00
-2.360621e-01
-4.768516e+01
1.074358e+00
-3.827389e+00
3.005525e+01
1.299114e+01
-2.062693e+00
2.516396e+00
2.622301e-01
4.866809e-01
1.541256e-01
-1.414402e-01
-6.582750e-02
-6.542625e-01
5.614880e-02
-4.093692e-01
4.574985e-01
2.855496e-01
6.704409e-02
4.240237e-02
7.000384e-02
-2.744105e-01
7.385896e-02
-5.528679e-03
-2.524202e-02
3.657909e-01
-3.762858e-02
1.633353e-01
2.322812e-01
3.433999e-03
2.334328e-01
7.698298e-02
-1.897844e-02
-3.778816e-02
-8.518815e-02
