-7.260832e-01
1.831364e-01
-3.137805e-01
64
2.353535e+02
-1.512278e+01
3.528041e-04
-4.888265e+05
-2.929112e+04
1.806888e+06
1.140598e+06
2.437150e+05
-8.175592e+05
1.866781e+05
-8.598126e+04
-3.900084e+05
3.126348e+05
-4.128059e+05
-1.357469e+05
4.924507e+04
7.865555e+03
-2.721078e+04
2.734734e+04
-1.007649e+05
1.378315e+04
-1.224439e+05
1.113826e+05
5.401541e+04
7.350978e+04
1.970434e+05
-2.097772e+05
1.628346e+05
5.073971e+04
-7.250484e+04
1.485428e+05
1.782861e+05
2.466921e+05
4.568551e+04
-6.331346e+04
3.671450e+04
4.259185e+04
2.639208e+04
-5.968689e+04
-1.286732e+04
-1.738252e+04
2.196656e+03
-6.367380e+04
2.316417e+04
2.738920e+04
1.663678e+03
5.423596e+04
-7.365280e+03
1.904585e+03
-1.386509e+04
-2.957473e+04
2.449530e+04
9.254164e+03
1.009171e+04
-1.488565e+04
-4.234905e+04
-1.767303e+04
2.545933e+03
8.863240e+03
-1.230101e+04
7.102684e+03
-1.145659e+04
-6.079599e+03
2.257787e+04
-4.425537e+03
8.540316e+03
7.818118e+02
8.276260e+03
-5.149844e+03
-9.544955e+03
-7.243607e+03
1.890136e+03
3.533789e+03
-6.696656e+03
-2.931486e+03
1.327906e+03
-7.520024e+03
-4.609536e+03
-8.636357e+02
-9.070255e+02
1.246335e+04
-5.554529e+02
-1.201443e+03
3.804068e+03
2.898732e+03
-8.063223e+03
3.661393e+03
-4.619527e+03
8.566576e+03
7.408027e+03
-2.574538e+03
-8.578124e+02
4.814796e+03
2.801583e+03
-1.726993e+03
-2.840088e+03
-1.564225e+02
-2.450266e+03
-3.103381e+03
-5.617147e+03
3.484784e+03
6.238301e+02
3.113098e+03
1.240580e+03
2.763432e+03
4.505547e+03
-2.189128e+02
3.667427e+03
6.683542e+02
4.714048e+03
-5.189587e+02
-6.280651e+02
-6.211644e+02
-3.566591e+02
-4.137264e+02
1.160255e+03
1.427281e+02
-9.724169e+02
-1.353220e+03
2.671952e+03
3.380762e+03
-1.403817e+03
-1.452981e+03
-3.699950e+01
4.856489e+01
-1.942923e+02
1.541054e+03
-7.000290e+01
8.453862e+02
-8.013013e+01
-1.312916e+03
2.959019e+02
1.537863e+03
-7.063131e+02
-1.087257e+03
1.776888e+03
-6.085496e+02
-2.603535e+02
2.373754e+02
-7.376253e+02
-7.725044e+02
5.626166e+02
3.440876e+02
-5.080663e+02
7.384483e+02
-1.763532e+02
6.788274e+02
2.155905e+02
1.016938e+03
1.027713e+03
-3.559704e+02
-2.240212e+01
-9.985539e+01
1.575105e+03
-7.574843e+02
-4.862415e+02
3.830926e+02
1.408026e+02
8.233741e+02
1.966057e+02
-1.659690e+02
-3.436382e+02
2.872136e+02
-4.223135e+02
1.430706e+02
8.210115e+02
1.979355e+02
-9.064634e+01
-7.096996e+01
5.386165e+02
-5.511705e+01
-2.792258e+02
1.217106e+02
3.530655e+01
2.867188e+02
-1.370292e+02
-1.790172e+02
-9.064471e+01
1.169031e+01
2.458631e+02
1.400456e+02
1.521683e+02
1.990275e+02
-3.700901e+01
4.375882e-01
2.812438e+02
-2.292763e+02
5.233686e+01
2.166224e+01
1.636061e+02
-2.709674e+02
1.276266e+02
3.476118e+01
-1.692390e+02
3.379152e+01
1.688433e+02
-2.588978e+01
-8.789253e+01
-2.025494e+02
8.844143e+01
9.171311e+01
9.877670e+01
2.341062e+00
-1.720684e+00
-2.391596e+00
-8.496144e-01
-6.360465e-02
-7.357659e-01
-5.194216e-01
-4.667222e-01
8.127770e-02
-1.023242e+00
8.271842e-02
-1.363417e+00
-1.326206e+00
3.038133e-01
8.052450e-02
-2.545102e-01
-2.434526e-02
1.182547e-01
-2.696645e-02
2.308059e-01
3.955350e-01
2.381277e-03
4.297875e-01
-9.070774e-01
-1.199249e+00
-2.438960e-01
1.181028e-01
-4.643543e-01
-2.711884e-01
