-6.749815e-01
1.322151e+00
-1.160942e-01
5.632000e+01
2.050533e+02
-1.114022e+01
3.580503e-04
-2.211622e+05
-2.327196e+05
-2.010747e+05
-2.112214e+05
2.893421e+04
-1.171176e+04
-1.753442e+05
6.738262e+04
-2.337901e+05
5.259843e+04
-3.597773e+04
6.219952e+04
-4.254908e+04
-6.895532e+04
-7.368327e+04
2.210645e+03
-1.007640e+04
-2.153377e+02
-3.414764e+01
-2.026330e+04
2.641393e+04
3.854965e+03
-3.733420e+04
-3.474755e+04
-2.519975e+04
2.087527e+04
-3.602130e+04
1.288712e+04
5.475909e+03
-1.214218e+04
1.452721e+04
-1.641948e+04
2.131036e+04
3.305503e+03
-2.547043e+04
3.363310e+03
-5.432908e+03
1.837569e+04
6.127465e+03
8.446043e+03
4.898535e+03
-1.238513e+04
-2.157995e+03
9.650545e+03
-1.060380e+04
5.267227e+03
-3.808761e+03
-3.299869e+03
1.075421e+04
2.741490e+03
1.253578e+04
4.503668e+02
-9.322818e+03
-2.556118e+03
7.065254e+03
-2.984438e+03
-1.997252e+03
2.606523e+03
5.296815e+03
6.845116e+03
9.130661e+03
-5.100323e+03
1.607132e+03
4.675559e+03
1.078926e+02
-2.844932e+02
-2.682499e+03
4.754717e+02
-4.373595e+02
6.306356e+02
8.252085e+01
-6.580844e+03
6.085810e+02
-1.164223e+02
2.357927e+03
-1.479024e+03
1.801338e+03
3.778940e+03
4.769728e+01
-7.336677e+02
-6.626458e+02
-1.082575e+03
4.652879e+02
1.615423e+03
1.713135e+03
2.363136e+03
1.846681e+03
-8.101790e+02
3.320634e+02
1.558205e+03
-4.149335e+02
5.468401e+02
-2.404974e+02
-3.394507e+02
-5.384996e+02
8.562329e+02
-2.039517e+03
1.915232e+03
-7.193223e+02
8.021212e+02
3.316550e+02
9.450719e+02
1.705687e+03
-1.039230e+02
2.460768e+03
-2.885547e+01
3.874683e+02
-1.549393e+02
-4.937103e+02
-3.820835e+02
-5.057207e+02
-3.605293e+02
3.453912e+02
-4.182375e+01
6.829205e+02
-6.607408e+02
6.842884e+02
7.453182e+02
-2.946402e+02
2.550430e+02
-4.676272e+02
-2.962103e+02
-5.228722e+01
1.281317e+02
1.642401e+02
-4.812852e+02
-2.838389e+01
-6.283193e+02
-2.937981e+02
8.074860e+02
-2.513619e+02
3.754969e+02
4.448972e+02
-2.051033e+01
-3.226575e+01
1.456745e+02
9.904592e+01
-2.918158e+02
2.340968e+02
2.258230e+02
-3.447335e+02
-1.366153e+02
2.979995e+02
2.501988e+02
3.646658e+02
1.533378e+02
4.457105e+01
-3.701436e+02
-9.458046e+00
-1.043616e+02
8.783475e+01
-1.128504e+02
-8.512283e+01
9.234208e+01
8.020201e+01
3.545961e+01
-5.048646e+01
-2.751350e+01
3.220732e+01
1.016367e+02
1.501915e+02
-2.134330e+02
1.248886e+02
3.389041e+01
5.199490e+01
2.286170e+02
5.221844e+01
-1.409647e+02
4.700245e+01
1.030072e+01
1.003545e+02
3.466596e+01
-4.349197e+01
6.645690e+01
6.747006e+01
2.180146e+01
7.206017e+00
7.889516e+01
3.788261e+01
1.300880e+02
7.865323e+01
-1.586922e+02
-1.574415e+01
3.967328e+01
7.766622e+01
-3.482610e+01
5.322527e+01
-1.019390e+01
-5.157269e+01
-9.532525e+01
-1.809793e+01
-5.904121e+01
4.361177e+01
1.099967e+01
-9.901790e+01
6.214580e+01
-4.885955e+01
2.831672e+01
2.855806e+01
-4.373601e+00
1.152714e+00
-1.748056e-01
1.133897e+00
-1.523320e-02
2.372542e-01
-2.602057e-01
-1.414285e+00
-1.345573e-02
-2.576010e-01
7.737635e-02
-5.928649e-01
-1.929679e-02
1.081947e-01
2.819047e-01
-3.826382e-02
-4.226808e-02
7.984655e-02
1.094914e-01
-1.158849e-01
1.031699e-01
1.472734e-01
9.809531e-03
-1.144170e-01
1.562207e-01
1.293678e-02
1.435588e-02
-6.133850e-02
3.234116e-03
