-1.047885e-01
9.837244e-01
-2.784342e-01
5.290667e+01
1.732357e+02
-1.864623e+01
3.424141e-04
-1.686649e+05
-2.123016e+05
3.455115e+05
5.520264e+04
5.813329e+04
8.503630e+04
-1.603875e+05
1.309321e+05
-1.209341e+05
6.672152e+04
5.045030e+04
4.542534e+04
-1.416127e+04
-5.386679e+04
-4.331852e+04
1.808106e+04
-2.125731e+04
-2.557657e+02
-4.694966e+04
3.230017e+04
-7.660467e+03
-3.147954e+03
-1.329214e+04
-5.651452e+04
4.083561e+03
-3.111665e+04
-1.453761e+04
1.400924e+04
8.529574e+03
-1.242391e+04
4.881683e+03
-9.408614e+03
-8.109786e+03
7.565512e+03
-2.254959e+03
-2.082397e+03
-4.890215e+03
1.658895e+04
-1.491811e+04
7.234645e+02
5.960679e+03
-3.533534e+03
-1.608259e+03
6.352531e+03
1.503473e+03
1.400027e+03
-9.028974e+02
-6.967713e+03
6.097266e+03
1.072942e+03
8.742101e+03
6.184342e+02
-9.742095e+03
-4.460658e+03
-3.092396e+03
-3.254566e+03
-4.179198e+03
-1.849423e+03
4.217863e+03
2.537821e+03
4.198066e+03
-4.527884e+03
3.685509e+02
3.532471e+03
5.154789e+03
7.447154e+02
-1.015395e+03
6.718554e+01
1.436314e+03
1.624978e+03
-2.092347e+03
-4.240465e+03
-8.699172e+02
-2.570812e+03
-1.126050e+02
-1.431805e+03
1.132439e+03
2.239768e+03
1.264735e+03
-2.653273e+02
-4.135755e+02
-9.737172e+02
-4.677213e+02
1.138089e+02
-1.519629e+03
2.354714e+03
1.302257e+03
-8.311976e+02
1.089168e+03
9.290204e+02
2.598218e+02
-7.480846e+01
8.497104e+02
-1.123028e+03
-1.041178e+03
-1.950270e+02
-1.031805e+03
7.133731e+02
-1.058842e+03
8.935330e+02
3.697951e+02
1.247149e+03
8.380570e+02
1.207333e+02
1.408905e+03
-8.503020e+01
5.370635e+02
-6.539696e+02
-1.650145e+02
-1.659357e+02
-8.774449e+01
-4.271622e+02
2.678340e+02
4.172843e+01
1.685470e+02
-4.380399e+02
6.357283e+02
3.808889e+02
-3.289956e+02
-1.964433e+01
9.870864e+01
9.916998e+01
-3.054784e+02
1.228943e+02
2.021913e+02
-1.447013e+02
2.254917e+02
-5.808596e+01
-1.488410e+02
3.728443e+02
-1.126202e+02
-1.303526e+01
8.363002e+00
-1.074760e+02
5.085472e+00
3.374089e+00
5.546446e+01
1.150306e+01
1.632470e+02
7.803087e+01
-2.811039e+02
-3.627662e+01
1.137993e+02
2.573427e+02
2.851904e+01
2.143834e+02
3.943490e+01
6.212481e-01
3.056153e+01
-7.965091e+00
1.608487e+02
-1.497643e+02
-1.299186e+02
2.771725e+02
-1.276319e+02
2.931043e+01
5.263375e+00
-4.422517e+01
-2.970567e+00
-5.755218e+01
9.613392e+01
-1.876762e+02
9.505208e+01
9.452845e+01
1.310565e+02
7.297790e+01
-5.261949e+00
-2.110081e+01
-4.770177e+01
-8.706600e+00
-3.851148e+00
-8.258236e+01
-1.970581e+01
8.628123e+01
7.236701e+01
-1.869880e+01
-3.110619e+00
7.314844e+01
-4.332702e+01
7.454602e+01
3.991451e+01
-7.870593e+01
-2.797441e+01
3.206565e+01
4.790240e+01
-3.271905e+01
4.052685e+01
-1.174411e+00
-2.189024e+01
-5.197704e+01
-2.096299e+01
2.631392e+00
6.701763e-01
3.786800e+00
-4.702645e+01
-9.666265e+00
-6.528553e+01
4.225536e+01
2.575360e+01
-9.386272e-01
1.229870e+00
-2.750488e-01
2.147592e-01
1.447341e-01
-1.361537e-01
-2.643967e-01
-1.045088e-01
-3.818941e-02
-2.921784e-01
9.252390e-02
-6.191993e-01
5.237535e-03
7.209449e-02
1.194723e-01
2.219914e-01
-5.770284e-02
-5.110246e-02
-6.906936e-03
-2.292894e-01
8.505385e-02
5.590832e-02
-2.037743e-01
4.811905e-03
-2.186701e-02
3.133495e-02
-5.339764e-02
-9.415058e-02
3.120085e-02
