-5.846361e-02
-1.566179e+00
-3.280138e-01
5.688889e+01
1.850199e+02
-6.514569e+00
3.580447e-04
-3.758750e+04
-3.177245e+05
5.255682e+04
1.044505e+05
-1.051978e+04
1.829298e+05
-6.687285e+04
-3.415992e+03
-7.604884e+04
4.406498e+04
7.401873e+04
1.725820e+05
-1.187140e+05
-4.114964e+04
-8.458750e+03
-1.372141e+04
3.219721e+04
1.449633e+03
-2.522733e+04
-5.461655e+04
-3.314827e+04
2.877737e+04
2.500743e+04
-7.576096e+04
-9.265130e+03
1.851218e+03
-9.698776e+04
1.589657e+04
-6.452967e+03
2.675127e+04
4.923946e+04
4.058827e+04
8.511779e+03
8.888440e+03
-6.180839e+03
-2.876779e+04
-1.736564e+04
1.148850e+04
2.484899e+04
1.150545e+03
1.827711e+04
-2.604691e+04
-1.801437e+04
2.388638e+04
-6.499686e+03
6.505073e+03
3.358503e+03
-1.239510e+04
-8.266473e+01
4.913570e+03
5.294810e+03
-1.271368e+04
-1.046583e+04
-2.963461e+03
-9.904866e+02
-3.314590e+03
-3.311633e+03
-1.474103e+03
9.050462e+03
-3.278632e+03
2.829892e+03
-8.626001e+03
8.138138e+03
4.158199e+03
-7.673336e+02
-5.801061e+01
2.194524e+03
3.086146e+03
1.875181e+03
1.896965e+03
4.978547e+03
-9.066295e+03
-2.473949e+03
-2.306231e+03
6.457924e+02
-2.384786e+03
5.622780e+02
1.134258e+03
6.195248e+03
-9.072575e+02
-1.356454e+03
1.669507e+03
-2.367753e+03
1.865802e+03
8.508959e+01
1.139371e+03
1.778228e+03
-6.816328e+01
1.814682e+03
3.111723e+03
1.073149e+03
2.995081e+02
9.456926e+02
-1.391999e+03
5.740533e+02
1.437365e+02
-1.250464e+03
3.020635e+02
1.400074e+02
2.036615e+03
3.907450e+01
4.007166e+02
1.181079e+03
-2.654424e+02
1.392037e+03
-1.833459e+01
9.772741e+02
8.082896e+02
3.629377e+02
6.835438e+02
-5.401271e+02
-1.243131e+03
5.254127e+02
-5.707466e+02
-7.478716e+02
2.839291e+02
3.299229e+02
2.417112e+02
-4.992741e+02
-2.919001e+02
4.779921e+02
-1.874585e+02
-6.120870e+02
9.433444e+01
4.043356e+01
4.374408e+02
4.943147e+02
5.967611e+01
1.344638e+02
3.658640e+02
-4.872205e+02
2.719433e+02
-3.130127e+02
1.816107e+02
2.897936e+02
-1.218179e+02
4.511915e+02
-1.930984e+02
-1.704079e+02
2.393546e+02
1.954392e+02
3.937906e+02
2.333655e+02
7.967926e+01
-2.185691e+02
-9.212431e+01
2.387388e+02
-3.808524e+02
-1.386112e+02
1.717588e+02
1.831221e+02
-3.476518e+02
-4.416930e+01
2.973424e+02
-3.849835e+01
1.856446e+02
1.576392e+02
1.621817e+02
-2.395340e+02
-1.218482e+02
1.045736e+01
-1.760543e+02
5.060213e+01
-7.775849e+01
1.346716e+02
2.078316e+01
2.168242e+00
1.728709e+02
-1.742576e+02
1.584103e+01
-6.368277e+01
-1.027957e+02
5.689617e+01
-8.562122e+01
1.145695e+02
-7.567873e+01
-4.659241e+01
3.462212e+00
-3.138165e+01
2.143506e+02
3.658630e+01
-2.466794e+01
5.015383e+01
6.063564e+01
2.444059e+01
-2.361298e+01
9.385203e+01
1.253715e+02
-7.154346e+00
-3.742996e+01
-3.010363e+01
2.250412e+01
-8.716722e-01
1.440548e+01
-7.254249e+01
2.160853e+01
-1.215533e-01
2.846556e+01
1.186654e+01
-1.243480e+00
2.030744e+00
-4.657983e-01
7.663022e-02
4.537113e-01
-7.672704e-01
-8.963352e-02
4.756899e-02
9.815416e-02
-3.790801e-01
-2.378420e-01
-3.554307e-01
-2.359340e-01
-1.971267e-02
-3.240913e-02
8.799623e-02
-6.186507e-02
2.062913e-01
1.355075e-01
-1.661765e-01
9.848196e-02
-1.196395e-01
-7.493719e-02
-1.235185e-01
1.721907e-02
9.514466e-02
4.548645e-02
-9.767413e-02
1.148975e-01
