-2.399106e-01
1.465940e+00
-2.905291e-01
4.721778e+01
1.756914e+02
-9.264273e+00
3.084842e-04
-4.066958e+05
-1.266294e+04
5.720041e+05
-5.812047e+05
6.786696e+04
-3.031932e+05
-2.689811e+04
2.492399e+05
-2.355020e+05
1.044927e+05
-5.829164e+03
1.062439e+05
-3.092442e+03
3.935242e+04
2.333317e+03
-6.980598e+04
-2.977410e+02
-7.542945e+04
-2.090758e+04
-3.024934e+04
-2.315402e+04
3.162264e+04
-1.473969e+04
1.779373e+04
-3.978410e+03
-1.988866e+04
-7.408993e+03
-1.797449e+04
2.112483e+04
2.602488e+04
1.254815e+02
6.722546e+03
5.033275e+03
3.028405e+04
-3.732606e+04
-1.115421e+04
-3.298347e+04
-2.658027e+03
2.081560e+03
2.123932e+04
1.425751e+04
-2.072986e+04
-4.830799e+03
1.836936e+04
-1.858264e+03
2.256802e+03
2.474693e+03
-9.731156e+02
9.329985e+03
1.005027e+04
1.129938e+04
-1.058746e+03
-1.142344e+04
-7.922766e+03
6.095021e+03
-1.324178e+03
2.601760e+03
-7.814146e+03
3.060117e+03
2.938898e+02
9.779882e+03
-2.180502e+03
1.028438e+03
-7.534772e+01
4.594714e+03
5.045179e+03
-4.057717e+02
-1.967204e+03
-1.321450e+03
-1.426749e+03
-1.896960e+03
-4.394587e+03
-9.020527e+02
-1.216495e+03
1.304943e+02
-7.955353e+02
7.153632e+02
2.610283e+03
1.215024e+03
-5.009116e+02
-2.013704e+03
1.334058e+03
-5.996831e+01
1.222391e+03
2.250784e+02
7.360870e+02
2.323258e+03
1.484036e+02
2.687731e+01
2.306893e+03
-9.232731e+02
-9.218228e+02
-2.605889e+02
-1.072837e+03
-4.834351e+02
8.438548e+02
-1.565391e+03
1.066805e+03
-1.334895e+03
5.134648e+02
9.205471e+02
1.100731e+03
1.487987e+03
8.267885e+02
7.861357e+02
1.950868e+02
9.026456e+02
3.803278e+02
2.830451e+02
-6.795545e+02
-7.569171e+02
-1.285369e+03
5.158036e+02
2.742733e+02
6.229843e+02
-1.165307e+01
2.240121e+02
8.487627e+02
-2.060272e+02
1.437401e+02
-2.115521e+02
-6.018486e+02
-2.151387e+02
-9.805930e+01
-1.555952e+01
-4.250600e+02
-5.039794e+01
-2.598937e+02
-2.796580e-01
1.409771e+02
-1.744908e+02
-4.195053e+01
8.618372e+01
-2.695169e+02
-3.545683e+00
2.234747e+02
1.864137e+02
-1.923898e+02
-8.262223e+01
8.758115e+01
-4.750222e+01
-3.494792e+02
1.789989e+02
3.449396e+02
2.257844e+02
-2.034352e+02
-4.042249e+01
1.473461e+02
9.065117e+01
-3.237516e+02
3.447045e+02
4.367203e+01
-1.256199e+02
1.545519e+02
-5.356477e+01
-4.451116e+01
-7.245094e+01
-3.766530e+02
4.158342e+01
-1.912194e+01
1.116466e+02
-3.559102e+02
9.670031e+01
8.886417e+01
5.073771e+01
1.923658e+02
1.528535e+02
-1.750948e+01
-8.498094e+01
7.336458e+01
6.821121e+01
-8.552974e+01
-5.037304e+01
-5.496818e+01
7.459940e+01
5.199634e+00
-5.546754e+01
5.369727e+01
2.902227e+01
1.477632e+02
1.548175e+02
-1.580439e+02
-4.060643e+01
7.360199e+01
7.283474e+01
-1.773211e+01
-3.173377e+01
-4.880059e+01
-8.622469e+00
-3.147279e+01
5.393247e+01
7.432869e+00
4.475857e+01
4.198712e+01
-8.583687e+01
-1.060300e+01
-2.755293e+01
3.993421e+00
1.103520e+01
-2.769092e+00
9.038182e-01
-6.642380e-01
4.790409e-03
6.552061e-02
-1.834331e-01
-5.967195e-01
-1.902653e-01
-1.906314e-01
-1.055693e-01
1.247642e+00
1.906196e-01
-3.619493e-01
-2.108686e-01
4.399593e-01
1.302626e-01
-9.369577e-02
-6.356683e-02
-7.573105e-02
3.582467e-01
-2.327407e-01
6.440127e-02
-2.087945e-02
-3.108357e-01
2.599693e-01
2.333739e-02
6.949185e-03
2.888679e-02
-3.133774e-03
