-2.592814e-01
1.038928e-01
1.494766e-02
5.063111e+01
2.018141e+02
-2.786569e+01
3.723409e-04
-1.203119e+05
3.039771e+04
3.045437e+05
-2.284999e+04
8.903365e+04
-1.333824e+05
-1.936850e+04
6.566063e+04
-1.290358e+05
3.816251e+04
-1.003299e+05
6.253670e+04
-2.438678e+04
5.467930e+03
4.421660e+03
-4.674812e+04
1.735438e+04
-3.513956e+04
-3.460281e+04
-4.877054e+04
-1.675587e+04
2.119881e+04
-6.370048e+03
-5.364552e+03
-2.902376e+04
8.584689e+03
-3.068600e+04
-1.970645e+04
-2.254858e+04
5.186769e+03
4.922426e+03
5.369580e+03
-1.213341e+04
5.121125e+03
6.597612e+03
-2.136481e+04
-1.560552e+04
1.524833e+04
7.825360e+03
1.610332e+03
1.416237e+04
-1.349640e+04
-3.550338e+03
2.393672e+04
-1.734023e+03
4.995471e+03
6.333109e+03
-8.535244e+03
-6.892882e+03
3.624713e+03
8.037379e+03
-2.883222e+03
-6.294648e+03
-2.782884e+03
5.928189e+03
2.826195e+03
3.573698e+03
-1.838776e+03
5.776798e+03
6.846702e+02
1.533173e+01
-4.828900e+03
9.060005e+03
5.172205e+02
-2.683469e+02
-4.059828e+03
1.014221e+02
-2.202528e+03
-7.306224e+02
1.584606e+03
1.750525e+03
-3.417404e+03
-9.675821e+02
-4.314484e+02
5.304953e+02
-2.758715e+02
3.669433e+03
5.561377e+02
2.086669e+03
-1.182279e+03
4.081079e+02
4.662913e+02
-1.187293e+03
7.582915e+02
-8.735661e+02
1.734789e+03
2.037180e+03
-3.902856e+02
2.441684e+02
1.120446e+03
-1.242159e+03
-6.930308e+02
-3.156970e+02
-1.022179e+03
-3.341432e+02
3.247030e+01
-4.358946e+02
-1.125774e+03
5.600394e+00
1.488561e+03
5.317589e+02
7.183639e+02
1.016892e+03
3.303069e+02
7.792144e+02
-3.623729e+02
6.863840e+02
-2.393691e+02
-4.060462e+02
-9.580605e+02
-1.165856e+02
-2.846022e+02
5.808721e+02
-4.685968e-01
1.775826e+02
-1.673877e+02
3.587233e+02
6.655746e+02
2.329300e+02
-2.917227e+01
1.803035e+02
-2.495098e+02
-2.494773e+02
3.774733e+02
5.364592e+02
-4.891324e+01
1.454090e+02
2.008643e+02
-7.947836e+01
1.784209e+02
2.076070e+02
1.854982e+02
-2.349483e+02
-9.495596e+01
-6.420415e+01
-1.181092e+02
1.420083e+02
-6.326757e+01
1.585613e+02
-7.810327e+01
5.836732e+01
1.578975e+02
3.568199e+02
9.939790e+01
1.309976e+01
-2.032238e+02
1.277346e+02
-1.486766e+02
-3.075917e+00
7.913116e+01
1.247340e+02
-8.542780e+01
-9.186903e+01
1.512304e+02
-1.491060e+00
1.166662e+02
-6.796940e+01
1.331330e+01
-1.318350e+02
-7.946729e+01
4.184407e+01
-9.362561e+01
1.280204e+01
6.733505e+01
-4.777012e+00
3.472434e+01
8.314931e+01
-2.259607e+01
-3.456958e+01
7.638079e+01
1.000281e+01
-9.170918e+01
3.591081e+00
-4.734881e-01
1.800304e+02
-3.359590e+01
-7.493216e+00
-2.443466e+01
2.587022e+01
3.932281e+01
2.300402e+01
-5.027231e+01
-2.295525e+01
7.120034e+00
6.347449e+01
5.048549e+01
2.214339e+01
5.142735e+01
-5.888126e+01
-5.733363e+01
-6.579494e+01
1.016987e+01
8.645673e-01
5.996706e+01
-1.041616e+02
-3.711288e+01
-2.252684e+01
3.564367e+01
1.809596e+00
-3.045246e-01
-9.197736e-01
-2.806199e-01
-9.885141e-01
-7.855407e-02
3.523425e-02
-7.795360e-02
-1.779737e-01
-9.991775e-02
-9.086233e-02
1.966058e-01
-5.510422e-01
2.831561e-02
-8.315035e-02
-2.792224e-03
1.040891e-01
4.181655e-02
1.683883e-01
8.608078e-02
-1.022089e-01
2.616717e-01
-3.461984e-02
8.038542e-02
-2.831191e-02
-4.293811e-02
3.753295e-02
7.039276e-02
-9.613460e-03
7.865683e-02
