-2.445094e-01
1.312389e+00
-1.221133e-01
5.518222e+01
1.862980e+02
-1.214603e+01
3.431597e-04
-5.036838e+04
-1.680138e+05
-3.836494e+05
2.315655e+05
1.650398e+05
-1.389481e+05
-7.754294e+04
-1.589654e+05
-1.190091e+05
-7.809537e+04
-6.694919e+03
2.237800e+05
-3.699550e+04
-3.119136e+03
-1.218646e+03
8.230573e+04
-4.378280e+03
-6.727046e+03
-7.598261e+04
-5.640469e+01
-1.941491e+04
8.673237e+03
3.275079e+04
-3.862743e+04
-3.860818e+04
4.221007e+04
2.339860e+03
-4.914039e+03
-1.159633e+04
1.116253e+04
-1.796612e+04
-3.890899e+04
-2.652496e+04
-2.992131e+04
-7.434765e+03
-1.452921e+04
1.955155e+04
-7.585215e+03
-5.085309e+03
3.629948e+03
-4.425733e+03
2.473412e+04
6.389903e+03
-2.510590e+03
-2.754502e+04
5.564946e+02
1.326403e+04
-1.309335e+04
6.929169e+02
5.298013e+03
1.016044e+04
-8.757451e+03
-5.476645e+03
2.314254e+03
1.011841e+04
-2.671400e+03
3.512987e+03
6.678696e+03
1.566135e+03
3.168744e+03
-7.345093e+02
-5.905295e+03
1.469205e+03
2.221686e+03
1.209010e+03
-6.725913e+03
2.382021e-01
-1.000469e+03
-3.317932e+03
-1.680286e+03
5.437478e+03
-5.045527e+02
-1.093072e+03
2.724423e+03
1.957110e+03
-4.422910e+03
2.094559e+02
3.149651e+03
-2.987201e+02
1.002683e+03
-6.351376e+02
-2.146160e+03
3.056884e+02
5.262548e+02
-8.970114e+02
-3.041375e+02
1.500458e+03
-2.182541e+03
1.080420e+03
8.881730e+02
3.330302e+01
-5.661711e+02
-6.115826e+02
-3.620544e+02
-9.673063e+02
2.627213e+02
-2.672185e+02
-3.944374e+02
7.528248e+02
1.020885e+03
5.960234e+02
-1.088279e+03
2.732742e+02
-6.776103e+02
1.125655e+03
1.567831e+02
1.109556e+03
-2.699307e+02
-5.138311e+02
-1.407803e+02
1.367096e+02
-3.099827e+02
-3.609287e+02
-7.532729e+02
-1.158953e+03
-1.487962e+02
9.103732e+01
3.530117e+02
3.069106e+02
-3.129307e+02
-1.863288e+02
-3.217902e+02
4.448068e+02
9.793510e+02
7.854589e+02
1.937371e+02
4.780648e+02
-4.382745e+02
1.404126e+02
2.999118e+02
2.443244e+02
4.378328e+02
-2.913551e+02
-1.343626e+01
-5.021841e+02
1.195471e+02
-3.436176e+02
3.541383e+02
2.057265e+02
6.853582e+01
4.507528e+01
1.318165e+02
4.673131e+01
2.641861e+02
5.309461e+01
9.885727e+01
3.602665e+02
-2.019577e+02
7.926051e+01
7.804828e+01
3.783975e+02
-7.795110e+01
-1.710836e+02
-5.486180e+01
4.816736e+01
1.121116e+02
3.161113e+01
2.012028e+02
-6.855141e+01
-2.662929e+01
-2.907935e+01
2.572986e+02
1.021410e+02
8.367471e+01
-5.456335e+01
-1.068430e+02
-5.417980e+01
-2.251534e+01
1.009070e+02
8.803635e+00
7.640822e+00
7.910172e+01
6.813089e+01
3.454667e+01
9.499355e+01
7.020850e+01
1.058194e+02
9.437890e+01
-2.124253e+01
-5.304559e+01
-1.645861e+01
-9.023969e+01
-3.597789e+01
-4.130305e+01
8.826265e+00
1.056657e+02
7.251552e+01
2.996663e+01
-4.100100e+01
3.427362e+01
-4.030981e+01
3.933240e+01
5.128762e+00
8.112498e+01
-3.560572e+01
3.239707e+01
-8.285181e+00
2.255002e+01
-2.257479e+00
-7.391634e-01
1.397576e+00
-1.695839e+00
-4.110487e-01
-2.430620e-01
6.427718e-03
-1.142502e-01
-7.773396e-01
-4.093165e-01
-9.077206e-01
-8.055399e-02
-2.943586e-01
1.424954e-01
6.289769e-02
-1.899258e-02
2.027787e-01
8.494247e-02
1.593451e-01
-2.635962e-02
-5.241795e-02
4.612047e-02
2.002243e-02
2.111428e-01
-7.344817e-02
-2.252876e-01
7.007869e-02
-1.944718e-02
-2.062966e-01
2.296632e-01
