-3.282292e-01
1.122797e+00
2.836151e-02
5.432889e+01
1.925624e+02
-1.600873e+01
3.615711e-04
-1.409546e+05
-3.237438e+05
5.379787e+04
-2.843096e+05
1.455616e+05
-2.779209e+05
1.615319e+05
-1.298802e+04
-5.001088e+04
1.451047e+04
-1.717223e+05
1.056510e+04
3.947891e+04
6.629956e+04
-7.080423e+04
-7.358330e+04
1.206321e+03
2.865122e+04
-45122
-5.827159e+04
4.111497e+04
2.774657e+04
3.128308e+04
-5.967522e+04
-2.001440e+04
5.151589e+03
-4.486223e+04
-1.040060e+04
-9.736129e+03
1.769879e+04
-1.943986e+04
4.597272e+03
1.330743e+04
3.314790e+04
-1.021230e+04
-1.280104e+04
-1.668240e+04
1.319524e+04
2.233130e+04
2.504495e+03
6.424427e+03
-1.690025e+04
-3.618800e+03
6.180293e+03
2.062280e+02
3.662362e+03
-7.977663e+03
1.637312e+03
2.417772e+02
3.703361e+03
7.219445e+03
-8.968557e+02
-8.189290e+03
-9.239615e+03
1.145017e+04
-4.646728e+03
1.678333e+03
-6.179217e+03
1.859741e+03
-2.329336e+03
9.305355e+03
-4.880008e+03
5.371633e+03
-1.215738e+03
1.010403e+03
1.226672e+03
7.132429e+02
1.507820e+03
-1.061806e+02
1.995136e+03
-2.461948e+02
-1.568253e+03
1.090063e+03
-3.018343e+03
-1.338993e+03
7.844354e+02
-3.893630e+02
1.920197e+03
2.667326e+03
-6.842499e+02
-1.289615e+03
9.244579e+02
-4.765369e+02
1.591258e+03
2.173257e+03
1.927920e+03
1.154084e+03
2.086448e+02
3.446275e+02
9.045289e+02
-1.696338e+03
2.867416e+02
-1.638107e+03
1.010960e+03
1.290726e+02
1.839377e+02
-1.930817e+03
-3.718701e+02
-3.710249e+02
1.630809e+03
1.282566e+03
1.462112e+03
1.539246e+03
2.159791e+02
3.807951e+02
3.491427e+02
7.003026e+02
3.879560e+02
5.988122e+02
-8.092016e+02
-6.852921e+02
-7.133157e+02
-5.966130e+01
6.284933e+02
4.512259e+02
-4.045124e+02
-1.245559e+02
8.166602e+02
-6.468943e+02
-1.958464e+02
-3.320391e+02
-2.557105e+02
-3.243442e+02
3.518624e+01
5.639171e+02
-5.421337e+02
-2.485695e+02
-2.043708e+02
-2.408177e+01
2.578683e+01
-1.807006e+02
-6.340769e+01
8.883549e+00
-1.629086e+02
1.402510e+02
3.864985e+01
8.839731e+01
-4.306046e+02
5.786189e+01
4.133408e+02
9.387053e+01
-2.995158e+02
5.415660e+02
1.147589e+02
1.855490e+02
-1.126232e+02
5.402173e+00
-4.317556e+01
1.864973e+01
-6.457816e-01
2.521125e+02
1.805278e+01
-3.135893e+02
2.072182e+00
-1.668627e+02
1.472209e+02
-2.715145e+02
-1.463400e+02
3.087409e+01
4.001486e+01
7.858564e+01
-2.086576e+02
7.154740e+01
1.600753e+02
2.892038e+01
8.783768e+01
1.678865e+02
1.236628e+02
-6.330136e+01
4.900391e+01
9.661848e+01
-8.287744e+01
-1.986722e+01
-5.090332e+01
1.850632e+02
-8.692896e+01
-2.718554e+01
7.037526e+01
-7.963104e+00
1.680848e+02
1.274070e+02
-6.698681e+01
-1.401805e+01
2.673507e+01
6.710300e+01
-2.975951e+01
2.997642e+01
-1.300793e+01
-5.102500e+00
-2.214784e+01
-7.172498e+01
-5.100248e+01
3.546714e+00
4.013733e-01
-9.433577e+01
-3.812348e+01
-2.503291e+01
5.777494e+01
2.991459e+01
-2.220183e+00
1.674928e+00
-4.737611e-01
-4.373005e-01
-3.664810e-01
-4.008121e-01
-1.965724e-01
5.299461e-02
2.504682e-01
-2.281658e-01
4.731252e-01
-1.260838e-01
4.914671e-02
-2.313897e-01
3.763799e-01
2.807217e-02
-8.302827e-02
-8.634050e-02
-6.962092e-02
2.359172e-01
1.231853e-01
-8.680610e-02
7.576258e-02
-2.475541e-01
3.653286e-01
-2.852382e-02
-5.435389e-03
-7.839357e-02
3.107909e-02
