-3.714925e-01
1.443327e+00
8.773397e-02
5.461333e+01
1.785369e+02
-7.191281e+00
3.437505e-04
-1.609939e+05
7.180309e+04
2.850662e+05
6.216152e+04
5.182651e+04
1.771201e+04
-1.839346e+05
1.416131e+05
-7.213482e+04
1.613998e+05
-2.959630e+04
4.609657e+03
-1.153036e+05
1.977192e+03
-1.022309e+05
8.375172e+04
-1.375689e+04
-1.188478e+04
-1.503529e+05
-6.790600e+03
-1.636700e+04
1.409959e+03
7.239639e+03
-6.918893e+04
-2.141929e+04
4.120214e+04
-7.676028e+03
1.802217e+04
-3.302781e+03
3.542202e+04
3.469051e+04
-3.801882e+04
-1.266308e+04
-1.346647e+04
-1.015362e+03
-7.587431e+03
-5.158905e+03
1.535938e+04
9.697991e+03
4.190701e+03
3.020818e+03
-2.857097e+03
-8.659657e+03
1.179586e+04
-2.285097e+03
-5.150339e+02
1.214150e+04
-1.063108e+04
3.568607e+03
5.649364e+03
1.344715e+04
-1.128925e+04
-6.563015e+03
-6.737967e+03
4.745021e+03
1.935911e+03
5.070425e+01
3.716440e+03
-2.834377e+03
4.241308e+03
4.824528e+03
-2.506299e+03
4.099342e+03
6.782858e+03
4.842257e+03
-7.250931e+02
-3.470799e+03
-1.231413e+03
-1.370719e+03
9.694905e+02
3.457458e+03
-5.932296e+03
-2.750487e+03
-1.267620e+03
1.535303e+01
-2.185390e+03
-1.550635e+03
1.443132e+03
1.771792e+03
-5.351107e+02
1.789048e+03
-4.987430e+02
-5.836158e+01
1.070308e+03
-1.756047e+03
1.989633e+03
1.772133e+03
4.594059e+01
1.728322e+03
3.122760e+03
-2.740240e+02
-8.268032e+02
2.976882e+01
-2.309319e+02
-3.607586e+01
-4.702800e+02
-1.102531e+03
6.726577e+02
-6.493057e+02
7.978206e+02
7.488093e+02
8.404527e+02
4.264453e+02
1.226596e+03
9.269091e+02
-2.848199e+02
8.774984e+02
-1.605672e+02
-1.028975e+03
-6.404018e+02
8.678175e+01
-8.418525e+02
4.155888e+02
-6.973436e+02
-2.953752e+02
-4.157878e+02
9.576573e+02
5.709828e+02
-3.726402e+02
-2.851669e+02
1.684178e+02
2.952068e+02
1.219998e+02
2.386687e+02
5.407576e+02
3.448019e+02
3.308504e+02
-7.262202e+01
1.286382e+02
3.985511e+02
1.948824e+02
-3.748374e+01
7.171981e+00
2.849896e+02
-3.543652e+02
-2.252215e+02
1.290916e+01
9.534042e+01
3.371982e+02
-1.944402e+02
3.506141e+01
6.916373e+01
-4.624417e+01
1.849157e+02
1.221862e+02
-2.342445e+02
2.792779e+02
-3.628417e+01
-7.080562e+01
1.210208e+02
3.300739e+02
-2.165178e+02
7.954869e+01
2.631067e+02
-1.548732e+00
-3.287187e+01
1.620601e+02
8.259247e+01
-2.105546e+01
-6.031258e+01
1.359783e+02
-1.923630e+02
-4.018517e+01
-3.467266e+01
1.319618e+02
5.027411e+01
6.018851e+01
-4.757066e+01
-1.055732e+02
1.729218e+01
-1.271350e+01
-5.772166e+01
-9.440776e+01
-3.466463e+01
-4.120745e+01
-5.634245e+01
6.689545e+00
3.428552e+01
-7.865265e+01
1.682401e+01
5.160558e+01
-8.218233e+01
-5.940374e+01
1.705610e+00
2.857298e+01
5.624777e+01
4.328032e+01
5.784794e+01
-2.582093e+01
-2.772032e+00
1.871844e+01
1.296529e+00
3.690966e+01
5.195415e+01
-1.986582e+01
7.292171e+00
-4.876804e+00
-3.611115e+00
1.802796e+01
3.172099e-01
-1.399675e+00
2.988262e-01
-4.511044e-01
-1.492798e-01
-6.292236e-01
-6.294455e-01
3.272374e-01
-4.699828e-02
-8.754826e-02
-3.189201e-02
-3.251592e-02
3.047544e-02
-4.747396e-02
2.938560e-01
3.201269e-01
-7.474964e-02
-2.926883e-02
-7.604089e-02
-2.344774e-01
-8.765259e-02
-1.270118e-01
-4.219278e-03
-1.732993e-01
-2.106513e-01
-2.189443e-02
4.783765e-02
-5.526872e-02
9.290206e-02
