-2.378554e-01
1.180366e-01
-8.283964e-03
5.489778e+01
2.084740e+02
-2.922829e+01
3.597531e-04
5.901463e+04
-7.544153e+04
-4.593111e+05
-1.695855e+05
-1.463301e+05
-2.060169e+05
1.433678e+05
-2.353757e+05
-1.234910e+05
8.600636e+04
-6.714338e+04
1.469192e+05
1.275985e+05
1.974961e+04
-4.631252e+04
-1.817511e+04
4.538093e+04
2.662421e+04
2.499207e+04
1.109024e+04
2.612280e+04
-2.897780e+04
-1.511930e+04
1.410356e+04
-7.503708e+03
-3.517192e+04
-2.045630e+04
-5.409269e+03
-1.128893e+04
4.489359e+02
-4.161521e+03
2.113398e+04
-4.246492e+03
1.705087e+03
-1.229384e+04
1.162347e+04
-1.556483e+04
-6.213864e+03
3.512360e+03
1.118423e+04
7.138502e+03
-7.089234e+03
-1.842238e+03
-1.228008e+04
-5.788820e+03
-4.761249e+03
1.856615e+03
8.554342e+03
4.185826e+03
2.429670e+03
7.381452e+03
5.783364e+03
-1.700799e+03
-6.688938e+03
4.758270e+03
9.062346e+02
2.662367e+03
4.831029e+02
6.352130e+03
1.384578e+02
-1.020998e+03
-3.865507e+03
2.600714e+02
-3.168315e+03
-1.659663e+03
-1.321279e+03
1.297251e+03
2.669293e+02
-2.014474e+03
-1.936609e+03
-2.468944e+02
-1.734618e+03
-3.154011e+02
-8.644980e+02
-1.078467e+00
8.184478e+02
3.170383e+02
2.161349e+03
6.784137e+02
7.842136e+02
-7.107744e+02
1.217825e+03
1.124722e+01
8.763464e+01
8.278754e+02
2.258568e+02
-1.292941e+02
-1.188961e+03
8.554910e+02
5.482319e+02
-8.058336e+02
5.651818e+02
-5.927388e+02
8.192233e+02
4.193573e+02
1.357210e+03
-1.112649e+03
-1.022138e+03
-5.903171e+02
1.142240e+03
3.670045e+02
3.842955e+02
4.569789e+02
-4.797855e+02
-7.227584e+02
-3.826639e+02
1.190791e+02
3.577841e+02
1.120250e+03
3.163160e+02
-7.452810e+02
-1.816998e+02
4.861522e+02
4.808367e+02
3.576998e+02
2.593953e+02
-3.573291e+02
3.775181e+02
-1.979550e+02
-3.363518e+01
6.608610e+01
-2.498308e+02
3.307643e+02
1.348281e+02
9.109809e+02
2.300105e+02
7.589301e+01
-4.861430e+01
-2.255349e+02
-3.228830e+02
-2.415546e+02
-1.849533e+02
-5.943726e+02
-3.692463e+02
5.210182e+02
1.511568e+02
5.377730e+01
5.740001e+01
-2.457470e+01
2.856989e+02
-1.363816e+02
-5.274966e+01
1.379420e+02
2.082142e+01
-1.772768e+00
1.408229e+02
5.971338e+01
6.716702e+01
-1.331157e+00
5.637218e+00
1.279921e+02
2.512023e+02
-1.259780e+02
-1.116354e+02
-3.204259e+01
7.460343e+01
-4.456533e+01
-7.454301e+01
5.304337e+01
-1.167618e+02
2.009183e+02
2.814370e+01
-6.152442e+00
5.546105e+01
-5.782380e+01
-1.824062e+00
3.750172e+01
7.805356e+01
-1.252262e+02
3.932067e+01
-1.270004e+01
-1.775950e+01
1.232018e+02
-4.473136e+01
1.363763e+02
-2.771001e+01
2.581726e+01
1.065440e+02
-9.984761e+01
-9.783454e+00
7.786760e+01
-7.014815e+01
-6.679252e+00
6.192910e+01
4.761239e+01
-3.999196e+01
6.979504e+01
3.949816e+01
2.838940e+01
5.065192e+01
-1.511405e+01
-1.053189e+01
-3.984959e+01
2.176424e+01
-4.156700e+01
4.077047e+01
1.783978e+01
2.671643e+01
8.617348e+00
-1.533420e+00
1.335135e+00
-8.379475e-01
2.723083e-01
2.948144e-01
-2.394148e-01
-3.918935e-02
-4.256342e-01
9.175718e-02
-1.251299e-01
2.508255e-01
5.907389e-01
-1.586960e-01
-1.065028e-01
8.434556e-02
-1.053467e-01
-4.588839e-02
-2.420561e-02
-3.760882e-02
3.516301e-01
5.231873e-02
1.121471e-02
1.472609e-01
-1.502003e-01
1.862396e-01
5.967219e-02
-9.110323e-02
-1.875687e-02
1.284718e-01
