-1.344571e-01
7.236832e-01
-2.834154e-01
5.034667e+01
1.689658e+02
-1.862168e+01
3.314831e-04
1.534941e+05
-2.249292e+05
2.048849e+05
8.055659e+05
-1.012370e+04
-7.512197e+04
7.262018e+04
-1.208731e+04
9.388623e+04
1.215460e+05
7.271094e+04
-6.245526e+04
2.789779e+04
-6.629920e+04
-8.749494e+04
165543
-7.560613e+04
6.756565e+04
-2.792355e+04
8.853905e+04
3.794402e+04
-3.173870e+04
3.159190e+04
-7.825589e+04
-6.317290e+03
6.798305e+03
-5.272514e+04
2.543539e+04
1.893439e+04
2.026783e+04
1.687843e+04
-2.706523e+04
-2.458617e+04
-4.936454e+03
3.474006e+04
-2.253631e+04
1.649285e+04
1.821003e+04
-2.803244e+04
-1.403569e+04
2.035447e+04
1.434122e+04
5.056335e+03
-3.863727e+01
1.951571e+03
-3.341640e+03
-3.984521e+03
-8.120042e+03
5.944378e+03
-6.723156e+03
9.589099e+03
-2.004664e+03
-1.856186e+04
2.720472e+03
-2.798646e+03
-4.573875e+03
-9.229198e+03
3.230499e+03
3.020741e+03
8.950939e+02
-5.204531e+03
-5.179702e+03
3.865019e+03
5.876728e+03
6.624655e+02
-7.011029e+03
4.838512e+02
-3.436552e+02
4.536468e+03
2.616906e+03
1.609027e+03
-5.487005e+03
-1.604016e+03
1.616632e+03
-9.903027e+01
1.886563e+03
8.413959e+01
4.066001e+03
8.552425e+02
-2.344845e+03
7.034650e+02
-1.508212e+03
-1.225288e+03
-1.023186e+03
-2.777300e+03
1.127938e+03
1.567936e+03
-1.923602e+03
4.050591e+02
-8.553314e+02
8.321659e+02
-4.631321e+02
1.336381e+03
-3.473940e+02
1.995506e+02
2.491816e+02
-1.077562e+03
9.669601e+02
-8.788712e+02
1.154839e+03
-1.081177e+03
-4.373573e+02
5.870715e+02
-1.397172e+03
1.211109e+03
1.933578e+01
1.467804e+03
-4.306940e+02
-6.317179e+02
-2.441801e+02
3.130596e+01
4.999521e+02
5.563972e+02
-5.047345e+02
-1.085727e+03
-6.206374e+02
1.031241e+03
1.375063e+02
-2.910811e+02
3.058095e+02
2.115939e+02
2.207998e+02
8.514038e+01
6.175989e+02
3.519876e+02
7.542217e+02
2.961899e+02
1.695527e+02
4.192679e+02
4.164757e+02
-8.718098e+01
-1.671793e+01
2.985582e+02
2.309491e+02
-4.703586e+01
1.948987e+01
-1.570029e+02
2.459753e+02
7.620280e+01
-5.518796e+01
-4.669412e+02
4.642447e+02
-1.986741e+02
3.506135e+01
1.703978e+01
3.990405e+02
1.041046e+02
-3.555680e+02
-1.772327e+02
4.340387e+02
1.941685e+02
-3.384863e+02
-1.754250e+02
3.221364e+02
1.891727e+02
1.481852e+02
1.329694e+02
1.816145e+02
-1.220503e+02
2.807755e+01
-1.453944e+02
6.947530e+01
1.491492e+02
4.217393e+01
9.063512e+01
-1.032186e+02
-1.787460e+01
1.857388e+01
-1.065545e+02
6.183886e+01
1.283518e+01
-1.906869e+01
-6.483597e+00
-4.499023e+01
2.747952e+01
3.807441e+01
5.639590e+01
4.373380e+01
-7.143878e+01
-7.981607e+01
-1.204129e+02
6.002624e+01
6.769473e+01
-4.671127e+01
-5.492513e+01
-2.471614e+01
1.016619e+02
1.854958e+01
-4.221533e+01
9.094179e+00
-3.117345e+01
1.330487e+01
3.895898e+01
8.974204e+00
1.770842e+01
-7.031457e+00
9.351158e+00
5.487262e+01
3.606678e+01
2.344050e+00
3.973666e-01
3.888513e-01
2.321943e-01
-2.401876e-01
-1.124267e-01
4.926662e-01
6.307726e-02
-1.774187e-01
-1.353318e-01
-8.201276e-01
-9.819895e-01
3.986807e-02
2.565145e-01
-5.509242e-01
-2.948659e-02
5.608704e-02
1.137240e-01
1.611430e-01
-5.745996e-01
1.059262e-01
1.804605e-01
5.723627e-03
1.035722e-01
-4.336306e-01
1.295086e-03
-6.612684e-02
-2.896885e-01
-1.194892e-02
