-4.049410e-01
-7.827912e-01
-5.447457e-02
5.091555e+01
2.072095e+02
-1.998827e+01
3.636887e-04
-7.323651e+04
-1.222434e+05
1.095762e+05
1.239784e+05
-1.632238e+04
4.015621e+04
-9.946387e+04
7.479366e+03
-1.303686e+05
1.484597e+05
-1.618515e+04
1.429586e+05
-9.474616e+04
-4.347171e+04
-6.870973e+04
1.255911e+04
3.505567e+04
-2.328686e+04
-4.398485e+04
6.001817e+03
-5.245941e+03
-9.858932e+02
-1.524874e+04
-3.384221e+04
-3.094698e+04
-1.022701e+04
-3.342029e+04
-1.601872e+04
-1.021347e+04
2.188530e+04
1.764734e+04
6.672604e+03
1.448405e+03
-2.627014e+04
3.926507e+02
-1.355336e+04
-1.498290e+04
1.965150e+04
5.698747e+03
-8.240451e+03
1.008649e+04
-1.422032e+04
-4.418561e+03
6.319071e+03
7.803070e+02
7.316521e+03
1.764454e+03
-5.558987e+03
-9.013836e+02
5.043858e+02
1.383216e+04
-2.080953e+03
-5.320681e+03
-5.111571e+03
3.690169e+03
5.014273e+02
-3.118069e+03
1.476342e+03
5.594911e+03
3.407476e+03
2.526760e+03
-8.776828e+03
4.074763e+03
4.079952e+03
2.972875e+03
-1.303979e+03
-2.255261e+02
-1.763172e+03
-5.101255e+02
2.962425e+03
1.898832e+03
-4.300243e+03
-4.179935e+02
-1.958000e+03
5.862795e+01
-9.773323e+02
1.318690e+03
1.980553e+03
1.235695e+03
-8.019704e+02
4.416358e+02
9.201811e+02
-3.069351e+02
1.032353e+03
-1.116490e+03
3.292737e+03
1.879575e+03
-9.622031e+02
8.644938e+02
1.009879e+03
-7.147706e+02
1.854704e+02
5.337885e+02
-6.963417e+02
6.368115e+02
5.512875e+02
-1.428376e+03
2.618619e+02
2.514822e+01
7.233825e+02
1.176271e+02
7.481112e+02
-1.044219e+01
-3.452023e+02
1.258998e+03
-6.106992e+02
8.431029e+02
1.016580e+02
-2.796599e+02
-8.833952e+01
-1.989596e+02
-1.869583e+02
5.811729e+02
-4.876912e+02
-1.665582e+02
-2.879743e+02
2.784586e+02
7.936312e+02
-3.003695e+02
7.439259e+01
2.598563e+02
-4.745554e+01
-1.073863e+02
2.167349e+02
2.933873e+02
3.708782e+02
2.762003e+02
-4.084861e+01
-3.364101e+02
5.449677e+02
1.216832e+02
2.208531e+02
-1.905699e+02
-7.726958e+01
8.157234e+01
-3.618653e+01
8.450777e+01
-9.945210e+01
1.406105e+02
5.683394e+01
-2.429141e+02
4.015972e+02
9.357143e+01
3.439668e+01
-6.278752e+01
1.201838e+02
2.289035e+02
-2.056617e+02
-1.265656e+02
1.609760e+02
1.841239e+02
-1.636245e+02
-5.816639e+01
2.224852e+02
8.184413e+01
-3.322852e+01
7.521532e+01
-2.346310e+01
-1.929306e+01
-9.063802e+01
9.905295e+01
-6.307251e+01
1.135057e+02
5.370016e+01
1.048369e+02
5.482022e+01
2.735335e+01
-1.870824e+01
-1.024152e+02
-1.543565e+01
-1.045908e+02
-7.234225e+01
-3.031866e+00
-4.053119e+01
9.336389e+01
-1.795795e+01
9.300423e+00
3.522941e+01
-1.915306e+01
4.223261e+01
-1.205082e+01
-6.845381e+01
-5.957461e+01
8.233940e+00
4.715481e+01
-5.928662e+00
4.972585e+01
1.346126e+01
-2.308126e+01
-2.885139e+01
-4.938972e+01
6.864145e-02
2.160822e+01
2.758093e+01
-6.892752e+01
3.110136e+01
-1.461386e+01
4.590664e+01
2.134314e+01
-6.029307e-01
5.102124e-01
-5.051523e-01
-1.459724e-01
8.192897e-02
-5.229536e-02
-1.464775e-01
-2.665123e-01
3.192017e-02
-2.709114e-01
-1.294594e-01
-5.830248e-01
1.332005e-01
1.621474e-02
-8.452572e-02
1.084123e-01
5.828573e-03
8.200648e-02
1.221270e-01
-2.287106e-01
1.304058e-01
-1.811578e-02
-4.032862e-02
-2.758599e-02
-1.539759e-01
4.032395e-02
-2.270272e-02
-6.947222e-02
4.993795e-02
