-3.030763e-01
-1.563144e+00
1.393859e-01
5.688889e+01
1.694170e+02
-8.717056e+00
3.420030e-04
7.509843e+04
8.735775e+03
-1.599446e+05
2.381696e+05
7.383460e+04
-1.992096e+05
2.591232e+05
-137846
-7.040302e+04
-5.987308e+04
-5.365446e+04
1.553228e+04
-8.098132e+04
3.148608e+04
-3.178629e+04
2.419784e+03
3.155380e+04
4.282627e+04
5.661533e+04
-3.021476e+04
6.621457e+04
-4.707553e+04
-9.559685e+03
2.058554e+04
4.924790e+04
-1.167405e+04
-3.208934e+04
-6.743517e+03
-3.000626e+04
-1.178754e+04
-4.539105e+03
2.333296e+04
-1.993198e+04
-1.043890e+04
7.909889e+03
-3.411432e+03
-1.015601e+04
1.137666e+04
-1.311256e+04
-1.532741e+03
5.175433e+03
9.302202e+03
-6.933489e+03
-4.311299e+03
1.341779e+04
4.180818e+03
-2.309893e+02
-8.444437e+03
4.586443e+03
-1.922799e+03
1.093879e+04
-6.938940e+02
-9.169055e+03
-1.342738e+03
-2.770106e+03
-2.671524e+03
-6.227016e+02
1.114854e+03
3.176558e+03
1.175717e+03
-6.548435e+03
-7.075892e+02
4.310479e+03
4.156284e+02
-2.632365e+03
-4.754224e+02
3.317549e+03
-3.371904e+02
1.080249e+03
5.194564e+02
7.455724e+01
-4.976757e+03
-6.907344e+02
2.009638e+02
1.715040e+03
1.433306e+03
2.744771e+03
3.505286e+03
9.329119e+02
-3.918316e+03
-4.772774e+02
-9.455074e+02
5.473298e+02
-9.260231e+02
5.634589e+02
-8.321785e+01
7.383611e+02
-1.338574e+03
8.231173e+02
3.074251e+02
1.913374e+03
-5.503922e+01
-2.574918e+02
-5.178275e+02
6.642985e+01
3.636845e+02
2.728193e+02
-2.954991e+02
-3.735608e+02
5.587369e+02
4.630414e+02
-4.493730e+02
1.509934e+03
-7.781253e+02
-6.313153e+01
-3.680832e+02
4.272484e+02
2.924568e+02
1.648094e+02
3.102048e+02
-2.655464e+02
1.434159e+02
4.191107e+02
4.150348e+02
6.544656e+02
-2.983708e+02
1.789927e+02
-1.024389e+02
1.348891e+00
-1.457297e+02
-9.634500e+00
1.835057e+02
3.861147e+02
4.681010e+02
4.149747e+02
7.429169e+01
1.924967e+02
5.822510e+01
1.786384e+02
-4.290570e+01
-2.047984e+02
3.062735e+01
-1.345263e+02
-2.161178e+02
7.586379e+01
9.112910e+00
1.123092e+02
1.031860e+02
1.555185e+02
-1.515878e+02
3.922692e+01
1.029874e+02
2.201951e+02
-6.278404e+01
1.151607e+02
9.228716e+01
-1.037721e+02
-1.081898e+02
-6.829255e+00
1.883932e+02
-9.371339e+01
1.978151e+02
-2.013460e+02
-3.919594e+01
4.717769e+01
1.581546e+02
-6.009462e+01
4.484546e+01
-7.321358e+01
-3.587527e+01
8.920364e+01
1.103796e+02
9.230925e+00
1.376615e+02
-8.832783e+01
-1.826040e+02
3.365396e+01
2.814606e+01
-5.562943e+01
4.697866e+01
-2.838427e+00
-5.179102e+01
9.197189e+01
-3.996174e+01
1.306452e+02
1.919625e+01
1.908700e+01
-6.631494e+00
-3.664163e+01
-3.048335e+01
-8.481394e+01
2.193903e+00
3.540343e+00
2.240312e+01
-5.864532e+01
-9.384633e+00
4.964933e+01
1.816592e+01
-2.040614e+01
6.811385e+00
-4.007421e+00
1.887457e+01
-3.752466e+00
6.980249e-01
-3.398190e+01
-1.830064e-01
1.310531e+01
3.560118e+01
3.551137e+01
3.225848e-01
4.763337e-01
6.249432e-01
1.458090e-01
-1.955891e-01
3.231274e-01
3.140046e-01
-3.802446e-01
2.001498e-02
-3.135703e-01
-1.948723e-01
-1.179037e-01
2.529388e-01
-8.065055e-02
-2.433245e-01
1.011533e-01
9.424717e-03
6.515403e-04
2.511751e-02
-2.292353e-02
-1.543682e-02
5.244588e-02
5.466502e-02
-4.318142e-02
-4.226418e-02
-3.995636e-02
5.099160e-02
6.381000e-03
-1.094354e-01
