-4.389691e-02
-6.671262e-01
-1.186866e-01
4.551111e+01
1.753402e+02
-2.296087e+01
3.423835e-04
-1.738402e+05
-1.809693e+05
7.652322e+04
2.337917e+05
1.638082e+05
-4.226863e+04
-1.505877e+05
1.002068e+05
-1.239354e+05
9.080074e+03
-1.106918e+05
-6.481052e+04
-1.052208e+05
-4.288188e+04
-1.151369e+04
2.422207e+04
1.914154e+03
3.443668e+04
-4.045445e+04
6.853422e+03
-3.563407e+04
-3.501469e+04
1.715335e+04
-3.043378e+04
4.596969e+04
1.822294e+04
-2.889463e+04
5.145813e+04
1.842912e+04
1.465362e+04
3.189446e+03
-2.486377e+04
-1.674817e+04
-4.196721e+03
-1.797826e+04
-1.724538e+04
1.156638e+04
1.287650e+04
4.048494e+03
-5.769804e+03
-4.716531e+03
7.002177e+03
-7.278883e+03
1.192968e+04
-2.397305e+03
6.822106e+03
7.355005e+03
-1.037893e+04
2.332399e+03
2.541816e+03
5.975774e+03
-3.406459e+03
-8.058331e+03
-4.651061e+02
-1.187807e+03
-2.088537e+03
-3.183890e+03
4.320416e+03
5.965360e+03
6.071133e+03
2.553323e+03
-7.869405e+03
2.310847e+03
5.331125e+03
2.393290e+03
-2.994582e+03
-8.621843e+02
3.463546e+02
1.937445e+03
1.662800e+03
1.617370e+03
-4.717711e+03
-1.587834e+03
1.151140e+03
9.419119e+01
-3.183312e+03
4.645991e+02
5.941645e+03
2.199834e+03
-1.840196e+03
-1.476297e+03
-1.922998e+03
-3.411251e+02
3.502438e+01
-1.309094e+03
-1.086007e+02
2.857339e+03
-2.828859e+03
1.710543e+03
4.012746e+02
1.954847e+03
-2.704885e+02
-8.237924e+02
-1.289157e+03
-5.417415e+02
3.286821e+02
3.587426e+01
6.102688e+02
-2.216092e+01
9.047325e+02
-3.374967e+02
-3.072475e+02
1.566360e+03
-1.302172e+03
1.692232e+03
-6.771870e+00
1.037463e+03
-8.390754e+02
-8.571553e+02
-6.188026e+02
-4.950383e+01
-3.422287e+02
4.622333e+02
-6.449496e+02
-2.214375e+02
-8.434589e+02
5.207776e+02
2.628425e+02
1.601409e+02
-4.844066e+02
-8.478419e+01
2.428180e+01
-1.260350e+02
3.982235e+02
2.293346e+02
4.321452e+02
5.666704e+02
-5.836136e+02
1.942475e+02
6.245833e+02
-1.612076e+02
7.299487e+01
3.076430e+02
-1.940471e+01
-4.611387e+02
-8.058109e+00
-1.459191e+02
-1.144151e+01
2.823760e+02
-3.865215e+01
-3.962014e+01
2.347845e+01
1.822111e+02
1.536804e+02
2.795823e+01
3.933723e+02
1.288421e+02
-2.558043e+02
1.380271e+02
-6.996726e+00
1.973315e+02
-9.187596e+01
-1.135213e+01
7.053413e+01
-1.063458e+01
1.766717e+02
9.596630e+01
1.574346e+02
-7.698698e+01
1.161781e+00
-6.118920e+01
7.651965e+01
1.168470e+02
8.362634e+01
7.816656e+01
-4.725158e+01
-4.722306e+01
-1.139925e+02
5.693721e+01
-4.069683e+01
1.097627e+02
2.155304e+01
-2.227185e+01
6.482060e+01
3.628876e+01
1.272603e+01
7.072829e+01
4.848748e+01
6.657807e+01
7.869131e+01
-6.364522e+00
-3.894299e+01
2.655845e+01
-2.931292e+00
2.186955e+01
5.672315e+01
6.773789e+01
-4.791004e+00
-2.341288e+01
-4.492540e+01
-4.098424e+01
1.976983e+01
5.326537e+01
3.177092e+01
-4.318001e+01
-5.800830e+00
-7.247675e+01
3.842482e+01
1.461691e+01
-1.820621e+00
2.162686e+00
-6.496917e-02
1.058397e-01
-4.108443e-01
-4.776644e-01
-5.449330e-01
-9.590895e-01
1.926341e-02
-6.155850e-01
-2.423286e-01
-5.244079e-01
3.057689e-01
2.838889e-01
-3.217712e-02
1.631804e-01
9.252985e-02
1.010478e-01
1.087454e-01
-2.151615e-01
2.681494e-02
2.205669e-02
1.622275e-02
-4.251464e-02
-1.505328e-01
-6.566042e-02
1.414080e-01
-6.251550e-02
-7.195507e-02
