2.293156e-02
-4.050673e-01
2.345873e-01
4.096000e+01
1.698079e+02
-2.817435e+01
3.556800e-04
4.583804e+02
1.309758e+05
-4.944901e+04
-5.949943e+04
-7.975338e+04
-1.098624e+05
4.205242e+03
1.603294e+04
-3.068105e+04
1.009733e+04
-4.431132e+04
7.166584e+04
-2.891859e+04
-3.117734e+04
1.132195e+04
2.935454e+04
-3.811258e+04
1.407487e+04
-1.669564e+03
-1.768650e+04
-1.244110e+03
-3.194837e+04
-3.023551e+04
2.876669e+04
-5.894352e+03
-3.568571e+03
-1.683966e+03
2.007792e+03
-4.214599e+03
-3.868750e+03
-1.581862e+03
5.514210e+03
-8.512587e+03
-5.398475e+02
1.235686e+03
1.156801e+04
-1.352658e+04
-1.982558e+03
-3.546712e+03
6.253480e+03
2.001389e+03
-1.725610e+02
-1.825168e+03
-7.656449e+03
-4.181667e+02
1.328833e+03
4.137723e+03
-2.473731e+03
3.476436e+03
-3.124299e+02
5.819962e+03
-8.949919e+02
-7.053601e+03
-2.494826e+03
-1.367736e+03
1.086398e+03
-8.849845e+02
1.522853e+03
7.583293e+02
3.822266e+03
-1.878319e+03
-9.519740e+01
4.878003e+02
2.834581e+03
1.218398e+03
-1.759286e+02
3.420194e+02
3.217948e+01
7.223674e+02
-3.638711e+02
8.150806e+02
-4.105844e+03
-2.163564e+03
1.012091e+03
5.600828e+02
1.158881e+03
4.275156e+02
3.155948e+03
3.720687e+02
-1.764681e+03
-4.335291e+01
-1.432582e+02
1.512364e+03
-6.269586e+02
1.701677e+02
9.241348e+02
4.131963e+02
-1.167694e+03
9.779673e+02
7.322340e+02
2.159305e+02
2.001042e+02
-2.618980e+02
-3.841804e+02
1.886470e+02
4.134689e+01
-5.586567e+02
5.251692e+01
-3.663578e+02
1.275507e+02
7.813975e+02
2.788002e+02
4.908414e+02
-7.273002e+01
-1.537542e+02
-4.575209e+02
3.182975e+02
1.194910e+02
8.239341e+01
2.896976e+00
1.365864e+02
-2.767206e+02
4.907957e+02
-2.918139e+02
1.619435e+02
-1.765315e+02
1.499026e+02
-5.499476e+01
1.867848e+02
5.219407e+01
2.300960e+02
-3.116906e+02
3.352875e+02
2.412263e+02
4.480022e+02
2.371468e+02
1.928716e+02
-5.565194e+01
-1.591373e+02
1.884214e+02
-1.645185e+02
2.336864e+01
-2.242304e+01
-2.121346e+02
-1.536780e+01
4.503196e+01
-1.093206e+01
1.371871e+01
7.546821e+01
-1.004265e+02
-1.331421e+02
6.055136e+01
9.274523e+01
-6.503798e+01
1.774523e+02
6.916156e+01
2.421750e+01
-9.638822e+01
-1.229270e+02
9.286617e+01
1.313020e+01
6.485006e+01
3.642551e+01
1.751343e+01
4.521074e+01
1.158175e+01
-8.592395e+00
-6.694174e+00
-1.140794e+01
-8.992675e+01
1.018826e+02
4.617168e+01
-3.687461e+01
5.126214e+01
2.804316e+01
-6.098307e+01
5.018615e+01
2.883241e+01
-2.990277e+01
3.174363e+01
1.978174e+01
-4.660722e+01
7.183730e+01
3.005865e+01
1.828167e+01
5.612291e+00
4.682491e+01
3.405506e+01
-7.571609e+01
-4.950581e+01
2.662667e+01
-5.594634e+00
4.320886e-01
1.333303e+01
1.699059e+01
-1.322756e+00
-2.637679e+00
3.971703e+01
-2.070995e+01
4.734611e+00
1.722382e+01
-2.092218e+01
3.276648e+00
2.439766e+01
-1.169344e+01
3.639112e+01
1.200144e+01
9.094399e+00
6.713779e+00
1.805035e-01
-3.268807e-01
-2.228542e-02
2.416014e-01
4.193131e-02
2.230343e-01
2.327191e-01
-1.242996e-01
2.203017e-03
-1.876449e-01
4.428276e-02
2.539597e-01
2.095039e-01
-5.833310e-02
-4.930097e-02
6.977869e-03
1.224348e-02
1.527842e-02
-4.336216e-03
8.105738e-02
-6.800452e-02
5.587884e-02
4.734443e-02
-3.945269e-02
-2.165063e-02
1.971467e-02
1.240042e-02
-1.666899e-02
-8.327255e-03
