1.319621e-01
3.882286e-01
-4.720383e-02
4.323555e+01
1.603870e+02
-2.913121e+01
3.591143e-04
7.247791e+04
2.169369e+04
-8.024612e+04
3.609679e+05
2.814082e+04
-2.100205e+05
2.196095e+05
-2.641886e+05
-1.075522e+05
3.498411e+04
4.840403e+04
1.201232e+05
1.644938e+04
1.258514e+04
-1.752797e+04
-3.845392e+04
4.038543e+04
3.573521e+04
9.039689e+04
2.044404e+04
7.237355e+04
-6.499324e+04
-3.857325e+03
3.707276e+04
8.039222e+04
-3.561564e+04
-2.297854e+04
-5.773616e+04
-1.068015e+04
2.015458e+04
-1.988712e+04
3.098269e+04
-2.181136e+04
-1.517440e+04
1.156261e+04
-1.154663e+04
-1.280926e+04
2.488179e+04
-1.416515e+04
-1.471213e+04
9.800094e+03
2.599408e+03
4.470433e+03
-1.444420e+04
2.654985e+03
5.810988e+03
-2.492094e+03
7.080355e+03
7.077792e+03
2.597547e+03
6.864635e+03
5.331769e+03
4.469521e+03
-5.184364e+03
1.955419e+03
1.498735e+03
1.960906e+03
-1.577944e+03
3.076135e+03
-6.522587e+02
-5.233945e+03
-3.256087e+03
3.495098e+03
7.596617e+02
-6.999503e+02
-1.581688e+03
3.049986e+03
-3.507013e+03
2.736803e+02
-1.671025e+03
-9.116543e+01
-1.427770e+03
-1.373202e+03
6.880663e+02
1.135531e+03
1.650320e+03
2.262803e+03
3.217427e+03
3.372423e+02
-1.874815e+03
-2.240945e+03
6.421936e+02
-1.241001e+02
-8.902722e+02
3.912397e+02
4.461225e+02
3.531167e+02
-1.265323e+03
-2.267466e+02
-3.934123e+02
5.507454e+02
7.906400e+02
-5.233139e+02
-3.289737e+02
3.215497e+02
1.497512e+03
-5.932306e+02
-1.399768e+02
-1.195991e+03
2.771081e+02
-1.799754e+02
5.713492e+02
5.046221e+02
-1.412117e+03
-9.891066e+01
-1.986043e+02
2.241077e+02
1.929220e+02
9.531070e+02
-5.484771e+01
9.659506e+01
4.301858e+02
8.531381e+02
5.544191e+02
3.950650e+02
2.839381e+01
-8.753322e+01
6.293773e+01
7.560944e+01
2.723005e+02
2.313584e+02
-1.311415e+01
4.206482e+02
4.399711e+02
5.022973e+02
5.134443e+02
3.106659e+02
-7.342393e+01
-8.065700e+01
-2.990928e+01
9.160556e+01
-1.584977e+02
-2.127238e+02
-2.603310e+02
3.641357e+02
9.427541e+01
-3.948732e+01
1.653989e+01
-4.350766e+01
-2.234549e+02
-1.516754e+02
1.015781e+02
2.059887e+02
-5.984243e+01
-7.932265e+01
2.593161e+02
3.401688e+01
1.298961e+01
5.450235e+01
1.380877e+02
-4.530799e+01
3.347206e+02
-2.114898e+02
-2.169789e+02
4.219968e+01
1.147987e+02
-4.456117e+01
2.140109e+01
1.181598e+01
-5.059378e+01
1.228315e+02
1.719142e+02
-7.767758e+00
2.059731e+02
-6.763147e+01
-2.283318e+02
-2.456386e+00
-2.669616e+01
-2.406361e+01
2.142995e+01
-1.068539e+02
-6.508244e+01
1.528206e+02
-6.836243e+01
1.537574e+02
5.892756e+01
1.945155e+01
4.626254e+01
-3.344632e+01
-1.810487e+01
-7.553791e+01
4.460800e+01
3.223455e+01
4.610244e+01
-2.296992e+01
-6.078757e+01
4.275780e+01
-6.911622e+00
6.275859e+01
4.566044e+01
-5.302385e+01
2.906826e+01
-4.129830e+01
9.753926e+00
1.143594e+01
-1.375265e+01
3.087511e+01
4.831556e+01
1.457155e+01
9.734904e-01
1.656542e+00
-9.769075e-01
-6.560696e-02
-1.103765e-01
2.461310e-01
1.221067e-02
-5.383786e-01
-3.966352e-02
-4.750632e-01
-1.716766e-02
2.696741e-01
4.566970e-02
-1.707280e-01
-3.190413e-01
-2.254045e-01
-3.458420e-02
-2.622573e-02
1.392518e-02
2.080072e-01
-8.553470e-03
3.496879e-03
1.112019e-01
-1.935140e-01
-1.093258e-01
-2.546997e-02
-9.394962e-02
-8.431453e-03
-9.271852e-03
