-2.071806e-01
-9.461395e-01
1.749715e-02
5.063111e+01
1.939643e+02
-1.992478e+01
3.579269e-04
-5.140811e+04
-7.483883e+04
-1.775745e+05
-1.020004e+05
-5.480816e+04
6.026687e+03
-1.127362e+04
2.396735e+04
-4.778777e+04
8.540677e+03
-4.477877e+04
7.447811e+04
2.308536e+04
8.690468e+03
8.278360e+03
6.594006e+03
-1.006631e+04
1.334698e+03
1.731196e+04
2.176242e+04
-2.777144e+04
-1.451703e+04
1.299174e+04
-2.910438e+04
-2.764847e+04
-4.202672e+03
-2.573551e+04
2.244191e+04
1.236783e+04
2.291912e+03
-2.269469e+03
-6.150130e+03
7.106838e+03
-1.266491e+02
-2.980180e+02
-7.628691e+02
2.797735e+03
7.750174e+03
-1.493493e+04
8.977538e+03
-8.211194e+02
-8.680164e+03
-4.604034e+02
-6.846264e+02
-2.200370e+03
-2.777350e+03
-2.216538e+03
1.210639e+03
8.612742e+03
-2.426800e+03
6.874199e+03
3.484564e+03
-5.878991e+03
-4.120923e+03
2.765364e+03
2.963766e+03
-4.497357e+03
4.945670e+03
3.142379e+03
2.451095e+03
1.049276e+03
2.026374e+03
-9.700282e+01
3.373731e+03
-1.262097e+03
-1.715746e+03
-5.580426e+02
-1.082673e+03
-9.962809e+02
-4.311729e+02
9.312589e+02
-3.419323e+03
3.273546e+02
4.975970e+02
-1.312110e+03
4.831747e+02
1.711952e+02
2.600030e+03
-1.491723e+03
-8.072676e+02
9.151971e+01
7.656635e+02
8.232780e+02
7.124767e+02
4.988772e+02
1.470999e+03
1.626513e+03
-1.691288e+03
6.085449e+02
4.499712e+02
-1.136843e+03
-8.368137e+02
-8.138370e+02
-2.888233e+02
-3.595602e+02
1.140368e+03
-1.230516e+03
4.273740e+02
-4.474091e+02
5.303568e+02
2.097418e+02
8.848248e+02
1.168722e+03
-1.747005e+02
1.225465e+03
-5.738051e+02
5.291487e+02
-7.125491e+02
-2.799476e+02
-4.045958e+02
-3.205918e+02
-1.452136e+02
3.756651e+02
-2.213223e+02
1.287924e+02
-2.370961e+02
1.799878e+02
3.950588e+02
-1.747296e+02
5.515999e+02
-1.496111e+02
-1.290996e+02
-7.423993e+01
5.777159e+02
2.199715e+02
-2.982864e+01
1.581145e+02
-3.513736e+02
-1.996131e+02
4.980062e+02
-5.201461e+01
6.346740e+01
5.829477e+01
-2.045065e+02
-1.018066e+02
1.976501e+02
9.800223e+01
-4.467339e+01
1.713156e+02
-4.154444e+00
-4.100455e+02
-2.792092e+01
7.816084e+01
4.736592e+01
2.767707e+02
2.246194e+02
-1.087418e+02
-2.807112e+02
-8.890698e+01
1.184113e+01
-6.572638e+01
2.168946e+01
9.096204e+01
-1.199583e+02
1.142291e+02
5.492555e+01
-5.600266e+01
-1.060238e+02
6.894808e+00
2.638198e+01
9.744877e+01
-2.524788e+01
3.183639e+01
2.876013e+01
5.854578e+01
1.139064e+02
8.107281e+01
-1.157880e+01
-4.463764e+00
7.013367e+01
8.319389e+01
-4.511240e+01
2.471030e+01
-9.926610e+00
4.718777e+01
7.039568e+01
-1.683620e+01
6.184965e+01
-4.063173e+01
4.776724e+01
5.579199e+01
-6.598919e+01
-1.528440e+00
4.081883e+01
3.585188e+01
-2.428509e+01
6.403634e+00
-2.722822e+01
-3.324046e+01
-9.643304e+00
9.333691e+00
-4.910188e+01
1.087001e+01
2.641577e+01
-3.098494e+01
3.374876e+01
1.147274e+01
3.231563e+01
2.078128e+01
-1.763002e+00
1.225700e+00
-7.582097e-01
6.632979e-01
-3.989634e-01
3.061953e-01
8.735919e-02
-9.037417e-01
-1.784281e-01
-4.681128e-02
-1.122033e-01
-1.508070e-01
2.032176e-01
6.611590e-02
-8.171942e-02
-1.110481e-01
2.931327e-02
6.109238e-02
3.521391e-04
1.325259e-03
-1.130149e-02
1.500002e-01
5.800042e-02
-6.463778e-02
5.248663e-02
1.341596e-02
-3.123609e-02
-1.022880e-02
-4.918777e-02
