-1.030677e-01
5.918413e-01
1.000711e-02
4.664889e+01
1.799668e+02
-2.283187e+01
3.500893e-04
2.753075e+04
-1.182022e+05
2.189163e+05
3.172704e+05
-2.126321e+04
4.899255e+04
-6.043822e+04
5.242528e+04
2.107891e+04
1.000378e+05
2.826694e+04
5.695775e+04
-4.694664e+04
-6.665260e+04
-9.064780e+04
2.870854e+04
-4.435582e+04
-2.357096e+03
-4.089225e+04
-1.070589e+04
-3.420758e+03
-1.792407e+04
-1.385691e+04
-5.953987e+04
-2.515764e+04
-2.370993e+03
-2.112330e+04
-4.255812e+03
-5.109955e+03
-1.074301e+04
1.221418e+04
-6.276605e+03
-2.176430e+04
-1.281925e+04
7.663176e+03
-8.916213e+03
-5.303071e+02
2.593990e+04
-1.681677e+04
-4.800872e+03
1.406743e+04
-2.956069e+03
4.419050e+03
2.143191e+03
-2.668066e+03
-5.341279e+03
2.120274e+03
-2.797750e+03
-3.801886e+03
-5.283901e+03
1.062345e+04
4.728237e+03
-9.763676e+03
-3.647153e+03
-2.664289e+03
-1.704994e+03
-4.583205e+03
6.634893e+01
5.134478e+03
2.183015e+03
-3.006835e+03
-7.180624e+03
1.744355e+03
4.964420e+03
2.114779e+03
-3.317100e+03
6.496038e+02
-4.880566e+02
3.664385e+03
2.198976e+03
2.263923e+03
-3.664665e+03
-5.276802e+02
3.262885e+02
-8.351118e+02
4.666680e+02
1.418506e+03
9.710016e+02
1.345303e+03
-1.192854e+03
5.665446e+02
-1.274383e+03
2.204064e+02
-1.147577e+03
-2.307264e+03
1.666538e+03
1.425099e+03
-1.053715e+03
7.066904e+02
8.046711e+02
3.808355e+01
5.174686e+01
1.287213e+03
-2.573214e+02
2.201562e+01
-3.510469e+01
6.510318e+00
4.391863e+02
-7.137416e+02
1.028876e+03
-5.975095e+02
7.928234e+02
3.112984e+02
-3.830590e+02
1.070374e+03
1.802104e+02
4.805527e+02
-8.673152e+02
1.479722e+02
-7.373894e+01
3.335133e+02
4.760871e+01
4.978417e+00
-5.049686e+02
-5.651041e+02
-2.903140e+02
4.671096e+02
2.029677e+02
-1.809900e+02
2.540892e+02
3.929904e+02
-7.176605e+01
-2.651898e+02
4.358679e+02
3.690892e+02
4.290092e+02
1.893083e+02
2.565280e+02
-1.345403e+01
3.914299e+02
1.481538e+01
1.714424e+02
1.561672e+02
2.568818e+02
1.787797e+02
3.643253e+00
9.284113e+01
1.393703e+02
6.292498e+01
-1.515830e+01
-3.001580e+02
3.046946e+02
1.168913e+02
3.793787e+01
-7.272457e+01
1.757441e+02
1.039093e+02
-2.468293e+02
-8.812054e+01
3.209540e+02
1.208581e+02
-2.175793e+02
-1.575076e+02
2.740367e+02
7.334088e+01
-1.017175e+01
7.143842e+01
3.848063e+01
-1.106032e+02
-5.162766e+01
3.185121e+01
-8.023256e+01
8.487496e+01
5.678772e+01
1.384980e+02
4.926218e-01
-1.309430e+01
7.456779e+00
-8.218633e+01
2.351901e+01
-4.125460e+01
-1.175446e+02
-3.698553e+01
-5.725723e+00
2.664194e+01
1.024290e+01
6.484932e+00
1.659448e+01
-4.243906e+01
8.449230e+00
-4.108718e+01
-7.194608e+00
-5.504113e+00
1.552436e+01
-4.883188e+00
-5.086423e+01
7.231806e+01
5.545866e+01
-2.299639e+01
-4.212510e+01
-6.792618e+01
-7.243819e+00
-5.042807e+00
6.841064e+00
-2.786268e+01
-1.036524e+01
-1.676675e+01
4.077840e+01
1.512622e+01
9.175366e-01
-5.181121e-01
-2.754337e-01
-1.536106e-01
1.136050e-01
-1.150062e-01
1.206024e-01
2.332443e-01
-3.216863e-02
-6.512178e-02
-2.700523e-01
-7.285753e-01
-7.560603e-02
1.252713e-01
-1.825454e-01
7.862513e-02
-5.360165e-02
3.276883e-02
8.909784e-02
-3.640353e-01
1.586695e-01
2.669436e-02
-1.510905e-01
3.068075e-02
-9.910871e-02
5.824009e-02
-9.335470e-02
-1.097231e-01
7.208972e-02
