-2.489274e-01
5.644125e-01
-1.720568e-01
4.750222e+01
1.828979e+02
-2.028539e+01
3.232985e-04
1.897084e+05
-4.319894e+05
-1.346160e+05
7.790796e+05
6.613550e+04
1.769290e+05
1.504258e+04
2.160558e+03
8.502427e+04
7.583140e+04
1.187642e+05
-1.011484e+04
7.125896e+03
-8.147581e+04
-9.752354e+04
1.113022e+05
-5.006086e+04
2.012344e+04
-1.511882e+04
4.785404e+04
4.825408e+04
-1.920256e+04
5.349501e+04
-4.425155e+04
8.769413e+03
-5.813815e+03
-2.658111e+04
2.248956e+04
1.472659e+04
8.272871e+03
3.099521e+04
-1.601849e+04
-8.307673e+03
-2.164779e+04
2.689001e+04
-1.381542e+04
1.182369e+04
2.996984e+04
-1.196515e+04
-1.979175e+04
1.407746e+04
7.992387e+03
-3.321485e+03
9.221163e+02
6.938601e+03
4.835206e+03
-9.924739e+02
-1.007043e+03
8.314783e+03
-5.644061e+03
1.387475e+04
-6.565031e+03
-5.127925e+03
3.453735e+03
1.335319e+03
-3.114716e+03
-6.475127e+03
4.539776e+03
2.548718e+03
6.684751e+02
-5.511115e+03
-4.843121e+03
3.270781e+03
5.033071e+03
-1.213733e+03
-5.628978e+03
1.125171e+03
-1.236125e+03
1.159953e+03
2.789836e+03
3.245800e+03
-2.549423e+03
-2.797196e+02
-7.156843e+01
4.007347e+02
9.586373e+02
-2.524705e+02
3.101917e+03
9.907241e+02
-1.066713e+03
-3.239538e+02
2.215857e+02
-1.749715e+03
2.450555e+02
-1.921520e+03
1.830322e+03
2.739831e+02
-9.889372e+02
1.022743e+03
-8.620293e+02
1.069032e+03
2.048469e+02
1.247650e+03
-2.100269e+02
7.809567e+02
4.835756e+02
-1.001520e+03
3.399869e+02
1.120372e+02
7.132396e+02
-8.423079e+02
-8.181315e+02
-3.282975e+01
-1.551574e+03
1.157277e+03
-3.541864e+02
1.437600e+03
-3.854726e+02
-3.221765e+02
1.046379e+02
1.389530e+02
5.172751e+02
1.603340e+02
-4.190075e+02
-1.007878e+03
-4.882774e+02
6.966442e+02
8.303937e+01
-3.043133e+02
3.192799e+02
2.721524e+02
3.779431e+02
2.482986e+02
4.264839e+02
2.599458e+02
4.745943e+02
2.475335e+02
1.270103e+02
3.676659e+02
5.326354e+02
1.423378e+02
6.122352e+01
8.289166e+00
3.022699e+02
1.775733e+02
-7.551612e+01
-5.091824e+01
7.060509e+01
1.135444e+02
8.219830e+01
-1.449460e+02
3.907971e+02
-2.146375e+02
-4.932603e+01
-1.263568e+02
3.589226e+02
1.451076e+02
-3.019427e+02
-1.337221e+02
3.086180e+02
4.253275e+01
-2.513653e+02
-2.022655e+02
9.726773e+01
1.359249e+02
1.289313e+02
1.329644e+02
2.149025e+02
-6.613519e+01
-1.262171e+01
-2.061372e+01
1.458222e+02
1.533280e+02
5.026873e+01
2.937810e+00
-1.102899e+02
-5.645438e+01
4.283834e+01
-9.052744e+01
-5.478981e+01
-8.237661e+01
-4.643826e+01
-1.949514e+01
-9.555178e+01
7.435789e+01
5.669630e+01
5.581798e+01
3.375232e+01
-9.141697e+01
-9.803629e+00
-1.276202e+02
5.292891e+01
1.082839e+01
-2.443861e+00
-1.581776e+01
-2.863902e+01
1.152316e+02
1.959727e+01
-2.746534e+01
6.479951e+00
-6.252841e+01
-1.188164e+00
-6.366258e-02
3.141871e+01
-1.585470e+00
-5.260293e+00
2.588454e+01
5.445867e+01
2.160650e+01
1.767437e+00
2.922100e+00
-3.629110e-01
2.844787e-01
-4.020196e-01
1.768758e-01
1.526884e-01
-1.817241e-01
-3.136920e-01
-4.812271e-01
-1.191147e+00
-9.079398e-01
6.613694e-02
7.963922e-02
-4.080430e-01
-4.542836e-02
3.920675e-02
1.161143e-01
9.915172e-02
-4.999120e-01
1.583317e-01
-1.119394e-01
2.057877e-02
2.546808e-02
-4.457184e-01
-2.262140e-02
-9.717893e-02
-1.900758e-01
1.164289e-02
