-3.379830e-01
5.303954e-01
4.268382e-01
4.750222e+01
1.933169e+02
-2.023928e+01
3.453673e-04
-8.141116e+04
-2.612863e+05
2.074948e+05
9.714576e+04
8.104370e+04
2.476255e+05
-1.203576e+05
1.456580e+04
-7.669652e+04
-2.470212e+03
-8.440708e+03
9.748528e+04
7.871734e+04
-1.990575e+04
-1.957810e+04
-4.137724e+04
5.940598e+04
-1.782549e+04
-4.360578e+04
-3.944814e+04
-2.336589e+04
7.001110e+03
2.948149e+04
-1.035350e+05
-1.487916e+04
-1.450946e+04
-1.755532e+04
1.813107e+04
7.339715e+03
-1.503064e+04
7.084131e+03
1.253633e+04
-5.761239e+03
1.360114e+04
5.011518e+03
-6.356714e+03
-4.809190e+02
8.611738e+03
-5.923417e+03
8.188717e+03
1.367654e+04
-9.125604e+03
-9.193476e+02
1.215537e+04
3.835563e+02
1.808384e+02
1.052173e+03
1.490355e+03
-1.109192e+04
1.939388e+03
5.865917e+03
9.397687e+02
-6.849689e+03
-3.505871e+03
-6.780618e+02
3.349905e+03
-5.498661e+03
-2.815065e+03
5.584048e+03
2.004863e+02
1.561867e+03
-5.471514e+03
1.767624e+03
2.430838e+03
2.577316e+03
1.819048e+02
1.848854e+03
-1.697106e+02
1.902334e+02
2.286325e+03
-8.271141e+02
-1.953603e+03
-8.730535e+01
-1.651097e+03
-9.279505e+01
-2.985555e+03
2.022356e+03
-5.535439e+02
3.062271e+03
-7.135770e+02
2.650508e+03
-5.738226e+02
-1.312992e+03
6.277256e+02
-1.585485e+03
2.087305e+03
1.040585e+03
-3.541487e+02
6.015079e+02
1.743002e+03
4.385322e+02
-1.607395e+02
3.630549e+02
-1.077457e+03
-4.086024e+02
3.550948e+02
-3.831162e+02
6.326251e+01
-3.425002e+02
3.801760e+02
-1.326323e+02
1.615057e+03
1.181249e+03
3.844482e+02
1.318180e+03
1.939173e+02
3.866775e+02
-1.113939e+03
4.685354e+02
7.807269e+02
-1.277224e+02
-4.277006e+02
2.263621e+02
-1.928322e+02
-5.433555e+02
4.159117e+02
3.240578e+02
-9.985298e+01
-4.464985e+02
2.415768e+02
3.616069e+02
1.314224e+02
-5.858375e+02
1.590804e+02
4.326799e+02
9.683211e+01
1.121907e+02
4.228753e+01
-1.905808e+02
1.849077e+02
1.318887e+02
3.005683e+02
-3.861935e+02
1.855936e+02
9.067219e+01
-8.670538e+01
3.252230e+02
4.636614e+01
6.616253e+00
2.045494e+02
-1.813507e+02
2.860326e+02
2.400550e+01
2.116272e+02
-1.452786e+02
-2.470009e+01
2.465546e+02
-2.491161e+02
7.004531e+01
1.173008e+02
3.234659e+02
-2.811945e+02
-1.457381e+02
3.430522e+02
2.355274e+00
-2.431075e+00
6.857195e+01
-7.802885e+01
-1.512020e+02
-3.697309e+01
1.044203e+02
-1.063860e+02
9.711431e+01
1.560703e+00
4.937675e+01
6.008669e+01
-3.638741e+01
1.948540e+01
-7.795773e+01
-2.437238e+01
-7.715804e+01
-1.391749e+02
2.493579e+01
-1.249941e+00
9.588686e+01
-4.104715e+00
1.127640e+01
7.197155e+00
1.848903e+01
9.642758e+01
1.485577e+01
-1.086336e+02
-3.698131e+00
3.304084e+01
4.047587e+01
-3.819930e+01
1.118202e+02
6.867742e+01
-2.857749e+01
-3.096680e+01
-6.038247e+01
-1.592278e+01
-5.755651e+01
8.461081e+00
-7.111916e+01
-2.699509e+01
-2.706338e+01
4.705934e+01
-1.648990e+01
-3.079256e-01
3.550876e-01
-6.101215e-01
-5.689899e-01
4.955490e-01
-4.341596e-01
-4.109575e-01
2.815431e-01
8.367898e-02
-1.763977e-01
-4.573525e-02
-6.985807e-01
-2.783974e-01
1.308966e-01
1.658512e-01
2.106082e-01
-9.108526e-02
-1.147835e-02
-3.675162e-02
-2.295437e-01
2.542723e-01
-8.372524e-02
-8.448344e-02
3.579158e-02
3.673828e-02
8.246838e-02
-1.471436e-01
-2.000574e-02
7.288920e-02
