-1.434513e-01
1.431297e+00
1.449444e-01
5.688889e+01
1.831359e+02
-9.859372e+00
3.545151e-04
-8.387022e+04
-2.942671e+05
-8.410669e+04
3.950286e+04
9.641651e+04
-6.789931e+04
1.793262e+04
-1.097685e+05
-1.698004e+05
-6.353745e+04
-1.015464e+05
1.016102e+05
1.146324e+05
2.931424e+03
1.088105e+04
-1.345228e+04
4.202221e+04
-3.364941e+04
-2.699563e+04
-4.515304e+04
1.471413e+04
-1.490056e+02
5.061300e+04
-3.059928e+04
1.193874e+04
-1.500982e+04
-4.465763e+03
-2.914440e+01
1.677098e+04
1.606285e+04
3.717228e+02
4.131191e+03
9.254905e+03
-4.904669e+03
-1.217142e+04
-1.396081e+04
3.506255e+03
-5.351576e+03
5.808384e+03
7.772722e+03
8.465511e+03
2.187614e+03
-3.573354e+03
1.472571e+04
6.970514e+02
3.851383e+03
2.302919e+03
-4.483438e+03
1.618790e+03
9.517323e+03
4.434312e+03
-2.573895e+03
-6.643792e+03
-1.593038e+03
7.016060e+03
2.767322e+02
-4.165008e+02
1.960948e+03
3.661601e+03
2.348650e+03
2.204001e+03
-3.828236e+03
3.610315e+03
-3.041502e+03
-2.720604e+03
-3.020534e+03
-1.352764e+03
-7.407236e+02
-1.572379e+03
1.086657e+03
6.416092e+01
-5.520020e+02
1.311827e+02
1.559343e+03
5.687950e+02
-8.268743e+02
1.472894e+03
3.411402e+03
1.193894e+03
-3.209682e+02
-1.012163e+02
-7.087998e+02
-1.100596e+03
9.199425e+02
1.165964e+02
1.085205e+03
1.336078e+03
-1.539266e+03
-1.836554e+02
6.147969e+02
5.896956e+02
7.194218e+02
-9.616526e+02
-1.268000e+02
4.389725e+01
-9.184470e+01
-1.078519e+03
-4.931737e+02
1.189440e+03
1.048775e+03
6.293722e+02
-1.891277e+02
1.163867e+03
-4.094483e+01
5.975282e+02
-2.945018e+02
1.457134e+03
-4.278292e+01
4.370089e+02
3.328822e+02
-8.768143e+01
-1.184671e+02
3.510234e+02
-9.487979e+01
-1.659285e+01
2.072360e+02
3.803559e+01
5.417229e+02
-4.861157e+01
-2.731461e+02
-3.224293e+01
-1.856840e+02
-7.225412e+01
2.436563e+02
7.013697e+02
-1.244254e+02
9.456910e+01
-2.320611e+02
9.129364e+01
1.835290e+02
-1.336008e+01
2.972274e+02
-2.917983e+02
-2.845053e+02
9.751703e+01
-8.339926e+01
3.623100e+01
-1.954366e+01
1.254457e+02
3.267488e+02
1.422625e+02
1.025908e+02
1.507079e+02
4.122091e+01
-8.636222e+00
1.574594e+01
1.173089e+02
-1.441423e+02
1.302108e+02
3.482446e+00
3.292441e+02
-2.568012e+01
-3.264732e+02
2.755580e-01
-1.562699e+01
1.718822e+02
-9.613227e+01
1.695939e+01
-9.804747e+01
-9.305961e+00
4.500342e+01
1.883507e+02
1.800688e+02
1.136582e+02
-9.700443e+01
-6.186090e+01
8.744938e+01
6.470354e+01
-1.008899e+01
-3.683511e+01
-3.394099e+01
-8.821405e-01
4.434455e+01
-4.842041e+01
1.444575e+02
3.213453e+00
5.149239e+01
6.524508e+01
2.292558e+01
3.215064e+01
-8.674491e+00
-1.030976e+02
1.532361e+01
1.348175e+01
8.166599e+01
2.837943e+01
6.026288e+01
-3.069378e+00
8.563011e+00
3.337103e+01
-6.789832e+01
7.333597e+00
-3.476712e+01
2.540602e+01
-6.592167e+01
-1.420800e+01
-2.653277e+00
3.957917e+01
1.224527e+00
-1.414898e+00
3.611701e+00
-1.100822e+00
-1.111109e-02
-2.830913e-01
-3.782594e-02
-2.702532e-01
-8.413755e-01
4.155624e-02
-6.776341e-01
-3.584180e-02
-1.369615e-01
1.642421e-01
-3.903598e-02
4.776661e-02
-3.635950e-02
1.416202e-01
4.913495e-02
-5.020505e-02
1.218199e-01
1.364904e-01
-7.039020e-03
2.679839e-01
-2.287501e-02
2.855401e-02
6.466590e-02
-1.980078e-02
-6.532284e-02
4.770312e-03
