-2.756646e-01
1.525903e+00
-5.831432e-01
5.916444e+01
1.666061e+02
-9.009244e+00
3.429471e-04
-1.411931e+04
1.102980e+05
1.261955e+05
2.434956e+05
-3.095967e+04
-1.264544e+05
2.522653e+03
-5.909528e+03
-1.923264e+04
1.746854e+05
1.001063e+05
6.004615e+04
-5.731248e+04
-2.159130e+04
-6.415466e+04
4.558485e+04
-8.295562e+03
2.364572e+04
8.970104e+02
4.052673e+04
4.886889e+04
-2.583840e+04
-1.652831e+04
-2.613660e+04
-1.257122e+04
1.179636e+04
-2.892310e+04
-1.824313e+04
4.472642e+03
1.507014e+04
2.413462e+02
-3.191250e+03
-2.404077e+04
-5.311506e+03
-2.753135e+03
-1.244481e+04
1.773804e+03
2.352589e+04
-2.656018e+04
-1.411869e+03
1.285058e+04
5.335551e+03
5.324299e+03
-6.797136e+03
2.969612e+03
-8.569933e+02
6.096032e+01
-1.013571e+03
7.324011e+03
-1.655012e+03
1.357774e+04
3.903662e+03
-7.694198e+03
-5.478045e+03
-6.113967e+02
-2.143944e+03
-5.025611e+03
1.445708e+03
2.873959e+03
1.350157e+03
5.673081e+02
-3.940571e+03
7.723972e+02
4.634462e+03
3.507344e+03
-1.023218e+03
-5.096937e+02
-2.372083e+03
9.678024e+02
4.445451e+02
-6.497693e+02
-5.214345e+03
-8.296517e+02
6.843638e+02
6.448074e+02
2.031208e+02
9.240768e+02
1.983008e+03
-2.257201e+02
-2.153080e+03
6.514779e+02
-1.648226e+02
3.111655e+02
1.166465e+02
-1.270039e+03
2.079728e+03
1.343356e+03
-9.202996e+02
-1.159308e+01
5.998524e+02
-4.585524e+02
-8.997635e+02
7.253175e+02
-6.825933e+02
-4.051042e+02
9.376071e+02
-1.040462e+03
1.507041e+03
-2.184240e+03
5.112556e+02
-9.104655e+01
9.504767e+02
8.120879e+02
-6.096378e+02
1.210886e+03
4.872056e+01
2.001262e+02
-4.203739e+02
-1.396425e+02
-4.248407e+02
-2.318263e+02
-1.932880e+02
6.935466e+02
-5.874947e-02
-2.421092e+02
-4.446459e+02
6.807701e+02
9.502831e+01
-2.637563e+02
6.333015e+02
5.564589e+01
-1.087048e+02
2.720173e+02
2.825244e+02
8.603667e+01
1.689917e+02
3.184966e+02
1.910153e+02
-1.697961e+02
4.616273e+02
-1.367351e+01
-1.036505e+02
2.044416e+02
2.609311e+01
-4.988330e+01
1.586888e+02
1.953817e+02
2.050592e+02
9.443776e+01
-2.992545e+02
-4.461325e+02
1.685233e+02
9.995338e+01
9.924072e+01
1.175893e+02
2.353495e+02
4.909480e+01
-1.954992e+02
-7.137246e+01
2.416984e+02
7.603650e+01
-7.968620e+01
3.933840e+01
1.519974e+02
8.876986e+01
-8.471738e+00
6.027383e+01
-1.045442e+02
-5.388936e+00
2.804889e+01
1.212540e+02
-1.185583e+02
-5.893246e+01
4.127768e+01
1.256442e+02
6.602367e+01
-2.451870e+01
-1.156252e+02
-6.001708e+01
7.302574e+01
-1.461264e+01
-9.386303e+01
1.539985e+01
1.688041e+01
4.306691e+00
6.267075e+01
-5.987986e+00
3.652453e+01
-1.419470e+01
-1.761019e+01
-3.111823e+01
-2.890909e+01
-6.070432e+00
2.128785e+01
-2.017879e+01
-2.285851e+01
4.970314e+01
1.645341e+01
-3.703256e+01
-1.520083e+01
-1.274620e+01
-5.378970e+00
2.773484e+01
1.730634e+01
-1.488919e+01
8.096968e+00
1.786278e+01
1.716868e+01
2.975878e+01
6.485778e-01
-2.351090e+00
1.685749e-01
2.465895e-01
2.189771e-02
2.928675e-01
-6.446424e-02
-1.982602e-01
-3.288073e-02
1.630919e-01
-1.310790e-01
-4.281022e-01
-2.009757e-01
5.772492e-02
-1.628156e-01
4.485469e-02
-7.533761e-02
7.325913e-02
8.765406e-02
-2.217920e-01
7.540113e-02
1.518266e-01
-1.337841e-01
-5.341065e-02
-2.039421e-01
3.545128e-03
-8.997036e-02
-9.459218e-02
2.309430e-02
