-2.668723e-01
9.032251e-02
2.579212e-02
4.807111e+01
2.014641e+02
-2.590415e+01
3.482306e-04
-1.622345e+04
-1.694085e+05
1.546484e+05
2.525439e+05
4.440190e+04
1.862622e+04
8.357645e+03
2.352045e+04
6.153518e+03
5.712112e+04
3.070964e+04
1.306956e+05
-1.134432e+04
-3.012031e+04
-6.904476e+04
7.976450e+03
1.613927e+04
-1.058188e+04
-1.836175e+04
5.172433e+04
5.589523e+04
-1.624346e+03
1.868713e+04
-4.310953e+04
3.390609e+04
-1.524513e+04
-1.746117e+04
-2.191580e+04
1.608377e+04
7.096375e+03
1.306419e+04
-1.018315e+03
-2.798512e+02
-1.335421e+04
-1.688968e+03
-2.008592e+04
-8.003284e+03
3.015713e+04
-1.869855e+04
-1.025658e+04
4.533955e+03
-7.750640e+03
3.657545e+03
2.250180e+03
1.117410e+04
2.725321e+03
-2.641043e+03
9.828521e+02
1.192131e+04
-4.317869e+02
1.204786e+04
2.052660e+03
-2.871428e+03
-6.534714e+03
3.557105e+03
2.415693e+03
-1.899207e+03
5.611804e+02
2.614563e+03
5.270141e+02
8.379867e+02
-4.401192e+03
1.235567e+03
2.854198e+03
-4.917807e+02
-6.296682e+02
-1.799136e+03
-3.875604e+03
-1.217212e+03
-6.866262e+02
-3.975022e+02
-2.721475e+03
4.287083e+02
-2.425463e+03
-3.462034e+02
1.767882e+02
2.152553e+03
1.407252e+03
3.885881e+01
-6.089775e+02
3.576813e+02
1.312753e+03
3.549038e+01
5.745436e+02
-9.942266e+01
3.379846e+03
6.835430e+02
-9.429713e+01
1.446599e+02
7.659257e+02
-2.822570e+02
-4.084926e+02
3.419984e+02
-1.166569e+03
-5.982563e+02
1.076135e+03
-1.166976e+03
1.036009e+03
-8.766804e+02
8.153650e+02
-8.368203e+01
1.450642e+03
1.075259e+03
-6.452249e+02
1.900219e+03
-4.331613e+02
6.314359e+02
-9.480282e+02
2.825844e+02
3.684107e+02
-1.698635e+02
1.653439e+01
4.450977e+02
2.750129e+02
3.818938e+01
-1.001271e+02
4.102433e+02
5.476971e+02
-4.277062e+02
4.713549e+02
-1.793590e+02
1.358355e+02
-3.275314e+01
3.490898e+02
1.087124e+02
9.428740e+01
9.075259e+01
1.602344e+02
-1.997307e+02
6.914912e+02
6.946081e+01
5.395562e+01
-2.604650e+01
-3.992102e+01
1.459247e+02
-7.174531e+01
2.587974e+02
-1.537385e+02
1.433759e+02
-5.607396e+01
-3.276971e+02
2.222865e+02
1.973531e+02
8.327901e+01
-1.598345e+02
2.403461e+02
-3.131020e+01
-2.906251e+02
8.710582e+01
1.336501e+02
-5.612521e+01
-2.420253e+01
-1.494565e+02
1.401853e+02
8.968150e+01
3.166495e+01
6.205666e+01
-2.990916e+01
-3.918470e+01
-2.780100e+01
1.757498e+02
-1.465540e+02
7.144061e+01
4.110743e+01
8.352188e+01
3.969553e+01
-2.369410e+01
-1.150104e+02
-3.075212e+01
-3.179403e+01
-4.871439e+01
-1.444069e+02
-9.397330e+01
-2.284295e+01
7.929734e+01
3.251199e+01
-3.621416e+01
3.787948e+01
5.890235e+00
1.559379e+02
-4.192388e+01
-5.760284e+01
-1.447734e+01
7.466779e+01
-4.589610e+00
-6.887174e+01
5.694452e+01
-2.049888e+00
3.549170e+01
-1.226549e+01
-6.643437e+01
-1.275353e+01
3.862442e+00
-8.413192e+00
-4.215326e+01
-2.732442e+01
3.500616e+01
4.020894e+01
2.414982e+01
-3.443231e-01
3.137124e-02
-8.492786e-01
8.467072e-01
3.216015e-01
7.169610e-02
-2.970937e-01
-5.076661e-01
9.965476e-02
-3.249108e-02
-4.138002e-01
-6.326953e-01
-8.120321e-02
4.439499e-02
-1.286919e-01
-7.154938e-02
-6.782433e-02
3.722283e-02
4.580273e-02
-3.018059e-01
1.916020e-01
1.707607e-01
-1.005035e-01
-1.707766e-01
-1.231395e-01
-3.849981e-02
-8.233826e-02
-1.083254e-01
-6.057604e-03
