-3.276072e-01
-4.909294e-01
1.250506e-01
5.006222e+01
2.063946e+02
-2.329490e+01
3.498661e-04
4.605708e+04
3.596250e+05
1.625434e+04
9.734220e+04
-2.027838e+05
-3.940243e+04
-2.090871e+04
1.106805e+05
-85075
-7.045242e+04
-9.940422e+04
-7.211777e+04
-1.068350e+05
6.784473e+03
-7.841839e+03
8.722014e+04
-4.639515e+04
9.832911e+03
-6.479208e+03
-2.578506e+04
-8.605605e+04
-7.013316e+04
6.646597e+02
2.121390e+04
4.426079e+04
1.308872e+04
1.673791e+04
4.433164e+04
1.338119e+04
1.357609e+04
1.589687e+04
-2.018848e+04
-2.844871e+04
-1.091709e+04
2.884554e+03
-4.129964e+03
5.698303e+03
4.943284e+03
-5.246234e+02
2.420999e+03
-8.562802e+02
1.543599e+04
-1.021275e+04
7.082422e+03
5.285604e+03
1.575822e+03
2.141292e+04
-1.019972e+04
1.001874e+03
1.740794e+03
5.055708e+03
-9.261535e+03
-3.625934e+03
2.249667e+03
-1.621743e+03
2.262659e+03
-3.611250e+03
9.397316e+03
-9.823345e+02
4.951515e+03
-7.415789e+03
2.866730e+03
6.234108e+03
5.313510e+03
7.943770e+02
-3.132032e+03
-5.931326e+02
-6.679012e+02
-3.719983e+01
1.861421e+03
4.322265e+03
-4.610339e+03
-3.022939e+03
4.797587e+03
2.375857e+01
-9.887678e+02
-6.161179e+02
5.295642e+03
2.638400e+03
-1.481100e+03
6.209332e+02
-2.217880e+03
5.009847e+02
-3.953974e+02
-2.170438e+03
5.115468e+00
7.759072e+02
-2.757908e+03
2.343515e+03
4.048097e+02
1.810990e+03
-3.451118e+02
-4.708578e+02
-1.565557e+03
2.063676e+02
-2.394247e+02
1.099481e+03
-9.486729e+02
4.293315e+02
1.473812e+01
9.220795e+02
-2.115572e+03
2.903352e+01
-2.778222e+02
-4.158837e+02
-9.525254e+02
8.131865e+02
-2.495386e+02
-9.308668e+02
-2.352516e+02
6.875532e+02
2.040842e+02
4.251184e+02
-9.284335e+02
-4.788014e+02
-1.497201e+02
5.301760e+02
-2.477212e+02
5.976209e+02
-7.347159e+02
3.900681e+02
1.556343e+02
4.608503e+02
4.228464e+02
6.103795e+02
3.858013e+02
6.034021e+02
1.196794e+02
4.678523e+02
2.600063e+02
7.686794e+01
8.005102e-01
-1.383230e+02
-1.454584e+01
-3.647278e+02
-3.233910e+02
-2.215007e+02
1.875131e+02
3.782199e+02
-4.101716e+02
9.191412e+01
6.880598e+01
-2.737352e+02
-2.439640e+01
-6.270802e-01
9.723095e+01
1.725959e+02
-7.253557e+01
-5.904777e+01
1.232021e+02
9.346590e+01
6.482678e+00
5.968570e+01
5.581208e+01
1.079442e+02
6.932771e+01
1.594516e+02
2.177034e+02
-1.691521e+02
-1.512953e+02
-4.635624e+01
2.236008e+02
-1.376609e+02
-4.119300e+00
1.266749e+01
-2.524523e+02
6.440122e+01
-2.035048e+01
1.118681e+01
-1.190215e+00
3.627612e+01
2.187976e+01
3.190483e+01
-7.071994e+01
-6.517007e+01
4.058473e+01
1.896362e+02
4.517737e+01
-9.947775e+01
-1.931441e+02
-3.973943e+01
3.692918e+01
2.081228e+01
-1.879146e+01
1.681152e+01
1.472923e+02
3.206247e+01
6.635577e+01
-4.811248e+01
6.793934e+01
1.064738e+01
4.258134e+01
-2.857576e+01
5.240852e+01
3.459233e+01
1.014437e+01
3.293832e+01
-2.210871e+01
-7.817698e+00
2.036476e+00
6.785702e-01
1.049307e+00
-7.241843e-01
-2.792587e-01
1.330934e-01
-1.006308e-01
-8.282786e-01
-2.304021e-01
-6.571315e-01
-5.490724e-01
2.402156e-01
1.299984e-01
-7.504302e-02
-3.968927e-01
1.105989e-01
1.248520e-01
2.318595e-01
1.113193e-01
-9.457767e-02
-7.853393e-02
-5.776270e-02
2.938378e-01
5.759487e-02
-3.480228e-01
-6.396188e-02
1.090089e-01
4.734919e-02
-3.569114e-02
