-4.149107e-01
-6.830464e-01
-5.495403e-02
5.262222e+01
2.085527e+02
-2.094793e+01
3.508859e-04
2.674314e+04
-3.024858e+05
-3.055774e+05
1.130356e+05
-2.525126e+04
-7.416683e+04
9.783174e+04
-1.091025e+05
-5.680775e+04
4.528243e+03
-6.059027e+04
7.173071e+04
2.362375e+03
-9.082436e+03
-5.919237e+04
2.393867e+04
-5.626819e+03
4.047024e+04
2.051500e+04
3.797314e+03
9.066732e+03
-2.521274e+04
-1.156617e+04
-3.260320e+04
2.497189e+03
-2.865576e+04
-2.123145e+04
1.648311e+04
-3.664420e+03
-7.361503e+03
-7.693655e+02
9.806586e+03
-1.089930e+04
-2.291150e+04
-9.671542e+03
1.223883e+03
2.489121e+03
6.244605e+03
-8.036453e+03
-9.425637e+02
5.271255e+02
-4.832136e+03
-9.576830e+02
-6.354681e+03
-2.394469e+03
-3.389083e+03
-1.291954e+03
-4.138983e+03
5.453090e+03
-3.484168e+02
9.657514e+03
1.915645e+03
-1.068627e+04
2.426631e+02
9.822280e+02
-3.748342e+03
-2.659401e+03
2.170757e+03
4.571452e+03
3.806460e+03
-1.617775e+03
-4.168944e+03
7.403409e+02
1.322366e+03
-2.474513e+03
-3.197603e+03
1.056116e+03
1.079849e+03
1.848892e+03
5.276672e+02
1.311813e+03
-3.756282e+03
9.519917e+02
-6.325657e+01
1.031436e+03
1.530884e+03
1.090173e+03
3.810960e+03
-3.025857e+01
-1.231203e+03
-3.229836e+02
-2.137196e+02
5.892827e+02
-5.801204e+02
6.968226e+02
5.212842e+02
9.843331e+02
-1.815721e+03
9.791346e+02
2.496249e+01
1.905427e+02
7.506153e+02
3.091458e+02
-5.062853e+00
7.004250e+02
6.639009e+02
-1.224666e+03
3.380368e+02
-5.159480e+01
8.292385e+02
8.519182e+01
1.149062e+02
1.106210e+03
-8.529734e+02
8.151465e+02
-2.532499e+02
8.078044e+02
-1.620215e+02
1.424284e+02
4.713764e+02
-3.918401e+02
8.078843e+01
1.548407e+02
-1.646422e+02
-2.028283e+01
-3.247284e+02
3.958194e+01
3.729810e+02
-1.870914e+02
-6.592998e+01
-1.277528e+02
-2.319577e+02
1.425360e+02
5.570803e+02
5.432570e+02
3.050469e+02
1.929326e+01
-3.155853e+02
5.967081e+01
3.260093e+02
-2.931841e+02
2.343291e+02
-4.106523e+01
-1.413790e+02
1.527249e+02
9.358584e+01
1.032165e+02
-2.178401e+01
1.791970e+01
2.053918e+02
-2.722814e+02
1.141866e+02
1.197262e+02
-7.606187e+01
1.479194e+02
2.822328e+02
-6.145940e+01
-3.708154e+02
-4.155038e+01
1.195826e+02
6.208922e+01
3.361667e+01
-2.708715e+02
1.116243e+01
1.644722e+02
1.314073e+02
-3.469895e+01
4.593612e+01
-3.942033e+00
6.299380e+00
8.108337e+01
6.224292e+01
1.856556e+02
1.340665e+02
-5.900335e+00
-2.446895e+00
3.036176e+01
3.664447e+01
-3.617490e+01
-8.848736e+00
3.057135e+01
-1.193300e+01
4.344621e+01
-3.187879e+01
1.183487e+02
2.292277e+01
-2.104416e+01
1.091536e+02
-2.921222e+01
4.887929e+01
-2.244312e+01
-5.236745e+01
2.123787e+01
4.290405e+01
-3.207135e-01
-5.035373e+01
5.401877e+01
1.363496e+01
9.587663e+00
-7.146679e-01
-1.480846e+01
-1.806748e+01
1.182011e+01
4.994513e+00
-3.962120e+01
6.577109e+01
2.102302e-01
4.127988e+01
3.847191e+01
-2.113970e+00
2.414945e+00
-5.975133e-01
1.065109e+00
4.706920e-03
-1.277803e-01
1.221552e-01
-7.255923e-01
-1.943344e-01
-2.200108e-01
-1.670325e-01
-2.605453e-01
1.174840e-01
1.077393e-01
-1.097576e-01
-8.025657e-02
-2.515676e-03
-6.623658e-02
-8.076203e-02
-5.780212e-02
1.741246e-02
1.357766e-01
1.400749e-02
-4.115744e-02
8.041403e-02
2.221419e-02
-2.922164e-02
-1.131299e-01
-5.312616e-02
