-2.437816e-01
5.602121e-01
-5.062552e-02
5.461333e+01
2.074839e+02
-2.470515e+01
3.578102e-04
-1.490664e+05
1.079885e+05
-1.664956e+04
-4.501255e+05
-8.239195e+04
-1.251268e+04
-6.085255e+04
8.337924e+04
-1.746240e+05
-1.059020e+04
-7.325916e+04
1.655741e+05
-8.746744e+04
1.703268e+03
5.015221e+04
-4.608466e+04
3.728534e+04
-8.125640e+03
8.451934e+02
-6.131136e+04
-1.225107e+03
-5.772335e+03
-1.450365e+04
3.415016e+04
-6.463534e+03
-1.051668e+04
-1.651117e+04
6.100589e+03
1.009239e+04
7.262761e+03
-1.700396e+04
1.906218e+04
1.520060e+04
6.305304e+03
-2.496178e+04
-1.200642e+03
-2.832746e+04
1.434165e+03
7.796962e+03
8.113294e+03
2.730407e+03
-1.457051e+04
-2.256964e+03
3.831527e+03
2.725322e+03
7.530592e+03
3.419966e+03
1.662357e+03
8.444074e+03
3.211294e+03
7.677068e+03
-2.697987e+03
-1.422693e+03
-7.514356e+03
4.681964e+03
2.170585e+03
-2.713565e+02
-1.009486e+02
2.406138e+03
5.615620e+03
7.607856e+03
-1.070830e+03
-3.508185e+00
-5.215504e+01
6.713195e+02
4.195219e+03
7.499470e+02
-5.794025e+02
-1.703880e+03
1.398092e+03
6.334164e+02
-3.548193e+03
-4.241374e+02
-2.251762e+03
8.746302e+02
-2.202747e+03
9.800046e+02
1.343969e+03
5.642028e+02
-8.436053e+02
-5.647931e+02
1.225053e+03
6.335162e+02
9.678061e+02
2.032438e+03
2.076465e+03
1.868075e+03
-6.654357e+02
1.303823e+03
2.863476e+03
-1.823324e+02
-1.721930e+02
-4.794787e+02
-1.485328e+03
-3.963099e+02
2.983842e+02
-8.959783e+02
6.540438e+02
-5.985948e+02
7.190954e+02
1.084879e+03
9.793654e+02
1.504461e+03
1.201039e+03
7.190734e+02
-7.715932e+02
9.870142e+01
3.468445e+02
-7.965752e+01
-2.168399e+02
-4.981883e+02
-5.759436e+02
4.790953e+02
1.545985e+02
8.861353e+02
-1.963488e+02
1.101931e+02
4.411382e+02
-1.894131e+02
1.378889e+02
1.324647e+02
-3.342617e+01
-6.906606e+01
-7.643399e+01
2.578632e+02
-2.199918e+02
2.782578e+02
-2.901133e+02
-3.101304e+02
2.854685e+02
-1.266485e+02
-1.351025e+02
-8.887949e+01
-4.140511e+02
6.002856e+01
9.349126e+01
1.329920e+02
-2.226568e+02
2.546667e+00
-2.758685e+01
8.701946e+00
-1.518721e+02
2.363484e+02
5.729978e+01
2.342327e+02
-5.427790e+01
8.852389e-01
5.926315e+01
-4.496670e+00
-1.663868e+02
5.493936e+01
8.657669e+01
2.873556e+01
1.977435e+01
-9.205895e+01
-1.642378e+01
-4.509416e+01
-1.708046e+02
6.127781e+01
-4.349320e+01
1.891439e+02
-1.392985e+02
-3.808933e+01
1.096012e+02
3.681509e+01
1.220465e+02
6.896241e+01
-2.456790e+01
-2.684716e+01
-9.137012e-01
1.198532e+01
-8.673428e+01
6.888932e+01
6.297802e+01
2.050246e+01
1.353613e+01
2.516251e+01
4.201437e+01
-1.400607e+01
6.729107e+01
1.107677e+02
-9.341898e+01
-8.301970e+00
4.289816e+01
6.579657e+01
9.567604e+00
-7.077650e+01
9.250865e+00
5.241015e+00
-2.740621e+01
2.193868e+01
-1.907898e+01
1.246297e+01
9.527604e+00
-6.160683e+01
2.936517e+01
4.610641e-01
-6.219080e+00
1.216385e+01
-2.081471e+00
-7.714827e-01
-8.270559e-01
2.957331e-01
1.315753e-01
-3.052270e-02
-2.723792e-01
-3.458824e-01
-2.338499e-01
-3.398481e-02
3.404986e-01
3.653082e-01
-2.954404e-02
-1.247430e-01
3.064612e-01
-1.283890e-01
-5.612975e-02
1.167350e-01
4.325385e-02
2.195273e-01
-1.420814e-02
3.701480e-02
8.739848e-02
-1.902356e-01
1.267760e-01
1.807121e-02
4.451878e-02
4.851406e-02
2.601076e-02
