-2.438622e-01
5.243869e-01
-1.479204e-01
4.721778e+01
1.942807e+02
-2.189882e+01
3.359403e-04
-1.832048e+05
-9.401855e+04
2.751918e+05
6.330993e+04
1.913840e+05
9.464873e+04
-4.228700e+04
2.105285e+04
-1.401342e+05
2.895069e+04
-2.334527e+04
-6.722365e+04
5.495920e+04
-4.775441e+04
-2.652362e+04
5.891416e+04
3.472290e+04
1.044476e+04
-4.899096e+04
5.354232e+03
6.984158e+04
1.441585e+04
5.669762e+04
-8.008404e+03
3.778021e+03
3.826838e+04
-1.531539e+03
9.820396e+03
-9.758631e+03
-2.506977e+04
-2.574733e+02
-4.011645e+04
3.383967e+04
4.642832e+04
-1.633644e+04
-4.155454e+03
-2.447359e+03
1.884502e+04
-9.919422e+03
-9.990789e+02
4.169607e+03
1.162850e+04
-1.540336e+03
1.057380e+02
8.674722e+03
1.379140e+04
-1.398458e+04
-6.043046e+03
1.703581e+04
-6.936499e+03
6.154994e+03
-5.290076e+03
-5.721285e+03
8.226086e+02
2.080439e+03
-1.398455e+03
-6.324367e+03
1.999562e+03
-2.175689e+03
6.424018e+03
1.144315e+04
-2.215762e+03
1.430672e+03
4.089751e+03
5.049320e+03
8.210820e+03
-1.322237e+03
-8.942327e+02
4.429409e+02
7.066751e+03
-2.324588e+03
-3.077828e+03
-8.567691e+02
-1.905627e+03
-3.439323e+02
-4.858996e+02
-4.883067e+02
2.991765e+03
1.713859e+03
-2.655807e+03
7.509689e+02
-1.371228e+03
1.847613e+03
1.773049e+03
1.751332e+03
4.468725e+03
1.013705e+03
-2.742013e+02
-6.962244e+02
9.571438e+02
7.213119e+02
-2.137290e+01
-1.838850e+02
1.532539e+02
-6.863807e+02
-9.043155e+01
-1.683832e+03
2.032181e+03
-9.409070e+02
-1.420676e+02
1.056834e+03
1.023966e+03
2.031489e+03
1.061755e+03
1.372671e+03
-5.010186e+02
1.734485e+02
-2.653093e+02
-6.188969e+02
-4.690373e+02
-3.729784e+02
-7.741883e+02
6.146912e+02
1.096539e+03
7.485506e+02
-9.410605e+02
1.445681e+03
-2.199888e+02
-6.665893e+02
2.967152e+02
-3.270263e+01
4.253424e+02
1.462037e+02
-4.390550e+02
1.787199e+02
-7.555635e+02
-2.878132e+01
-1.353299e+02
-4.720586e+02
2.827662e+02
-3.012234e+02
-2.782390e+02
2.470775e+02
-2.651244e+02
-1.064208e+02
5.650020e+01
-1.765798e+02
-3.554036e+02
3.019757e+02
-5.609395e+01
-1.291081e+02
-1.066086e+02
3.462816e+02
2.055250e+02
3.521446e+02
-1.064672e+02
1.363827e+02
-1.773984e+02
3.844018e+01
-1.156073e+02
2.020579e+02
-4.008163e+01
-7.114370e+01
5.068080e+01
-2.649781e+02
2.825104e+01
-1.704127e+02
-1.372244e+02
9.947896e+01
1.980820e+02
1.675941e+02
-1.110250e+02
-6.753351e+00
1.513605e+02
9.342036e+01
-1.816087e+01
2.973105e+00
-6.449562e+01
1.828623e+01
3.543753e+01
-4.817638e+01
-6.312560e+00
-2.080093e+01
1.823732e+02
-7.268066e+01
-1.456697e+01
3.255176e+01
4.516640e+01
-2.087155e+01
3.229929e+01
5.973424e+01
-4.420605e+01
1.637606e+00
-4.662913e+00
5.686685e+01
-2.195952e+01
1.209886e+01
-3.939978e+01
-6.099896e+01
-6.741165e+01
-1.472816e+01
-5.308820e+01
6.265964e+01
-3.565291e+01
-3.525311e+01
5.157001e+00
-3.662686e+01
6.361787e+00
1.253801e+01
-9.270133e-01
-6.660370e-01
8.983302e-01
2.664104e-01
-1.813411e-01
-1.108142e-01
-2.148746e-01
7.420228e-02
3.058915e-01
-1.378560e-01
5.635050e-02
-3.482289e-01
1.834108e-01
-1.197448e-01
4.006018e-01
2.672382e-01
-6.263445e-03
4.268890e-02
1.100802e-01
-1.233918e-01
1.477704e-01
-5.257573e-02
-3.564762e-02
-1.273946e-01
1.326835e-03
-1.543561e-01
9.548545e-02
-7.799377e-03
-1.253322e-01
