-1.793517e-01
-8.611977e-01
-7.321505e-02
5.034667e+01
1.933129e+02
-2.187942e+01
3.617117e-04
-1.219572e+05
1.122984e+05
4.689632e+04
-7.420504e+04
2.985796e+04
-1.464035e+05
-2.124092e+04
-3.643167e+04
-1.229105e+05
2.472108e+04
-9.652339e+04
9.537513e+04
-4.002852e+04
-1.810559e+04
3.542106e+04
-2.000743e+04
1.570820e+04
4.777877e+03
3.896138e+03
-2.539095e+04
-2.147020e+04
-2.376629e+04
-2.938317e+04
2.091654e+04
-4.288185e+03
1.365689e+03
-1.095586e+04
-4.212505e+03
-6.651012e+03
4.016752e+02
-1.098948e+04
7.007090e+02
-1.047693e+04
-1.362216e+03
-1.408975e+04
6.707659e+03
-2.509914e+03
3.799294e+03
-2.528318e+03
8.478186e+03
-2.709811e+03
-6.564845e+02
1.290286e+03
-1.498105e+03
-5.008514e+03
2.913421e+03
1.737773e+03
-4.278775e+03
-2.707816e+02
3.633398e+03
6.049185e+03
3.331738e+03
-5.103776e+03
-3.975965e+03
-3.178102e+03
2.058280e+03
-4.745898e+02
1.228143e+03
4.401603e+03
3.916399e+03
9.027608e+02
-2.178158e+03
2.475412e+03
2.336473e+03
3.382332e+03
5.261841e+01
3.617375e+02
-2.641356e+02
-4.199023e+02
-1.087135e+03
-5.412834e+01
-4.091019e+03
-1.710720e+03
1.689170e+03
-8.320706e+02
-4.157965e+02
8.478689e+02
2.733908e+03
8.477151e+02
-1.919082e+03
-9.843514e+01
-9.121147e+02
1.966005e+03
5.076690e+00
1.639394e+02
9.991434e+02
1.585833e+03
-2.164846e+03
5.733925e+02
1.407815e+03
-2.216188e+02
-6.738434e+01
-1.152530e+03
-9.254348e+02
-6.485022e+02
1.317352e+02
-5.746013e+02
2.922958e+02
-5.902857e+02
2.039843e+02
1.124210e+03
6.800513e+02
9.699961e+02
-2.008100e+02
3.150312e+01
-6.588883e+01
3.317969e+02
-1.313177e+02
4.854600e+01
-3.141547e+02
9.754806e+01
-6.209759e+02
5.629565e+02
-2.593148e+02
3.190114e+02
-3.204332e+02
9.620591e+01
1.502058e+02
2.351783e+02
-6.207109e+01
1.973883e+02
-4.816294e+02
1.815343e+01
2.578345e+02
3.010613e+02
1.589605e+02
1.763909e+02
-2.267955e+02
-3.196093e+02
3.281110e+02
-1.095041e+02
7.564822e+01
3.296173e+01
-3.510540e+02
-1.445143e+02
1.569887e+02
-1.535355e+00
2.798079e+01
1.221346e+02
-1.759080e+02
-2.317397e+02
6.405197e+01
2.896331e+02
1.357321e+02
1.523043e+02
4.212932e+01
8.042628e+01
-8.535188e+01
-6.437426e+01
-2.983195e+01
5.878179e+01
1.293058e+02
4.113873e+01
-7.265073e+01
-1.663027e+00
-2.507962e+01
-5.324901e+01
-1.200879e+02
-4.574177e+01
-2.641041e+01
1.190396e+02
2.263460e+00
-7.459344e-01
5.749487e+01
7.253848e+01
-1.614978e+01
1.004001e+02
-2.169068e+01
4.887161e+00
5.841046e+01
2.652979e+01
-5.444229e+00
7.728531e+01
7.696583e+01
2.097489e+01
2.945771e+01
2.096570e+01
5.008430e+01
-1.047009e+01
-3.642935e+01
7.538608e+01
-4.731701e+01
-4.299402e+00
4.446015e+00
3.093197e+01
2.838096e+01
-4.171894e+00
6.971402e+00
-3.153867e+01
1.964996e+01
7.832618e+00
-1.956409e+01
1.172181e+01
3.657214e+01
-3.591428e+01
3.431956e+01
-1.597383e+01
1.685019e+01
8.181406e-01
-7.220899e-01
9.248837e-01
-4.321280e-01
-2.040710e-01
-4.027265e-03
2.296158e-01
3.564695e-02
-5.705160e-01
3.565440e-02
-4.431369e-01
3.116873e-01
1.372831e-01
3.850346e-01
2.702077e-02
4.505885e-03
2.031532e-02
7.141557e-02
3.639563e-02
4.976270e-02
1.460487e-01
-6.903818e-02
8.709069e-02
4.935106e-02
-3.037688e-02
3.931667e-02
-7.452711e-03
4.797887e-02
4.682688e-02
-5.957586e-02
