9.465845e-02
2.220751e-01
1.776379e-02
3.953778e+01
1.667698e+02
-2.697602e+01
3.274093e-04
-2.050900e+05
2.398643e+05
-4.264598e+05
-1.613978e+05
3.210668e+05
-4.407969e+05
1.385856e+05
1.397344e+05
1.288478e+05
9.479141e+04
-2.315147e+05
-5.747547e+03
1.189966e+05
-6.854084e+04
-7.164605e+04
1.713797e+05
2.729724e+03
2.005202e+04
5.976690e+04
4.719532e+04
1.568085e+05
-2.235563e+04
-4.336299e+04
7.886659e+03
2.652221e+04
-2.705069e+04
-1.260063e+04
-4.686759e+04
-3.820950e+04
-6.421774e+03
3.620950e+03
1.027409e+03
2.216938e+04
-1.846627e+04
-3.409602e+04
-1.080457e+04
-1.664684e+04
1.289764e+04
-1.244890e+04
2.582000e+04
5.981170e+03
-2.715042e+03
-7.504336e+03
-1.210550e+04
2.148525e+03
-4.798582e+02
1.177188e+04
3.473015e+03
8.147562e+03
6.344388e+02
6.990418e+03
8.079011e+03
-8.425831e+03
-3.223380e+03
7.249088e+03
-3.551168e+03
5.321859e+03
-6.316184e+03
-6.837400e+02
-1.145910e+03
6.082553e+03
-5.298741e+03
-1.183894e+03
3.430579e+03
1.482140e+02
6.129191e+03
-2.480116e+03
-3.931027e+03
-1.159761e+01
-5.293625e+03
-3.878352e+03
-5.115512e+03
-1.334784e+03
-1.571635e+03
-6.144810e+02
3.523451e+03
-3.199979e+02
4.369513e+03
-2.089033e+03
-4.395148e+03
1.282793e+02
-9.864365e+02
2.873458e+03
1.158071e+02
1.642755e+03
4.338198e+01
-1.543721e+02
7.905504e+02
-7.777597e+02
4.204824e+02
6.058422e+02
-7.760128e+02
1.503540e+03
-1.732612e+02
1.076080e+03
6.769185e+02
-1.281815e+03
5.355632e+02
-1.981408e+02
-1.509419e+03
1.669317e+03
5.600317e+02
2.040835e+03
8.520491e+02
-3.076759e+02
-7.691793e+01
-6.151803e+02
5.438266e+02
-2.631042e+02
1.060061e+02
-1.698359e+03
-1.181333e+03
1.113667e+03
5.065942e+02
1.295249e+03
-8.308126e+02
-2.506785e+02
4.695661e+02
-5.166321e+02
1.557310e+02
-8.804121e+02
-4.563817e+02
9.911405e+02
-1.298494e+02
1.788406e+02
-1.069107e+03
2.196690e+02
-2.679476e+02
-1.666410e+02
-6.750903e+00
-6.378963e+02
-1.046292e+02
2.944732e+02
-3.526292e+02
-3.617644e+02
3.971722e+02
5.080121e+02
3.457129e+01
1.303917e+02
-1.875087e+02
-1.612545e+02
-5.603479e+02
2.340291e+02
3.821008e+02
3.966422e+02
-1.638910e+02
-2.491990e+02
-6.969851e+01
-1.234966e+01
3.572286e+02
1.641732e+02
3.065514e+02
-1.648797e+02
6.590777e+01
2.912102e+01
-1.302974e+02
-2.415646e+02
-2.239926e+02
5.636074e+01
1.277639e+02
2.351268e+02
-4.301471e+02
7.282868e-01
5.599237e+01
-5.227860e+01
1.264729e+02
3.932730e+01
-1.513907e+02
-7.613112e+01
2.056554e+02
5.053642e+01
-3.142838e+01
3.167156e+01
5.867823e+01
1.307346e+01
-1.651122e+01
-7.608309e+01
9.360046e+01
-5.910113e+01
5.544304e+01
3.963083e+01
-2.017730e+02
-1.496634e+02
1.283700e+02
-3.665482e+01
1.882497e+01
8.148512e+00
-1.410857e+01
-4.909374e+01
-4.866225e+01
7.731863e+01
-2.858040e+01
2.419034e+01
-2.826299e+01
-2.749576e+01
9.829406e+01
-2.525339e+01
-1.224393e+01
5.717445e+01
-3.580307e+00
-2.897970e+00
1.331110e-01
-1.483773e-02
-2.550837e-02
-2.326983e-01
-1.009674e-01
-5.426975e-01
4.871815e-02
5.157323e-01
1.050192e+00
-4.580671e-02
3.879320e-02
-3.345858e-02
8.251072e-02
2.682855e-01
4.535377e-02
-8.059052e-02
4.381329e-03
1.288102e-01
-2.386518e-01
1.892473e-01
-3.120742e-01
-3.201019e-01
2.050954e-01
-6.821058e-02
3.270129e-02
1.041813e-01
-1.548814e-02
