4.666651e-02
1.206627e+00
-9.222550e-02
5.376000e+01
1.695565e+02
-1.789843e+01
3.489111e-04
-1.151681e+05
4.987346e+04
-9.752519e+04
-1.890671e+05
-7.525848e+04
-2.010716e+05
-4.324071e+04
7.772961e+04
-1.148300e+05
8.773509e+04
-9.317338e+04
1.856203e+05
-5.234082e+04
-5.191688e+04
-9.479710e+04
1.892465e+04
-3.142345e+04
-3.892218e+04
1.801727e+04
6.341601e+03
3.377159e+04
-2.344075e+04
-6.386405e+04
-6.699969e+03
-1.727829e+04
-6.582560e+03
-8.862611e+03
-5.274162e+04
-2.214344e+03
3.056613e+03
8.518529e+03
6.255436e+03
-5.087166e+02
-1.240125e+04
-2.881991e+03
4.426843e+03
-2.722857e+04
8.811316e+03
-1.384106e+04
1.545971e+04
9.798083e+03
-1.918290e+04
-2.979735e+03
2.009213e+03
-1.067531e+04
2.598065e+03
1.259714e+03
-2.260655e+03
5.983564e+03
3.650724e+03
1.314162e+04
3.073174e+03
-9.082710e+03
-6.860417e+03
6.470569e+03
1.154340e+03
1.181703e+03
-4.768837e+03
3.916344e+03
4.068195e+03
2.319826e+03
-3.163268e+03
1.672332e+03
1.253180e+03
1.239778e+03
-1.439911e+02
-3.675416e+03
-2.957149e+03
-7.996790e+02
-2.610505e+03
4.044544e+02
-4.657609e+03
-7.851768e+02
-1.105805e+03
2.330814e+03
1.291940e+03
1.362798e+03
3.015846e+03
-1.897358e+03
4.790546e+01
-1.481475e+03
5.594621e+02
2.170564e+03
4.055628e+02
-4.128641e+02
1.367275e+03
2.466033e+02
-3.211175e+02
-2.003090e+01
1.188026e+03
-1.516163e+03
-4.348496e+02
6.579700e+02
7.562118e+01
4.686626e+02
9.673464e+02
-1.260965e+03
1.013842e+03
-1.211160e+03
6.477450e+02
-1.566000e+02
1.101935e+03
6.476658e+02
-1.902547e+01
8.412809e+02
-1.990944e+02
2.660432e+02
3.318893e+02
2.392685e+02
1.356280e+00
-5.099872e+02
-2.616196e+02
4.384981e+02
-3.705392e+01
3.064632e+02
-1.576755e+00
-9.490134e-01
8.853594e+02
4.775665e+00
6.501834e+02
-3.082081e+02
-6.487013e+02
2.055406e+02
3.094127e+02
3.050886e+02
-2.836805e+01
1.330815e+02
2.864764e+01
-2.068594e+02
5.695872e+02
-4.159800e+01
3.407365e+02
4.432288e+01
-1.683023e+02
1.934613e+02
1.142431e+02
2.016467e+02
-8.949436e+01
7.145020e+01
3.343282e+01
-3.935980e+02
-9.204070e+01
1.512447e+02
8.074794e+01
2.597563e+02
2.069333e+02
-8.628716e+01
-7.364590e+01
-4.417285e+01
3.115985e+01
1.456035e+02
2.851839e+01
-1.316518e+02
1.122289e+02
1.042453e+02
-3.826882e+01
-7.515166e+01
-1.153428e+02
-1.090136e+00
-1.655245e+02
1.331232e+02
-1.968486e+02
4.162968e+01
7.884549e+01
6.815211e+01
1.160001e+02
7.664924e+01
-1.014282e+02
-1.551503e+01
9.096958e+01
8.111903e+00
-9.615253e+01
-2.004078e+01
-1.209099e+01
8.967233e+01
2.747326e+01
-1.375698e+01
4.947523e+01
-3.711739e+01
5.589800e+01
2.717384e+01
-1.334946e+02
-8.084849e+01
6.220372e+01
8.416660e+00
-6.252192e+01
7.725817e+00
7.015817e+00
4.811556e-01
-5.617389e+01
1.513982e+01
-1.459126e+01
9.846658e+00
3.744182e+01
-4.028379e+01
6.963751e+01
3.233137e+00
2.087254e+01
3.387377e+01
-1.795797e+00
-9.830892e-01
-1.202936e+00
8.069826e-01
2.349318e-01
5.251971e-01
1.846523e-02
-5.934470e-01
-2.895359e-01
6.996948e-02
2.403475e-01
-1.854002e-01
-1.651796e-01
-7.100287e-02
7.993004e-02
4.675439e-03
-3.772372e-02
-4.198092e-02
-1.124483e-01
-5.148228e-03
-1.612022e-01
1.707623e-01
-4.450795e-02
-1.852221e-01
-3.667806e-03
5.874417e-02
-6.055121e-02
-6.226541e-02
1.613997e-01
