-3.622613e-02
4.597626e-01
2.680333e-01
4.352000e+01
1.762337e+02
-2.394033e+01
3.436292e-04
-1.192305e+05
-1.152211e+05
1.521904e+05
-1.131124e+05
-5.810883e+04
-1.337964e+05
3.727427e+04
1.426649e+04
-4.078994e+04
2.609926e+04
1.039142e+04
1.915913e+05
-8.402684e+03
-6.484966e+03
2.697210e+04
-2.670865e+04
-9.868531e+02
-1.069210e+03
2.109133e+04
2.325573e+04
1.969761e+04
-2.164719e+04
8.385117e+03
-4.391362e+04
-2.302126e+03
-3.862432e+04
-3.881610e+04
-1.018685e+04
1.533022e+04
1.695004e+04
-1.814958e+04
2.603243e+04
-2.384330e+04
-3.897584e+02
-1.123012e+04
-1.415550e+04
-1.570312e+04
8.759947e+03
-1.206555e+04
4.446437e+03
1.618609e+03
-1.801647e+04
-2.128998e+03
-1.079385e+04
-4.329734e+02
5.774738e+03
-7.990468e+03
-1.959532e+03
1.204972e+04
5.894682e+03
1.066827e+04
4.470740e+03
-9.778441e+03
-6.868724e+03
3.006302e+03
-9.254004e+02
-1.393871e+03
-2.001694e+03
4.567997e+03
1.448612e+03
3.632272e+03
-3.634781e+03
2.061402e+03
-1.178630e+02
1.579012e+03
1.388009e+03
4.244539e+02
-1.058562e+03
6.105563e+02
1.898534e+02
-5.951703e+02
-4.563606e+03
3.501995e+01
-1.605888e+03
1.490010e+02
-1.892547e+03
1.518851e+03
1.275542e+03
6.171379e+02
-1.043944e+03
3.909766e+02
1.164345e+03
-3.037679e+02
3.593495e+01
1.111648e+03
3.438117e+03
1.195863e+03
-1.263018e+03
5.641480e+02
1.532404e+03
-6.327769e+02
-3.763396e+02
2.562944e+02
-8.658833e+02
-4.808431e+02
3.196257e+02
-1.775964e+03
4.253556e+02
-9.592355e+02
1.492054e+03
6.897968e+02
1.133184e+03
1.220532e+03
-5.699471e+02
1.185184e+03
-9.920651e+01
4.545182e+02
1.107663e+02
3.563200e+02
3.321191e+02
-7.126403e+02
-4.306302e+02
3.982695e+02
2.829540e+02
1.560940e+02
-1.442128e+02
-3.114344e+01
6.633804e+02
-3.930244e+02
2.625697e+02
1.571224e+02
-4.205537e+02
-1.708237e+02
4.495993e+02
2.828976e+02
-5.544672e+01
2.497979e+02
-1.667445e+02
-2.189340e+02
6.956346e+02
-2.299400e+02
-8.546351e+01
6.359300e+01
-4.297496e+02
1.717937e+02
1.574625e+02
3.594900e+02
-3.134465e+01
-6.381093e+01
-1.020469e+02
-4.096489e+02
9.309126e+00
2.297577e+02
6.161808e+01
1.578005e+02
2.716341e+02
-1.002958e+02
-7.494123e+01
-6.795862e+01
7.120097e+00
6.929845e+01
-2.473077e+01
-7.350251e+01
9.281268e+01
4.265275e+00
2.907905e+01
-1.915018e+01
-1.443530e+02
2.590971e+01
-5.857494e+01
2.007390e+02
-9.443089e+01
4.328981e+01
9.288918e+01
7.154279e+01
8.873148e+01
5.899669e+01
3.257920e+01
-6.851885e+01
2.437956e+00
-3.574268e+01
-5.242498e+01
6.752354e+01
-4.480299e+01
5.195794e+01
5.068703e+01
-6.703751e+01
1.167518e+02
-5.392438e+01
7.011694e+01
2.186305e+01
-1.014384e+02
2.391609e+00
5.407577e+01
3.163651e+01
-7.940422e+01
-9.083618e+00
-1.062676e+01
1.005612e+01
2.865545e+01
7.781650e+00
-8.045413e+00
-4.803583e+00
-2.627444e+01
-4.735531e+01
3.269170e+01
1.811830e+01
2.398141e+01
2.798056e+01
-1.643870e+00
1.942368e+00
-7.780679e-01
1.087613e+00
8.269092e-01
1.384919e-01
3.563339e-02
-7.641698e-01
6.305402e-02
-2.773770e-01
1.819835e-01
-1.127697e-02
-8.550341e-02
2.819654e-02
2.463758e-02
-4.511335e-02
-7.718555e-03
1.543440e-02
-6.050319e-03
1.110417e-01
-4.911132e-02
2.451764e-01
-5.652544e-02
-8.986890e-02
7.254063e-02
6.503370e-02
-8.317894e-02
-3.982101e-02
3.203848e-02
