-2.308169e-01
-7.689010e-01
-7.025355e-02
4.920889e+01
1.943183e+02
-2.085105e+01
3.563908e-04
-1.380942e+05
3.909502e+04
1.724149e+05
-1.722993e+05
-8.891274e+04
-6.306120e+04
-1.158804e+05
1.402868e+05
-1.393564e+05
-1.923863e+04
-2.943757e+04
2.813865e+04
-1.832404e+05
1.688473e+03
6.437434e+03
3.712552e+04
-1.447055e+04
1.387931e+03
-2.813851e+04
-5.410043e+04
-5.494390e+04
-3.501315e+04
-3.953339e+04
-8.815052e+03
-8.881359e+03
5.606160e+03
-1.544523e+04
2.213487e+04
-1.855428e+03
-2.886287e+03
4.606738e+03
-9.155342e+03
-2.334147e+04
-5.240465e+03
-2.970453e+04
-5.386102e+03
-4.794778e+02
2.771181e+03
5.380828e+03
5.710142e+03
3.476953e+02
-3.448462e+03
-7.479960e+03
3.844750e+03
-9.116387e+02
2.558502e+03
6.173096e+03
-1.359916e+04
1.689425e+03
1.448483e+03
6.537549e+03
-4.627648e+03
-1.304092e+04
-2.226006e+03
-1.798188e+03
-2.470548e+03
-1.696408e+03
2.540152e+03
4.779035e+03
8.092265e+03
2.534586e+03
-3.964235e+03
4.275307e+03
4.304582e+03
3.061285e+03
-5.131672e+02
8.426110e+02
2.357337e+03
2.006013e+03
2.182139e+03
3.543272e+03
-7.832537e+03
-2.483671e+03
2.444866e+03
4.307395e+02
-2.770305e+03
1.610002e+03
3.346497e+03
3.012737e+03
-1.852179e+03
-5.826785e+02
-2.295598e+03
1.347011e+03
3.181200e+01
-3.024257e+02
5.473473e+02
2.634824e+03
-2.097055e+03
1.649423e+03
2.122277e+03
6.775107e+02
2.019491e+02
3.681812e+02
-1.568906e+03
-5.850703e+02
-1.980735e+02
2.291514e+02
5.255701e+02
-3.468362e+02
1.029292e+03
6.466934e+02
-5.135160e+02
1.280647e+03
-1.105613e+02
1.194102e+03
-5.539977e+02
6.450197e+02
4.745870e+01
-6.330643e+02
-8.623557e+02
1.369217e+02
-5.782194e+02
5.211702e+02
-6.684875e+02
1.072007e+02
-6.548033e+02
4.552922e+02
6.353204e+01
3.047330e+02
-5.675537e+02
3.674460e+02
-4.560131e+02
-1.305822e+02
3.395835e+02
3.108355e+02
1.171992e+02
4.611823e+02
-2.068039e+02
4.934177e+01
4.464252e+02
-2.676745e+02
2.091969e+02
2.224667e+02
-3.458217e+01
-2.370143e+02
-8.233240e+01
-3.317085e+01
5.136263e+01
2.464165e+02
-1.867576e+02
-8.479873e+01
-2.193327e+01
2.979415e+02
4.342854e+01
1.690375e+02
-4.302681e+01
-1.188858e+00
-2.104460e+02
-4.139307e+01
1.160195e+00
4.457693e+01
-7.873043e+01
1.295636e+01
1.457058e+02
3.146608e+01
2.102577e+01
-1.832793e+01
8.121842e+01
-4.237096e+01
-2.671491e+01
2.655236e+01
4.007023e+01
-8.993643e+01
1.791838e+01
1.381717e+02
-3.178625e+01
9.050504e+01
-8.062300e+01
4.693480e+00
2.952012e+01
1.019494e+02
2.953455e+00
1.065435e+01
3.911378e+01
-3.531942e+01
-1.945712e+01
4.087249e+01
8.693813e+01
-3.578374e+00
-7.895291e+00
4.298853e+01
-4.865147e+01
2.910365e+01
-1.769248e+01
4.361841e+01
6.986706e+01
-6.615713e+00
6.706173e+01
-4.665335e+01
-4.452270e+01
2.330247e+01
1.913143e+01
3.074750e+01
2.492497e+01
-6.010083e+01
4.204469e+01
-3.594696e+01
1.834762e+00
2.415945e+01
-1.395420e+00
8.634348e-01
7.845711e-01
-1.720800e-01
-1.716018e-03
-2.956044e-01
-6.727752e-03
-5.970707e-01
-1.384421e-01
-4.014265e-01
1.913969e-02
-2.122927e-01
2.093993e-01
1.474684e-01
1.523493e-01
1.863924e-01
1.073164e-01
1.894083e-01
1.205621e-01
-1.023777e-01
-1.748797e-02
1.042522e-01
1.001216e-01
9.808709e-02
3.570801e-02
2.211830e-02
9.281028e-02
-8.851530e-03
-6.409678e-02
