-2.467462e-01
6.343374e-01
2.903585e-01
4.778667e+01
1.886822e+02
-2.018885e+01
3.076113e-04
-4.042890e+05
1.963111e+05
2.082985e+05
-4.231478e+05
7.199814e+04
-3.228818e+04
-1.128865e+05
1.499370e+05
-2.661569e+05
2.195141e+04
-1.387411e+05
8.960050e+04
-1.990553e+04
-2.300739e+04
1.431450e+03
-1.535252e+04
5.154716e+04
1.533625e+04
-1.512750e+03
8.240773e+03
1.502528e+04
-3.349423e+03
-3.832586e+04
-3.210230e+04
2.795154e+04
-3.370557e+04
-2.380037e+04
2.006267e+04
-2.252608e+02
1.819754e+04
-8.584831e+03
3.183632e+03
6.728769e+03
-1.641647e+04
-3.856539e+04
-4.617908e+03
-1.932137e+04
1.008074e+04
9.844673e+02
1.632700e+04
4.329889e+03
-2.715106e+04
-1.083664e+03
8.862321e+03
-1.329995e+03
8.842921e+03
-2.198353e+03
-3.422835e+03
6.210656e+03
4.110909e+03
1.019319e+04
2.498142e+03
-9.561551e+03
-6.673817e+03
3.209790e+03
7.320174e+02
-6.366208e+02
-2.103937e+03
1.936418e+03
4.470456e+03
1.319671e+04
-2.541223e+03
2.410214e+02
1.889743e+03
9.066944e+02
4.356646e+03
-1.192474e+03
-1.501369e+03
1.996346e+02
-9.787614e+02
-2.401506e+03
-6.173994e+03
1.003976e+03
-4.261968e+03
2.626541e+02
-1.108848e+03
1.430154e+03
2.734498e+03
-1.255670e+03
-2.978499e+03
1.160821e+03
1.099283e+03
-4.005766e+00
3.198253e+02
1.878240e+03
2.417236e+03
1.584205e+03
-4.617061e+02
-4.276852e+02
2.867229e+03
-6.927653e+01
-1.035940e+03
6.033138e+02
-1.511159e+03
-6.126857e+02
8.289141e+01
-1.811030e+03
1.621028e+03
-7.359024e+02
9.292472e+01
8.987486e+02
1.661047e+03
2.119946e+03
7.883322e+02
1.468269e+03
-4.843690e+02
2.868792e+02
5.604047e+01
-7.366487e+02
3.833292e+01
-1.471624e+03
-7.880957e+02
8.689694e+02
1.801061e+02
1.028490e+03
-5.867496e+02
2.569645e+02
8.418022e+02
-5.308162e+02
4.795948e+01
-3.027216e+02
-1.113819e+02
-6.085163e+01
1.592758e+01
7.126817e+01
-3.047066e+02
2.361906e+01
-6.215704e+02
-2.640636e+02
5.844066e+02
-4.337811e+02
-4.598794e+00
2.808039e+02
-3.024518e+02
-1.053805e+02
-2.677874e+01
6.381376e+02
-2.727843e+02
8.450116e+01
-2.952959e+01
-2.320523e+02
-1.894790e+02
1.319687e+02
2.794893e+02
2.843965e+02
-3.697440e+01
-1.733056e+02
-1.658513e+02
6.739913e+00
-4.821912e+01
1.470798e+02
3.488108e+00
-4.269160e+01
3.662063e+02
6.999599e+01
-6.344310e+01
-1.518489e+01
-2.540854e+02
-2.905055e+01
6.033267e+01
2.219677e+02
-3.682896e+02
5.590556e+01
7.746592e+01
5.066891e+01
3.038479e+02
1.214017e+02
-2.090705e+02
-7.358138e+01
5.506927e+01
1.005475e+02
-2.467525e+01
-3.065894e+01
2.083326e+01
-7.759614e+00
-3.303133e+01
-1.157989e+02
8.770253e+01
1.836032e+01
1.671622e+02
6.346624e+01
-2.026703e+02
-1.879472e+01
4.774148e+01
1.800189e+01
-2.191861e+01
-9.186009e+00
6.697460e+00
9.806878e+00
-5.791234e+01
6.757168e+01
-6.407403e+01
7.299001e+01
-1.305638e+01
-1.046156e+02
5.370605e+01
-2.209315e+01
-1.383968e+01
4.440088e+01
-4.847537e+00
-3.763296e+00
-3.775549e-02
2.411540e-01
1.378950e-01
-7.655568e-01
-6.819482e-01
-8.151416e-01
-9.840436e-02
3.507316e-01
9.182623e-01
-4.430833e-01
5.379487e-02
1.185826e-01
3.988354e-01
7.027430e-02
-3.786819e-02
-6.742900e-02
-5.963783e-02
-1.367447e-01
-1.910235e-01
3.630441e-01
-3.727435e-02
-2.390686e-01
1.990674e-01
4.474595e-02
6.687973e-02
4.406917e-02
-5.886938e-02
