2.475078e-01
1.502322e+00
-9.389691e-02
5.461333e+01
1.621003e+02
-1.149017e+01
3.292364e-04
-2.122652e+05
-1.001157e+05
2.392040e+05
-3.423875e+05
1.156961e+05
2.430972e+04
-1.133308e+05
1.654245e+05
-1.371949e+05
1.398006e+05
4.270587e+04
7.141277e+04
7.827301e+04
-6.068485e+03
1.587235e+04
-9.442376e+04
8.254514e+04
-4.435276e+04
-7.533029e+03
8.463066e+03
1.902728e+04
3.782619e+03
-3.082389e+04
-2.452487e+04
-3.687647e+04
-2.068011e+04
1.161977e+03
-1.785869e+04
1.719701e+03
-1.751318e+04
1.290190e+03
2.153366e+04
9.900753e+03
2.030896e+04
-1.604451e+04
5.022973e+03
1.284063e+03
7.897244e+03
-2.820704e+03
2.309894e+04
1.473058e+04
-7.689440e+03
1.003551e+03
1.067464e+04
-2.431017e+02
-6.989590e+02
-2.164294e+03
7.246539e+03
-5.219202e+03
4.551183e+03
5.622736e+03
5.595383e+03
-2.447517e+03
-6.627906e+03
-1.145728e+03
-1.678714e+03
3.442492e+03
-3.192168e+03
7.061853e+03
-3.268234e+03
7.178814e+03
-3.765826e+03
1.838713e+02
1.605592e+03
4.971454e+03
3.517656e+03
2.206182e+03
-1.303555e+03
-1.282895e+03
-7.275731e+02
-3.539089e+03
-3.312615e+03
1.687663e+02
-1.957085e+02
-2.198740e+03
-5.176940e+02
1.418307e+03
1.159842e+02
1.167336e+03
-4.509104e+02
-5.362863e+02
2.762815e+02
-4.381698e+02
1.406730e+03
-3.192061e+02
8.708215e+02
1.391483e+03
5.889641e+02
-3.837270e+02
1.203459e+03
-1.135476e+03
-1.231934e+00
6.667422e+01
-3.294561e+02
-1.304595e+03
1.323964e+03
-7.960089e+02
2.994907e+02
-1.828761e+03
8.464732e+01
5.569391e+02
2.314733e+03
1.179786e+03
4.607227e+02
8.597345e+02
1.345489e+02
-3.319039e+02
-7.067045e+02
9.916097e+02
-4.112869e+02
-3.319369e+02
-8.607096e+02
5.251381e+02
4.352312e+02
6.246222e+02
-7.137864e+01
9.644618e+01
-8.327239e+01
-3.634102e+02
2.928252e+02
-5.661896e+01
-3.885494e+02
-2.501501e+02
-2.416496e+02
1.530768e+02
-4.966682e+02
-1.625805e+02
9.169927e+01
-4.007182e+02
-1.685428e+02
4.960033e+01
-1.669251e+02
-4.154415e+02
-8.737601e+01
1.359470e+02
3.203678e+02
2.951025e+02
-4.488993e+00
1.453748e+01
4.256742e+01
-1.999962e+02
-1.753279e+02
1.924656e+02
2.660170e+02
-1.374067e+01
-3.096482e+02
5.357254e+01
2.614213e+01
1.003552e+02
-1.580219e+02
1.779412e+02
2.117537e+01
-9.630449e+01
1.197408e+02
-5.058430e+01
-1.166699e+02
-9.839944e+01
-3.417229e+02
-3.443158e+01
7.569431e+00
1.984410e+02
-3.137430e+02
-5.708078e+01
3.852130e+00
1.432372e+02
2.062570e+02
2.975203e+01
-6.804728e+01
-1.047476e+02
8.251374e+01
5.370450e+01
-1.619638e+02
-2.304518e+01
6.658308e+01
1.027292e+02
-3.421091e+01
-4.126054e+01
4.300764e+01
2.018225e+01
1.157734e+02
1.192447e+02
-1.124412e+02
-3.788863e+01
9.497250e+01
5.347432e+01
-3.727045e+01
3.134193e+01
-8.469413e+00
-4.008572e+01
-4.269154e+01
1.206776e+01
-3.074125e+01
-7.190792e+00
3.946507e+01
-5.652323e+01
-3.483660e+01
-5.798273e+01
2.486275e+01
2.798728e+00
-1.909684e+00
-8.055660e-02
-1.336132e-01
-6.778672e-01
8.762559e-02
-3.571684e-01
-4.062015e-01
3.856631e-01
2.943778e-01
2.606807e-01
7.817438e-01
-1.453576e-01
-4.700735e-02
-1.813259e-02
2.219914e-01
1.995775e-01
-1.085974e-01
-8.128183e-02
2.967430e-02
7.706868e-02
7.461510e-02
-1.431771e-02
-1.199456e-01
-1.624808e-01
2.453068e-01
3.974649e-02
-1.093650e-01
5.746257e-02
2.232805e-02
