-7.213768e-02
3.182746e-01
-4.238972e-02
4.152889e+01
1.797958e+02
-2.458753e+01
3.414678e-04
6.721259e+04
-1.264017e+05
-1.329883e+05
7.091145e+04
-4.143159e+04
3.228124e+05
-9.188352e+04
2.136762e+04
1.272606e+04
3.490673e+04
1.014518e+04
5.803509e+04
2.259353e+04
-7.337624e+04
-4.777504e+03
7.229106e+04
-2.983966e+04
2.208598e+04
-5.714998e+04
3.820116e+03
2.383686e+03
-4.232072e+03
-6.084675e+03
-4.730670e+04
-5.388284e+04
-2.702117e+03
2.743319e+03
2.357761e+04
-8.141951e+03
-1.637886e+04
1.536817e+04
9.410465e+03
1.572767e+04
2.105559e+03
-1.268618e+03
2.731355e+02
-1.485303e+04
7.612338e+03
1.842371e+03
3.914678e+03
1.424019e+04
-3.330274e+03
-2.563494e+02
-1.376036e+03
1.723025e+03
5.004256e+03
4.611814e+03
2.320464e+03
1.996501e+03
-8.697438e+03
5.312522e+03
-5.509459e+03
-2.859236e+03
5.354781e+03
8.179838e+02
-3.083172e+03
-2.764652e+03
3.208665e+03
3.132554e+03
3.048147e+03
2.748076e+03
-2.168773e+03
3.950621e+02
4.359805e+03
2.105939e+03
7.612120e+02
4.792135e+01
7.967617e+02
-2.829983e+01
4.842355e+03
1.213525e+03
-2.907532e+03
-7.380997e+02
-6.424995e+02
-1.027907e+03
-4.308170e+02
-1.410998e+03
1.361176e+03
1.429839e+03
4.551156e+02
1.521395e+03
2.859689e+02
-1.090196e+03
2.469374e+02
-1.102548e+02
2.078067e+03
-7.175762e+02
-3.571525e+02
1.748250e+03
1.098707e+03
1.895453e+02
4.693557e+02
1.501477e+03
-4.206067e+02
1.569160e+02
-5.031624e+02
-9.024957e+02
-1.791864e+02
5.162268e+02
7.433250e+02
5.556466e+02
3.368591e+02
1.049184e+02
3.877421e+02
4.646352e+01
-6.367812e+02
2.970759e+01
8.179202e+01
-5.522288e+01
4.312990e+02
-1.169881e+02
-3.413911e+02
2.999584e+02
-4.108305e+02
-4.030351e+02
-2.356645e+01
5.562358e+02
-3.641426e+02
-3.682834e+02
-5.507803e+01
4.286902e+02
2.833293e+02
-7.489455e+01
-6.694749e+01
3.309058e+02
-1.423204e+01
5.577231e+01
1.975217e+02
-2.201620e+02
2.552426e+02
-1.796258e+02
8.514844e+01
-1.273961e+02
7.492049e+01
2.332837e+02
-2.470877e+01
1.431321e+02
-7.699780e+01
-3.667757e+01
9.634147e+01
-6.419965e+01
2.110345e+02
-1.777608e+02
-2.696406e+01
-7.744920e+01
-1.818931e+01
6.514025e+01
-1.917140e+02
-1.914916e+02
1.546401e+02
-1.940388e+01
-2.404405e+02
-3.677156e+01
1.799346e+02
-6.538076e+01
2.952156e+01
4.976146e+01
7.459388e+01
-4.518550e+01
-8.818988e+01
5.281388e+01
-6.105698e+01
8.300912e-01
-2.723345e+01
1.015194e+02
1.917861e+01
-5.090339e+01
9.931200e+01
-9.573120e+01
-4.848516e+01
-7.872725e+01
-9.564051e+01
4.313343e+01
8.337004e+01
2.414776e+01
-5.673275e+00
7.477988e+01
2.120999e+01
-1.074076e+02
-3.567385e+01
-2.447938e+00
3.222555e+00
-3.047418e+01
3.242851e+01
5.701495e+01
-4.082520e-01
4.341893e+01
5.739529e+01
-3.478439e+01
-1.447698e+01
-4.974247e+01
-2.800545e+01
-3.877548e+01
5.855326e+00
-1.824696e+01
4.259275e+01
2.902893e+00
1.449013e+01
-1.163656e+00
-4.792028e-02
-1.059665e-01
-4.580843e-01
9.713471e-02
-1.366008e-02
-2.788284e-01
2.926910e-01
4.016476e-01
-1.776137e-01
-9.035204e-02
-2.789635e-01
-2.882716e-01
-3.447175e-02
2.431122e-02
-4.823728e-02
7.683873e-03
-8.080325e-02
4.952948e-02
6.594039e-02
-2.517754e-01
1.772821e-01
-5.217931e-02
-1.828432e-01
-2.920141e-02
-3.934734e-02
7.578564e-02
-6.097709e-02
-4.591264e-02
1.083218e-01
