6.303750e-02
1.746029e-01
-1.658725e-01
4.181333e+01
1.734584e+02
-2.553815e+01
3.244662e-04
-2.035618e+05
-2.131525e+05
-1.569784e+05
-1.444832e+05
2.382938e+04
-1.684481e+05
4.340813e+04
-2.592956e+04
-1.714550e+05
-4.806313e+03
-1.059075e+05
1.264965e+05
-2.413793e+04
-2.086866e+04
-4.299219e+04
-1.156869e+04
3.031008e+03
2.608857e+04
7.635867e+04
2.158015e+04
1.731124e+04
-2.289254e+04
-2.892348e+04
-5.210762e+04
1.246151e+04
-3.750589e+04
-3.933548e+04
-1.664418e+03
-2.957222e+03
-5.286732e+03
-1.879494e+04
1.270151e+04
-4.547218e+03
-9.876430e+03
-1.501673e+04
-3.348782e+03
-5.361697e+03
2.012735e+04
-8.617082e+03
8.486161e+03
-3.187648e+03
-1.594986e+04
-2.542591e+03
-3.190617e+02
-1.161349e+04
5.032695e+03
-1.298219e+04
-5.332775e+03
8.906506e+03
4.609282e+03
1.384764e+04
8.187454e+03
-1.195152e+04
-2.021227e+03
2.911866e+03
-2.680637e+03
-1.343492e+03
-1.752199e+03
5.460122e+03
4.369793e+03
7.402865e+03
-3.230871e+03
2.359537e+03
1.260439e+03
-1.558570e+03
9.569911e+02
-1.915064e+03
-3.662767e+02
4.811681e+02
-7.464530e+02
-3.712632e+02
-5.523383e+03
1.866917e+03
-3.116465e+03
3.574914e+02
2.210194e+02
1.169312e+03
3.552450e+03
-1.153125e+03
-2.069629e+03
-8.834598e+02
4.744508e+02
1.408269e+03
9.768890e+02
1.770313e+03
1.983912e+03
1.307999e+03
-9.447646e+02
1.894763e+02
1.264197e+03
-4.919426e+02
-1.546444e+02
-3.884574e+02
-1.804704e+02
-1.342767e+02
6.538754e+02
-1.783825e+03
1.074785e+03
-7.233821e+02
7.001413e+02
6.741877e+02
1.083214e+03
1.606087e+03
-5.224546e+02
1.435407e+03
1.087502e+01
2.967502e+02
3.348004e+02
-5.521504e+00
-8.060595e-01
-9.765413e+02
-4.683220e+02
3.068528e+02
4.948150e+02
4.677908e+02
-5.274951e+02
-2.252596e+01
9.558684e+02
-3.456665e+02
3.352775e+02
-5.103831e+02
-3.432357e+02
-1.498740e+02
4.886060e+02
2.278019e+02
-2.197770e+02
1.205767e+02
-6.597626e+02
-9.729173e+00
8.028441e+02
-3.579743e+02
2.026332e+02
2.766430e+02
-2.013744e+02
4.190936e+01
2.396522e+02
3.074230e+02
-2.230827e+02
1.299294e+02
7.418586e+01
-3.630624e+02
-9.999570e+01
3.868203e+02
1.604085e+02
4.184080e+02
2.945345e+02
-2.587039e+02
-2.448736e+02
6.458758e+00
-3.392106e+01
-3.368905e+00
6.819853e+01
-1.631785e+02
3.180290e+01
1.479943e+02
8.307650e+01
-1.107292e+02
-1.395690e+02
4.459076e+01
2.730404e+01
1.477731e+02
-2.030708e+02
1.011254e+02
1.686745e+02
7.304704e+01
2.159173e+02
4.592152e+01
-2.502420e+01
-9.718305e+00
6.529570e+01
5.738142e+01
-2.379995e+01
4.134901e+01
1.844387e+00
7.817941e+01
4.624453e+01
-1.089675e+02
1.000236e+02
-8.690248e+00
1.503190e+02
4.566077e+01
-1.207116e+02
-2.422547e+00
3.100443e+01
2.513035e+00
-8.964238e+01
2.048678e+01
-3.645200e+01
1.791847e+01
-4.493670e+01
2.198199e+01
-6.074428e+01
4.779731e+01
-2.211031e+01
-7.367966e+01
6.299203e+01
-2.154701e+01
4.122018e+01
5.487146e+01
-3.989853e+00
1.464621e+00
-6.281915e-01
2.288059e+00
2.044270e-01
5.459633e-01
-3.981060e-01
-1.602299e+00
-1.175882e-03
-2.739562e-01
6.637200e-02
-2.675979e-01
7.935849e-02
-2.351555e-02
7.865717e-02
-2.354049e-01
-1.961875e-02
-1.552342e-01
-1.225374e-01
4.359372e-02
-2.231930e-01
2.871292e-01
-6.085523e-02
-1.662783e-01
1.903852e-01
3.526412e-02
-8.545465e-02
-7.749505e-02
-4.833991e-02
