-2.177932e-01
-5.076601e-01
2.622679e-01
4.494222e+01
1.874657e+02
-2.290866e+01
3.457858e-04
-1.206383e+05
-2.433895e+05
2.725579e+05
1.879732e+05
-2.758966e+04
9.279466e+04
-1.497781e+05
7.401021e+04
-1.187764e+05
3.708230e+04
-2.066490e+04
2.538201e+04
-6.569240e+04
-6.809712e+04
2.941513e+03
2.195501e+04
7.191615e+02
2.105408e+04
-4.576237e+04
-1.366345e+04
-1.309944e+04
-3.293742e+04
2.217971e+04
-5.429448e+04
2.401095e+04
-1.730085e+04
-3.604946e+04
4.040275e+04
2.361626e+04
2.416047e+04
3.978767e+03
3.016046e+02
-4.913590e+03
5.678750e+03
-3.660359e+03
-3.428989e+03
-2.642166e+03
6.297966e+03
5.288285e+03
-6.581784e+03
-4.235301e+03
-2.039907e+03
-4.372066e+03
7.556594e+03
-6.021010e+02
7.551820e+03
-5.367905e+03
-9.475950e+03
4.455173e+03
2.030075e+03
6.770268e+03
-5.834120e+03
-9.565985e+03
7.354636e+02
-3.533788e+03
-1.428185e+02
-5.997401e+03
2.551952e+03
3.328635e+03
5.723652e+03
2.366384e+03
-5.856397e+03
1.293173e+03
4.807116e+03
1.943994e+03
-4.951562e+02
1.061461e+02
1.449473e+03
3.453831e+03
3.186811e+03
7.614059e+02
-5.287660e+03
-1.566978e+03
-4.487172e+02
1.619665e+03
-2.279980e+03
8.499788e+02
3.453153e+03
1.743760e+03
-1.738668e+03
-4.062827e+02
-7.072121e+02
3.612249e+02
-1.349807e+02
-3.494152e+02
2.560467e+03
1.918762e+03
-1.872044e+03
1.260498e+03
1.214817e+03
1.391716e+03
9.573904e+02
-1.566758e+02
-1.628616e+03
-1.900513e+01
-4.602546e+02
-7.141541e+02
1.310097e+03
6.433096e+01
6.069616e+02
-2.098450e+02
3.322906e+02
1.348288e+03
-5.705621e+02
1.914548e+03
-2.310961e+01
1.070240e+03
-4.857731e+02
-5.375262e+02
1.637104e+02
-2.538939e+01
-1.448361e+02
5.612267e+02
-6.807338e+02
-3.958108e+02
-7.042275e+02
5.377802e+02
2.779228e+01
-2.966751e+02
-1.172237e+02
4.765014e+02
-4.363408e+01
-3.352978e+02
1.067306e+02
2.061790e+02
5.452280e+02
4.277195e+02
-4.456944e+02
2.007035e+01
7.611080e+02
-1.974403e+02
1.521475e+02
3.038889e+02
-3.615062e+01
-7.078877e+01
-1.240053e+02
8.563949e+01
-1.846931e+02
1.470632e+02
1.306863e+02
-2.016459e+02
1.908448e+02
1.777936e+02
-1.294933e+01
4.405404e+01
3.038577e+02
1.699992e+02
-2.579554e+02
-4.705917e+01
8.789721e+01
2.187482e+02
-1.986815e+02
-1.311316e+02
1.660105e+02
3.651127e+01
9.601289e+01
1.156623e+02
1.413652e+02
-8.292026e+01
-1.565979e+01
3.292633e+01
5.745169e+01
1.158948e+02
7.657832e+01
1.047251e+02
-4.787865e+01
4.243659e+01
-3.551766e+01
-6.649387e+01
-1.004578e+02
-4.488052e+01
-6.638148e+00
5.250497e+01
5.771947e+01
-8.296389e+00
1.554520e+00
7.934626e+01
6.209778e+01
1.993140e+01
8.219682e+01
-6.606499e+00
-3.438236e+01
5.383583e+01
-1.280497e+01
7.942147e+00
-2.835498e+01
5.143102e+01
3.426878e+01
5.926880e+00
-4.423595e+01
-2.861231e+01
-5.969835e+00
1.987807e+01
9.557303e+00
-3.683892e+01
3.577963e+01
-3.777018e+01
2.617584e+01
1.066231e+01
-1.071081e+00
2.766030e+00
-4.537362e-01
7.172107e-01
1.246999e-01
-2.722111e-01
-3.940278e-02
-6.328744e-01
-1.527314e-02
-7.220475e-01
-3.457935e-01
-5.616218e-01
2.474922e-01
1.993395e-01
-1.993742e-01
1.290554e-01
7.649180e-02
6.928804e-02
-1.217151e-02
-3.047714e-01
-3.177179e-02
2.317450e-02
-1.692863e-02
-3.144400e-02
-1.725479e-01
-1.271798e-03
9.437234e-02
-8.439993e-02
-6.663077e-02
