-1.557017e-01
5.580028e-01
-1.153835e-01
4.892445e+01
1.927329e+02
-2.544500e+01
3.627981e-04
-1.014125e+05
-2.299708e+05
2.145888e+05
-9.295130e+04
3.349161e+04
-5.066022e+04
2.170030e+04
-4.304913e+04
-1.007402e+05
2.490272e+04
-5.141362e+04
5.093150e+04
-2.193352e+04
2.785260e+04
2.548854e+04
-6.575314e+04
2.126053e+04
1.331245e+04
-1.921848e+04
-3.251970e+04
-1.210497e+04
1.431838e+04
7.216977e+03
-4.150092e+04
-8.958290e+03
-1.550723e+04
-2.400023e+04
-2.377732e+03
1.330234e+04
1.327038e+04
-7.009932e+03
3.027535e+04
3.860790e+03
1.384987e+04
-9.376673e+03
-2.263743e+04
-1.598584e+04
-5.053939e+03
1.457356e+04
2.550427e+02
5.435839e+03
-1.783967e+04
-7.673254e+03
1.219669e+04
-6.966049e+03
5.774265e+03
-4.047897e+03
-7.264219e+03
4.229434e+03
7.094716e+03
3.229719e+03
-1.692117e+03
-6.907068e+03
-7.100771e+03
4.980140e+03
9.063803e+02
-3.382738e+02
-2.205227e+02
3.279124e+03
2.132296e+03
4.776001e+03
-5.060491e+03
4.035938e+03
-1.561267e+03
-1.595059e+03
-9.440150e+02
-1.567428e+02
5.265376e+02
-5.407900e+02
2.414959e+03
1.359269e+03
-2.550140e+03
1.058267e+03
-6.730568e+02
8.704301e+01
-5.166259e+02
1.986608e+03
6.123639e+02
2.081537e+03
1.154957e+01
-2.840622e+01
1.307963e+03
-9.461075e+02
5.567924e+02
1.487539e+03
1.782710e+03
2.324503e+03
-2.054350e+02
1.151462e+03
1.016755e+03
-5.418992e+02
-4.444737e+01
-5.870564e+01
-4.230854e+02
8.360105e+01
-6.431086e+02
-9.192649e+02
-1.680002e+02
3.506598e+02
2.127220e+03
4.322925e+02
8.772798e+02
1.067254e+03
2.704655e+02
1.056815e+03
-2.037936e+02
3.472654e+02
1.233833e+02
1.037676e+02
-2.743216e+02
-6.974893e+02
-5.969739e+02
3.635562e+02
2.732254e+02
2.373424e+02
-4.577480e+01
7.569864e+01
6.328080e+02
-1.332991e+02
-2.215247e+02
1.796832e+01
-2.087797e+02
-5.030369e+02
3.005230e+02
4.145023e+02
-8.496395e+01
1.377198e+01
-2.635331e+02
-2.460727e+02
2.248921e+02
-2.887605e+02
-3.049005e+01
-1.821663e+01
-2.072319e+02
7.368301e+01
-7.091698e+01
1.756537e+02
-3.065462e+02
2.841056e+01
2.640834e+02
1.970680e+00
7.037243e+01
5.208811e+02
-6.389480e+01
8.154685e+01
-2.615566e+01
-7.583157e+01
-1.072059e+02
4.692003e+01
-3.958016e+01
1.199670e+02
-8.892226e+01
-7.212071e+01
9.914219e+01
-7.641889e+01
2.074159e+02
-9.097130e+01
-4.402913e+01
-1.489978e+01
-6.699800e+01
6.740133e+01
-4.793719e+01
5.322083e+01
1.675413e+02
2.803489e+01
7.420520e+01
6.125989e+01
3.622173e+01
-4.227371e+01
-2.018514e+01
2.729061e+01
-3.915860e+01
6.592442e+01
-1.547384e+01
1.547083e+02
-5.732702e+01
-5.521553e+01
7.519930e+01
1.379429e+01
8.785743e+01
4.866381e+01
-4.812876e+01
3.844417e+01
4.355359e+01
6.448738e+01
-1.668660e+01
-3.878718e+00
4.573532e+01
8.970809e+00
-6.629386e+01
-4.928273e+01
-7.374932e+00
6.309961e+00
1.374193e+01
-1.025383e+02
1.257816e+01
-2.070906e+01
3.780017e+01
1.062723e+01
-1.724999e+00
1.183026e+00
-5.645758e-01
6.858696e-01
6.772080e-02
-2.794354e-01
-2.046058e-01
-3.203250e-01
-1.204946e-01
-8.965088e-02
7.192445e-02
-1.342684e-01
-7.723970e-03
-1.148915e-02
8.880956e-02
-1.703672e-01
1.492092e-02
3.802657e-02
-1.248864e-02
6.205418e-02
1.801315e-01
1.278961e-02
7.139165e-02
-4.651070e-02
1.246933e-01
1.069139e-01
3.367810e-02
-6.956060e-02
5.879081e-02
