7.000770e-02
-1.260864e+00
-1.206290e-01
5.603556e+01
1.529782e+02
-1.109114e+01
3.541507e-04
-1.407044e+05
1.215148e+05
5.391522e+05
4.198464e+05
1.350987e+05
-7.714330e+04
-3.924215e+02
1.552132e+05
6.696891e+04
2.847172e+05
-1.482738e+05
3.975594e+04
-2.815985e+03
-7.497023e+04
-4.537297e+04
6.989023e+04
-5.633790e+04
-4.382695e+04
-1.094863e+05
5.355140e+04
1.184274e+04
4.824986e+04
3.015201e+04
-6.602359e+04
-3.168840e+04
2.968147e+04
-2.454347e+04
-2.919807e+04
2.047067e+04
7.368762e+04
2.973960e+04
-1.625416e+04
1.816989e+04
-1.805942e+04
1.249612e+04
-2.450554e+04
-1.974894e+04
2.681997e+04
3.512533e+03
-2.160717e+04
9.143905e+03
-5.921833e+03
-9.824238e+03
2.285140e+04
6.313622e+03
3.026646e+03
3.148042e+03
-5.467635e+03
1.340572e+04
2.777421e+03
1.602946e+04
-1.062624e+04
-1.120746e+04
-1.800035e+03
8.749614e+02
-2.749326e+03
-1.660474e+03
-1.275578e+03
-1.494310e+03
-4.546575e+03
2.420949e+03
-5.050826e+03
6.341445e+03
3.093785e+03
6.581877e+03
-8.934940e+02
-5.272182e+03
-3.911782e+03
-1.753259e+03
-2.452291e+03
2.860320e+03
-5.170201e+03
-1.919557e+03
-3.438049e+03
-1.610917e+03
-9.404514e+01
-6.005778e+03
2.936780e+03
-1.641736e+03
-1.373958e+03
1.088009e+02
1.922333e+03
-6.680510e+02
2.275844e+03
-2.782458e+03
4.040393e+03
5.094944e+02
3.182329e+02
-5.724767e+01
2.352626e+03
-8.059584e+02
-7.152603e+02
1.344928e+03
-3.158555e+02
-1.173841e+02
-1.156806e+03
-2.322919e+03
9.460970e+02
-2.395275e+02
1.302883e+03
6.628749e+02
1.079711e+03
5.281616e+02
-5.073406e+02
8.376031e+02
7.181994e+01
1.021473e+03
-1.264873e+02
-3.530256e+02
-2.983430e+02
-6.482698e+02
-6.841000e+02
1.420430e+02
-7.739844e+02
-7.788746e+02
-8.720903e+02
7.025380e+02
7.777527e+02
-3.889267e+02
4.515091e+02
-1.631653e+02
-1.381352e+02
2.502204e+02
3.037984e+02
-3.679503e+02
6.248141e+01
3.982004e+02
1.466688e+02
2.211022e+02
1.222069e+03
-1.990273e+02
1.109507e+02
3.093103e+02
1.258857e+02
-1.040401e+02
6.081997e+01
7.720920e+01
-1.780266e+02
9.169924e+01
-4.463599e+01
-2.125339e+02
9.757951e+01
-1.475955e+02
1.683802e+02
4.902082e+01
9.818267e+01
3.234682e+02
-3.797292e+02
-1.006983e+02
2.581727e+02
3.916620e+02
-2.738813e+02
-1.683112e+02
2.333518e+02
2.194118e+01
-2.744090e+01
5.869519e+01
5.806300e+01
-1.725001e+02
-8.480029e+01
-3.598399e+01
-3.958907e+02
1.526716e+02
3.729356e+01
2.013973e+02
5.515117e+01
1.412684e+02
-3.457118e+01
-1.643921e+02
1.259577e+02
-3.155020e+01
-8.827705e+01
-1.546895e+02
-6.473394e+01
7.111387e+01
4.352831e+01
-7.159857e+01
1.051220e+01
-4.304963e+01
1.074464e+02
-1.447627e+01
-3.528177e+01
-8.576268e+01
8.544956e+00
-2.686256e+01
-2.423346e+00
8.150056e+01
-5.509639e+01
-8.806619e+01
-2.234636e+01
-4.331570e+01
-3.248845e+00
2.717628e+01
4.832582e+01
5.246945e+00
1.410366e+01
1.818229e+01
2.320574e+01
4.245374e+01
3.020164e-01
-1.072480e+00
-2.037153e+00
-1.226380e+00
-2.389858e-01
-9.296194e-02
4.073058e-01
-3.826116e-01
-4.628997e-01
3.739305e-01
-1.143777e-01
-1.186991e+00
1.748999e-02
2.380420e-01
-3.701195e-01
3.305271e-01
-1.968008e-02
1.196129e-01
1.543363e-01
-4.474299e-01
1.122428e-02
2.896953e-02
-1.763255e-01
-2.212787e-01
-4.659462e-01
-5.512242e-02
1.675194e-01
-2.302053e-02
7.063892e-02
