-2.780159e-01
-1.229792e+00
-1.853025e-01
5.233778e+01
1.764527e+02
-1.117505e+01
3.328680e-04
-1.066327e+05
-2.296417e+05
5.725469e+05
4.604455e+05
1.956164e+05
-1.125655e+04
-7.328718e+04
1.431482e+05
6.358857e+04
5.222277e+04
2.217692e+04
-5.716411e+04
-3.511812e+04
-3.704448e+04
7.746483e+03
4.809677e+04
-4.188730e+04
6.142870e+04
-6.307830e+04
1.228049e+04
1.300279e+03
-6.960553e+03
4.806275e+04
-6.142845e+04
8.540356e+03
2.457313e+04
-2.717143e+04
2.641681e+04
1.879220e+04
2.043588e+04
2.734281e+03
-1.281012e+04
-1.873101e+04
-6.717485e+03
-6.233457e+02
-2.850727e+04
1.317306e+04
1.451867e+04
-1.534992e+04
-1.320764e+04
8.923343e+03
5.470844e+03
2.352418e+03
5.160233e+03
8.124943e+03
2.341708e+03
-1.537573e+03
-8.923476e+03
3.450868e+03
-1.607268e+03
7.419051e+03
-5.776922e+03
-1.816093e+04
-9.872323e+02
-2.374380e+03
-5.432728e+03
-7.415332e+03
-7.550665e+02
2.226552e+03
2.095519e+03
4.521459e+02
-5.388775e+03
4.491145e+03
4.310720e+03
3.079627e+03
-4.149341e+03
1.392313e+03
-2.083049e+02
3.534386e+03
3.353845e+03
-1.474592e+02
-4.493439e+03
-8.168696e+02
-3.861028e+01
-4.948912e+02
-8.857534e+02
1.353145e+03
3.167639e+03
2.600913e+03
-3.343237e+03
1.241694e+03
-6.632818e+02
-1.480531e+03
-8.043734e+02
-8.501004e+02
2.596797e+03
2.174124e+03
-1.305157e+03
2.363173e+02
6.646107e+02
3.056457e+02
-4.696210e+02
7.472026e+02
-1.183095e+03
-2.007812e+02
-3.729029e+02
-1.176752e+03
1.162459e+03
-4.749869e+02
7.989024e+02
-4.872592e+02
5.792906e+02
1.128761e+03
-9.312623e+02
1.839536e+03
-1.218473e+02
1.339812e+03
-5.928973e+02
-1.000733e+03
-5.874550e+02
-2.219661e+02
-1.261109e+02
5.153149e+02
-3.225586e+02
-3.643184e+02
-8.263572e+02
7.733956e+02
1.572573e+02
-2.757000e+02
-1.298821e+02
1.945792e+02
-9.290530e+01
-2.716403e+02
3.111708e+02
1.169531e+02
3.855108e+02
1.957897e+02
-1.028597e+02
7.468884e+01
6.204859e+02
-8.676356e+01
-1.386833e+02
4.479276e+02
3.443036e+01
-2.876347e+02
-1.584827e+02
-4.075563e+01
-5.588123e+00
8.282853e+01
-1.331459e+02
-2.439380e+02
3.102576e+02
8.108878e+01
1.454395e+02
1.863968e+01
2.332247e+02
6.665663e+01
-3.534809e+02
-1.211997e+02
2.577224e+02
2.315187e+02
-2.616247e+02
-1.749358e+01
3.938058e+02
4.324037e+01
1.080791e+02
6.745691e+01
5.754600e+01
-1.010359e+02
8.313353e+01
-4.074699e+01
9.929696e+00
1.527549e+02
1.076647e+02
1.015413e+02
2.828596e+01
1.369971e+01
-5.691784e+01
-3.443406e+01
4.262983e+01
3.126348e+01
-1.032980e+01
-2.860404e+01
1.261534e+01
1.176595e+01
-1.186704e+01
-3.870640e+01
3.282690e+01
3.255325e+01
1.100162e+01
-7.092474e+01
-1.663027e+01
4.012423e+01
-2.755477e+01
6.538489e+00
1.067225e+01
2.263507e+01
7.042718e+00
-4.086808e+01
-2.651046e+01
-3.031738e+01
2.766077e+01
5.939719e+01
-1.782556e+00
-4.934718e+01
-2.645418e+01
-2.219224e+01
3.195197e+01
4.040247e+01
7.351740e-01
3.457853e-01
4.801868e-01
-8.430666e-02
3.090127e-01
-3.223216e-01
-2.258310e-02
2.263190e-01
-1.031477e-01
-2.839634e-01
-1.982731e-01
-1.107702e+00
8.678613e-02
1.360259e-01
-2.024032e-01
2.170261e-01
3.054973e-02
2.211149e-01
1.847799e-01
-4.316787e-01
1.558908e-01
1.403081e-01
-1.025448e-01
1.215096e-01
-1.967061e-01
-4.552376e-02
4.851564e-02
-1.348353e-01
-1.446257e-01
