2.296022e-01
1.229353e+00
1.740179e-02
5.404445e+01
1.539184e+02
-1.492502e+01
3.482468e-04
-8.355418e+04
5.183663e+04
6.256889e+04
2.041224e+05
1.347269e+05
1.419724e+05
-7.547771e+04
3.674875e+04
-1.005529e+04
2.177238e+04
-1.570931e+04
6.184502e+04
9.433769e+03
-4.863921e+04
-3.654669e+04
2.982875e+04
-6.551246e+03
-1.141585e+04
-2.184205e+04
4.905746e+04
3.178893e+04
-2.243887e+04
-8.105459e+03
-6.280044e+04
2.119609e+04
-2.911838e+04
-1.255684e+04
2.058103e+04
9.835693e+03
1.859321e+04
1.939067e+04
-1.009794e+04
1.251270e+04
-1.262488e+04
-1.202226e+04
-1.080287e+04
-1.095945e+04
1.654709e+04
-1.095636e+04
9.611976e+03
1.228853e+04
-9.538815e+03
6.976935e+03
1.498880e+03
2.138229e+03
3.160550e+03
3.776116e+03
2.868565e+03
3.240436e+03
-5.087098e+02
9.273726e+03
-1.109494e+02
-3.273662e+03
-4.350577e+03
-2.477910e+03
5.875077e+03
-1.918981e+03
-2.387486e+02
2.081480e+03
2.193293e+03
4.480927e+03
-2.298858e+02
-6.294973e+02
6.079444e+03
9.579691e+02
2.053414e+03
-1.607263e+03
-3.539094e+03
7.292234e+02
-2.233942e+03
-5.902035e+02
-4.064490e+03
-9.087750e+02
-1.267666e+03
-1.129837e+03
2.644547e+02
-6.199891e+02
2.327694e+03
-5.276680e+02
-1.037538e+03
3.864439e+02
1.621787e+03
5.436120e+01
6.849512e+02
-4.736939e+02
2.060387e+03
2.299027e+02
-4.842602e+02
4.082023e+02
1.355302e+03
1.381328e+02
-1.710730e+02
8.935621e+02
-1.583039e+03
-5.710886e+02
2.409233e+02
-1.109822e+03
1.188845e+03
-1.452462e+02
-5.428714e+02
1.416473e+02
1.391894e+03
9.782886e+02
3.102686e+02
7.043462e+02
-7.861381e+02
9.266072e+00
-7.785283e+02
-4.460750e+02
4.571023e+02
-3.925276e+02
-2.532240e+02
6.137926e+02
-2.244137e+02
-1.198986e+02
-1.745541e+02
2.920950e+02
8.576388e+01
-4.050154e+02
2.246662e+02
3.846077e+01
1.025605e+02
-4.500614e+01
2.773628e+02
7.455820e+01
1.657572e+02
2.044515e+02
-9.711050e+01
-7.476577e+01
3.842762e+02
-1.352946e+02
-1.561739e+01
1.645354e+02
-3.857956e+01
-1.580663e+02
4.987487e+01
3.579871e+02
2.422006e+00
1.723807e+02
-1.625912e+02
-3.746826e+02
3.639625e+01
-5.554799e+01
2.258824e+02
-1.022895e+02
1.308448e+02
5.433758e+01
-1.861706e+02
-5.968458e+01
1.825421e+02
8.314899e+01
-1.030698e+02
-2.097357e+01
2.288466e+02
6.213156e+01
-4.018309e+01
3.606915e+01
-5.501297e+01
-9.442213e+01
-1.113641e+01
1.509158e+02
-2.265184e+02
4.449507e+01
-5.171325e+01
8.422756e+01
9.916633e+01
2.253786e+01
-1.431415e+02
-3.053006e+01
3.275213e+00
-6.919060e+00
-1.058763e+02
-3.562894e+01
1.101901e+01
-1.790364e+00
-2.662871e+01
-3.135817e+01
5.024914e+01
-7.121600e+01
6.995290e+01
-1.484438e+01
-8.499413e+01
2.522441e+01
3.991837e+01
-6.813941e+00
-9.943773e+00
4.476972e+01
2.272108e+01
1.619333e+01
-3.652922e+01
4.547941e+00
-5.417020e+01
2.659790e+00
2.070427e+00
-2.054314e+01
1.123189e+01
1.218216e+01
1.823419e+01
1.571444e+01
-3.687662e-01
-1.596160e+00
-5.022999e-01
1.689979e-03
-1.029951e-01
-8.844946e-02
-3.916562e-01
-2.260987e-01
1.839985e-02
2.488892e-01
-8.341723e-02
-4.826955e-01
2.322910e-01
5.695217e-03
-1.823380e-01
6.301378e-02
2.582662e-03
-7.352446e-02
-2.337413e-02
-2.904958e-01
6.552812e-02
1.452714e-01
-9.659705e-02
-1.617694e-01
-1.489824e-01
4.751718e-03
-5.463921e-02
8.925464e-03
2.341168e-02
