-1.313157e-01
1.103049e+00
1.997574e-01
5.290667e+01
1.774123e+02
-1.383877e+01
3.433006e-04
-1.874777e+05
-2.937247e+05
2.927584e+04
-3.162530e+04
-1.706485e+04
2.429773e+04
-9.362597e+04
3.769840e+04
-2.587707e+05
-7.872478e+04
-5.289593e+04
1.071141e+05
5.884899e+04
-4.120455e+04
1.652598e+03
7.145054e+04
1.009707e+05
5.543952e+04
-5.259686e+04
4.305285e+04
2.435066e+04
4.636273e+04
7.783248e+04
-6.163926e+04
3.437919e+04
-1.379735e+04
-5.848232e+04
4.914773e+04
1.012271e+04
4.139612e+04
-2.464940e+04
-1.087004e+04
5.722246e+03
2.772614e+04
-1.321205e+04
-3.700956e+04
-5.243900e+03
2.797248e+04
-1.080204e+04
-1.270717e+04
-5.103706e+01
-5.395704e+03
-6.241090e+03
9.000290e+03
-2.193218e+03
1.575661e+04
-1.691193e+04
-6.249047e+03
5.988668e+03
9.924984e+02
1.033114e+04
3.484761e+02
-1.102418e+04
3.572528e+03
1.392110e+03
4.041026e+03
-5.824667e+03
2.494567e+03
2.902257e+03
3.359256e+03
7.464970e+03
-4.179422e+03
4.670534e+03
4.631548e+03
2.645568e+03
-1.757131e+03
-1.168235e+03
-1.029841e+03
-3.187489e+03
3.040235e+03
-2.864699e+03
-3.173951e+03
8.093625e+02
-4.561681e+03
-1.894405e+03
-4.287311e+03
2.135322e+03
3.122851e+03
1.787339e+03
-3.548325e+03
1.387090e+03
1.137588e+02
-2.135262e+03
8.183758e+02
1.505706e+03
4.147954e+03
2.763493e+03
-1.551082e+03
-2.476905e+02
2.063630e+03
2.896561e+01
-6.537948e+02
-2.508685e+02
-1.751684e+03
-9.216338e+02
-2.201756e+02
-1.472683e+03
5.239402e+02
2.758801e+02
4.688456e+02
7.028989e+02
3.097551e+02
1.914318e+03
9.339805e+00
2.907078e+03
-1.203895e+03
1.491578e+03
1.986190e+02
-1.280403e+03
-1.901153e+02
-8.190255e+02
1.916576e+01
1.719738e+02
4.706952e+02
-6.341161e+02
-5.591879e+02
5.814231e+02
8.455178e+02
-6.312352e+02
-4.014536e+02
-5.862568e+01
5.177739e+02
-2.041796e+02
3.819379e+01
4.851656e+02
-1.574231e+01
4.748700e+02
-8.469745e+02
-6.851717e+01
9.527194e+02
-8.574476e+01
-1.267477e+01
4.260475e+02
-1.905203e+02
-2.444568e+02
-1.581054e+02
1.705584e+01
-2.469517e+02
3.073622e+02
1.329677e+02
-2.619347e+02
3.032868e+02
-8.868987e+00
3.755328e+02
7.523141e+01
3.918203e+02
2.053958e+02
-3.689742e+02
8.868352e+01
2.100923e+02
3.152986e+02
-3.085800e+02
-1.553863e+02
3.413611e+02
-2.947915e+01
2.468278e+02
1.203019e+02
2.127404e+01
-7.549118e+01
3.899489e+00
-8.485109e+00
2.893647e+01
9.340577e+01
5.620063e+01
-2.711198e+01
5.613826e+01
4.401352e+01
-5.879787e+01
-6.662534e+01
-2.777353e+01
-6.816383e+01
1.138498e+02
7.276115e+01
-9.905132e+01
-3.567220e+01
1.146414e+01
8.044182e+01
9.784344e+01
-7.479005e+01
9.699620e+01
4.266037e+01
-1.035642e+02
8.956892e+01
-5.729152e+01
2.268330e+01
2.770072e+00
6.277224e+01
-8.532983e+00
7.199897e+00
3.594419e+00
-9.866783e+00
4.533101e+00
1.491249e+01
-6.473180e+01
-7.690180e+01
1.506585e+01
-4.796428e+00
3.247644e+01
3.001824e+01
-2.334692e+00
2.011101e+00
-7.540036e-01
6.239067e-01
4.020001e-01
-2.478770e-01
-5.374469e-01
-1.039935e+00
-1.873391e-01
-1.018514e+00
-3.778134e-01
-5.777125e-01
-2.993792e-02
1.050042e-01
8.318957e-02
2.117047e-01
3.073307e-02
-5.714223e-03
2.108908e-02
-3.181621e-01
7.223735e-02
1.739424e-01
1.464656e-01
-6.648707e-03
-2.464106e-01
-1.270728e-02
1.360614e-01
-2.563464e-01
8.587405e-03
