-4.962656e-01
1.512468e+00
-3.098581e-01
5.888000e+01
1.886509e+02
-6.924942e+00
3.589140e-04
-1.943776e+05
-5.055166e+05
2.097304e+05
6.374369e+04
4.578789e+04
7.932230e+04
-1.240375e+05
2.705162e+04
-2.200088e+05
-2.071809e+03
-2.870561e+04
6.217460e+04
-2.806725e+04
-3.392581e+04
-4.351876e+03
-1.758612e+04
6.339814e+04
1.472720e+04
-3.843808e+04
-1.621734e+04
8.282332e+03
-2.388269e+03
3.105126e+04
-7.527735e+04
3.287150e+04
-2.457304e+04
-5.024451e+04
3.981749e+04
2.709528e+04
1.713200e+04
1.884555e+03
4.845748e+02
-4.085238e+03
1.356845e+04
-2.015009e+04
-1.998596e+04
3.483125e+03
1.814467e+04
1.418967e+03
-6.103795e+03
2.982505e+02
-7.902431e+03
-2.574010e+03
1.479296e+04
2.486167e+03
7.654688e+03
-1.167177e+04
-8.135820e+03
8.343876e+03
4.256683e+03
1.000422e+04
-7.142076e+02
-1.314657e+04
-3.783532e+03
-9.749560e+02
-2.156911e+03
-4.990215e+03
2.638533e+03
5.644189e+03
5.345685e+03
7.053157e+03
-7.281278e+03
2.444845e+03
1.857642e+03
8.956492e+02
-3.412766e+02
1.400173e+02
1.809627e+03
1.530416e+03
2.652157e+03
-4.243132e+01
-5.027557e+03
-1.936329e+02
-2.016602e+03
1.082478e+03
-3.526785e+03
2.419712e+03
3.229165e+03
2.299497e+03
-1.645510e+03
-3.686016e+02
-6.333204e+02
-1.102432e+03
5.772407e+02
-2.307681e+02
3.097293e+03
3.238524e+03
-1.958839e+03
5.434697e+02
1.981776e+03
1.174148e+03
5.200683e+02
-1.094433e+02
-1.141195e+03
-7.595001e+02
-2.851222e+02
-1.378927e+03
1.317733e+03
-3.337285e+02
1.586788e+03
-1.018348e+02
8.261346e+02
2.141806e+03
-5.926384e+02
2.950874e+03
-6.516988e+01
1.179946e+03
-5.518444e+02
-4.496202e+02
-6.349969e+01
-4.928175e+02
-3.611216e+02
2.805117e+02
-1.984128e+02
-6.402629e+01
-6.569551e+02
5.154114e+02
4.986295e+02
-6.162401e+02
-1.954705e+02
2.286096e+02
8.563676e+01
-6.210603e+02
3.437205e+02
1.260099e+02
8.886882e+00
3.125993e+02
-6.379908e+02
6.337734e+01
8.346519e+02
-2.920848e+02
1.091862e+02
3.340255e+02
-1.332258e+02
7.402837e+01
-1.008158e+02
7.436748e+01
-1.977101e+02
1.762121e+02
3.203719e+02
-2.192501e+02
7.380420e+01
3.442361e+02
8.517943e+01
1.113746e+02
3.967774e+02
8.247298e+01
-2.972312e+02
3.260932e+01
-4.131527e+01
2.197511e+02
-1.960506e+02
-2.341410e+02
1.673486e+02
-5.628807e+01
1.995743e+02
1.303339e+01
5.916801e+01
-8.853944e+01
6.647333e+01
5.493561e+01
4.654554e+01
1.835843e+02
1.132285e+02
6.200951e+01
7.091911e+01
6.795411e+01
-6.583341e+00
-3.140475e+01
-7.747224e+01
-7.624893e+00
3.502773e+01
3.591638e+01
1.216150e+01
3.874260e+01
7.952087e+00
1.559738e+01
8.715598e+01
4.213258e+01
1.706408e+02
2.062792e+01
-8.793923e+01
8.496690e+01
5.335189e+00
5.270783e+01
-6.202283e+01
5.550677e+01
-1.305485e+01
1.584619e+01
-6.911304e+01
-4.617866e+01
2.488367e+00
2.639306e+01
-1.693205e+01
-9.243053e+01
2.431374e+00
-4.362098e+01
4.924514e+01
3.182397e+01
-3.022794e+00
4.623106e+00
-9.625677e-01
1.163155e+00
1.909774e-01
-3.752862e-01
-3.734820e-01
-1.094678e+00
-6.774514e-02
-7.630258e-01
-3.474736e-01
-6.264272e-01
-9.008150e-02
1.979724e-01
1.946239e-01
9.868658e-02
3.993798e-02
1.009265e-01
5.925001e-02
-1.460219e-01
1.106497e-01
8.066126e-02
8.592918e-02
-3.386145e-02
6.248073e-03
-2.318598e-03
6.098529e-02
-1.229599e-01
-7.997377e-02
