-2.359594e-01
-1.015413e+00
3.314861e-01
5.319111e+01
1.928111e+02
-1.782786e+01
3.462783e-04
-1.026139e+05
5.059377e+04
2.083716e+04
-1.226815e+05
-7.472077e+04
-6.744253e+04
-56651
1.056403e+04
-1.416743e+05
6.887954e+04
-1.046525e+04
1.271442e+05
-9.226144e+04
-4.688923e+04
-1.899621e+04
-1.478136e+04
-2.927265e+04
-2.106776e+04
1.856550e+04
-1.515588e+04
-1.582029e+04
-28667
-4.151412e+04
-1.360930e+03
-2.060608e+04
-2.684517e+03
-1.780087e+04
-1.349241e+04
-2.357452e+04
-9.186364e+03
1.817030e+03
3.442456e+03
-1.626815e+04
6.028457e+03
-2.244837e+04
5.305381e+03
-8.800917e+03
2.078395e+04
-5.709372e+03
5.178918e+03
8.564221e+03
-4.456100e+03
2.271514e+03
-7.114569e+03
-8.001644e+03
-7.788417e+02
8.022818e+02
-2.794432e+03
3.609509e+03
-8.406703e+02
8.442420e+03
4.134126e+03
-4.738616e+03
-4.888898e+03
-2.080581e+03
-2.288361e+03
1.150582e+03
-2.964298e+02
6.116615e+03
3.048505e+03
2.804219e+03
-4.174214e+03
2.074158e+03
3.845202e+03
4.706970e+03
8.725529e+02
1.424309e+03
5.906012e+02
1.755578e+03
-2.683218e+02
1.357758e+03
-5.814949e+03
-1.784307e+03
7.711841e+02
-4.482274e+02
-8.189274e+02
5.475944e+02
2.979585e+03
2.236493e+03
-1.095813e+03
-1.363758e+03
-1.145786e+03
1.444250e+03
-4.088803e+02
-2.872294e+02
1.107123e+03
1.192492e+03
-1.466591e+03
6.438435e+02
1.847714e+03
-4.201465e+01
3.888450e+02
1.359696e+02
-4.623605e+02
-2.429031e+02
3.268173e+02
-5.008263e+02
2.663653e+02
-7.269800e+02
6.890624e+02
9.271492e+02
7.262555e+02
7.797565e+02
-2.182475e+02
6.854931e+02
1.034875e+02
5.096218e+01
1.830333e+02
1.436332e+02
-4.362469e+02
2.028699e+02
-6.274782e+02
3.318822e+02
-1.980774e+02
2.546649e+02
-3.836900e+02
1.472400e+02
1.649933e+02
-4.484461e+01
-6.825671e+01
3.645528e+02
-5.106595e+02
-6.247287e+01
3.509630e+02
2.333615e+02
-9.296058e+01
2.182716e+02
-1.277467e+02
-2.531135e+02
3.200312e+02
-1.937275e+02
1.744877e+02
1.573206e+02
-1.412634e+02
1.519099e+02
1.679466e+02
-7.177171e+01
5.385992e+01
7.573528e+01
-6.417294e+01
-2.044335e+02
-4.358127e+01
2.841312e+02
1.387184e+02
9.981667e+01
5.758841e+01
4.144864e+01
-9.538525e+01
-1.237154e+02
9.852597e+00
-3.683242e+01
7.703245e+01
-6.924656e+01
-4.396973e+01
-4.297091e+01
-3.902320e+01
-8.635685e+01
-6.281626e+01
-3.805378e+01
-5.134180e+01
8.617555e+01
-7.884122e+01
-3.322989e+01
5.025318e+01
1.422306e+02
1.712017e+00
8.058340e+01
2.005848e+01
-2.010234e+01
7.880048e+01
2.233456e+00
-4.761892e+01
4.602582e+01
6.795166e+01
-7.053736e+00
2.987956e+01
1.734734e+01
4.493127e+01
-4.799773e+01
2.990264e+01
7.953894e+01
-4.944417e+01
-5.818864e-01
2.308216e+01
4.325443e+01
-3.011430e+00
4.752821e-02
2.400117e+01
-1.752698e+01
-3.670171e+01
-2.169982e+01
-6.980254e+00
-2.342159e+00
7.833163e+00
-3.740158e+01
2.935969e+01
-2.510118e+01
1.933686e+01
1.639939e+01
-1.153830e+00
5.828429e-01
-2.647206e-01
-8.644128e-03
-3.512206e-03
-5.644313e-02
3.051050e-01
-3.142212e-01
1.170275e-01
-5.540416e-01
4.107547e-01
-4.857766e-03
1.409651e-01
3.319129e-03
8.438420e-02
3.413083e-02
-2.755782e-02
9.715686e-02
1.772888e-01
1.210906e-01
1.137676e-02
1.004770e-01
-8.361846e-02
-1.408100e-01
1.351080e-01
4.107277e-02
-5.707205e-02
-9.754234e-03
1.860975e-02
