-1.255780e-01
3.612476e-01
2.904809e-03
4.920889e+01
1.927081e+02
-2.531465e+01
3.446622e-04
-1.384229e+05
2.574503e+04
1.896947e+05
-5.081264e+05
-2.477732e+05
3.276907e+04
-5.155814e+04
7.955719e+04
-2.286622e+05
-6.745705e+04
-3.259809e+04
2.108643e+05
-4.747770e+04
2.565280e+04
3.370379e+04
-3.745084e+04
2.764824e+04
-3.773592e+04
-2.561508e+04
-4.779062e+04
-5.925805e+04
-1.915249e+04
-9.007311e+03
-1.213506e+04
-9.464812e+03
-3.715998e+04
2.078469e+03
-3.420653e+03
1.740401e+04
9.132757e+03
-7.112380e+03
1.730341e+04
-1.500175e+03
1.792262e+04
-1.749669e+04
-3.208812e+03
-2.379078e+04
-3.940985e+03
3.715046e+02
1.783473e+04
3.703004e+03
-2.273252e+04
-2.870243e+03
5.317480e+03
-5.220124e+03
7.678054e+03
-9.796520e+02
-2.568093e+03
3.626570e+03
5.817259e+03
6.544493e+03
1.034380e+03
-3.476631e+03
-7.688380e+03
3.419876e+03
2.261195e+03
-1.285994e+03
2.046444e+03
2.787082e+03
3.091931e+03
3.958130e+03
1.512794e+02
1.587252e+03
-1.247602e+03
3.173841e+03
4.163304e+03
4.378814e+02
3.331662e+02
-1.754714e+03
2.335511e+03
-4.609228e+02
-2.809955e+03
-1.448508e+03
4.561636e+02
-2.146971e+02
-2.595754e+03
1.461788e+03
1.389269e+03
2.322248e+03
1.102422e+03
-1.783815e+02
4.056054e+00
9.563425e+02
1.362363e+01
-2.852925e+02
1.821380e+03
1.139512e+03
-8.642709e+02
7.045739e+02
2.845601e+03
-5.151210e+02
4.502221e+02
-8.968420e+01
-1.253077e+03
-9.068185e+01
2.059826e+02
-7.022896e+02
-1.399692e+01
-4.543690e+02
1.194444e+03
6.798488e+02
8.351218e+02
3.811360e+02
1.197882e+03
8.092937e+01
-4.186296e+02
6.446958e+02
3.207028e+02
5.507933e+02
1.822688e+02
-8.583514e+01
-6.204503e+02
5.539865e+02
-1.137515e+02
2.601085e+02
4.370762e+02
-8.750208e+01
1.724470e+02
-1.114950e+01
4.390520e+00
4.218802e+02
-2.423015e+02
-2.244305e+02
5.029483e+01
2.264487e+02
-1.681311e+01
1.646195e+02
-1.078689e+02
-2.989395e+02
1.952613e+02
-1.534366e+02
3.349463e+01
-1.127157e+02
-2.842957e+02
3.260317e+02
-1.254768e+02
2.071693e+02
-8.536777e+01
-1.391838e+01
9.847725e+01
-1.291740e+02
-1.166351e+02
4.239400e+01
3.964242e+01
8.568254e+01
-5.467590e+01
3.732460e+00
1.693788e+02
-3.466870e+01
-2.154463e+02
1.786632e+02
-1.845549e+01
-2.101945e+01
8.344455e+01
-4.183191e+01
-5.225181e+00
1.786764e+01
-1.681520e+02
-3.038184e+01
-1.308976e+02
1.267989e+02
-2.156715e+01
-5.567455e+01
4.672418e+01
7.977409e+01
1.427641e+01
1.193371e+02
7.877518e+01
-9.480605e+01
-3.221626e+01
-4.139516e+01
-5.027782e+01
6.638851e+01
-3.253903e+01
9.935968e+00
9.773740e+00
5.589299e+01
7.336765e+01
-5.253876e+01
2.334324e+01
8.813510e+01
-9.054639e+01
2.219741e+01
4.916218e+01
9.565981e+01
-1.427923e+01
-5.403795e+01
2.116927e+01
4.388371e+01
3.454792e+01
-1.335904e+00
7.762586e+00
-4.519257e+01
3.689454e+01
-4.209515e+01
1.915180e+01
2.071267e+01
-7.801948e+00
2.114605e+00
-7.852269e-01
2.150203e+00
-1.145815e+00
2.599719e-01
2.071613e-01
1.680397e-01
-2.441794e-01
-1.779294e-01
-2.394890e-01
-3.152701e-01
4.313314e-01
6.195709e-01
-3.060154e-02
-1.905714e-01
3.252252e-01
-1.248321e-01
-6.114995e-02
-3.752819e-02
-2.127425e-02
3.489959e-01
-1.010414e-01
3.582744e-02
1.098023e-01
-1.365524e-01
1.428055e-01
1.348251e-01
-7.244215e-02
1.704636e-02
8.147718e-02
