-5.133307e-02
-4.235515e-01
-2.036830e-01
3.982222e+01
1.725839e+02
-2.557287e+01
3.409709e-04
-4.537418e+04
-1.323312e+04
5.454352e+04
3.187182e+05
1.316889e+05
1.569151e+04
-8.446522e+04
5.227704e+03
-1.658589e+04
1.004647e+05
1.070026e+03
1.223079e+04
-3.348729e+03
-4.073401e+04
-6.374744e+04
6.739441e+04
-2.665355e+04
2.077341e+04
-5.729520e+04
1.802717e+04
-3.199876e+04
-2.230551e+04
2.274426e+03
-1.645722e+04
-1.594228e+04
2.735108e+04
-7.137846e+03
-1.739877e+03
-5.153330e+03
-1.937909e+03
1.699720e+04
-2.693821e+04
-9.619018e+03
-1.215932e+04
-9.174321e+02
-1.595247e+03
2.618961e+03
1.070705e+04
-1.402437e+04
3.450104e+03
5.469304e+03
3.275203e+03
1.117949e+03
1.548308e+03
-9.535499e+02
3.037779e+02
8.558711e+03
-4.271532e+03
-2.798438e+02
-1.680802e+03
7.377335e+03
-6.694773e+02
-8.481508e+03
-2.521195e+03
8.689643e+02
2.385712e+02
-5.605270e+03
4.023796e+03
2.267487e+03
4.168899e+03
-1.353304e+03
-3.805147e+03
2.674270e+03
5.233594e+03
3.742284e+03
-3.516045e+03
-1.180816e+03
-1.525118e+03
-5.712552e+02
8.402250e+02
1.831966e+03
-3.239188e+03
-8.034564e+02
1.640182e+03
-1.308705e+03
3.469544e+01
6.337699e+02
2.998027e+03
3.672121e+02
-5.055040e+02
1.266315e+02
-1.282846e+03
9.800765e+02
-4.118625e+02
-1.669758e+03
4.019451e+02
8.586843e+02
-1.773841e+03
1.162370e+03
4.375053e+02
1.565040e+02
-5.374573e+02
-4.040890e+02
-2.659291e+02
-1.606736e+02
4.992529e+01
1.431889e+02
-9.774583e+01
-6.668021e+01
5.721789e+02
4.237799e+02
-7.274029e+01
-7.991607e+00
-8.066915e+02
6.430898e+02
-3.020072e+02
8.538391e+02
-3.943327e+02
-4.203632e+02
-4.272079e+02
4.325396e+01
-2.939847e+02
4.120469e+02
-8.228040e+02
-3.565332e+02
-3.137457e+02
3.246763e+02
3.820549e+02
1.144549e+02
-1.681792e+01
4.191236e+01
-3.189420e+01
-1.480883e+01
3.270602e+02
2.162338e+02
2.817948e+02
2.338957e+02
7.021427e+01
-3.603904e+01
4.921662e+02
4.389006e+01
1.316287e+02
-7.719036e+01
1.262788e+02
-2.594585e+02
6.746687e+01
7.358427e+00
1.256497e+02
2.530780e+02
-1.956921e+01
-8.626697e+01
1.663720e+02
-7.445968e+01
1.171136e+02
4.133379e+01
1.499626e+02
2.307042e+01
-1.835404e+02
-6.186835e+01
1.664376e+02
4.503016e+01
-1.087426e+02
1.219881e+02
1.621668e+02
3.682245e+01
-3.144219e+01
1.029943e+02
1.183957e+01
-2.868760e+01
-8.146326e+01
3.316687e+01
-8.840380e+00
2.322253e+01
1.003650e+01
1.103847e+02
6.189896e+00
1.463652e+01
-2.190887e+01
9.702069e-01
3.987345e+01
5.225301e+01
-3.259231e+01
-3.582857e+01
1.089124e+01
1.147709e+01
1.086578e+01
5.927751e+01
-8.381000e+00
-2.911646e+01
-2.313640e+01
-1.221853e+01
-6.991940e+01
-7.967793e+01
3.522255e+01
4.015096e+01
5.406293e+01
4.378315e+01
3.105176e+01
-6.807662e+01
-4.372966e+00
-9.406905e+00
-1.020777e+00
2.549068e+01
4.931798e+01
-2.650023e+01
2.524911e+01
-3.454958e+01
3.738502e+01
7.307697e+00
3.240285e-01
1.387225e-01
7.698661e-02
9.034835e-02
-2.914838e-01
1.162077e-01
2.975775e-02
-3.030358e-01
-9.105181e-02
-1.609888e-01
-2.229702e-01
-3.773103e-01
4.001374e-01
6.652971e-02
-1.137505e-01
1.936562e-01
3.524878e-02
-1.737837e-02
2.150709e-02
-1.963377e-01
1.753044e-02
4.743929e-02
-7.204118e-02
2.923259e-02
-1.348790e-01
2.504130e-02
-5.621129e-03
-7.265002e-02
2.064848e-02
