-1.929204e-01
3.103665e-01
3.950634e-01
4.209778e+01
1.739411e+02
-2.248584e+01
3.515251e-04
-3.032009e+05
-2.004305e+05
1253905
2.420709e+05
2.641442e+05
-1.750149e+05
3.973658e+04
2.465952e+05
-1.008448e+05
9.697187e+04
8.467015e+04
-4.263097e+03
-4.174162e+04
5.646274e+04
-6.887943e+03
-6.714451e+04
1.482576e+04
3.854689e+03
-8.549982e+04
1.467725e+04
8.742177e+04
2.297996e+04
9.111382e+04
-2.941204e+04
7.998472e+04
4.825384e+03
-4.728257e+04
-2.911152e+04
-9.549518e+03
4.506514e+04
5.177859e+00
-3.983833e+03
-3.833142e+04
3.657630e+04
2.930713e+03
-3.453101e+04
-2.324011e+04
4.851025e+04
-9.846804e+03
-2.294221e+04
1.133155e+04
-1.619279e+04
-4.455358e+03
9.393347e+03
2.511965e+04
1.934955e+04
-2.086250e+04
-1.201691e+04
1.341784e+04
1.746520e+03
1.889131e+04
-3.216055e+03
-1.093070e+04
-6.191534e+03
2.498860e+03
-4.655399e+03
1.855161e+03
-7.009421e+03
-1.428345e+03
1.439811e+03
8.186851e+03
-7.441507e+03
6.711673e+03
2.691198e+03
6.552755e+03
3.579518e+03
2.986531e+03
-4.326423e+03
2.274223e+03
4.644772e+03
-1.842787e+03
-5.660881e+03
-1.532076e+03
-6.126548e+03
7.929888e+02
7.538763e+02
4.170571e+03
2.564706e+03
3.950735e+03
-5.897283e+03
3.111931e+02
1.914822e+03
-1.540485e+03
2.443842e+02
9.054908e+01
5.056410e+03
3.216623e+03
1.006818e+03
-6.636885e+02
1.714284e+03
1.094810e+03
-1.053363e+02
2.479451e+02
-1.284094e+03
-1.042869e+03
-2.771107e+02
-2.190128e+03
1.555581e+03
-1.502516e+03
1.198194e+03
3.368412e+02
2.186688e+03
2.202100e+03
-4.495791e+02
2.998013e+03
4.293174e+01
1.379420e+03
-6.586344e+01
-4.015137e+02
-5.704625e+02
-4.357690e+02
-5.079968e+02
1.158087e+03
5.130853e+02
6.286934e+02
-1.093446e+03
1.036269e+03
4.276904e+02
-6.758809e+02
1.003389e+02
3.768843e+02
6.256773e+02
-2.366773e+02
2.141645e+01
-2.458207e+02
-9.769724e+01
-1.110944e+02
-1.497415e+02
-5.918636e+01
7.855020e+02
1.874267e+02
-2.855652e+02
4.425920e+02
-1.229619e+02
-3.912936e+01
-1.983915e+02
1.615830e+02
-4.829828e+02
1.745107e+02
-1.477444e+02
1.354728e+01
1.405587e+02
4.584548e+02
8.263704e+01
-2.894372e+01
-1.428559e+02
2.267120e+01
-2.232534e+02
1.084974e+02
-1.283705e+01
2.285898e+02
-1.106866e+02
-2.541488e+02
3.646033e+02
-8.611956e+01
1.661555e+01
-6.607381e+01
-1.276171e+02
5.267252e+01
1.270283e+02
1.557327e+02
-1.813651e+02
1.097826e+02
2.718050e+02
9.182266e+01
3.682746e+00
1.224683e+02
-6.825204e+01
-7.870263e+01
-2.234289e+01
-9.764690e+01
-1.433819e+02
-9.846552e+01
-1.142562e+01
7.088194e+01
-3.518673e+01
-7.955578e+01
-4.784368e+01
4.557858e+01
2.565018e+02
-7.077257e+01
-5.542494e+01
-1.103833e+01
4.485619e+01
-2.066948e+01
-3.839840e+01
-3.924555e+01
-4.128669e+01
9.425414e+00
-7.450485e+01
-6.044746e+01
2.186182e+01
8.093086e+01
1.827004e+01
-9.629114e+01
-1.011002e+02
-4.424265e+01
4.750707e+01
5.824754e+01
7.074986e-01
3.647560e-01
-1.626101e-01
-4.746976e-01
-3.479516e-01
-5.154149e-01
-6.106787e-01
2.688075e-01
-2.184957e-01
-3.091799e-01
4.309830e-02
-1.026515e+00
3.280200e-01
-2.388657e-01
5.825607e-02
5.624975e-01
1.104326e-01
9.432682e-02
2.029869e-01
-4.809556e-01
7.384684e-02
5.654280e-02
-1.312015e-01
-3.076349e-01
-1.532899e-01
-1.167611e-01
1.126945e-01
-9.737779e-03
-1.630541e-01
