-7.200050e-02
-7.470208e-01
2.554723e-01
4.437333e+01
1.793360e+02
-1.900451e+01
3.041721e-04
-3.116755e+05
-7.493358e+04
2.827624e+05
-2.973450e+05
-6.100032e+04
1.044213e+05
-1.609898e+05
2.539088e+04
-3.453968e+05
-1.085649e+05
-4.792068e+04
6.294574e+04
-5.320164e+04
9.042333e+03
5.136401e+04
-1.012172e+04
1.537089e+04
2.573984e+04
-7.659120e+03
-4.778669e+04
-4.310046e+04
-4.535328e+04
-8.852768e+03
-5.764741e+04
3.356997e+04
-2.477286e+04
-1.236660e+04
3.913864e+04
6.439896e+03
1.542863e+04
-4.402923e+03
5.213979e+03
-4.939005e+03
6.823592e+03
-2.687187e+04
-1.306435e+03
-9.613396e+02
4.468607e+02
9.132346e+03
1.070000e+04
-4.507433e+03
-1.177665e+04
-2.592275e+03
5.732313e+03
-8.019458e+03
1.066990e+04
-7.360998e+03
-9.448374e+03
1.884738e+03
4.891269e+03
4.662354e+03
-2.356362e+03
-6.977980e+03
-2.429210e+03
3.282510e+03
-6.935049e+01
-1.816392e+03
3.343891e+03
1.379747e+03
5.305425e+03
1.010246e+04
-2.665095e+03
7.161862e+02
2.535837e+03
1.775159e+03
2.810908e+03
1.631187e+03
3.017007e+03
6.231519e+02
3.841369e+03
-9.089669e+02
-5.293365e+03
-4.817656e+02
-6.652489e+02
2.438195e+02
-3.135769e+03
1.682947e+03
3.262799e+03
2.330531e+03
-1.170197e+03
3.587145e+02
-9.943536e+02
6.206978e+02
-9.338110e+01
8.270145e+02
1.410770e+03
1.449090e+03
-1.873961e+03
4.809964e+02
2.205453e+03
7.762226e+02
7.883021e+02
-1.970078e+02
-1.304794e+03
-7.498755e+01
-3.438377e+02
-1.158267e+03
9.895967e+02
1.136019e+02
7.657725e+02
1.156843e+03
7.743398e+02
1.012999e+03
2.170534e+02
1.119210e+03
-4.888970e+01
7.723660e+02
2.926012e+02
-3.468418e+02
-9.564706e+01
-2.712236e+02
-6.058854e+02
7.951691e+02
-7.879725e+01
4.302221e+02
-4.258091e+02
2.748558e+02
1.498429e+02
-2.801243e+02
-4.535250e+02
1.864299e+02
-1.131724e+02
-4.984065e+02
2.231647e+01
2.212020e+02
-1.863423e+01
2.374534e+02
-5.185353e+02
-1.362641e+02
3.688272e+02
-3.880131e+02
1.006862e+02
1.489400e+02
-2.919054e+02
-7.594480e+01
-1.703313e+02
2.375706e+02
-1.566052e+02
1.906303e+02
1.578512e+02
-1.071124e+02
-5.793132e+01
1.152102e+02
9.507613e+01
2.572282e+02
5.688096e+01
1.023296e+01
-1.293733e+01
-7.414194e+00
-1.227105e+02
1.002896e+02
-4.281173e+01
-7.551002e+00
8.134200e+01
-1.515715e+01
4.729079e+01
-1.504720e+01
3.460801e+00
-3.490609e+01
1.219649e+01
8.421818e+01
3.618098e+01
1.456759e+01
1.227961e+02
6.595073e+01
4.535581e+01
9.047457e+01
-2.799636e+01
-2.195332e+01
-4.830006e+01
4.241959e+01
5.273999e+01
6.528728e+01
8.341589e+01
-4.222519e+00
-8.080869e+01
7.557980e+00
6.887472e+01
2.939561e+01
7.950317e+01
6.124886e+01
-9.739102e+01
5.280044e+01
-8.535947e+00
6.926627e+01
7.271984e+00
5.778474e-01
7.087114e+00
3.055202e+01
-2.123004e+01
8.847841e+00
-4.400333e+01
2.315821e+01
-1.226397e+00
-6.176585e+01
3.980714e+01
-3.560141e+01
1.546160e+01
2.153207e+01
-3.168525e+00
1.368897e+00
2.022999e-01
1.019567e+00
-4.149831e-02
-5.796387e-01
-6.306333e-01
-8.593805e-01
-1.354885e-01
-4.987890e-01
4.430127e-01
1.234352e-01
3.933243e-01
3.212828e-02
3.267664e-01
-1.387084e-02
8.821834e-02
-1.541173e-02
-7.528888e-02
1.635881e-01
-3.562414e-02
1.283295e-01
1.433618e-01
-1.507227e-01
2.415158e-01
1.048389e-01
-1.458719e-02
-2.145075e-02
-7.741921e-02
