-4.614947e-01
9.611620e-01
1.200916e-01
5.006222e+01
1.913971e+02
-1.453136e+01
3.391949e-04
-1.099643e+05
-2.052450e+05
3.506960e+05
1.922272e+05
1.036886e+05
1.705847e+05
-1.361093e+05
1.153175e+05
2.309175e+03
1.111168e+04
1.715046e+04
1.164339e+05
-4.790237e+04
-4.808721e+04
1.830560e+04
2.788264e+04
1.330665e+04
-1.338564e+03
-5.862436e+04
-4.424812e+03
1.696790e+04
-4473
4.092728e+04
-4.491942e+04
9067
-5.595525e+03
-1.229644e+04
1.204992e+04
1.679972e+04
-1.413837e+03
3.482250e+03
5.647723e+03
-5.923435e+03
-7.903020e+02
3.465432e+03
-9.115721e+03
-4.873288e+03
1.712652e+04
-4.046898e+03
-4.841400e+03
3.460587e+03
-3.910885e+03
-3.127458e+03
8.003171e+03
2.535698e+03
6.848911e+03
-8.584727e+02
-8.904839e+03
2.366857e+03
3.139358e+02
6.717414e+03
-3.666272e+03
-6.229051e+03
-2.643308e+03
-3.698521e+02
4.945748e+02
-3.514780e+03
3.983296e+02
3.308039e+03
2.704177e+03
2.973550e+03
-4.099838e+03
1.384713e+03
2.983685e+03
1.539000e+03
1.323054e+03
3.544316e+01
-1.480044e+03
4.106478e+02
2.390013e+03
1.071247e+03
-3.364907e+03
-1.704258e+03
-1.970278e+03
2.226262e+02
-1.427116e+03
1.118368e+03
5.251851e+02
2.195908e+03
-1.095243e+03
9.648464e+02
2.330776e+02
9.934239e+01
-2.848782e+01
-6.545297e+02
2.396184e+03
1.122902e+03
-3.859711e+02
1.283712e+03
2.182317e+03
8.144205e+02
-1.059500e+02
1.094136e+03
-1.533498e+03
-5.804619e+02
-5.664277e+02
-1.393672e+02
4.308792e+02
-7.347059e+01
1.054022e+03
-7.873265e+01
7.586777e+02
1.032356e+03
4.723082e+02
1.194871e+03
-2.661147e+02
4.419478e+02
-3.841368e+02
-1.034872e+02
3.010735e+02
9.267381e+01
-2.984509e+02
2.543967e+02
-2.774184e+02
-2.612408e+02
-4.489720e+02
4.316540e+02
9.003645e+01
-2.976984e+02
-1.382163e+01
3.962063e+02
2.709877e+02
-2.752189e+02
1.142881e+02
1.248028e+02
1.746122e+02
3.247287e+02
2.738906e+01
-2.774004e+01
5.225436e+02
8.729064e-01
-3.012810e+01
9.461790e+01
6.571094e+01
5.724520e+01
-1.680284e+02
5.221893e+01
-7.674149e+01
6.260857e+01
-3.445455e+01
-1.778145e+01
2.124862e+02
1.543286e+02
2.594915e+01
-8.922014e+01
8.098087e+01
2.303730e+01
-1.424957e+02
-8.169127e+00
8.635686e+01
1.257231e+02
-2.051586e+02
-1.098203e+02
2.050945e+02
-5.024293e+01
3.580646e+01
7.283434e+01
4.783738e+01
-6.302079e+01
-3.464177e+01
6.987558e+01
-8.492703e+01
4.301566e+01
4.670899e+01
1.144961e+02
-2.764015e+00
2.020838e+01
1.552681e+01
-5.158950e+01
-4.228940e+01
-5.606870e+01
-1.007971e+02
-2.615067e+00
5.004259e+01
-8.498863e+00
-1.456558e+01
2.886427e+01
2.351418e+01
-3.635145e+01
7.635990e+01
-1.987279e+01
-6.164145e+00
6.608946e-01
3.492779e+01
1.393622e+01
-2.575093e+01
-1.531169e-01
5.123228e+01
8.053959e+00
-3.688490e+01
-2.654732e+01
9.191616e+00
7.757725e+00
5.285964e+00
-3.062788e+01
-1.460682e+01
-1.633086e+01
2.423481e+01
1.725574e+01
1.028838e-01
1.099950e+00
-1.035837e+00
1.208838e-01
-6.389306e-02
-3.441199e-01
-3.784799e-01
1.096432e-01
5.252390e-02
-2.628140e-01
-2.966002e-01
-4.038854e-01
2.455910e-01
-4.481002e-02
1.965425e-01
3.544008e-01
-6.239415e-02
5.319896e-02
2.613889e-02
-3.274684e-01
5.054072e-02
-3.224688e-02
-7.611720e-02
-8.113039e-02
-1.958975e-01
2.078001e-02
2.032373e-02
-5.730357e-02
1.648568e-02
