2.196628e-02
-8.834399e-01
2.380426e-01
5.262222e+01
1.741338e+02
-2.085648e+01
3.402263e-04
6.488699e+04
-3.339902e+05
-3.083099e+05
-1.331239e+04
-8.290243e+04
-4.286715e+04
8.622805e+04
-2.365011e+04
-1.013405e+03
-7.280667e+04
-6.972958e+04
9.613832e+04
-3.284393e+04
-3.301620e+04
-2.329366e+04
2.104052e+04
-2.222957e+04
2.449307e+04
4.310602e+04
-3.945441e+04
-7.661516e+02
-2.640207e+04
2.362408e+02
-2.775741e+04
-2.365336e+04
-1.053049e+04
-3.096906e+04
1.672749e+04
7.019900e+03
-1.750619e+04
-5.067185e+03
1.378292e+04
-6.177389e+03
-3.861029e+03
-6.395728e+03
-7.433817e+03
9.009390e+03
9.291854e+03
-9.128176e+03
6.907584e+03
5.853953e+03
-5.769008e+03
1.161793e+03
-5.365243e+03
-7.069711e+03
-1.480967e+03
-4.994234e+03
-2.529306e+03
4.370489e+03
-1.237660e+03
9.231513e+03
2.518203e+03
-1.195023e+04
-2.066675e+03
3.080917e+03
-3.703499e+03
-4.460680e+03
5.774045e+02
5.425932e+03
3.897055e+03
-1.518399e+03
-4.265891e+03
2.538317e+03
-9.554362e+02
-3.151937e+03
-3.168951e+03
2.059002e+03
2.286225e+03
1.881140e+03
2.114770e+03
1.721368e+03
-3.387489e+03
8.312184e+02
1.024296e+03
3.826960e+02
4.130571e+02
8.599154e+02
2.516478e+03
1.549034e+03
-4.391241e+02
-4.566896e+02
-9.121975e+02
1.701004e+02
-7.692081e+02
1.165954e+03
1.130644e+03
1.412657e+03
-2.038913e+03
7.755108e+02
3.012924e+02
-6.105076e+02
4.012903e+02
4.086532e+02
-2.786812e+02
5.415199e+02
3.215020e+02
-1.003604e+03
2.652066e+01
-2.752843e+02
1.562220e+03
3.927350e+02
-3.470988e+02
8.659016e+02
-5.890250e+02
7.441605e+02
4.170709e+01
8.036249e+02
8.552006e+01
8.541069e+01
1.136580e+02
-4.727783e+02
1.133940e+02
2.818792e+01
7.954618e+01
-1.894570e+02
-2.138602e+02
1.656617e+01
1.391273e+02
-2.512801e+02
2.891161e+02
7.734085e+01
-3.859968e+02
-1.960849e+02
5.172220e+02
4.364774e+02
1.833466e+02
1.795990e+02
-6.572025e+01
1.849652e+02
3.732968e+02
-3.022136e+02
4.842666e+01
1.460533e+01
-1.107087e+02
3.078296e+02
7.642563e+01
3.675632e+01
-6.292261e+00
-8.029709e+00
1.875537e+02
-3.234898e+02
6.567428e+01
1.814481e+02
-5.731758e+01
2.346542e+02
3.507536e+02
-8.980366e+01
-2.051457e+02
-1.661095e+02
1.531668e+02
-2.294043e+01
-3.767397e+01
-1.598572e+02
4.192186e+01
1.238467e+02
1.558539e+02
-3.191577e+01
4.376255e+01
-3.485433e+01
1.032628e+01
2.353590e+01
3.912169e+01
1.091100e+02
1.140127e+02
3.661319e+01
2.918976e+01
2.632456e+01
1.078681e+02
-2.704692e+01
2.584698e+01
3.239431e+01
-2.048190e+01
7.854618e+01
-3.871412e+00
7.239318e+01
4.300605e+01
-6.943249e+00
8.529469e+01
-3.613662e+01
7.528649e+00
9.112314e+00
-1.564429e+01
6.020750e+01
3.405719e+01
2.209282e+01
-6.578251e+01
2.813877e+01
2.373256e+01
-1.821135e+00
2.475044e+00
-2.433262e+01
-1.223672e+01
1.030358e+01
-1.056754e+01
-3.798089e+01
4.398259e+01
9.351734e+00
3.289894e+01
2.882465e+01
-2.069363e+00
2.520135e+00
-5.080196e-01
1.523934e+00
2.788802e-01
-7.975802e-03
3.995728e-01
-5.976081e-01
-1.667818e-01
-3.126906e-01
-3.039980e-01
-1.521718e-01
-4.301073e-02
1.436508e-01
-1.090609e-01
-2.277064e-01
2.213974e-03
5.601887e-02
8.800684e-02
4.610947e-02
7.712042e-02
1.541003e-01
7.703259e-02
1.951604e-02
1.454341e-01
5.643289e-02
-7.670816e-02
-1.243063e-01
-2.700875e-02
