-1.622579e-01
-6.594308e-01
9.628472e-02
4.778667e+01
1.919333e+02
-2.546135e+01
3.626972e-04
2.809229e+04
-6.957271e+04
-3.392353e+05
-1.051603e+05
-1.573149e+05
-1.326338e+05
8.149686e+04
-1.029070e+05
-1.448271e+05
-6.876530e+04
-9.482005e+04
1.306520e+05
-8.194726e+04
-1.857270e+04
-1.897965e+04
3.484283e+04
3.142164e+04
2.896649e+04
2.577805e+04
-3.137326e+04
-1.199019e+03
-4.024515e+04
-3.048520e+04
1.150592e+04
2.453997e+03
-1.812932e+04
-2.856787e+04
5.784560e+03
-3.422816e+03
-9.144753e+03
-5.868212e+03
8.165038e+03
-3.773336e+03
-1.139839e+04
-1.624840e+04
4.764042e+03
6.336616e+02
-1.373591e+03
3.960825e+03
7.616648e+03
-3.642034e+03
-6.671923e+01
-4.140604e+03
-5.630973e+03
-7.343225e+03
1.905831e+03
-3.899809e+03
-5.056810e+03
3.183689e+03
1.244046e+03
8.668701e+03
2.089124e+03
-7.562963e+03
-1.146058e+03
1.495179e+03
-1.611699e+03
-2.975209e+03
3.093171e+03
4.499718e+03
4.979648e+03
-8.480139e+02
-4.656855e+03
1.270745e+03
1.084716e+03
-1.252636e+03
-1.815872e+03
1.315370e+03
1.583753e+03
-3.367567e+01
3.900562e+02
2.962089e+03
-4.791324e+03
-1.353084e+03
1.565261e+03
6.963506e+02
-2.365264e+02
1.175548e+03
3.298302e+03
8.279119e+02
-1.498971e+03
-1.414972e+03
-6.955670e+02
2.064594e+03
3.569703e+01
1.106065e+03
5.922482e+02
1.382796e+03
-2.497658e+03
1.214281e+03
9.695144e+02
1.283689e+01
8.174561e+02
-6.338367e+02
-8.225469e+02
4.226328e+02
8.114865e+02
-2.401212e+02
4.501499e+02
-4.280572e+02
1.040083e+03
3.749839e+02
-3.777593e+02
8.856496e+02
-5.831588e+02
2.355421e+02
-4.942023e+02
5.175847e+02
2.115511e+02
4.147614e+02
-6.601214e+01
-7.880611e+01
-1.178563e+01
5.808896e+02
-2.837859e+02
8.387442e+01
-2.941953e+02
-1.898462e+02
3.020919e+01
1.447527e+02
-3.674293e+01
9.747751e+01
-4.494174e+02
1.226717e+02
2.542463e+02
5.008385e+02
3.837633e+02
2.677222e+02
-3.445635e+02
-1.877460e+02
2.429980e+02
-3.071947e+02
2.221717e+02
-5.906884e+01
-2.817249e+02
2.079598e+02
1.077723e+01
1.058715e+01
-1.589260e+01
1.305350e+02
1.111372e+02
-2.482866e+02
9.259677e+01
3.085916e+02
-1.680099e+00
1.622387e+02
1.916088e+02
1.411287e+01
-1.842103e+02
-6.764215e+01
4.612698e+01
3.310092e+01
1.252352e+02
-1.042685e+02
-1.143767e+02
1.295173e+02
8.993090e+01
-3.441752e+01
6.185840e+01
-3.793843e+01
-2.837929e+01
7.167287e+01
1.215188e+02
-6.658958e+00
8.144762e+01
2.236720e+01
-7.561334e+01
4.076953e+01
-2.842114e+01
-4.187112e+01
-4.384429e+00
4.133004e+00
2.730912e+01
1.167167e+02
2.450808e+01
4.886124e+01
-7.171990e+00
4.911208e+01
1.021835e+02
-1.304010e+01
-2.215922e+01
3.354216e+01
-2.142542e+01
3.847734e+01
-3.716839e+00
-7.611223e+00
-2.595378e+01
5.248634e+01
3.465860e+01
1.596356e+01
2.280374e+00
-1.946949e+01
-1.001414e+01
7.411896e+00
1.984202e+01
-2.888969e+01
6.335683e+01
8.295883e+00
1.974675e+01
2.278942e+01
-1.664174e+00
1.674168e+00
-4.324643e-01
6.739821e-01
1.514038e-01
1.006957e-01
1.536409e-01
-9.045105e-01
-1.416097e-01
-3.905092e-01
-1.593974e-01
6.512407e-02
1.906061e-01
-9.383457e-03
-1.657127e-01
-9.803984e-02
6.425240e-02
5.387866e-02
1.771021e-02
5.004883e-02
-5.366109e-02
1.084497e-01
2.049664e-01
-4.647767e-02
7.157724e-02
1.191871e-02
2.779072e-02
-5.492701e-02
-1.316944e-02
