-3.628114e-01
6.485944e-01
-9.256447e-02
5.489778e+01
2.082035e+02
-2.236517e+01
3.684387e-04
-2.563120e+05
-6.439921e+04
6.037191e+05
-2.616130e+05
6.036311e+03
-5.366316e+04
-1.461293e+05
1.812078e+05
-1.587716e+05
7.759426e+04
-1.906476e+04
1.314666e+05
-4.849968e+04
1.363479e+04
-5.194561e+04
-6.545055e+04
-1.272669e+04
-4.023914e+04
-5.150088e+04
2.191732e+04
-2.206638e+04
1.486753e+04
-3.836966e+04
-7.261767e+04
-1.257217e+04
-4.912645e+04
-8.694541e+03
-9.449483e+03
2.607538e+04
2.106791e+04
-4.543629e+03
1.557348e+04
-4.092745e+02
2.285534e+04
-1.699526e+03
-1.818716e+04
-3.786393e+04
1.447390e+04
7.254452e+02
-9.302225e+01
9.783852e+03
-3.262258e+04
1.287264e+03
1.654313e+04
-5.389226e+03
2.409474e+03
-1.105493e+01
-3.596016e+02
2.449494e+03
5.757945e+03
7.693133e+03
1.241712e+03
-7.300650e+03
-1.475095e+04
4.881972e+03
4.453098e+03
-1.044775e+03
-5.199472e+03
2.201054e+03
-9.256680e+02
9.749744e+03
-2.879389e+03
1.500328e+03
4.176843e+03
5.076070e+03
8.362053e+02
-1.781170e+03
-2.806941e+03
-4.588848e+02
7.517050e+02
-1.465328e+03
-3.306868e+03
6.886500e+02
-3.903536e+03
-4.434099e+02
-1.775809e+03
2.270205e+03
-7.345687e+02
1.496652e+03
1.266492e+03
5.790928e+02
2.058875e+03
-8.572642e+02
1.215455e+03
-7.121138e+02
3.984385e+03
2.077350e+03
8.156901e+02
1.024330e+03
2.586206e+03
-2.199597e+03
-5.951243e+02
6.542996e+01
-1.687845e+03
-1.541728e+03
2.501410e+02
-1.443971e+03
7.701987e+02
-7.519849e+02
1.601899e+03
1.056870e+02
2.651555e+03
9.074206e+02
1.052867e+03
1.952994e+03
-3.710326e+02
3.163935e+02
-9.294435e+02
6.410545e+01
-8.141204e+02
-4.213992e+02
-8.790226e+02
6.863148e+02
2.605993e+02
4.928914e+02
-1.412815e+01
4.497707e+02
1.214850e+03
-1.620536e+02
-1.859566e+02
-1.228850e+02
-1.315939e+02
-6.405557e+02
8.034428e+01
1.905053e+02
-3.270016e+02
-1.469444e+02
-1.382617e+02
-4.166161e+02
3.791499e+02
2.002832e+02
-5.642434e+01
9.155983e+01
-1.053663e+02
-1.036720e+02
-1.441542e+01
3.082602e+02
-3.932760e+02
1.552691e+02
1.429462e+02
-2.127519e+02
-3.212319e+00
3.656611e+02
2.494911e+02
-1.087283e+02
1.002169e+01
7.031158e+01
8.265082e+01
1.390793e+02
-1.797839e+02
2.762483e+02
-1.267777e+02
-5.517725e+01
2.930714e+02
-4.538132e+01
3.840114e+01
6.013417e+01
-2.648985e+02
6.973014e-01
-1.624168e+02
1.793274e+02
-4.020734e+02
5.982849e+01
1.212835e+02
1.374689e+02
2.297270e+02
7.396385e+01
-8.510815e+01
-8.504190e+01
-4.923512e+00
5.154926e+01
-1.885434e+02
-8.087611e+01
4.883039e+01
1.741498e+02
-6.385693e+01
-3.430559e+01
1.274239e+01
2.372947e+01
1.891740e+02
1.408385e+02
-1.622267e+02
-4.077438e+01
2.212538e+01
7.395887e+01
-1.476096e+01
3.028484e+01
4.729857e+00
4.296873e+01
-9.095142e+01
-5.144944e+01
-4.640834e+01
-8.343568e-01
2.794721e+01
-1.110608e+02
-3.422262e+01
-5.216446e+01
4.682258e+01
1.610926e+01
-1.226812e+00
-9.306418e-01
-9.271708e-01
-1.746154e-01
2.114730e-01
-9.768052e-02
-5.636835e-01
-7.726922e-02
-9.513023e-02
1.315391e-03
4.559572e-01
-6.219825e-01
-1.057079e-01
-9.105457e-02
1.524772e-01
-5.827384e-02
-1.177413e-01
-1.377522e-01
-1.197864e-01
-1.410954e-01
9.858624e-02
1.482349e-01
-1.020634e-01
-1.882612e-01
4.815244e-02
8.300073e-02
-6.073772e-02
-4.861569e-02
1.076776e-01
