2.891157e-01
-1.360234e+00
-2.967153e-03
5.461333e+01
1.554265e+02
-1.315880e+01
3.491938e-04
-1.270839e+05
-8.850974e+04
2.485729e+05
1.980012e+05
9.798949e+04
-5.887096e+04
-1.268402e+05
1.025136e+05
-8.540403e+04
1.528450e+05
-1.375524e+05
1.214126e+04
-1.531961e+04
-5.415565e+04
-5.416562e+04
1.461770e+04
-1.493976e+04
6.559176e+03
-6.921180e+04
-1.693303e+04
-3.513450e+04
6.618192e+03
1.025052e+03
-1.979101e+04
1.166074e+04
3.094755e+03
-3.424219e+04
2.690303e+04
-1.838535e+03
1.897331e+04
2.048018e+04
-2.781654e+04
4.537488e+03
6.946236e+03
6.540861e+03
-1.570690e+04
-1.167838e+04
1.638371e+04
-4.084664e+03
-4.565375e+03
5.566604e+03
-2.519109e+03
3.611417e+03
1.925476e+04
-1.517547e+03
-3.537169e+02
5.757018e+03
-5.184695e+03
-2.147037e+03
2.368186e+03
8.534726e+03
-2.198259e+03
-1.034801e+04
-4.970051e+03
-3.472987e+03
4.021976e+03
-7.474543e+02
-9.063441e+02
4.042119e+03
3.218091e+03
4.982342e+02
-6.620054e+03
4.794230e+03
1.402498e+03
1.439670e+03
-3.220756e+03
-7.175602e+02
9.483282e+02
1.900548e+03
1.126703e+01
3.630835e+03
-3.233670e+03
-2.065620e+03
-2.249973e+03
-1.154036e+03
-4.237524e+02
2.631188e+02
2.513205e+03
2.033049e+03
-1.286671e+03
-4.514910e+02
7.326529e+02
7.237683e+02
1.252013e+02
-1.520655e+03
1.598019e+03
2.685594e+03
-1.298325e+03
3.110297e+02
1.551232e+03
-6.808629e+01
-7.754449e+02
-9.333967e+02
-2.634364e+02
-1.255065e+01
1.429796e+02
-6.406738e+02
3.251544e+02
-5.357189e+02
1.169223e+03
2.334553e+02
8.824635e+02
9.791783e+02
-1.425195e+02
1.319488e+03
-2.191275e+02
1.510884e+03
-2.177026e+02
-8.694085e+02
-7.341458e+02
-2.350001e+02
-4.659238e+02
5.855617e+02
-5.812820e+02
-3.394613e+02
-6.169360e+02
2.606017e+02
5.263251e+02
-2.397218e+02
3.393502e+01
2.341713e+02
-1.167777e+02
-3.978091e+02
2.815507e+02
3.754373e+02
6.097267e+02
3.947850e+02
-2.408360e+02
1.552785e+02
5.036053e+02
1.667351e+01
1.413347e+01
1.446631e+02
6.211812e+01
-1.453334e+02
1.894881e+01
9.442796e+01
-4.529314e+01
1.756090e+02
4.823399e+01
4.453552e+01
1.800838e+02
2.239334e+02
1.267957e+02
-6.795119e+01
1.367671e+02
1.461619e+01
-4.969149e+01
-1.620832e+01
1.610610e+02
1.821879e+02
-2.271434e+02
-2.737193e+01
2.062467e+02
-5.000108e+01
5.890031e+01
7.932001e+01
4.834646e+01
-1.405474e+02
-9.081693e+01
1.569878e+01
-1.097794e+02
1.082864e+02
6.826059e+01
1.226884e+02
8.364986e+01
7.768067e+01
6.769565e+00
-7.419342e+01
5.616616e+00
1.422713e+01
-9.165483e+01
-3.655250e+01
1.430515e+01
1.606107e+01
-5.173635e+01
-2.773515e+00
-1.837137e+00
8.070501e-01
1.311035e+02
6.634606e+01
-4.737657e+01
8.874214e+00
9.670394e+00
-5.940160e+00
-2.683008e+01
5.839206e+01
3.013686e+01
-1.616632e+00
-7.264967e+01
-4.258922e+01
-8.212950e-01
4.176193e+01
2.829224e+01
-5.105145e+01
-1.239370e+01
-2.180667e+01
3.596843e+01
1.694000e+01
-7.651670e-01
-4.007254e-01
-5.472847e-01
2.489175e-01
1.510155e-01
-3.254070e-01
-2.302689e-01
-1.842811e-01
-3.133019e-02
-2.670137e-02
-1.702406e-01
-4.919066e-01
1.465619e-01
2.841497e-02
-9.288646e-02
1.278039e-01
-3.064417e-02
-5.011628e-02
-7.688035e-02
-2.026182e-01
-5.839963e-03
-7.868072e-02
-4.176193e-02
-1.208507e-01
-1.154262e-01
-1.973283e-02
3.145327e-02
-1.317415e-01
4.044982e-02
