-9.153698e-02
3.505168e-01
-1.094167e-01
4.693333e+01
1.880404e+02
-2.800299e+01
3.490575e-04
2.937503e+04
-3.967143e+05
-3.401623e+05
2.248959e+04
9.185873e+04
-2.051589e+03
1.181036e+05
-1.705269e+05
-9.803052e+04
-6.225288e+04
3.788974e+04
1.555931e+05
1.378412e+04
-1.490306e+04
1.493181e+04
-6.687905e+04
4.247452e+04
1.236168e+04
1.034889e+05
-1.034342e+04
5.316723e+04
-1.567370e+03
2.848675e+04
-7.919855e+03
-6.801093e+03
-3.435459e+04
-3.591932e+04
-2.250591e+04
-8.204977e+03
-2.699005e+04
-1.319347e+04
3.490618e+04
1.398347e+04
9.715075e+03
-3.790662e+02
-9.737124e+03
-3.155230e+02
1.473654e+04
-3.256746e+03
2.827153e+03
1.366741e+04
-1.203210e+03
1.989489e+03
-4.914178e+03
-3.465591e+03
4.056313e+03
-1.085968e+04
7.412420e+03
8.706381e+03
-9.953326e+02
5.211753e+03
4.584465e+03
-3.215750e+03
-2.968739e+03
2.632236e+03
-1.926739e+03
-1.026330e+03
-3.694330e+03
6.814406e+03
1.090284e+03
2.172857e+03
-6.417854e+03
1.582500e+03
-1.545107e+03
-2.258243e+03
-7.365086e+02
3.612363e+03
-1.199865e+03
1.158777e+02
1.700697e+03
-6.805126e+02
-4.957483e+02
6.711236e+02
-1.136154e+03
4.030056e+02
1.467708e+03
3.097181e+03
1.657377e+03
2.066581e+03
-2.056630e+02
-1.932180e+03
1.117590e+03
-1.276708e+03
2.305364e+02
2.609896e+03
1.664159e+03
2.768140e+02
-1.186537e+03
2.934111e+02
-5.275034e+02
-3.688330e+02
3.572705e+02
-9.227724e+01
2.582713e+02
-5.944127e+02
7.229205e+02
-1.099524e+03
-5.537424e+02
-5.271830e+02
1.269116e+03
7.031176e+02
5.615433e+02
9.817527e+02
-7.424745e+02
6.269397e+02
-2.938289e+02
3.557973e+02
4.632691e+02
9.533263e+02
-1.391949e+02
-6.204703e+02
9.946696e+01
1.756019e+02
9.544094e+02
4.364722e+02
2.540440e+01
-1.500783e+02
1.131058e+02
-3.968350e+02
3.470912e+02
1.567663e+02
-1.798000e+02
-2.787340e+02
2.802815e+02
4.720627e+02
-3.556566e+02
-7.517757e+01
5.105359e+01
-2.557051e+02
-1.015290e+02
-1.873579e+02
-9.426622e+01
-2.373267e+02
-2.540592e+02
5.032160e+02
2.349722e+02
5.100753e+01
-1.884478e+02
6.840571e+00
2.545101e+02
-1.730786e+02
8.057979e+01
4.591273e+02
4.262448e+00
3.064788e+01
2.375069e+02
-1.068156e+02
-5.334414e+01
-7.995750e+01
1.037169e+01
-1.832106e+02
1.164210e+02
-1.957493e+02
-1.440828e+02
-6.663070e+01
2.075593e+02
-1.465899e+02
-1.094616e+02
2.510863e+01
4.748666e+01
1.019482e+02
2.718335e+00
6.977307e+01
1.326428e+02
-2.953903e+01
3.333331e+01
-4.839774e+01
1.315400e+02
-2.049590e+01
2.641234e+01
-7.925918e+00
-4.797540e+01
9.835087e+01
4.830375e+01
1.764888e+02
9.864313e+00
-2.982238e+01
4.994566e+01
-1.075384e+01
7.855537e+01
1.226538e+01
-1.149505e+01
2.789927e+01
6.189024e+01
6.832679e+01
-6.256361e+01
4.231850e+01
-9.725957e-02
2.057202e+01
-1.338243e+01
-7.380055e+01
-1.490755e+01
-2.193132e+01
-1.718899e+01
-6.929698e+01
-2.457689e+01
-1.111259e+01
6.025366e+01
1.316349e+01
-2.206419e+00
2.089703e+00
-7.125097e-01
8.957862e-01
2.618913e-01
-4.182270e-02
2.184854e-02
-4.231876e-01
8.461796e-02
-4.063934e-01
-9.750332e-02
-1.569009e-01
-1.198792e-01
2.634831e-04
1.462282e-02
-2.330465e-01
-4.104615e-02
7.280092e-02
3.252382e-03
1.666224e-01
2.288199e-01
8.276039e-02
2.972021e-02
-4.739520e-02
1.875220e-01
2.601691e-02
-1.265962e-01
-1.254443e-01
4.670517e-03
