3.856643e-02
-1.111702e+00
-2.247346e-01
4.920889e+01
1.617728e+02
-1.482733e+01
3.268370e-04
-3.084057e+05
6.841638e+04
5.298477e+05
-1.496285e+04
8.357022e+04
-1.127867e+05
-7.187538e+04
5.206844e+04
-2.073098e+05
1.008718e+05
-1.032754e+05
8.800818e+03
-1.975390e+04
3.644182e+04
1.695818e+04
-2.182192e+04
2.443637e+04
6.551235e+02
-5.473436e+04
1.094975e+04
-5.306365e+03
-4.574853e+04
-2.802775e+04
-5.358524e+04
1.547957e+04
-1.401326e+04
-9.069349e+03
2.031916e+04
1.665191e+04
2.977847e+04
5.330068e+03
-1.146228e+04
-1.723848e+04
-1.479044e+04
-9.052782e+03
3.267223e+03
-2.378330e+03
-9.936364e+03
-9.875829e+03
1.490861e+04
-6.110266e+03
-7.245743e+03
2.065851e+03
8.406046e+03
8.552006e+03
4.042891e+03
-4.961738e+02
-8.607766e+03
6.030602e+03
4.729670e+03
5.541233e+03
-1.531705e+03
-1.186834e+04
-6.301803e+03
-2.912133e+02
1.079785e+03
-1.378216e+03
1.903497e+03
1.602873e+03
3.656945e+03
4.954119e+03
3.075171e+02
4.737664e+02
1.142133e+03
2.781603e+03
1.327047e+03
-1.100948e+03
-2.422741e+02
1.026706e+03
1.513857e+02
-2.186703e+03
-5.329931e+03
-1.235462e+03
-8.253111e+01
8.572226e+02
-3.383129e+02
1.544078e+03
4.147914e+03
3.822541e+01
-1.451313e+03
1.072215e+03
-1.979370e+02
1.213784e+03
4.985138e+02
-1.256692e+03
1.532772e+03
1.350334e+03
-1.558285e+03
-6.727323e+02
1.900686e+03
3.206136e+02
4.066771e+01
-4.433322e+02
-7.038228e+02
-8.665659e+02
-5.208455e+02
-1.433553e+03
1.584321e+03
-7.634251e+02
5.175283e+02
2.052074e+02
1.547349e+03
1.376502e+03
-2.621432e+00
1.279694e+03
4.761236e+02
8.813498e+02
-3.747172e+02
-2.775447e+02
-1.491946e+02
-3.574937e+02
-7.063745e+02
7.932011e+02
-2.582850e+02
6.458280e+02
-5.824516e+02
5.458936e+02
2.618022e+02
-1.652170e+02
-1.150446e+02
-8.571117e+01
-6.309673e+01
-1.756026e+02
4.660225e+02
1.321561e+02
1.291781e+02
-4.911520e+01
-2.389517e+02
3.351641e+01
4.445287e+02
-8.672601e+01
-1.877862e+00
1.285848e+02
-1.978359e+02
-1.922157e+02
2.601889e+01
1.375067e+02
-8.664684e+01
9.408242e+01
-1.043683e+02
-2.170183e+02
-1.279788e+02
1.278597e+02
1.521597e+02
2.169304e+02
6.159880e+01
-4.217546e+01
-5.791320e+01
2.149582e+00
-2.964404e+01
2.348151e+02
-2.560822e+01
1.547757e+01
1.715381e+02
7.130143e+01
-1.921541e+01
-1.957549e+01
-1.388508e+02
-4.087699e+01
-8.925573e+00
1.186596e+02
-9.358395e+01
3.220083e+01
1.181428e+02
9.547668e+01
7.830435e+01
1.747808e+02
-8.091399e+01
-3.467160e+01
2.030202e+01
8.546504e+01
3.818102e+00
-4.571827e+01
7.740948e+01
2.660069e+01
-1.096021e+01
-3.497113e+01
5.254528e+01
4.249710e+01
3.372757e+01
-9.038052e+00
-1.150143e+02
9.158916e+00
1.043565e+01
2.080366e+01
2.315463e+00
3.699177e+00
-4.140624e+01
-9.103574e+00
-1.635593e+01
2.627552e+01
-1.926267e+01
5.147506e+01
4.310993e+01
-5.484933e+01
1.834649e+01
-3.677408e+01
1.536387e+01
4.529781e+01
-1.413134e+00
3.804502e-01
-3.017181e-01
-1.207719e-01
-3.143941e-01
-1.527822e-01
-4.414060e-01
-6.434586e-01
-9.505918e-02
-5.962325e-02
6.131571e-01
-4.735830e-01
4.071362e-01
8.088773e-02
6.687263e-02
1.949000e-01
3.859783e-02
-4.228407e-02
-1.266846e-02
-7.433137e-02
-1.604479e-01
2.380859e-01
1.772361e-02
-8.462284e-02
-2.948069e-02
-3.238565e-04
8.147096e-02
3.162475e-02
-1.027373e-01
