1.212143e-01
4.655726e-01
6.462660e-02
4.209778e+01
1.549193e+02
-2.363582e+01
3.442048e-04
-2.718454e+05
1.229268e+05
4.207377e+05
-4.428142e+05
-8.968321e+04
3.148085e+05
-4.119344e+05
3.198713e+05
-1.124087e+05
7.990967e+04
-3.017820e+04
9.304779e+04
-1.089957e+05
-4.724878e+04
3.268376e+04
9.402793e+04
-2.833583e+04
1.605885e+04
-1.200537e+05
-8.120095e+03
-4.404668e+04
-2.031876e+03
-5.241929e+04
-5.637122e+04
-5.749795e+04
-8.342284e+03
8.963891e+03
1.051324e+04
7.400777e+03
1.383438e+04
2.014127e+04
5.453293e+03
1.871893e+04
-5.088630e+03
-1.758668e+04
5.528380e+02
-4.390805e+04
3.829887e+03
1.315759e+04
1.082242e+04
-2.357736e+03
-2.291612e+04
-1.418231e+04
1.085633e+04
-5.836434e+03
4.656379e+03
1.064298e+04
-1.542796e+04
4.068848e+03
-1.295484e+03
8.035618e+03
-1.167943e+04
-7.330570e+03
-2.308685e+03
1.615142e+03
-2.624370e+03
-3.417651e+03
1.124936e+03
1.061362e+03
3.746023e+03
1.125773e+04
-1.908274e+03
-3.485315e+03
4.539787e+03
4.743265e+03
6.818647e+03
-4.383319e+03
1.207204e+03
1.529408e+02
3.540781e+03
7.208667e+02
-6.994921e+03
-2.135112e+03
-2.844433e+03
1.022908e+02
-2.534243e+03
-1.690241e+03
-9.007925e+02
9.964476e+02
-1.651028e+03
2.268194e+03
9.431431e+02
1.554754e+03
5.181489e+02
9.393735e+00
3.728241e+03
1.090075e+03
1.216508e+03
1.790775e+03
3.901393e+03
-9.446425e+02
7.616341e+01
1.919811e+03
-1.747650e+03
-5.315169e+02
-1.128383e+03
-8.986799e+02
1.228977e+03
2.517741e+02
7.005545e+02
7.627292e+02
1.176508e+03
5.590748e+02
2.660425e+03
1.016650e+03
-7.608868e+02
-2.861020e+02
-4.991285e+01
-7.556696e+02
-8.113116e+01
-7.507324e+02
-1.297471e+03
1.181415e+03
-6.172609e+02
5.288455e+02
-4.425992e+02
9.524728e+02
-7.032783e+01
4.689396e+01
-3.211249e+02
3.200087e+02
1.797997e+02
-3.235397e+02
-3.259966e+02
1.743996e+02
-9.050932e+01
3.296532e+02
-1.485822e+02
-3.444601e+02
6.453424e+02
-3.112807e+02
4.719044e+01
2.465747e+02
9.682481e+01
-2.756019e+02
-2.913756e+02
3.543336e+02
-3.252298e+02
8.679884e+01
5.890830e+00
-9.117999e+01
-8.230668e+01
3.585223e+01
1.626612e+02
1.636480e+02
-3.382493e+02
-6.614414e+01
1.593307e+01
-1.740893e+02
-2.291596e+01
1.954640e+02
-2.104945e+02
1.676472e+02
4.747863e+02
-5.081321e+01
-1.472669e+02
1.367244e+02
-5.331111e+01
6.200786e+01
-1.272196e+02
2.174259e+02
-4.072684e+02
-9.179287e+01
-7.716603e+01
2.336319e+02
1.950014e+02
-1.216643e+01
-7.952243e+01
-1.582220e+02
-8.657604e+00
3.941621e+00
-8.960998e+01
9.966862e+00
1.842893e+02
-4.945356e+01
-8.316042e+01
-1.629411e+01
4.733173e+01
-8.079726e+01
5.390751e+01
6.900331e+01
-1.127594e+02
-1.056179e+02
1.607640e+01
7.678057e+01
1.662985e+01
-6.065658e+01
5.113793e+01
-2.524189e+01
-9.327297e+01
5.416329e+01
-3.982250e+01
2.133293e+01
3.374593e+01
-3.958601e+01
1.018218e+02
-7.738516e+01
-2.948531e+01
2.508480e+00
-1.645614e+00
-1.777782e+00
-3.508077e-01
-1.646061e-01
2.368473e-01
-3.691603e-01
-4.503997e-01
3.853544e-01
-2.300399e-01
4.233907e-01
5.660608e-01
-3.220339e-01
3.212433e-01
-3.818649e-02
1.744305e-01
2.285726e-01
-1.057774e-01
-5.020061e-02
5.877841e-02
-4.364051e-01
-8.874185e-02
1.087042e-01
-3.156206e-01
-1.022563e-02
-2.094967e-02
9.973627e-02
5.485865e-02
9.583923e-02
1.426104e-01
