-1.732006e-02
1.136014e+00
2.345215e-01
5.404445e+01
1.689113e+02
-1.612494e+01
3.437773e-04
-1.674211e+05
-1.271765e+05
1.139778e+05
2.041316e+05
2.520421e+05
-2.366847e+05
7.610335e+04
-5.767260e+04
-1.345746e+05
6.147561e+04
-1.907366e+05
-4.271100e+04
2.438112e+04
-1.567356e+04
-8.842762e+04
-7.221966e+03
1.487400e+04
1.701371e+04
-5.369227e+04
1.903973e+04
5.225862e+04
-7.351208e+03
-1.351059e+03
-36833
3.581642e+04
8.607817e+03
-2.022900e+04
3.215433e+03
-1.304193e+04
1.232780e+04
3.590647e+02
-2.372891e+04
-1.135314e+03
-3.526637e+03
-1.597593e+03
-7.861569e+03
3.422010e+02
1.778487e+04
2.546750e+03
2.237550e+03
3.841422e+03
4.413241e+03
1.152324e+03
8.531682e+03
-2.065629e+03
4.177693e+03
-1.180981e+03
-5.251232e+03
2.231426e+03
3.176677e+03
6.932913e+03
2.142101e+03
-5.658148e+03
-4.364914e+03
2.595767e+03
-1.893980e+03
3.736593e+03
4.218383e+02
3.207045e+03
1.022973e+03
5.453101e+03
-4.733429e+03
3.599727e+03
2.607052e+03
2.390808e+03
-2.853995e+03
-1.905514e+03
-1.544721e+03
2.905519e+02
-6.721898e+02
-1.433992e+03
-2.413780e+03
-7.387906e+02
-1.055660e+03
2.601599e+02
8.112874e+02
-3.617558e+02
3.661807e+03
3.847278e+02
-1.215438e+03
-9.410936e+02
-5.929555e+02
-7.924189e+01
1.252428e+02
-6.280342e+02
1.284571e+03
1.219599e+03
-1.082513e+03
4.931729e+02
3.575938e+02
-1.097134e+02
3.656744e+02
-2.763827e+02
-5.174418e+01
-2.326591e+02
-1.407674e+02
-1.544666e+03
3.218309e+02
-3.544107e+02
6.175876e+02
5.968446e+02
1.054912e+03
1.320782e+03
-1.844556e+02
8.373363e+02
-4.540584e+01
6.617860e+02
-3.277431e+02
-3.101377e+02
-7.378671e+02
-4.793310e+02
-1.498363e+02
3.982610e+02
1.272244e+02
4.065259e+02
-7.776487e+02
3.994028e+02
6.540553e+02
-3.210786e+02
-1.398982e+02
-2.430478e+02
-1.618023e+02
2.385441e+02
2.075815e+02
4.932211e+02
6.809413e+01
-6.174173e+01
-2.455696e+02
1.254179e+01
1.770742e+02
-5.813466e+01
-1.754440e+01
1.829853e+02
-5.782700e+01
-7.929104e+01
1.017478e+01
-8.455651e+01
-6.776550e+01
2.360852e+02
9.992958e+01
-1.271674e+02
-9.267970e+01
3.427272e+02
1.906468e+02
1.046251e+02
1.568380e+02
1.631137e+02
-1.199049e+02
6.373314e+01
1.062086e+02
2.713767e+02
5.365459e+01
-2.249838e+02
4.653324e+01
-7.006976e+01
1.393789e+02
-1.417891e+02
4.575983e+01
-4.502697e+01
1.678656e+01
9.228233e+01
-7.801841e+01
8.401939e+01
1.349799e+02
-1.719845e+01
3.617097e+00
7.226086e+01
-8.959897e+01
-3.651667e+00
4.392061e+01
3.756438e+01
-9.666274e+00
5.984927e+00
6.059415e+01
1.050011e+02
-4.900552e+01
1.489244e+01
5.294311e+01
1.234832e+01
3.893578e+01
1.339016e+01
-5.445008e+01
3.339581e+00
8.316158e+00
1.303128e+01
4.674836e+00
6.517409e+01
-1.224399e+01
3.888614e+00
-4.035048e+01
-5.762196e+01
-8.647363e+00
3.061813e+01
2.502075e+01
-4.657932e+01
-1.155791e+01
-2.958073e+01
4.334411e+01
3.570260e+01
-1.309007e+00
3.566195e-01
-6.168678e-01
-3.630858e-01
-1.646187e-01
-4.185781e-01
-3.592846e-01
-3.753200e-01
-3.495686e-02
-4.129969e-01
1.935268e-01
-4.696538e-01
-3.405462e-02
4.828830e-03
8.914308e-02
2.241001e-01
-2.277394e-02
-9.537111e-02
-9.842876e-02
-9.693219e-02
-5.601167e-02
-4.727287e-03
2.021700e-02
-2.334031e-01
1.352576e-02
-1.119989e-01
9.615318e-02
-6.813419e-02
9.904446e-03
