-1.172821e-01
7.996059e-01
-8.383413e-02
5.233778e+01
1.826333e+02
-2.155592e+01
3.446401e-04
9.663628e+03
-2.277512e+05
-1.251694e+05
-1.333712e+04
-1.104024e+04
2.314677e+05
-6.529287e+04
-2.586476e+04
-8.219277e+04
-2.422203e+04
3.518175e+04
1.570762e+05
-4.357261e+04
-4.465710e+04
-9.991224e+04
4.232164e+04
5.130885e+03
-2.687192e+04
3.136462e+03
2.600883e+04
4.104517e+03
3.668477e+04
-2.515833e+04
-3.913391e+04
-1.879222e+04
-2.564643e+04
-6.480363e+03
-4.700099e+04
-2.285740e+04
-3.200746e+04
3.213298e+04
-9.967809e+03
3.587566e+04
-8.980248e+03
1.403253e+04
-5.485829e+03
-1.122023e+04
2.967492e+04
-3.872475e+03
-2.624500e+03
1.527914e+04
-2.257928e+04
5.081322e+03
8.837059e+03
-2.425552e+03
-1.717145e+03
-1.586658e+03
4.278675e+03
4.725615e+03
-3.921084e+03
6.886657e+03
1.286080e+03
6.030582e+03
-5.951751e+03
8.537409e+03
7.647999e+03
1.457121e+03
9.268260e+01
1.883445e+03
9.020514e+02
9.701937e+02
-4.364243e+03
6.280765e+03
2.510573e+03
5.262070e+02
-2.423881e+03
-4.688405e+02
-2.662235e+03
-4.370210e+03
-2.120947e+03
1.323469e+03
-2.003024e+03
4.243202e+02
-2.564353e+03
-2.086298e+03
2.234955e+02
2.260374e+03
4.493955e+00
1.522560e+03
3.069406e+03
8.959373e+01
-6.655419e+02
7.290312e+02
-1.313643e+02
-2.670923e+02
2.031082e+03
-4.882005e+02
5.988401e+02
8.754888e+02
1.556421e+03
-2.217486e+03
6.516725e+02
5.857087e+02
-9.126842e+02
1.358657e+02
1.624763e+03
-4.270459e+02
-5.841517e+02
-3.125183e+02
1.304349e+03
5.375176e+02
1.270235e+03
-1.875568e+02
9.171908e+02
8.826736e+02
-9.571932e+02
3.128989e+02
-2.013051e+02
6.918533e+01
-3.220452e+02
3.623443e+02
3.265819e+02
5.308423e+02
2.222265e+02
5.249543e+02
4.413623e+02
1.720840e+02
6.733502e+02
-3.371806e+02
3.853047e+02
-5.452154e+01
8.749494e+01
-4.957188e+02
-3.839237e+01
2.990785e+02
-1.037214e+02
-2.361309e+01
2.641522e+02
-4.608263e+02
3.177206e+02
6.254894e+01
2.859971e+02
-2.937265e+02
2.006710e+02
4.470127e+02
-2.580221e+02
2.502575e+02
-1.193200e+01
1.429986e+02
1.886804e+02
-3.850405e+02
2.557138e+02
5.702827e+01
1.121879e+02
-1.128307e+02
-7.310298e+01
-5.557056e+01
-6.160641e+01
-7.790559e+01
1.037122e+02
-2.971762e+02
-8.189075e+01
-1.208324e+02
-1.032982e+01
1.635684e+01
-5.691856e+01
5.458694e+01
8.581913e+01
-2.412789e+01
-9.096013e+01
1.966042e+02
-1.818300e+02
3.679600e+00
-5.972602e+01
8.714841e+01
7.768753e+01
2.967392e+01
-9.777496e+01
-1.176065e+02
3.453867e+01
-1.931782e+00
-1.177526e+02
-3.944040e+01
1.179789e+01
1.071646e+02
-9.191109e+01
-2.765323e+01
3.030175e+01
-3.002624e+01
9.177555e+01
5.080003e+01
-5.552076e+01
-7.127941e+01
6.637533e+01
8.373179e+01
-4.780242e+01
5.663096e+01
3.055786e+01
6.778049e+01
-4.218188e+01
-4.992637e+01
-3.459248e+01
-5.918147e+01
9.388638e+00
-4.397121e+01
3.612008e+00
2.310374e+01
5.231617e+01
9.503602e+00
-1.300042e+00
7.967321e-01
-7.554310e-01
5.852605e-01
7.188424e-02
3.680430e-02
-4.599066e-03
-1.361618e-01
-4.976042e-02
-4.952979e-02
-4.658177e-02
-4.422802e-01
-2.703312e-02
5.714286e-02
4.344763e-02
-2.409290e-01
-7.981647e-02
-6.868686e-03
-2.380596e-02
-8.773020e-02
2.358586e-01
1.191812e-01
-1.552125e-01
-8.855142e-02
1.225660e-01
7.121463e-02
-1.583112e-01
-4.952155e-02
9.240500e-02
