-2.107427e-01
-5.573438e-01
1.234578e-01
4.920889e+01
1.960972e+02
-2.314060e+01
3.576786e-04
-9.369002e+04
-2.697322e+05
2.541523e+05
1.047646e+05
5.387940e+04
1.677360e+05
-8.028177e+04
3.925005e+04
-1.104460e+05
8.220710e+03
-2.108065e+04
1.964493e+04
-2.809806e+04
-1.812361e+04
6.694250e+03
-5.475486e+04
1.426680e+03
-7.228348e+03
1.097036e+03
-7.780923e+04
-2.048372e+04
-5.595307e+03
-3.426908e+03
-4.113319e+04
1.713073e+04
-1.050555e+04
-2.632694e+04
1.823765e+04
1.213700e+03
-9.574930e+03
-1.872944e+03
1.191093e+04
-6.428075e+03
1.339231e+04
1.106513e+03
-1.726735e+04
-1.328681e+03
1.786813e+04
7.205844e+03
3.370849e+02
1.327896e+04
-1.538050e+04
8.394006e+02
1.671203e+04
-6.257908e+02
5.413677e+03
-1.015322e+03
5.800142e+02
1.127965e+03
4.464228e+03
-2.218528e+02
-1.571100e+03
-7.237446e+03
7.620502e+01
2.747180e+03
-8.354581e+02
-4.629013e+03
-1.188535e+03
5.273285e+03
5.548951e+03
-4.702084e+02
-5.645073e+03
4.686071e+03
2.908859e+03
-1.082151e+02
-1.246940e+03
2.531910e+03
9.153345e+02
2.406418e+03
4.246099e+03
2.310999e+03
-3.788461e+03
-5.004770e+02
1.696261e+02
1.365609e+03
-8.068206e+02
2.548497e+03
1.227280e+03
4.121958e+03
-6.541377e+02
6.199216e+02
-8.532933e+02
-1.421817e+03
-2.992814e+02
6.371188e+02
2.638667e+03
1.985068e+03
-1.582623e+03
3.719073e+02
1.626869e+03
8.908586e+02
5.894633e+02
5.770178e+02
-1.355668e+03
-5.994548e+02
-2.128904e+02
-1.265688e+03
6.343001e+02
1.857693e+01
1.111336e+03
1.214811e+02
4.912693e+02
1.321583e+03
5.380860e+01
1.707419e+03
-1.887451e+02
1.259922e+03
-4.142818e+02
-3.590330e+02
-1.165330e+02
-1.872472e+02
-4.012376e+02
4.370148e+02
-1.965314e+02
1.042647e+02
-2.635836e+02
6.692744e+02
7.079959e+01
-1.680270e+02
3.137472e+01
5.357725e+02
-1.208894e+01
-3.509974e+02
7.196326e+01
2.290545e+02
2.232086e+02
1.434902e+02
-2.247297e+02
4.072445e+01
3.442404e+02
-8.544093e+01
1.721658e+02
5.470798e+01
7.629526e+01
1.436001e+02
-5.660424e+01
2.675947e+02
-1.087281e+02
9.446081e+00
2.624976e-01
-1.209791e+01
1.412618e+02
2.630791e+02
1.923522e+01
5.742037e+01
-8.859654e-01
1.073889e+02
-3.428130e+02
-2.817331e+01
2.966224e+01
1.562522e+02
-2.601601e+02
-1.787115e+02
1.846395e+02
9.851312e-01
1.105406e+02
-8.045315e-01
6.075724e+01
-1.051504e+02
5.168605e+01
1.025533e+02
-5.758971e+01
1.118890e+02
8.646120e+01
4.445862e+01
9.919266e+00
2.970833e+01
5.511079e+01
-4.923602e+01
-3.194508e+01
-2.543509e+01
-7.249696e+01
1.046192e+01
8.132940e+00
8.739047e+01
1.583135e+01
-1.383785e+01
1.934209e+01
5.225293e+01
7.203526e+01
1.370558e+01
-5.554761e+01
4.267516e+01
5.742770e+01
7.727581e+01
-4.309543e+01
2.995195e+01
6.457740e+01
-1.399895e+01
-4.580697e+01
-5.199756e+01
-6.065121e+00
-1.504778e+01
8.010869e+00
-8.452458e+01
5.572351e+00
-1.840693e+01
3.728927e+01
1.115366e+01
-1.190412e+00
2.267600e+00
-2.233438e-01
5.512840e-01
1.721989e-01
-9.613457e-02
-1.449580e-01
-5.185242e-01
-1.315988e-01
-4.401210e-01
-3.210585e-01
-5.325269e-01
9.886918e-02
1.526444e-01
-2.137058e-02
-5.137323e-02
-1.200338e-03
8.927933e-03
8.202041e-02
-1.622527e-01
2.067053e-01
-4.400530e-03
-2.325827e-03
2.472966e-02
4.985341e-02
3.136129e-02
4.129968e-02
-3.743276e-02
-3.794707e-02
