1.461297e-01
9.722919e-01
5.172683e-02
4.835556e+01
1.594349e+02
-1.750977e+01
3.213182e-04
1.332199e+05
2.843522e+04
-1.218619e+05
5.045847e+05
-1.016246e+05
7.764246e+04
-1.052217e+05
3.903510e+04
1.023581e+05
1.326039e+05
-8.385419e+03
-2.812846e+04
2.027244e+04
-1.038232e+05
7.555389e+03
1.101114e+05
-5.538956e+04
3.432568e+04
-7.713655e+03
2.808180e+04
-2.277450e+04
-3.762736e+04
2.367221e+04
-3.558144e+04
-1.777606e+04
2.745582e+04
-2.301243e+04
3.253173e+04
1.055989e+04
9.273813e+03
1.535629e+04
-1.197658e+04
-1.035989e+04
-1.118140e+04
1.920914e+04
-1.021290e+04
1.831395e+04
1.023438e+04
-2.156314e+04
-2.146638e+03
8.660683e+03
1.741401e+04
5.233712e+02
-2.091984e+03
-7.073126e+03
-6.456501e+03
7.115482e+03
-3.547722e+03
-3.012370e+03
-3.415583e+03
2.513200e+03
-1.751149e+03
-7.285630e+03
4.778286e+03
-8.187418e+03
-5.507473e+02
-6.531207e+03
4.872730e+03
4.863048e+03
8.169207e+02
-7.229478e+03
-4.762797e+03
1.675755e+03
3.832054e+03
6.716141e+02
-5.005563e+03
-2.828441e+02
8.392592e+02
2.919110e+03
3.685132e+01
3.078197e+03
-3.701136e+03
-1.594536e+03
2.711632e+03
-2.203878e+03
5.801522e+02
-1.781448e+03
2.847542e+03
1.157923e+03
-1.745978e+03
3.233483e+02
-1.271781e+03
-2.152469e+02
-1.400138e+03
-2.078020e+03
-1.366177e+02
1.097509e+03
-2.396785e+03
4.086826e+02
-3.471727e+02
1.328759e+03
-8.709450e+02
1.194935e+03
-2.749632e+02
-2.318722e+02
1.792928e+02
4.374681e+01
1.626701e+02
-3.599713e+02
4.893059e+02
-5.273289e+02
-6.311920e+02
3.015784e+02
-7.810922e+02
4.696229e+02
-1.296942e+02
7.453120e+02
-5.481203e+02
-3.713765e+02
9.062956e+01
9.996128e+01
4.242714e+01
1.650342e+02
-6.499757e+02
-1.037432e+03
-3.238060e+02
5.680039e+02
-4.359391e+02
2.371253e+01
3.215365e+02
4.726886e+02
-1.557405e+01
2.674465e+02
4.684596e+02
4.299902e+02
9.026186e+02
4.997210e+02
2.185917e+02
2.869963e+02
2.746312e+02
-1.722968e+02
1.263167e+01
1.620844e+02
9.804041e+01
-8.949136e+01
1.306433e+02
-9.249602e+01
3.509196e+02
1.867496e+01
-1.986417e+02
-3.339554e+02
3.241773e+02
-1.519154e+02
4.466273e+01
-2.557499e+01
3.158157e+02
1.785446e+02
-2.972164e+02
-1.783067e+02
3.410980e+02
1.290042e+02
-2.224675e+02
2.152524e+01
1.686493e+02
9.821726e+01
7.933656e+01
1.410664e+02
2.002075e+02
-1.734128e+02
-4.620890e+01
-8.608990e+01
9.644653e+01
6.634544e+01
-3.793948e+01
1.209393e+02
-1.058181e+02
-4.092955e+01
5.505980e+01
-7.807513e+01
6.655872e+01
-3.087110e+01
1.893008e+01
6.306083e+01
-8.623289e+00
-7.449390e+01
7.929887e+01
4.843233e+01
4.909801e+01
-1.099138e+02
-1.113257e+02
-6.701328e+01
5.651218e+01
2.202613e+01
1.040971e+01
-1.957609e+01
-1.931060e-01
7.495301e+01
5.364915e+01
-5.789539e+01
3.630722e+01
-7.337697e+00
1.477168e+01
-1.302475e+00
2.203613e+01
4.076209e+01
2.243397e+01
1.279174e+01
1.896137e+01
1.080676e+01
1.593609e+00
-1.137540e-01
-1.265850e-01
1.675360e-01
-1.876355e-01
-1.227184e-02
8.123370e-01
3.760989e-02
5.923542e-02
-1.759835e-01
-5.132401e-01
-3.408028e-01
-5.293459e-02
3.457562e-01
-4.964550e-01
1.099108e-01
7.315471e-02
8.911034e-02
9.175170e-02
-2.895767e-01
-7.440906e-02
-9.280928e-03
-1.035912e-01
8.922149e-02
-3.511107e-01
-3.129587e-02
-1.024885e-02
-1.548162e-01
3.471709e-02
