-1.270663e-01
5.554760e-01
-5.105589e-02
4.465778e+01
1.778397e+02
-2.157959e+01
3.244480e-04
-1.491962e+05
8.067512e+04
1.122856e+05
3.994956e+05
7.007370e+04
-5.075143e+04
-2.447138e+05
1.515470e+05
-3.962695e+04
2.187340e+05
9.112702e+04
1.907585e+05
-2.038190e+05
-1.246937e+05
-3.269860e+04
9.292034e+04
-3.021351e+04
-6.477892e+04
-3.737141e+04
7.531565e+04
-4.197593e+04
6.354435e+03
7.344416e+04
-8.017871e+04
-6.748562e+04
4.578290e+04
-2.673018e+04
-3.252124e+04
6.471253e+03
2.143440e+04
2.574557e+04
-2.039732e+04
-4.329390e+04
-1.842060e+03
-7.514593e+03
-7.209947e+03
1.876817e+04
1.092886e+04
-2.294354e+04
-4.903977e+03
1.223579e+04
1.888605e+04
-1.501042e+04
9.098847e+03
-2.100749e+04
-3.165802e+02
1.077226e+04
-1.413291e+04
-1.030294e+03
-1.322423e+03
1.287783e+04
-7.449453e+03
-6.298745e+03
-1.936856e+03
-3.967418e+03
-5.572831e+03
-1.274080e+03
3.429151e+02
6.984177e+03
-1.646188e+03
3.311085e+03
-9.305186e+03
4.091572e+03
9.544784e+03
8.720420e+03
-3.784782e+03
-7.910068e+02
-5.196267e+03
1.587234e+03
1.490103e+03
2.635837e+03
-6.253603e+03
-2.948547e+03
3.509872e+03
-1.897399e+03
-4.812249e+03
-1.702328e+03
2.949107e+03
3.099170e+03
1.640598e+02
-1.279983e+03
-1.543508e+03
-8.866169e+02
7.832029e+01
-5.153037e+03
1.904330e+02
1.975580e+03
-1.654089e+03
1.973056e+03
1.329367e+03
1.024781e+03
-1.097371e+03
8.510860e+02
-8.503062e+02
-3.661715e+02
4.045153e+02
5.236758e+02
2.919603e+02
-1.503914e+03
1.274854e+03
-5.894046e+02
1.062015e+02
3.877066e+02
-1.492156e+03
1.355245e+03
5.643082e+02
4.678419e+02
-7.413685e+02
3.893936e+02
-8.303455e+02
9.760114e+02
-1.047424e+03
9.361606e+01
-1.122778e+03
-1.604033e+03
-5.414719e+02
3.053776e+02
4.336786e+02
6.791031e+01
1.163224e+02
5.986498e+02
-5.477292e+02
3.872397e+02
6.576599e+02
4.056839e+01
6.331558e+02
8.414769e+02
1.742880e+02
-1.998737e+02
3.995908e+02
2.559131e+02
2.798201e+02
1.455070e+01
1.691819e+02
-4.585996e+02
2.424253e+02
-3.783666e+02
4.391061e+02
2.016921e+02
-3.218929e+02
-2.333668e+02
3.195267e+02
-7.004927e+00
3.654671e+02
-1.904229e+02
1.787358e+02
4.098765e+02
-1.863781e+02
8.795483e+01
1.507541e+02
3.135888e+02
-3.047038e+02
-9.196334e+01
2.126468e+01
-8.862744e+01
3.616378e+01
5.352803e+01
8.776760e+01
-1.809077e+02
-1.189772e+02
-1.035924e+02
-5.249684e+00
3.231065e+01
-7.277821e+01
2.177277e+02
-4.847948e+01
-1.009328e+02
-4.956182e+01
-1.700058e+01
1.373668e+02
-1.206240e+02
-1.052394e+02
-3.100852e+00
5.477744e+01
-1.796059e+01
1.040566e+02
1.124510e+02
6.240007e+01
-4.147752e+01
1.041523e+01
2.069119e+01
-6.691299e+01
-4.102089e+01
-2.095487e+01
-1.306440e+00
8.142324e+01
1.124164e+02
4.744458e+01
-6.148959e+01
-4.250366e+01
-5.687811e+01
5.167205e+01
1.789100e+01
9.593558e+01
-8.005900e-01
-1.047443e+01
-9.078172e+01
4.551233e+01
1.285180e+01
1.419116e+00
-1.122257e+00
-1.273353e+00
-1.567584e+00
-2.683991e-01
1.673724e-01
-3.301042e-01
-1.356625e-01
-1.905743e-01
-6.032088e-01
-4.156280e-02
-6.992188e-01
4.620543e-02
1.756034e-01
-1.435116e-01
5.367777e-01
-4.029514e-03
2.373449e-01
6.329125e-02
-3.031050e-01
-7.199917e-02
-2.623787e-01
-2.875569e-01
-1.932608e-01
-3.957723e-01
1.109271e-01
-9.672904e-02
-1.613853e-01
2.319178e-01
