-9.212364e-02
-5.271785e-01
1.406014e-01
4.636444e+01
1.860397e+02
-2.782281e+01
3.597431e-04
3.061546e+04
-1.931993e+05
-2.737287e+05
-6.686335e+04
6.020504e+04
-9.553388e+04
1.843852e+05
-1.248150e+05
-6.176014e+04
-8.325314e+04
1.486049e+03
8.771572e+04
-1.912884e+04
3.594332e+04
3.378967e+04
-1.584238e+04
4.629677e+04
3.108955e+04
7.304382e+04
-2.818880e+04
-1.489610e+04
-1.717862e+04
-2.856821e+03
1.055988e+04
-2.480197e+04
-2.718323e+04
-2.270635e+04
8.310902e+03
3.046521e+03
-2.191189e+04
-1.316239e+04
3.038165e+04
2.344657e+03
6.626278e+03
-9.763610e+03
-1.332255e+04
-2.504333e+03
-1.649831e+04
1.794428e+03
1.900101e+04
6.218603e+03
2.379284e+03
5.766874e+03
5.066643e+03
-4.830896e+03
-4.894068e+01
-1.763890e+03
-1.218448e+03
8.307038e+02
5.819940e+03
4.280813e+03
3.811303e+03
-9.082110e+03
-2.845585e+03
2.067141e+03
-1.723244e+03
-2.104242e+03
5.785179e+02
5.768678e+03
1.501797e+03
-1.813084e+03
-4.303438e+03
4.304766e+03
-4.050260e+03
-3.018426e+03
-2.959440e+03
4.665877e+03
1.821115e+03
5.052324e+02
7.061679e+02
3.514746e+03
-3.427037e+03
-1.330174e+03
2.111024e+03
-5.171456e+02
1.192149e+03
2.491299e+03
2.247672e+03
2.616732e+03
-1.272348e+03
-1.429090e+03
7.437320e+01
9.564882e+02
1.803505e+02
1.697925e+03
-1.615805e+03
1.274357e+03
-8.319258e+02
3.171800e+02
6.440780e+02
4.680724e+01
-8.628740e+02
-7.340944e+02
-2.829521e+01
2.940315e+02
1.840092e+03
4.815304e+02
-1.909530e+02
-1.121825e+03
1.709526e+03
1.981412e+02
-9.456877e+01
1.193179e+03
-1.087521e+02
-8.475433e+02
-1.910999e+02
7.155549e+02
5.291873e+02
7.457683e+02
-2.505365e+02
-3.983372e+02
-5.869107e+02
5.686190e+02
7.041957e+02
1.009762e+02
1.064968e+02
-3.174609e+02
-1.476625e+01
-1.069784e+02
5.440245e+01
1.301409e+02
-4.588212e+02
-6.090288e+02
4.220916e+02
4.213272e+02
-8.955654e+01
1.283299e+02
9.091762e+01
-2.291043e+01
-3.443298e+02
-2.572856e+02
-1.873262e+02
-3.636477e+02
-2.002188e+02
2.227886e+02
1.647617e+02
2.861391e+02
2.342155e+01
-1.487717e+02
2.296398e+01
-1.790069e+01
3.640664e+00
4.094868e+02
1.120054e+02
8.719941e+01
-1.697455e+02
-3.814336e+02
1.535860e+02
-4.473102e+01
-6.122770e+01
-1.373054e+02
7.731384e+01
-1.133673e+02
-8.533916e+01
-4.874545e+01
1.329770e+02
-4.772965e+01
-1.853455e+02
-5.831552e+01
-5.223517e+01
4.988951e+01
-6.496414e+01
-4.213679e+00
8.989752e+01
6.613978e+01
3.071214e+01
-2.510665e+01
1.092142e+02
-1.208935e+02
8.653043e+01
5.188187e+01
-7.245618e+01
6.859032e+01
-5.859772e+00
8.621599e+01
-2.535899e+01
-5.064679e+01
7.639121e+01
-7.182387e+00
5.051351e+01
8.428062e+01
-1.054682e+01
3.675340e+01
4.721242e+01
1.365899e+01
-4.753399e+01
2.681293e+01
3.098325e+01
1.178663e+01
2.161963e+01
1.554186e+01
-1.337953e+01
1.920844e+01
-3.564016e+00
-4.082423e+01
-1.617296e+01
1.544717e+01
2.244243e+01
4.211952e+00
-1.165890e+00
2.331035e+00
1.229306e-01
4.394292e-01
3.420145e-02
2.878613e-03
2.572590e-01
-6.056034e-02
3.972263e-02
-1.639145e-01
3.539611e-01
3.392808e-01
5.343190e-02
1.106996e-03
-5.779489e-02
-1.646994e-01
3.480875e-02
-3.491280e-02
-1.808956e-02
2.441371e-01
-7.694985e-03
7.009782e-02
6.266829e-02
9.512086e-03
2.374367e-01
6.288765e-02
-1.267917e-01
-4.596648e-02
-2.570016e-02
