-1.826268e-01
1.416548e+00
-1.068346e-01
5.745778e+01
1.820708e+02
-1.115130e+01
3.562739e-04
-1.500029e+05
3.697428e+04
2.861123e+05
-1.745512e+05
1.135088e+05
1.225567e+05
-6.223600e+04
1.268664e+05
-1.302717e+05
7.951154e+03
-4.266941e+04
1.804312e+04
7.403458e+04
-1.564897e+04
3.449984e+04
-4.248695e+04
3.961208e+04
-6.935997e+03
-7.910606e+04
-3.808606e+04
1.512358e+04
3.718793e+03
-1.370428e+04
1.058359e+03
-2.361206e+03
-1.221875e+04
-2.396274e+02
9.918254e+03
-5.062314e+03
8.908581e+03
1.273638e+04
1.198551e+04
1.478642e+04
1.876141e+04
-1.681154e+04
-7.215932e+03
-1.978379e+04
1.206514e+04
1.249347e+04
4.890324e+03
1.400281e+04
-8.512223e+03
-5.025755e+03
1.602491e+04
7.867411e+03
7.009689e+03
3.631619e+03
3.518777e+03
4.792165e+03
2.445155e+03
6.692446e+03
-6.213192e+03
-3.888537e+03
-5.505335e+03
-1.371426e+02
-2.015810e+03
2.511244e+03
3.332968e+02
2.029757e+03
-2.055370e+03
5.189465e+03
6.195864e+02
1.284881e+03
-4.565836e+02
2.957958e+03
4.624575e+03
9.747241e+02
7.328539e+02
-1.072479e+03
3.094415e+03
-1.605715e+03
-3.872110e+03
-4.414171e+02
-2.426741e+03
-2.631202e+02
-2.173735e+03
9.253499e+02
9.342845e+02
1.121860e+03
-2.378349e+03
6.143670e+02
1.538201e+02
-1.548652e+03
1.355532e+03
-4.170547e+02
3.242217e+03
-3.698737e+02
3.466984e+02
-6.425911e+00
2.146548e+03
-2.500718e+02
-3.336475e+02
7.825686e+00
-1.079440e+03
-1.108252e+03
3.463240e+02
-1.255535e+03
5.112524e+01
-6.283533e+02
2.218042e+02
9.219892e+02
1.529589e+03
1.628110e+03
8.166431e+02
3.955720e+02
-4.387255e+02
2.438290e+02
-2.858775e+02
-1.064308e+02
-6.883623e+01
-7.385729e+02
-8.429501e+02
6.379000e+02
4.740683e+02
4.172820e+02
-2.567586e+02
7.425483e+02
-2.451142e+02
-4.208938e+02
-1.244507e+01
2.804561e+02
1.814776e+02
2.512764e+01
-2.646150e+02
2.651759e+02
-4.660904e+02
6.065914e+01
2.395863e+02
-1.349238e+02
-6.176931e+01
-1.232252e+02
-2.221821e+02
-3.453282e+02
-1.969657e+02
1.777467e+02
-2.419309e+02
4.072275e+02
-1.387654e+02
9.369227e+01
-7.527745e+01
1.947379e+02
-1.256482e+02
-6.844471e+01
1.768058e+02
-5.984868e+01
-2.491161e+02
9.137991e+01
4.127899e+01
-4.558711e+01
-1.420288e+02
1.810698e+02
-4.098742e+01
-4.680751e+01
3.046084e+02
-1.591142e+02
-1.079383e+01
-3.531115e+01
-1.818033e+02
-1.275064e+02
-8.910938e+01
1.574963e+02
-2.069380e+02
-2.910202e+01
-1.711061e+01
5.869198e+01
8.159981e+01
8.335806e+01
-1.876522e+01
-1.563523e+02
2.536273e+01
2.345739e+01
-1.051102e+02
-2.216219e+01
1.424099e+01
4.770958e+01
-4.608764e+01
-7.390194e+00
-1.013372e+00
-4.735334e+01
7.732137e+01
6.381858e+01
-8.694892e+01
-7.726454e+00
4.890710e+01
7.546426e+01
5.855049e+00
6.922258e+00
3.638962e+01
-5.223372e+01
-6.399401e+00
1.528096e+01
-3.847810e+01
-1.415720e+01
1.759068e+01
-5.867062e+01
-2.505747e+01
4.522855e+00
1.829450e+00
-1.485983e+01
-6.870360e-01
-6.377751e-01
6.145015e-02
-9.990753e-01
2.038089e-01
-6.362090e-01
-3.135940e-01
3.298535e-01
6.639221e-02
4.464954e-03
3.575433e-01
-1.074877e-01
2.094251e-04
-6.534699e-02
2.702105e-01
1.904666e-01
-6.097363e-02
1.391360e-01
1.187631e-01
-5.129124e-02
1.412611e-01
-3.063012e-02
6.068699e-02
-1.667342e-01
4.064117e-02
-7.271824e-03
5.378185e-02
5.843465e-02
5.896848e-02
