-6.023145e-02
-1.502428e+00
-2.723902e-01
5.774222e+01
1.851786e+02
-7.453584e+00
3.590125e-04
-5.031548e+04
-5.283402e+05
9.814147e+04
1.112693e+05
3.999829e+04
-1.463617e+05
1.288104e+05
-7.527284e+04
-7.065287e+04
5.696092e+04
-2.196208e+05
-1.925444e+04
-4.669134e+04
3.186717e+04
-7.639549e+04
-7.962772e+04
-4.907715e+04
-2.233713e+04
-2.401076e+04
-7.850755e+04
-1.171056e+03
-2.451253e+03
3.354856e+04
-1.131179e+05
-3.072418e+04
1.053409e+04
-4.276346e+04
2.719473e+04
1.504200e+04
2.314232e+04
2.432716e+04
9.612796e+03
5.188724e+03
1.309523e+04
2.368307e+02
-2.946492e+04
-7.508412e+03
6.464840e+03
1.154928e+04
-4.682952e+03
6.511892e+03
-1.100341e+04
6.293032e+01
1.273902e+04
3.221415e+03
-2.703279e+03
-4.439609e+03
-8.663323e+03
4.023857e+03
2.893223e+03
1.054853e+04
-2.463030e+02
-1.662799e+04
-4.908396e+03
1.833373e+03
-6.658241e+03
-1.157179e+03
2.172220e+03
3.460083e+03
3.702023e+03
2.040096e+03
-4.924163e+03
6.372600e+03
-8.561394e+01
-4.202769e+03
-4.318758e+03
8.167183e+02
2.389304e+03
2.666568e+03
2.778450e+03
5.440129e+03
-2.514208e+03
2.515448e+03
9.851708e+02
8.671467e+02
1.528931e+03
-5.281134e+01
3.531539e+03
3.280333e+03
-1.118659e+02
-4.846914e+02
2.619583e+02
-1.626621e+03
6.619066e+02
-2.809502e+02
2.449659e+03
1.807276e+03
-1.421688e+03
1.180811e+03
4.928110e+02
-1.524910e+02
5.289205e+02
-7.198428e+02
7.819087e+02
6.292581e+02
-6.234175e+02
-2.792254e+03
1.299291e+02
8.187293e+02
2.123078e+03
2.350564e+02
5.556123e+02
2.003810e+03
-7.654188e+02
1.746698e+03
6.039645e+02
1.812104e+03
-1.574943e+02
-1.293766e+01
-1.182712e+01
-6.375607e+02
-2.666524e+02
-2.139353e+02
-1.481862e+02
-5.067449e+02
-3.200218e+02
4.913933e+02
8.555938e+02
-7.196650e+02
-1.098401e+02
1.264539e+02
-4.805194e+02
-3.728970e+02
9.137446e+02
6.086533e+02
-1.135460e+02
-1.510340e+02
-4.075007e+02
3.094948e+02
3.329709e+02
-1.875774e+02
1.176093e+02
3.103978e+02
-1.479542e+02
2.612616e+02
9.811668e+01
1.119576e+02
-1.878222e+02
2.355686e+01
3.664828e+02
-1.628030e+02
-4.040208e+01
4.660723e+02
-1.225083e+02
2.151922e+02
3.144952e+02
2.076500e+02
-3.994243e+02
-2.418895e+02
9.970164e+01
2.901096e+02
-2.732437e+02
-4.421232e+02
8.282902e+00
-4.353286e+01
3.129064e+02
-2.422330e+02
7.353000e+01
-1.159396e+02
7.520853e+01
2.620183e+01
8.556130e+01
3.219082e+02
1.547723e+02
-3.256104e+01
1.995838e+00
1.862258e+02
2.076619e+02
-2.221059e+01
-1.930651e+01
2.979962e+01
-3.959492e+01
-4.136519e-01
-6.870788e+01
1.988321e+02
2.107160e+01
-3.394030e+01
9.245913e+01
2.739496e+01
9.516071e+01
-2.359258e+01
-2.574117e+01
8.191302e+01
4.890458e+01
7.428699e+01
-6.325431e+01
6.274879e+01
-9.110932e+00
6.378779e+00
-3.890162e+01
-1.094269e+02
-1.777909e+01
1.733988e+01
-5.917998e+00
-9.583717e+01
-1.424555e+01
2.008805e+01
6.128030e+01
3.603601e+01
-2.380301e+00
4.028312e+00
-6.341381e-01
1.409705e+00
-7.000630e-02
-3.505509e-01
3.310105e-01
-7.738439e-01
6.778430e-02
-7.279573e-01
-3.840124e-01
-4.961562e-01
-3.554826e-02
6.708015e-02
-2.751715e-02
-1.250133e-01
-4.269562e-02
4.894543e-02
2.176648e-02
8.939614e-02
2.351134e-01
1.818180e-02
1.453418e-01
-1.676758e-01
2.343548e-01
2.731323e-02
4.019831e-02
-1.763792e-01
-1.015680e-01
