-1.193030e-01
9.133943e-01
8.570755e-02
5.205333e+01
1.857926e+02
-2.156039e+01
3.421276e-04
4.791228e+03
-5.894577e+04
-6.278331e+05
1.573492e+05
164859
4.822550e+05
5.755427e+04
-2.413223e+05
-2.456541e+05
-5.711525e+04
-1.223559e+04
2.016943e+05
-3.029732e+04
-4.502652e+04
-1.676315e+04
-1.548960e+04
1.085298e+05
3.946622e+03
6.176259e+04
-6.394467e+04
9.452650e+04
-3.646174e+04
-3.130138e+04
-3.365861e+03
2.523346e+04
-1.293435e+04
-2.171648e+04
-7.225334e+04
-3.310434e+04
-3.401388e+04
2.991667e+04
3.318418e+04
3.724559e+04
-4.999330e+04
-2.910643e+03
1.628723e+04
-2.144700e+03
2.320413e+04
1.675158e+04
9.571869e+03
1.315555e+04
-2.783485e+04
-5.832630e+03
6.472972e+03
5.807116e+03
1.122855e+04
-3.887708e+03
8.844518e+03
6.290226e+03
6.286415e+03
6.652069e+03
-9.824307e+00
8.332652e+03
3.217092e+03
1.131141e+04
6.196942e+03
3.566999e+03
-6.015344e+02
5.322544e+03
2.087289e+03
-2.382913e+03
-1.140471e+03
6.456300e+03
-2.161273e+02
-4.372101e+03
9.470775e+02
5.322559e+03
-2.732637e+03
-4.895350e+03
-7.779091e+02
1.250886e+02
-6.082809e+03
-1.144676e+02
-2.700660e+03
2.793782e+03
-2.839628e+02
3.960495e+03
-8.103560e+02
-1.682403e+02
-1.442595e+03
2.207410e+03
5.005857e+00
1.288249e+02
3.891363e+02
1.445149e+03
1.545724e+03
-2.050777e+03
-1.113639e+02
-1.022098e+03
2.392257e+03
9.490647e+02
1.714951e+03
1.295850e+03
-1.166722e+03
7.182662e+02
9.073694e+02
-6.726531e+02
-1.272040e+02
-3.476350e+02
-1.144423e+02
1.261496e+03
9.134847e+02
1.301994e+03
-4.899230e+01
3.661282e+02
-7.575480e+02
6.622990e+01
9.378571e+02
1.289557e+03
1.259575e+03
-9.040877e+01
3.463537e+02
5.990019e+02
4.663106e+02
1.462319e+03
1.899065e+02
-6.738339e+01
-3.833890e+02
-3.604908e+02
4.736779e+02
4.473885e+02
1.724261e+02
2.389280e+02
-1.079096e+02
2.440701e+02
-2.052835e+02
-2.524065e+02
2.664231e+02
-4.557447e+02
2.200983e+02
-3.075246e+01
6.232200e+02
-6.404421e+02
1.573760e+01
7.691763e+02
-2.025972e+02
9.298303e+02
-1.293920e+02
7.921132e+01
1.612571e+02
1.561214e+02
2.542958e+02
6.073118e+00
-2.474292e+02
-2.143038e+01
-3.854249e+02
-2.165713e+02
-3.037406e+02
-7.806499e+01
1.329639e+02
-2.855132e+02
1.078219e+02
-2.420515e+02
-1.504854e+02
1.901039e+02
-8.219816e+01
-2.259290e+01
-6.045507e+01
-1.122002e+02
-5.605452e+01
4.229108e+02
-1.601049e+02
-9.206218e+01
-7.378554e+01
-6.714771e+01
2.424093e+01
3.567123e+01
-7.563689e+01
-1.735377e+02
-5.667173e+01
-9.751772e+01
-1.391257e+02
-1.274013e+01
-5.250228e+01
9.778292e+01
6.464419e+00
-1.600882e+01
-2.711716e+01
-1.241337e+01
8.129179e+01
-6.926531e+01
-8.938332e+01
-9.334673e+01
1.269564e+02
3.646910e+01
-9.898624e+01
7.160014e+01
6.125451e+01
2.792139e+01
1.723504e+01
-1.796545e+01
-6.831239e+01
-9.955817e+01
3.783865e+01
-7.822267e+01
3.746218e+01
8.124168e+01
2.848792e+01
3.005433e+01
-2.375983e+00
1.023178e+00
-8.993212e-01
2.591012e-01
1.971199e-01
2.034959e-01
1.847873e-01
-9.439968e-01
-2.667452e-01
-2.084824e-01
-1.427488e-01
-2.042652e-01
2.261264e-01
-2.635995e-02
-6.697679e-02
-1.488423e-02
-6.971147e-02
-6.481235e-02
-2.853620e-02
-1.015861e-01
1.304181e-01
7.292601e-02
6.814816e-02
-2.478478e-01
1.103125e-01
7.544269e-02
-1.276098e-01
1.436074e-01
1.597319e-02
