1.034081e-02
6.052619e-01
5.415357e-02
4.295111e+01
1.760379e+02
-2.288035e+01
3.216548e-04
-2.856838e+05
1.741979e+05
2.725365e+05
-4.607291e+05
6.917196e+04
6.421208e+04
-9.093287e+04
1.109367e+05
-2.064398e+05
-2.074629e+04
-1.024064e+05
3.526916e+04
7.941202e+03
1.239835e+04
6.398474e+04
-2.383598e+04
3.555093e+04
1.269468e+04
-1.239598e+04
-4.296270e+04
-2.641155e+04
9.647316e+02
-1.957794e+04
-1.313512e+04
-1.088996e+04
-7.062440e+03
-8.478859e+03
1.880145e+04
-1.527584e+04
-1.078148e+04
-7.439534e+03
8.544879e+02
2.675503e+02
1.363667e+04
-2.684822e+04
1.143878e+04
-8.377354e+03
-1.188270e+03
-1.136365e+02
1.864376e+04
5.559548e+03
-1.092305e+04
7.714401e+02
6.862990e+03
2.133043e+03
3.660194e+03
2.154848e+02
-1.653393e+03
-2.263708e+03
3.270940e+03
4.885228e+03
1.745373e+03
-8.842649e+03
-5.054786e+03
1.118112e+03
-2.178486e+03
6.021270e+02
-2.060538e+03
2.203289e+03
1.867806e+03
9.345029e+03
-2.102551e+03
2.133983e+02
-5.841564e+02
3.502317e+03
5.217310e+03
1.833167e+03
1.231246e+03
9.695003e+01
3.636552e+02
-2.056367e+03
-5.442244e+03
-3.171243e+02
-2.063583e+03
-1.373908e+03
-1.003581e+03
1.185508e+03
4.013586e+02
1.841641e+03
-2.758512e+03
8.156606e+02
-3.543223e+02
2.993806e+02
-1.309254e+02
1.590882e+03
1.067208e+03
1.304289e+03
-4.491881e+02
1.545861e+02
3.087222e+03
5.535457e+01
-4.993251e+02
1.707329e+02
-1.045878e+03
-7.359775e+02
-2.276892e+02
-1.042117e+03
2.685098e+02
-6.481001e+02
3.521979e+02
1.895362e+03
1.351581e+03
1.574189e+03
1.528553e+03
-3.604013e+00
-1.715838e+02
2.841257e+02
1.806013e+02
-3.226991e+02
-3.188117e+02
-6.121523e+02
-9.730544e+02
8.171989e+02
2.127831e+02
9.614543e+02
-4.374189e+02
2.444144e+02
3.455169e+01
-4.364131e+02
-1.071994e+02
2.844087e+02
-1.047276e+02
-2.612026e+02
-2.067256e+02
1.826107e+02
-3.581642e+02
3.059350e+00
-2.575516e+02
-2.780884e+02
-1.882861e+01
-2.873362e+02
-9.801649e+01
-5.727757e+01
-2.573455e+02
-7.621481e+01
3.479484e-01
3.427325e+02
-5.169307e+01
-3.846361e+01
-1.753819e+01
-3.270708e+01
-2.191751e+02
1.759838e+02
2.878763e+02
2.610849e+02
-3.788156e+02
-1.133762e+02
1.740742e+01
-8.139371e+01
-9.290479e+01
8.148797e+01
7.800280e+00
-7.229623e+00
2.154707e+02
-9.266885e+01
-1.210322e+02
-1.184372e+02
-2.355097e+02
-3.249681e+01
6.536860e+01
1.929944e+02
-2.560097e+02
-3.736462e+01
7.341856e+01
7.880534e+01
1.638011e+02
1.464941e+02
-9.740104e+00
-1.029327e+02
8.487727e+01
4.486041e+01
-3.740840e+01
4.477278e+01
1.158557e+02
-2.659472e+01
-3.861664e+01
-6.287560e+01
4.136872e+01
-2.309450e+00
7.644523e+01
1.206896e+02
-1.204323e+02
-2.197179e+01
3.093171e+01
5.771782e+01
8.718005e+00
-2.898931e+01
1.884054e+01
-1.626340e+01
-2.103913e+01
4.528584e+01
-3.327969e+01
1.785012e+01
5.866942e+00
-7.068484e+01
1.364619e+01
-3.846563e+01
-4.268109e+00
2.502349e+01
-2.267822e+00
-2.246190e+00
3.367326e-01
-5.295389e-01
-1.784548e-01
-6.712872e-01
-2.558930e-01
3.914075e-01
4.317842e-02
7.073604e-02
1.149246e+00
1.805671e-01
5.185305e-02
-7.195179e-02
4.347453e-01
1.254905e-01
-7.765052e-02
-8.641439e-03
-4.215974e-02
1.706363e-01
-2.717971e-02
8.189760e-02
-4.915696e-02
-1.319287e-01
3.885549e-01
3.826857e-02
4.867049e-03
1.261876e-01
-1.051845e-01
