-4.635929e-01
-3.307524e-01
8.331846e-02
5.233778e+01
2.098880e+02
-2.200377e+01
3.424661e-04
-3.087512e+05
-1.479296e+05
6.813667e+05
3.602787e+05
3.765113e+05
1.447166e+05
-1.071931e+05
-1.190589e+05
-1.556563e+05
9.704283e+04
5.176630e+04
3.692846e+04
3.603939e+04
-1.101488e+04
-2.788339e+04
-1.886920e+04
1.950664e+04
4.282052e+04
-1.089109e+05
-2.630557e+04
-5.037180e+03
1.589598e+04
3.038347e+04
-9.114198e+04
-9.400650e+03
2.310638e+04
-1.928503e+04
2.399063e+04
-8.092755e+03
3.595040e+03
1.103157e+04
-2.489572e+04
-2.563568e+03
2.571823e+04
-1.560843e+04
-1.705433e+03
-1.390630e+03
-1.906130e+03
-4.942358e+03
1.536942e+03
3.561328e+03
-7.191898e+03
8.550769e+03
2.204821e+04
-1.118020e+04
1.118334e+04
-7.104429e+03
-7.666639e+03
1.882071e+02
3.510704e+03
5.558530e+03
-5.146205e+03
-1.078634e+04
-5.724084e+03
4.024444e+03
1.556781e+02
-5.707183e+03
2.171481e+03
-1.380112e+03
3.982055e+03
1.237960e+04
-4.509040e+03
1.656041e+03
3.060147e+03
3.568122e+03
1.814940e+03
-2.089748e+02
1.112014e+03
7.569760e+02
4.922345e+03
-5.958688e+02
-5.194868e+03
8.926391e+00
-2.073089e+03
2.507114e+01
-2.463136e+03
2.454375e+03
4.214643e+01
2.333903e+03
-1.465449e+03
2.072962e+03
-9.440801e+02
1.394756e+03
2.621294e+02
1.591482e+02
2.808053e+03
1.858919e+03
2.915531e+02
1.684757e+02
3.511054e+03
4.141379e+02
-3.123823e+02
-2.967458e+02
-7.790126e+02
-4.696231e+02
-4.633540e+02
-1.451306e+03
2.052535e+03
-8.381272e+02
7.909601e+02
3.710136e+02
2.375780e+03
1.716085e+03
3.406340e+02
1.217927e+03
8.147062e+02
8.603486e+02
-2.292496e+02
-4.862674e+02
4.408612e+01
-1.121202e+02
-1.178217e+03
8.699971e+02
3.289422e+01
7.048470e+01
-5.844713e+02
8.044984e+02
2.463344e+02
-6.699851e+02
-4.733345e+01
1.962690e+02
7.139218e+01
-7.037176e+02
-8.723419e+00
-9.378718e+01
-7.652732e+00
-1.204878e+02
-2.883154e+02
-3.509342e+02
4.686500e+02
-1.068519e+02
7.317435e+01
1.719274e+02
5.262305e+01
-2.597394e+02
-1.399511e+02
4.307655e+02
-2.156291e+02
8.345351e+01
1.102834e+02
1.635354e+02
7.284598e+01
2.061910e+02
3.326825e+02
3.424521e+01
-2.949188e+02
-4.796660e+01
-1.402132e+02
1.660865e+02
-6.446859e+01
2.477352e+02
-3.258871e+02
-8.588424e+01
3.509809e+02
-2.040010e+02
-2.224449e+01
-3.927821e+01
-1.610653e+02
-8.070126e+01
6.624355e+01
1.230543e+02
-2.360674e+02
1.237464e+02
9.126402e+01
1.564066e+02
1.638881e+02
1.361943e+02
-8.583323e+01
-6.722118e+01
-5.164946e+00
-3.231859e+01
-7.922096e+01
-6.666784e+01
1.308727e+02
-1.183909e+01
-1.001398e+02
-2.615793e+01
-1.448328e+01
8.636047e+01
1.687280e+02
5.592618e+01
-1.474111e+02
2.102805e+01
-3.950760e+00
1.912747e+01
-3.253072e+01
3.851574e+01
6.659456e+01
-2.125237e+01
-6.742271e+01
-2.773226e+01
-6.549432e+01
6.926078e+01
1.781398e+01
-7.796597e+01
1.410777e+01
-6.271053e+01
3.247392e+01
1.039553e+01
-4.908527e-01
-8.619201e-01
-1.426839e-01
2.381634e-01
-5.052377e-02
-2.435945e-01
-8.865080e-01
-1.072674e-01
3.676594e-02
-3.986884e-02
3.014765e-01
-6.030099e-01
2.920671e-01
3.171274e-02
2.967404e-01
7.730548e-02
-4.891625e-02
-8.010804e-02
-6.626934e-02
-1.435083e-01
1.184808e-01
-1.085975e-01
-1.651946e-01
-2.015824e-01
1.121076e-01
9.325205e-02
-8.093897e-02
-4.741748e-02
-1.746087e-02
