-1.475647e-01
7.071022e-01
1.456055e-01
4.579556e+01
1.839406e+02
-2.190206e+01
3.337878e-04
-2.052302e+05
-2.252756e+05
-1.258491e+05
-1.005461e+05
6.539265e+04
-9.184891e+04
-1.079501e+04
3.416515e+04
-2.127746e+05
1.347671e+04
-6.280316e+04
1.221254e+05
3.052271e+04
-2.845568e+04
-8.450130e+04
1.533744e+04
2.818402e+04
-7.206466e+03
2.137750e+04
2.322558e+04
2.208888e+04
-4.871166e+03
-5.716622e+03
-4.351850e+04
1.721451e+04
-2.693432e+04
-2.955614e+04
-3.168397e+03
2.950939e+03
6.260466e+03
-2.330747e+03
-9.049730e+02
-2.920895e+03
-6.578578e+03
-1.463880e+04
-7.524385e+03
-7.897772e+03
2.340110e+04
-8.815824e+03
9.184131e+03
2.908268e+03
-8.391781e+03
-1.165945e+03
1.037188e+04
-3.185516e+03
2.320011e+03
-5.120734e+03
-3.824823e+03
8.302581e+03
6.001530e+03
1.363524e+04
3.930593e+03
-7.302520e+03
-2.932080e+03
5.230074e+03
-1.981166e+03
-1.261783e+03
-1.597291e+03
4.066136e+03
1.603393e+03
6.610692e+03
-5.330719e+03
2.937936e+03
7.248481e+02
1.251824e+03
1.856563e+02
-1.157023e+03
-1.681415e+03
-8.527960e+02
-1.101214e+03
-5.632905e+02
-4.433646e+03
4.135490e+02
-2.595119e+03
4.573640e+02
-7.820765e+02
1.452901e+03
3.212279e+03
2.354723e+02
-1.139348e+03
-1.005791e+03
-4.229908e+02
2.476119e+00
3.903036e+02
-1.947533e+01
1.731690e+03
1.023076e+03
-1.183610e+03
-6.401308e+01
1.484578e+03
1.691812e+02
-3.609685e+02
8.105602e+01
-4.605600e+02
-4.476562e+02
6.485567e+02
-1.326154e+03
5.963491e+02
-9.082441e+02
8.609352e+02
7.724175e+02
6.961982e+02
1.124920e+03
-1.574314e+02
1.249727e+03
-3.975630e+01
7.706852e+02
2.073979e+02
-7.345798e+00
6.317107e+01
-8.077955e+02
-3.377424e+02
2.237037e+02
2.301088e+02
3.679955e+02
-3.777832e+02
8.335841e+01
9.334479e+02
-5.752080e+02
1.694990e+02
-3.186757e+02
-1.013915e+02
-1.390147e+02
2.552265e+02
2.179751e+02
-3.127806e+02
1.990956e+02
-2.966611e+02
9.209087e+01
6.139836e+02
-2.320868e+02
1.637822e+02
4.115952e+01
-1.219941e+02
7.543570e+01
5.970710e+01
2.902089e+02
-7.235058e+01
1.340113e+02
2.036759e+02
-2.210554e+02
-1.271460e+02
1.664203e+02
2.837319e+02
2.202152e+02
2.138400e+02
-8.873181e+01
-3.891034e+01
6.740634e+01
1.615800e+01
1.629419e+02
5.458304e-01
-2.685543e+02
1.193290e+02
2.326481e+01
4.118216e+01
-1.652866e+01
-1.398051e+02
-5.645395e+01
-2.262787e+01
1.462921e+02
-2.176049e+02
1.000061e+02
8.795711e+01
2.403939e+01
1.531728e+02
9.593982e+01
-4.880679e+01
-6.111940e+01
3.301335e+01
1.888419e+01
-3.150077e+01
-1.389172e+01
-4.504516e+01
5.573205e+01
1.934646e+01
-1.671165e+01
8.648135e+01
-2.665229e+01
1.342914e+02
4.127315e+01
-1.481554e+02
-2.894474e+01
3.788924e+01
1.971265e+01
-5.947374e+01
5.783939e+01
-3.574672e+01
8.466856e+00
-2.744338e+01
8.257112e+00
-1.774386e+01
1.841494e+01
-9.463750e+00
-6.334135e+01
2.253498e+01
-2.245764e+01
3.491125e+01
3.798360e+01
-3.350520e+00
2.508899e+00
-7.270380e-01
4.067952e-01
3.120576e-01
-1.407619e-01
-3.091416e-01
-1.056495e+00
-1.502277e-01
-4.394653e-01
3.675617e-01
-4.051170e-01
-1.865762e-02
6.808046e-02
9.709397e-02
9.935841e-03
-1.011755e-02
-1.274890e-01
-4.281831e-02
-1.998463e-02
-1.641364e-01
2.031401e-01
-7.784925e-03
-1.592943e-01
7.555516e-02
3.789077e-02
-7.989263e-02
-7.464342e-02
3.227838e-02
