-4.349192e-01
1.241902e+00
-5.684915e-01
5.802667e+01
1.770914e+02
-1.304019e+01
3.408986e-04
4.274188e+03
8.738621e+04
-2.824892e+05
-1.976060e+04
4.697881e+04
4.151283e+04
1.451511e+04
-1.068767e+04
1.492982e+04
1.611530e+04
-4.630514e+04
1.300095e+05
3.164966e+04
-3.286291e+04
-2.197408e+04
2.068598e+04
1.398564e+04
2.735920e+04
3.911564e+04
1.642103e+04
-7.034763e+03
-3.487044e+03
-1.698410e+04
3.078079e+04
-1.382026e+04
-1.676676e+04
-1.112889e+04
-2.621019e+04
-1.064868e+04
-1.918663e+04
-1.506256e+04
8.206732e+03
2.514665e+03
-3.248380e+04
7.000710e+03
1.706490e+04
-2.257719e+03
6.868636e+03
-1.700393e+04
5.989198e+03
-1.278794e+03
-6.351307e+03
8.450566e+03
2.045284e+03
3.510936e+03
-7.092547e+03
7.966609e+03
6.515885e+03
-1.464223e+03
-3.253001e+03
3.081146e+03
3.367816e+03
-1.695703e+03
-3.453935e+03
4.077096e+01
8.461722e+02
-2.194038e+03
8.452412e+02
3.358885e+03
-1.274245e+03
-1.829448e+03
-1.556536e+03
6.918846e+02
1.952992e+03
-1.632811e+03
1.119035e+03
9.412053e+02
-2.310999e+03
2.122442e+02
-1.891347e+03
-1.706793e+02
-2.196503e+03
7.511602e+02
-8.830432e+02
-1.495989e+03
3.082678e+03
1.135735e+03
2.809774e+02
-1.788943e+03
-2.569656e+03
1.030120e+03
9.885443e+02
1.604698e+03
-1.363797e+03
1.283512e+03
1.829678e+02
1.637124e+02
-7.441086e+02
-4.678988e+01
8.173200e+02
-4.563702e+02
-5.979376e+02
-2.621590e+02
-5.572936e+02
3.017916e+02
8.327495e+02
1.384609e+02
-5.828032e+02
-1.994525e+02
-3.219930e+02
1.468720e+02
7.543137e+02
6.509334e+02
2.057166e+02
-5.156864e+02
-3.109884e+02
3.668976e+02
-1.180917e+01
2.323947e+02
3.468245e+02
-2.366456e+02
-6.228290e+01
3.385142e+02
-7.653472e+01
4.257208e+02
-2.285495e+02
-5.088654e+02
2.971258e+02
-2.560301e+02
3.600615e+02
7.209830e+01
-9.499508e+01
2.645131e+02
2.453448e+02
3.847855e+02
1.242355e+02
8.795100e+01
-1.948829e+02
-1.727175e+02
-4.297290e+01
3.187808e+01
1.409869e+02
-2.843798e+02
9.897833e+00
-2.684696e+01
9.226535e+01
2.778071e+02
-4.567466e+01
-1.720011e+02
-7.912775e+01
-1.601512e+02
1.611260e+02
3.933501e+01
1.589651e+02
7.224410e+01
-1.179568e+02
-1.851635e+02
-2.003864e+02
3.484530e+00
2.436664e+02
-3.990905e+01
1.176095e+02
-1.348818e+02
7.627097e+01
1.713547e+02
-1.048532e+02
5.147432e+00
-2.186568e+02
-6.937167e+01
-1.629976e+01
1.791066e+02
-1.841381e+02
4.136304e+01
5.833827e+01
4.149410e+01
9.882602e+01
4.328911e+01
-4.266469e+00
-1.165290e+02
1.062568e+02
4.265715e+01
-1.479213e+02
6.655347e+01
4.684717e+00
5.510684e+01
3.682967e+01
-3.069093e+01
3.598909e+01
-5.369841e+01
1.157904e+01
5.925072e+00
-5.730523e+01
-5.424541e+01
6.443620e+01
-1.998340e+01
-2.264053e+01
1.027581e+00
1.721849e+01
-1.210179e+01
2.670303e+01
3.384965e+01
-5.345880e+01
1.711245e+00
1.451826e+01
-1.699416e+01
2.713524e+01
1.542645e+00
2.445811e+01
1.851781e+01
-3.740681e-01
-1.205175e+00
-5.602753e-01
-5.718749e-01
4.877724e-02
1.897334e-01
5.073041e-02
6.803352e-02
-1.449798e-01
5.910976e-02
2.295087e-01
-1.930573e-01
2.079433e-01
-1.154999e-01
-1.944614e-01
-1.595535e-01
1.457629e-02
-1.873249e-01
-1.942800e-01
-1.215224e-01
-2.045829e-01
1.482796e-01
-1.229969e-01
-5.369405e-02
4.691152e-02
-7.855566e-04
-8.406235e-02
3.265800e-02
-8.949474e-02
