-2.122485e-01
1.242193e+00
-2.115290e-02
5.489778e+01
1.730886e+02
-1.361247e+01
3.558615e-04
-1.022831e+05
-9.437115e+04
4.430469e+05
8.151881e+04
-1.728017e+04
-5.066709e+04
-8.726633e+04
1.638908e+05
-4.466932e+04
4.219584e+04
-2.866088e+04
7.468351e+04
-8.957252e+04
-3.568732e+04
-5.457244e+04
6.192059e+04
1.380335e+04
-3.833233e+03
-1.068073e+05
3.009175e+04
3.345432e+04
-1.088131e+04
6.583607e+03
-4.803682e+04
-1.551904e+03
-4.687438e+04
-1.742193e+04
2.582945e+03
3.308636e+04
3.552647e+04
-7.805761e+03
-1.380119e+03
2.908949e+03
-1.973426e+04
8.452238e+03
-1.782764e+04
-2.961450e+04
4.380518e+03
6.087644e+03
-7.408500e+03
5.294001e+03
-1.324173e+04
-6.047718e+03
1.519277e+04
6.569784e+03
8.524051e+03
3.564393e+03
-9.357349e+03
7.279889e+03
-6.842278e+02
8.147979e+03
-3.219414e+03
-8.909505e+03
-7.200765e+03
2.800120e+03
-1.853723e+03
-5.632739e+03
1.054135e+03
1.268592e+03
4.211235e+03
3.654678e+03
-2.904769e+03
3.428697e+03
3.645717e+03
2.586266e+03
-1.225228e+03
-3.468622e+03
-2.079925e+03
1.665610e+03
3.321511e+03
2.275445e+02
-3.284264e+03
-1.625420e+03
-3.071683e+03
1.640617e+03
-1.069609e+03
4.406996e+02
1.813217e+03
-6.480054e+02
-4.589163e+02
8.952392e+02
7.377119e+02
-6.108057e+02
6.611735e+02
-1.405790e+03
4.505863e+03
1.794169e+03
6.914421e+01
1.510183e+03
1.276506e+03
-5.115856e+02
-2.250286e+02
1.084405e+03
-1.736076e+03
-1.557206e+02
-8.169596e+02
-6.832920e+02
8.856978e+02
8.566608e+01
9.408140e+02
-8.984657e+02
5.177388e+02
1.075355e+03
6.066290e+02
1.476298e+03
-9.935042e+02
7.335515e+02
-3.465975e+02
-5.173536e+02
-5.253837e+02
-6.288442e+02
1.443459e+02
4.504895e+02
-3.360133e+02
-2.141233e+02
-4.846498e+02
6.406625e+02
8.692052e+02
-1.381125e+02
-2.393101e+02
2.336107e+02
1.697100e+02
-1.005033e+02
1.218690e+02
4.184790e+02
3.155804e+02
1.874388e+02
-1.028162e+01
5.580763e+01
7.020273e+02
2.769262e+00
-8.381583e+01
1.712919e+02
1.321626e+01
-8.568374e+01
-3.641299e+02
5.422108e+01
-2.782968e+02
1.682615e+02
-8.568111e+00
-9.256282e+01
1.279779e+02
1.974851e+02
-9.708256e+00
-8.423064e+01
2.236450e+02
1.594696e+02
-6.652899e+01
-4.705929e+01
1.812516e+02
4.019448e+02
-2.143194e+02
-2.140007e+02
4.408499e+02
7.521750e+01
1.172402e+02
1.411255e+02
6.057084e+00
3.888762e+00
-1.248157e+02
7.766615e+01
-1.672138e+02
2.694072e+01
6.656660e+00
7.923589e+01
2.357487e+01
2.971505e+01
-1.281672e+02
-1.158292e+02
-8.376186e+01
2.070365e-01
-1.135373e+02
-8.003463e+01
-1.595078e+01
7.489627e+01
-3.910516e+01
5.299842e+01
6.385760e+01
-4.710357e+01
2.421138e+01
-4.819049e+01
-3.554958e+01
-3.222262e+00
-4.260558e+01
2.535685e+01
1.982728e+01
2.095125e+01
4.174468e+01
3.295858e+01
-7.220295e+01
-3.763353e+01
3.179648e-02
9.938319e+00
2.864132e+00
-6.060797e+01
-2.055583e+00
-1.817172e+01
1.621817e+01
2.613401e+01
1.340701e-01
4.024661e-02
-2.720588e-01
-9.600213e-01
1.929779e-01
-2.711488e-01
-2.654383e-01
-1.170198e-01
1.789884e-01
-1.123968e-01
-3.221939e-01
-9.386461e-01
4.414723e-03
-4.078943e-02
1.904055e-02
1.782307e-01
-8.598197e-03
-2.465894e-02
-4.818229e-02
-5.418097e-01
2.227599e-02
1.177189e-01
4.751541e-02
4.453388e-02
-3.648750e-01
2.425161e-02
1.078977e-01
-1.485073e-01
9.716257e-02
