2.775919e-02
-3.213970e-01
2.603197e-02
4.067556e+01
1.701720e+02
-2.560395e+01
3.472528e-04
-1.631388e+05
-3.380811e+05
7.886327e+04
1.117486e+05
1.406858e+05
-2.265986e+03
-7.245624e+04
-4.131477e+04
-1.649627e+05
-4.934623e+04
-2.538191e+04
-2.138466e+03
6.364240e+03
-1.909865e+04
-1.545993e+04
5.835400e+03
-6.504406e+03
3.001374e+04
9.640107e+03
-2.353244e+04
-8.097322e+03
-3.799528e+03
1.069231e+04
-5.119161e+04
3.729588e+04
-7.098538e+03
-1.889660e+04
2.871502e+04
2.834304e+04
7.190115e+03
4.177609e+03
3.918496e+03
1.328485e+04
2.229574e+04
-1.049155e+04
-1.561302e+04
4.298346e+03
7.563326e+03
6.634828e+03
1.113000e+02
1.516275e+03
3.674591e+03
1.750948e+03
1.705423e+04
-5.067587e+03
5.146871e+03
-4.501568e+03
-6.216929e+03
3.227295e+03
6.634290e+03
3.552886e+03
-1.692511e+03
-9.144810e+03
-7.506831e+02
9.000139e+02
7.534421e+02
-4.454445e+03
3.282344e+03
1.501947e+03
3.793651e+03
6.130730e+03
-5.834625e+03
4.392855e+03
2.441348e+03
1.128402e+02
-1.174613e+03
-9.215315e+02
1.644079e+03
1.177522e+03
2.152222e+03
1.567657e+01
-3.390360e+03
5.441238e+00
1.238196e+03
-4.250966e+02
-4.853701e+02
1.622511e+03
3.060383e+03
2.897040e+03
-6.083857e+02
-2.192502e+02
-8.841047e+02
-5.476828e+02
1.723766e+02
7.893407e+02
7.903061e+02
1.883243e+03
-1.589577e+03
6.896686e+02
1.020653e+03
1.041064e+03
1.680581e+02
-7.198318e+02
-3.831089e+02
-3.013720e+02
-3.418208e+00
-7.450039e+02
6.582128e+02
-8.385549e+00
1.099420e+03
9.838475e+02
1.380001e+02
1.068009e+03
-3.267580e+02
9.399803e+02
-4.334246e+00
1.039307e+03
4.946205e+00
-2.704772e+02
-1.777778e+02
-1.172724e+02
-4.006652e+02
3.713215e+02
1.356747e+02
-3.472443e+01
-2.733466e+02
4.361961e+02
3.441729e+02
-2.563805e+02
-2.930664e+02
-7.282601e+01
1.018063e+01
-5.512733e+02
1.047951e+02
2.275216e+02
-1.640527e+02
1.952949e+02
-4.203877e+02
9.447008e+01
3.877259e+02
-2.265972e+02
4.522968e+01
2.016352e+02
-8.330080e+01
-2.054524e+02
-8.776134e+00
5.315875e+01
-1.285338e+02
1.748269e+02
2.867974e+02
-9.541657e+01
7.157914e+01
2.515954e+02
1.522616e+02
1.434442e+02
1.669206e+02
5.524893e+01
-1.124343e+02
1.274283e+02
2.048168e+01
4.596330e+01
-1.258114e+02
-1.592895e+02
9.951958e+00
-9.205038e+01
2.390591e+02
3.463699e+01
4.988046e+01
-8.676532e+01
3.113156e+01
-7.990186e+00
2.828140e+01
1.316306e+02
1.340592e+02
4.193291e+01
-1.665041e+01
-8.741522e+00
1.802909e+01
2.095131e+01
2.920737e+00
4.109614e+01
1.136777e+01
4.614011e+01
5.320059e+01
7.306314e+01
-3.737045e+01
4.420168e+01
3.505528e+01
3.651794e+01
8.323129e+01
5.903156e+01
-2.893518e+01
6.795136e+01
7.929064e+00
5.377058e+01
5.028043e+00
6.304967e+01
-6.839768e+00
1.462693e+01
-4.154451e+01
-2.571196e+01
-2.569194e+01
1.286379e+01
-1.208693e+01
-4.266507e+01
-1.533644e+00
-3.669689e+01
5.168181e+01
3.419705e+00
-1.949921e+00
2.893301e+00
-2.984492e-01
9.577934e-01
-1.709546e-01
-2.248203e-01
-7.518120e-01
-8.137540e-01
-9.734806e-02
-5.552587e-01
-5.717927e-02
-2.397334e-01
1.708446e-01
1.228543e-01
1.798085e-02
-1.112178e-01
4.991934e-02
-9.219199e-02
-9.644175e-02
-1.194786e-05
2.866944e-02
4.624771e-02
8.925799e-02
-4.593201e-02
7.936028e-02
6.685068e-02
-3.137956e-02
-1.199968e-01
-9.189277e-02
