-5.404338e-01
1.155641e+00
-1.217636e-01
5.461333e+01
2.002689e+02
-1.431964e+01
3.544605e-04
-158380
-1.240510e+05
2.223691e+05
-1.299778e+05
1.394133e+05
-5.519372e+04
-9.183041e+03
1.170779e+05
-1.458809e+05
-4.749351e+04
-1.614529e+04
1.979738e+04
-3.424592e+04
1.933466e+04
-5.826630e+03
5.884596e+03
7.131990e+04
4.870352e+03
-5.939420e+04
1.503145e+04
5.862169e+04
-3.911754e+03
1.663124e+04
-2.547673e+04
2.138697e+04
-1.807835e+04
-4.078145e+04
7.056476e+03
-3.801055e+03
1.777116e+04
-1.715645e+03
4.980658e+03
9.593403e+03
2.020062e+04
-1.394881e+03
-2.033719e+04
-1.167436e+04
1.457860e+04
1.135544e+04
-2.379199e+02
1.548835e+04
-6.540314e+03
-1.966687e+03
6.400618e+03
1.117978e+04
1.215999e+04
1.018757e+03
3.480473e+03
4.302588e+03
1.661433e+03
3.177472e+03
-2.148123e+03
-4.517333e+03
-9.250566e+03
6.192712e+03
-1.557749e+03
-5.673969e+02
6.320659e+01
1.386628e+03
2.002024e+03
6.819883e+03
-4.180593e+03
2.409594e+03
2.649612e+03
4.531127e+03
2.356639e+03
1.558554e+02
-9.892219e+02
4.103335e+02
2.742639e+03
-2.323567e+03
-3.341401e+03
-1.664077e+03
-3.079523e+03
4.712229e+02
-1.428859e+03
2.935377e+03
2.952704e+03
2.729279e+03
-1.297305e+03
-1.492934e+02
-1.406721e+02
-2.270773e+03
3.183176e+02
1.065970e+03
2.803646e+03
1.529209e+03
-2.799287e+01
7.699715e+02
1.825133e+03
5.119221e+02
-2.612820e+02
1.436263e+02
-1.198485e+03
-8.178939e+02
4.719876e+02
-6.619540e+02
-1.590219e+00
-3.695488e+02
2.589893e+02
3.307748e+02
9.995043e+02
1.808683e+03
6.511209e+02
1.304144e+03
-1.055511e+03
8.336804e+02
-9.472919e+01
-3.919630e+02
-6.211121e+02
-3.742620e+02
-1.676727e+02
6.531908e+02
4.513855e+02
6.810476e+02
-4.638848e+02
7.050624e+02
5.795456e+02
-4.706469e+02
-4.641252e+02
-2.148983e+01
4.462315e+02
-9.731065e+00
-1.766270e+02
5.785402e+02
-8.648158e+01
1.149375e+02
6.110294e+01
-1.528088e+02
-3.423375e+01
-6.994660e+01
-2.400253e+02
-1.541005e+02
-1.552459e+02
-6.083696e+01
-1.682356e+02
-5.563112e+01
-2.023601e+02
1.848861e+02
-4.218093e+01
3.379906e+01
-4.111797e+01
1.270933e+02
1.821042e+02
-1.027870e+01
-7.082020e+01
1.518275e+02
8.036852e+00
-2.416463e+01
-9.489007e+00
1.910900e+02
-1.219043e+00
-9.945312e+01
2.918515e+02
-6.133929e+01
1.558795e+02
-4.505769e+01
-3.752369e+01
3.677032e+01
2.655452e+01
9.223051e+01
-7.875426e+01
-9.022837e+00
-2.850714e+00
7.170779e-02
-1.732938e+01
5.464630e+01
-1.288798e+02
-9.214924e+01
6.865304e+00
5.709180e+01
-7.291514e+01
-3.730688e+01
-1.313745e+01
4.766587e+01
-8.521867e+01
4.418460e+01
4.285501e+01
-2.202364e+01
7.290255e+01
1.870082e+01
-6.974724e+01
7.947838e+00
2.620687e+01
6.381395e+01
5.933374e+01
-5.927642e+00
2.756050e+01
2.162115e+01
-2.290464e+01
-1.653241e+01
1.228553e+00
1.644987e+01
-9.380741e+00
-7.595958e+01
-5.145381e+01
-2.641993e+01
3.033039e+01
2.134660e+01
-8.396259e-01
4.304566e-01
4.960504e-01
-1.074447e+00
-8.432393e-02
-6.523847e-01
-6.881949e-01
2.340239e-01
3.037239e-01
-2.541025e-01
2.976790e-01
-2.451909e-01
2.402769e-02
-1.287823e-01
3.127862e-01
1.795652e-01
-4.580571e-02
1.992467e-01
1.358468e-01
-4.622524e-02
1.751504e-01
1.218854e-02
9.067152e-02
-1.422758e-01
-4.528053e-02
-1.214899e-02
6.490082e-02
-8.445430e-02
1.829023e-02
