-6.935813e-02
1.807956e-01
-4.112270e-01
4.266667e+01
1.747415e+02
-2.411856e+01
3.369146e-04
-1.699572e+05
5.369328e+03
4.636111e+05
-8.587938e+04
-7.907061e+04
2.194585e+05
-1.682358e+05
1.403981e+05
-1.311298e+05
-5.622551e+04
1.895219e+05
1.530465e+05
-1.537382e+05
-3.236825e+04
7.088056e+04
3.430785e+04
-1.535459e+04
3.762638e+04
1.007065e+04
4.425425e+04
2.855563e+04
-3.670989e+04
-4.619795e+03
-1.536593e+04
1.856845e+04
-2.040819e+04
-3.302949e+04
1.521665e+04
2.730913e+04
3.109422e+03
-1.362926e+04
4.649204e+03
-20738
6.490318e+03
-1.467587e+04
-3.825731e+03
-1.432652e+04
1.852696e+04
-2.358844e+04
-2.120544e+03
7.595203e+03
-1.174084e+04
1.378863e+03
-1.155696e+04
8.487447e+03
7.914068e+03
-1.137480e+04
-2.250976e+03
1.646038e+04
-4.284879e+03
9.172226e+03
1.159969e+02
-9.168088e+03
-6.914288e+03
-4.379428e+03
-1.426479e+03
-9.859244e+03
-1.929603e+03
2.251041e+03
6.200502e+03
7.891793e+03
-2.984731e+03
-2.089913e+03
4.383444e+03
6.993536e+03
5.956562e+03
2.331759e+03
-5.553081e+02
3.573049e+03
3.872861e+03
-2.024028e+03
-6.850398e+03
-2.587478e+03
-1.764543e+03
-9.509184e+02
-1.986553e+03
1.898094e+03
1.481502e+03
1.335586e+03
-2.207119e+03
2.502274e+02
1.602739e+02
4.331461e+02
-9.345193e+02
6.073993e+02
2.963201e+03
2.618607e+03
-1.650138e+03
6.282731e+02
2.711177e+03
5.560029e+02
-1.703788e+02
1.462992e+03
-1.596234e+03
-2.089957e+03
-3.963146e+02
-4.735348e+02
1.565192e+03
-1.793480e+03
1.811250e+03
2.046715e+02
9.577033e+02
6.935908e+02
3.741048e+02
1.234727e+03
-6.200661e+02
-1.738805e+00
1.810962e+02
1.000564e+01
-3.175937e+02
-1.458330e+02
-3.091183e+02
8.383015e+02
4.096110e+01
7.331508e+02
-5.199569e+02
4.829718e+02
-3.423896e+01
-2.511610e+02
4.608556e+01
6.462477e+02
3.822765e+02
-6.252220e+02
1.551109e+02
-4.086186e+02
-1.657402e+02
2.456149e+02
-5.126539e+01
-2.121411e+02
6.501910e+02
-3.814616e+02
-3.712124e+02
4.586033e+02
-1.778742e+02
9.833975e+01
1.648172e+01
1.818019e+02
-1.664369e+02
-8.143565e+01
-1.743511e+02
-3.938150e+02
1.113450e+01
1.377668e+02
7.661296e+01
1.993082e+02
1.841033e+02
-2.271087e+02
6.955644e+01
-9.878035e+01
-6.282506e+01
-1.847354e+02
-1.397623e+02
7.149625e+01
1.808998e+02
-6.655623e+01
-2.049088e+01
1.238388e+02
-1.909879e+02
6.777549e+01
2.359461e+01
8.408575e+01
-1.286682e+02
-6.788181e+01
1.030059e+02
1.915489e+02
7.585990e+01
2.175051e+00
-3.609853e+00
-3.311148e+01
-6.121561e+00
3.027248e+01
-6.138631e+01
4.239406e+01
1.266795e+02
-8.736643e+01
-4.432281e+00
1.162290e+01
3.725321e+01
-4.861488e+01
5.534412e+01
1.479299e+01
-2.656318e+01
4.735278e+01
7.622368e+00
2.002381e+01
-4.618701e+01
-6.638235e+01
-3.776935e+01
3.134468e+01
-4.589578e+01
2.635792e+01
-8.594387e+00
3.878721e+01
-3.030420e+01
-1.728203e+01
-3.642692e-01
-4.540159e+01
8.651204e+00
3.707746e+01
-4.435679e-01
-3.575695e-01
-4.631271e-01
4.441514e-01
-2.501621e-02
-1.955142e-01
1.335163e-01
4.710337e-01
-2.727862e-01
-4.183525e-02
4.469046e-01
-1.877463e-01
-2.517578e-02
-9.876686e-02
1.441458e-01
9.738621e-02
-3.656010e-02
5.048733e-02
5.166343e-02
-1.597755e-01
-7.591467e-02
2.619884e-01
-1.659359e-01
-8.402538e-03
-8.963000e-02
2.017135e-02
-3.803874e-02
-4.667539e-02
-1.058944e-01
