-3.063221e-01
1.335134e+00
-5.039481e-02
5.376000e+01
1.955407e+02
-1.282994e+01
3.460736e-04
-1.886075e+05
-1.314951e+05
1.725671e+04
-1.969322e+05
-2.898091e+04
-6.751955e+04
-1.846938e+04
5.013417e+04
-2.660784e+05
-2.489338e+04
-1.059218e+05
1.451833e+05
-4.789194e+03
-3.643472e+04
3.213507e+04
-5.097033e+04
7.197242e+04
-1.882041e+04
3.523650e+04
1.196894e+03
-2.670969e+04
-2.451887e+04
-8.955358e+03
-2.754441e+04
1.691211e+04
-4.025533e+04
-4.259563e+04
2.985371e+04
1.313015e+04
7.017261e+03
-8.197146e+03
1.527837e+04
-1.531143e+04
1.923856e+03
-2.598672e+04
-2.081790e+04
-6.849713e+03
1.025473e+04
-5.528960e+03
1.350663e+04
5.695825e+03
-1.068669e+04
1.961427e+02
1.134935e+04
3.218937e+02
5.343845e+03
-2.305696e+03
-1.297692e+03
2.899280e+03
9.433612e+03
1.055142e+04
5.837994e+03
-1.028521e+04
-5.470744e+03
-3.315892e+02
3.194071e+02
-2.629403e+03
-1.066528e+03
8.759117e+03
3.733071e+03
5.037615e+03
-7.891247e+03
2.887638e+03
-5.345342e+02
1.981085e+03
9.794319e+02
1.351600e+03
3.743938e+02
8.701149e+02
-3.238629e+02
2.892492e+02
-4.665000e+03
-2.042366e+02
-1.005627e+03
-5.067990e+01
-2.899056e+03
2.620019e+03
3.943092e+03
2.315202e+03
-1.533228e+03
-1.196930e+03
2.281781e+02
-9.102273e+02
1.929682e+02
-1.134106e+02
1.256810e+03
2.707829e+03
-2.750382e+03
2.117555e+02
1.966222e+03
7.164636e+02
-6.503817e+02
-6.237997e+02
-1.638201e+03
-6.439816e+02
5.731174e+02
-8.575995e+02
4.204544e+02
-8.727574e+02
1.029727e+03
5.247592e+02
7.710949e+02
1.804324e+03
-5.726965e+02
1.287805e+03
-1.286978e+02
1.187671e+03
7.630949e+01
2.017193e+02
3.171194e+02
-5.277720e+02
-4.919991e+02
4.483826e+02
1.734778e+02
1.560816e+02
-1.715463e+02
-7.944913e+01
8.410002e+02
-4.438001e+02
-6.510863e+01
1.073439e+02
-3.461248e+02
-3.799476e+02
3.248563e+02
3.543321e+02
1.325414e+01
2.727056e+02
-3.393525e+02
8.571523e+01
4.373975e+02
-3.134062e+02
6.559254e+01
-1.101742e+02
-4.098000e+02
1.010206e+02
2.293726e+02
2.285565e+02
-4.417627e+01
-4.901092e+01
5.722711e+01
-2.873525e+02
-3.492217e+01
2.256059e+02
3.095894e+02
1.026555e+02
2.883391e+02
-1.225497e+01
-3.581331e+00
3.835592e+01
-8.373235e+01
2.211664e+02
-4.863849e+01
-1.907264e+02
1.704522e+02
-3.010038e+01
1.010210e+02
-4.797189e+01
-1.969630e+02
-1.072687e+02
-2.926026e+01
7.801794e+01
-7.866601e+01
1.184805e+02
9.729364e+01
3.408302e+01
1.210352e+02
1.068002e+02
-1.211421e+01
-5.735949e+01
-7.219590e+00
-2.077630e+01
-2.814537e+01
5.252108e+01
-2.886002e+01
4.281865e+01
3.390322e+01
-1.352194e+01
1.139640e+02
1.436062e+00
1.027083e+02
6.485425e+01
-1.237302e+02
6.549198e+01
3.962360e+01
2.487576e+01
-4.936840e+01
3.489559e+01
-2.018024e+01
2.027205e+01
-1.252423e+01
-4.395211e+00
3.395647e+00
2.349141e+01
-2.319567e+01
-8.213773e+01
-4.812158e+00
-1.232005e+01
2.473156e+01
2.442303e+01
-3.079702e+00
2.467635e+00
-7.039601e-01
4.042237e-01
5.039566e-01
-3.634469e-01
-2.012535e-01
-9.476589e-01
3.612453e-03
-4.490462e-01
4.630949e-01
-8.861411e-02
-2.202866e-01
2.338846e-02
2.326969e-03
-1.851081e-01
6.723302e-03
8.820615e-02
9.035904e-02
1.553761e-01
4.774542e-02
2.186314e-01
8.965214e-02
-1.069202e-01
1.153156e-01
5.985279e-02
-2.693340e-02
-6.194511e-02
-1.833157e-02
