-3.303012e-02
-1.056898e+00
-1.880193e-01
5.063111e+01
1.789801e+02
-1.583482e+01
3.450175e-04
-1.735901e+05
-2.803483e+05
1.185957e+05
-1.027055e+05
-6.309453e+04
1.273113e+05
-1.376931e+05
4.846229e+04
-2.356872e+05
-1.752518e+05
-9.181421e+04
5.182713e+04
-7.564232e+04
-5.474850e+03
4.403013e+04
5.738668e+04
3.208436e+04
4.461604e+04
-1.285424e+04
-4.783761e+04
-5.635537e+04
-4.506882e+04
3.098867e+04
-5.309844e+04
4.167256e+04
-1.391871e+04
-1.580980e+04
3.130982e+04
6.325302e+03
1.054633e+04
-1.210753e+04
-3.400405e+03
-8.761221e+02
4.976540e+03
-3.152307e+04
-1.515560e+04
1.306466e+03
5.020984e+03
5.193498e+03
-2.880213e+03
-1.439706e+03
-5.766320e+03
-8.243442e+03
9.794417e+02
-6.056391e+03
1.453590e+04
-9.717520e+03
-1.762937e+04
1.414510e+03
9.064875e+02
5.881719e+03
-4.271575e+03
-1.266518e+04
2.972525e+03
3.567090e+03
-1.931824e+02
-4.379801e+03
1.161292e+03
4.085640e+03
8.023714e+03
5.850065e+03
-5.664300e+03
3.251560e+03
2.595771e+03
6.600798e+02
-4.295239e+01
2.446390e+03
3.355299e+03
3.547608e+02
4.881045e+03
3.023597e+03
-4.902375e+03
-1.146723e+03
5.021149e+02
6.066385e+02
-3.803545e+03
2.437376e+03
4.468827e+03
3.612117e+03
-1.729402e+03
-6.160461e+02
-2.217364e+03
8.669633e+02
3.514474e+01
8.058956e+02
1.728025e+03
1.813202e+03
-2.830445e+03
1.235303e+03
1.608737e+03
1.004167e+03
9.946167e+02
3.211938e+02
-2.010433e+03
-7.886356e-01
7.648160e+00
-4.041620e+02
6.137718e+02
8.027468e+02
1.417216e+03
7.231415e+02
-4.681289e+02
1.322250e+03
-1.109844e+02
1.806938e+03
-7.639885e+02
9.852441e+02
-3.941353e+01
-8.536047e+02
-4.603086e+02
-1.862467e+02
-2.248148e+02
7.887071e+02
-4.698441e+02
-1.191264e+02
-6.927643e+02
3.954248e+02
1.203902e+02
4.315923e+01
-6.159188e+02
2.447286e+02
-8.106847e+01
-5.180014e+02
1.571593e+02
3.324505e+02
2.326429e+02
5.874476e+02
-6.373281e+02
1.707353e+01
7.554002e+02
-3.148250e+02
2.722740e+02
2.325533e+02
-2.180869e+02
-1.043087e+02
-2.957317e+02
9.480343e-01
-1.510568e+02
3.036774e+02
1.786006e+02
-1.134547e+02
1.046791e+02
2.293865e+02
-6.242108e+01
2.491024e+02
1.882028e+02
7.413652e+00
-2.834610e+02
-5.140590e+00
-1.503638e+01
1.215555e+02
-1.809700e+02
-9.687025e+01
9.098173e+01
1.227651e+01
6.957858e+01
-2.919436e+01
2.623113e+02
-3.649525e+01
1.813821e+01
-2.286225e+01
2.405820e+02
3.095561e+01
1.447433e+02
9.145881e+01
-7.963648e+01
9.452656e+01
-2.057030e+01
3.976136e+01
-7.255629e+01
2.505681e+01
1.125005e+02
6.483207e+01
4.387276e+01
-1.844090e+01
-5.632622e+01
4.863367e+01
9.914046e+01
3.520685e+01
6.323262e+01
1.134299e+00
-7.248328e+01
5.130127e+01
-3.201959e+01
6.029799e+01
1.665893e+01
-6.412829e+00
2.847156e+01
1.122779e+01
-4.705193e+01
1.401626e+00
1.275111e+01
1.562470e+01
-1.444477e+01
-6.340530e+01
6.127308e+01
-4.002193e+01
3.465372e+01
3.143693e+01
-2.961412e+00
3.585404e+00
-1.817172e-01
1.163590e+00
-1.959337e-01
-6.171572e-01
-2.669490e-01
-1.096676e+00
-1.780302e-01
-7.226546e-01
-2.940248e-01
-1.838485e-01
3.805936e-01
2.342544e-01
1.666960e-01
1.702064e-01
1.911097e-01
8.268547e-02
4.338316e-04
-5.905389e-02
5.284839e-02
1.475565e-01
1.690797e-01
1.354461e-02
4.454665e-02
4.527033e-02
1.160228e-01
-1.042207e-01
-9.073787e-02
