-1.969115e-02
4.879346e-01
1.584568e-02
4.323555e+01
1.750318e+02
-2.483875e+01
3.467707e-04
-1.979135e+05
-5.360747e+04
3.288699e+05
2.410744e+04
1.632480e+05
-3.619635e+04
-8.456630e+04
7.868688e+04
-1.152101e+05
1.054890e+05
8.850206e+03
4.863860e+04
1.090352e+04
-1.940314e+04
-3.058745e+04
-3.197770e+04
7.011330e+03
-2.814638e+04
-1.816857e+04
9.943086e+03
-6.393266e+03
-9.856557e+03
-1.514302e+04
-4.874339e+04
-1.646896e+04
-1.035155e+04
-6.063070e+03
-3.249128e+04
-5.032913e+03
7.244149e+01
-1.274205e+03
2.894712e+03
-1.185484e+04
1.715226e+03
-1.856472e+03
-5.807148e+03
1.096463e+03
1.606372e+04
-1.388882e+04
8.766715e+03
9.476936e+03
-3.358967e+03
1.656176e+03
7.179777e+03
-4.670001e+03
-1.711593e+02
-2.006355e+03
-2.597577e+03
-3.296941e+03
3.052802e+03
9.695613e+03
3.911231e+03
-6.334984e+03
-7.065912e+03
8.237809e+02
-4.631123e+02
1.478317e+03
-3.276395e+03
3.683760e+03
-1.667543e+02
5.068486e+03
-5.283867e+03
2.707269e+03
2.008703e+03
4.264516e+03
7.604475e+02
-2.179204e+02
-2.103886e+03
-3.448326e+02
2.472836e+02
-9.458380e+02
-3.287282e+03
-1.478254e+02
-6.376183e+02
-1.119617e+03
-7.359933e+02
1.412635e+03
9.144932e+02
1.110775e+03
-7.810143e+02
4.019082e+01
-9.465563e+02
1.932397e+02
3.138628e+02
-8.500277e+02
1.166755e+03
1.632078e+03
-6.783420e+02
3.260165e+01
8.898148e+02
-6.103537e+02
-1.904685e+02
1.232205e+02
-2.565254e+02
-5.587780e+02
3.043506e+01
-6.279578e+02
7.038177e+01
-1.049550e+03
5.795754e+02
7.059422e+02
1.541544e+03
7.538102e+02
2.086511e+02
9.181561e+02
3.130801e+02
2.211586e+02
-4.399225e+02
1.593612e+02
-5.324082e+02
-1.857536e+02
-7.012712e+02
3.957613e+02
-1.599229e+01
3.211191e+02
-2.860225e+02
8.390662e+01
4.238511e+02
-2.557971e+02
1.043009e+02
1.798913e+01
-2.514234e+02
-3.996679e+02
2.991617e+02
2.482215e+02
-1.851527e+02
8.410990e+01
-7.708315e+01
-1.974100e+02
2.024840e+02
2.864828e+01
7.666582e+01
-1.306477e+02
-1.031021e+01
-8.787656e+01
1.560912e+02
1.511536e+02
-1.271781e+00
1.798820e+02
1.149378e+01
-2.156261e+02
-9.209626e+00
2.499731e+02
2.319091e+02
9.647054e+01
-6.859608e+01
-7.717532e+00
3.838173e+01
6.350510e+01
5.474769e+01
1.513171e+02
2.239826e+00
-8.548060e+01
1.702054e+02
-1.329950e+01
-6.407229e+01
-4.643928e+01
-1.647564e+02
-4.510566e+01
-4.712413e+01
1.221098e+02
-2.136592e+02
2.683946e+01
1.294322e+02
1.302451e+02
1.194941e+02
5.710722e+01
-2.296079e+01
-4.286727e+01
6.802290e+01
1.048345e+01
-1.147139e+02
-1.112154e+01
6.400710e+01
9.880910e+01
-1.655175e+01
-5.252083e+01
2.119388e+01
1.780023e+01
8.246597e+01
5.059819e+01
-1.064438e+02
-5.724179e+01
5.098773e+01
2.741570e+01
-1.634720e+01
3.314841e+01
-1.456978e+01
-4.226504e+01
-4.784209e+01
-2.064845e+01
-1.450847e+01
8.602048e+00
3.435445e+01
-5.305032e+01
-1.823504e+01
-6.074448e+01
4.878773e+01
1.875613e+01
-8.392873e-01
-1.703059e-01
-1.065922e-01
-3.942896e-01
1.063893e-01
-8.798306e-02
-3.399778e-01
-3.896609e-02
-2.555143e-02
1.209383e-04
4.672280e-01
-4.302133e-01
1.482942e-01
3.521209e-02
1.025738e-01
1.724819e-01
3.490648e-02
-9.360511e-02
-1.058937e-02
-3.531033e-02
4.499189e-02
1.970580e-02
-1.559287e-01
-9.137385e-02
7.562377e-02
6.475855e-02
-1.186452e-01
3.710734e-03
3.838925e-02
