-3.448572e-01
-5.574110e-01
2.272507e-01
5.091555e+01
2.023832e+02
-2.128076e+01
3.510093e-04
-1.637002e+05
-3.044898e+05
1.594171e+05
2.223775e+05
5.022266e+04
1.604830e+05
-1.798936e+05
-2.428486e+04
-2.162875e+05
1.283174e+04
-4.237205e+04
1.062437e+05
-1.566663e+05
-5.370537e+04
-2.443285e+04
1.976871e+04
1.029987e+05
2.288160e+04
-8.670448e+04
-1.163859e+04
1.078298e+04
-3.543745e+04
2.927391e+04
-7.793103e+04
5.374687e+04
1.009188e+04
-7.640861e+04
4.240008e+04
1.757601e+04
3.956898e+04
1.401187e+04
-1.484104e+04
-1.256358e+04
-7.062298e+03
-1.631897e+04
-2.650479e+04
2.235866e+03
1.840248e+04
3.910846e+02
-4.858836e+03
-2.517136e+03
-3.243398e+03
-6.597037e+03
2.602216e+03
3.410106e+02
9.916598e+03
-1.561083e+03
-1.600006e+04
5.006221e+03
1.422451e+03
5.812317e+03
-6.230452e+03
-6.561085e+03
-1.272519e+04
-5.224875e+03
2.253130e+03
-7.207104e+03
5.136988e+03
6.884818e+03
5.749789e+03
6.946980e+03
-9.924806e+03
2.239517e+03
3.902026e+03
3.725743e+03
5.920162e+02
2.460632e+02
2.210875e+03
1.999989e+03
4.259184e+03
4.371816e+02
-6.384272e+03
-3.254174e+03
-1.074696e+03
5.443356e+02
-6.876407e+03
9.883187e+02
2.869099e+03
4.257998e+03
-8.798159e+02
3.802076e+02
-1.414807e+03
-5.969158e+02
3.954403e+02
-1.006444e+03
2.794293e+03
3.814766e+03
-2.947568e+03
1.550972e+03
2.999526e+03
1.856204e+03
6.941729e+02
-3.348673e+02
-2.305144e+03
-8.834009e+02
-4.427228e+02
-6.384044e+02
1.413427e+03
-1.912853e+02
2.163302e+03
-2.050128e+02
8.349875e+02
1.894704e+03
-5.472313e+00
2.684263e+03
2.681273e+01
9.504189e+02
-5.224504e+02
-7.744818e+02
2.500494e+02
-2.124293e+02
-3.958528e+02
6.459553e+02
-6.202139e+02
-3.040603e+02
-7.524536e+02
5.839689e+02
2.322754e+02
-4.657918e+02
-5.127921e+02
5.424403e+02
2.191176e+02
-4.774727e+02
3.518331e+02
1.416545e+02
6.483524e+02
7.466519e+02
-4.890486e+02
-1.410278e+02
7.041704e+02
-1.639747e+02
-4.449620e+01
2.887286e+02
-2.290370e+01
-3.201403e+01
-2.023869e+02
1.063080e+01
-6.020462e+01
2.443571e+02
-3.659356e+01
-2.662081e+02
2.840659e+02
3.877140e+02
1.695937e+02
-9.201260e+01
3.957493e+02
3.152202e+02
-1.395549e+02
7.813421e+01
1.342141e+02
2.716631e+02
-2.068277e+02
2.280444e+01
1.895747e+02
-7.620229e+01
1.748495e+02
1.730105e+02
1.917679e+02
-1.150196e+02
-3.183134e+01
4.112517e+01
1.287614e+02
1.436550e+01
6.432127e+01
1.528844e+02
-8.269637e+01
1.746260e+01
-7.892145e+01
-4.723595e+01
-1.114267e+02
-6.524114e+01
5.164261e+01
7.497441e+01
5.774555e+01
-5.574093e+01
-2.107224e+01
9.469309e+01
7.377843e+01
3.512757e+01
8.799813e+01
-8.720394e+00
-7.918579e+01
1.096547e+02
-2.107867e+01
-1.095573e+01
1.573254e+01
4.415660e+01
3.236529e+01
3.345102e+01
-4.017261e+01
-5.117975e+01
5.007132e+01
2.659722e+01
-4.432216e+00
-3.064950e+01
4.495777e+00
-2.981931e+01
1.918701e+01
3.144372e+01
-1.723175e+00
3.131056e+00
-1.129418e+00
3.251571e-01
2.273955e-01
-9.409726e-01
-5.059546e-01
-5.052317e-01
-7.372835e-02
-8.312473e-01
-2.580600e-01
-3.789332e-01
9.198444e-02
2.314475e-01
1.087453e-01
2.879497e-01
2.444365e-02
1.741923e-01
7.496899e-02
-2.894465e-01
7.195541e-02
6.481636e-02
4.047111e-02
-5.249032e-02
-1.896774e-01
3.067545e-03
1.701471e-01
-9.047433e-02
6.418959e-03
