-2.796206e-01
-7.830161e-01
3.088856e-02
4.892445e+01
1.920519e+02
-1.798548e+01
3.508562e-04
-2.350751e+05
-1.452772e+05
2.282837e+05
4.443745e+05
3.098182e+05
-3.084440e+05
-5.963897e+04
1.534731e+05
1.085739e+05
2.149933e+05
-1.308894e+05
-8.238454e+04
2.358160e+04
-5.169722e+04
-7.071120e+04
7.389896e+04
-1.001977e+05
2.089278e+04
-4.725548e+04
-2.354739e+04
2.120606e+04
-9.743263e+03
3.063379e+04
-8.840573e+04
1.450444e+04
2.334991e+04
-2.224824e+04
6.421188e+04
1.906424e+04
6.177598e+04
2.521893e+04
-2.365356e+04
-2.316238e+04
-1.480790e+04
-1.142801e+04
-2.334466e+04
8.298804e+03
1.895539e+04
-3.382757e+03
7.478388e+03
3.211406e+03
9.655230e+03
-5.129890e+03
9.498729e+03
-4.649309e+03
3.264383e+02
9.041666e+03
-1.920507e+04
4.363701e+03
6.848681e+03
1.151498e+04
-6.185106e+03
-2.103742e+04
-2.768834e+03
-3.021422e+03
-3.421095e+03
-2.783090e+03
2.674854e+03
2.665822e+03
2.188643e+03
3.101668e+03
-4.443104e+03
8.035846e+03
5.890061e+03
1.926713e+03
-4.345155e+03
-2.943948e+03
-7.898855e+02
4.319208e+03
-2.446769e+02
2.207483e+03
-7.459328e+03
-1.705970e+03
2.485043e+03
1.048714e+02
3.680432e+02
-2.788026e+03
6.066816e+03
1.362127e+03
-3.382853e+03
1.162137e+03
-8.557529e+02
-7.223641e+02
5.958723e+02
-1.052670e+03
2.052425e+03
1.889452e+03
-1.769450e+03
6.629540e+02
1.351587e+03
1.999333e+03
-9.192458e+02
5.116938e+02
3.359294e+02
3.093925e+02
-1.649350e+03
-2.109106e+03
1.758968e+03
1.390407e+02
2.295034e+02
8.260231e+02
-2.731219e+02
1.414201e+03
-6.802563e+02
1.465005e+03
3.583213e+02
1.927515e+03
3.139586e+02
-1.622637e+03
-3.355480e+02
-1.025434e+03
-1.200312e+03
3.054727e+02
-9.405413e+02
-9.330773e+02
-1.044401e+03
8.549433e+02
9.227035e+02
-5.456474e+02
-4.445549e+02
-1.230394e+02
-4.933619e+02
1.792833e+02
7.425691e+02
2.294672e+02
1.667922e+02
2.943499e+02
-5.484656e+02
6.098904e+02
1.018491e+03
-3.181284e+02
-2.276924e+01
6.321730e+02
6.361201e+01
-6.808445e+02
2.324476e+02
1.349089e+02
1.407813e+02
3.481892e+02
-2.338658e+02
-7.795396e+01
7.183265e+00
4.224918e+01
2.458557e+02
2.807849e+02
2.805104e+02
2.294948e+02
-3.069331e+02
-1.476781e+02
3.833193e+02
4.234241e+02
-2.573458e+02
-9.024503e+01
3.080893e+02
3.793762e+01
8.827579e+01
2.231636e+01
8.136451e+01
-1.733420e+02
-1.225672e+01
4.621155e+01
-1.389259e+02
2.123257e+02
8.084270e+01
5.677409e+01
7.280457e+01
1.714812e+02
5.005751e+01
-5.584636e+01
7.213402e+01
5.872937e+01
6.919176e+01
-5.801696e+01
-6.656910e+01
-6.916654e+00
4.428915e+01
-2.704223e+01
7.970862e+01
-7.916133e+01
4.518779e+01
1.770070e+01
-1.038996e+02
3.640037e+01
-1.313275e+01
-2.557332e+01
7.652122e+01
7.214289e+01
2.160891e+01
-7.880547e+01
-5.979779e+00
4.201091e+01
2.141831e+00
6.344505e+01
1.213455e+01
-3.008406e+01
5.750127e+01
-1.880683e+00
1.502807e+01
6.121611e+01
-1.284229e+00
1.991654e+00
-2.055737e-01
2.896474e-01
8.042064e-02
-4.489228e-01
-4.192354e-01
-9.736202e-01
-2.657211e-01
-4.966587e-01
-1.130656e-02
-5.762533e-01
1.352244e-01
1.664165e-01
-2.492770e-01
2.821121e-01
7.998906e-02
-6.372707e-02
3.177131e-02
-2.755069e-01
-2.320654e-01
9.713477e-02
-1.614984e-02
-1.215377e-01
-1.668119e-01
-5.681182e-03
1.083834e-01
-7.203778e-02
-5.565033e-02
