-2.468194e-01
-3.569410e-01
1.426917e-01
5.148444e+01
1.993941e+02
-2.700225e+01
3.457622e-04
-1.101137e+05
-2.417428e+05
-1.799504e+05
-2.443247e+04
2.241418e+05
-2.027780e+05
1.199262e+05
-9.118397e+04
-1.298782e+05
2.327217e+04
-1.632519e+05
-1.215471e+04
6.903038e+04
-2.221732e+03
-9.253355e+03
-2.683465e+04
5.138732e+04
-3.488642e+03
1.704745e+04
-2.950105e+04
1.754249e+04
-1.149527e+04
-4.304895e+04
-1.765676e+04
-2.813053e+04
-2.841027e+04
-8.399807e+03
-4.552937e+03
-1.563663e+04
-5.365738e+03
-3.350091e+03
2.562945e+04
1.039437e+04
6.677272e+02
-4.643593e+03
-1.563444e+04
4.459243e+02
-4.113269e+03
4.665398e+03
1.524524e+04
2.392209e+03
-1.497186e+03
1.786432e+03
5.204912e+03
-5.241499e+03
1.813030e+03
1.306414e+02
5.582277e+02
-4.572120e+03
7.594760e+03
3.327792e+03
3.446406e+03
-8.035719e+03
-1.279453e+03
3.373276e+03
-2.377010e+03
2.270939e+03
-1.003741e+03
4.034595e+03
2.508221e+02
2.056272e+03
-4.842070e+03
4.715788e+03
-1.964285e+03
-8.485378e+02
-2.788806e+03
4.442946e+02
1.407907e+03
-3.126991e+02
6.515322e+02
-5.101920e+02
-2.460345e+03
1.033049e+03
6.237188e+02
-1.347189e+03
1.554946e+03
1.500065e+03
2.958751e+03
1.472031e+03
-1.522620e+03
-7.381658e+02
-8.139376e+02
-9.063451e+02
8.234583e+01
1.118686e+03
5.027409e+02
1.146307e+03
-1.682724e+03
-3.189783e+02
-8.838581e+01
-4.191267e+02
1.509823e+02
-7.221302e+02
3.244503e+02
5.528782e+02
2.235634e+02
-1.298277e+03
-4.957189e+02
1.999973e+02
3.855240e+02
1.313432e+03
3.788650e+02
1.268332e+03
-1.217873e+02
3.051432e+02
1.801461e+02
9.157388e+02
2.562937e+02
8.975802e+01
-3.472378e+02
-7.779700e+02
-5.980190e+02
3.935119e+02
4.268764e+02
3.835526e+02
-2.744858e+02
1.840351e+01
4.597906e+02
-3.130665e+02
-2.682564e+02
-2.359347e+02
-4.436140e+02
-1.253978e+02
3.647926e+02
7.719448e+02
-1.742015e+02
-1.886693e+02
-1.850412e+02
5.573508e+00
-1.230811e+02
-2.253051e+02
4.983577e+01
-2.997648e+02
-4.449849e+02
-7.550819e+00
2.641740e+02
1.867936e+02
2.289429e+01
8.552130e+01
1.209115e+02
-1.338850e+02
-5.032523e+00
2.836452e+02
1.517846e+02
1.772997e+02
-3.251174e+01
3.256963e+01
1.176926e+01
-3.043692e+01
7.218796e+01
1.197734e+02
9.848110e+01
-1.773638e+02
-7.645223e+00
2.716077e+01
1.409019e+02
-1.309088e+02
-1.538660e+02
-3.549421e+01
-1.506519e+01
9.151472e+01
-3.489096e+00
1.232013e+02
1.255397e+02
-3.661424e+01
5.426340e+01
9.559372e+01
4.587344e+01
-8.771584e+01
4.082480e+01
2.103536e+01
9.824222e+00
7.663865e+01
-3.505935e-01
1.669966e+02
-2.701690e+01
-5.013770e+01
7.902577e+01
-2.451981e+00
6.735963e+00
5.718492e+01
-7.534817e+01
-4.708575e-01
4.356304e+01
4.159726e+01
-4.534786e+00
5.343458e+01
-1.181810e+01
-1.851851e+01
1.171128e+01
-1.253306e+01
-3.446082e+01
1.158889e+01
3.029460e+00
-6.735181e+01
3.124453e+01
-2.339970e+01
4.727545e+01
1.620927e+01
-2.674496e+00
2.659355e+00
7.453434e-02
-1.192091e-02
-1.876811e-02
-3.562690e-01
-1.783686e-01
-6.557535e-01
1.011118e-01
-3.781871e-01
4.249701e-01
-1.281532e-01
2.275266e-01
2.543056e-01
-4.555494e-02
-1.287947e-01
4.625055e-02
-1.569466e-03
-5.103286e-02
2.255747e-01
4.822627e-02
9.046341e-02
9.268268e-02
-4.287243e-04
2.601548e-01
6.414595e-02
4.476064e-03
-3.263262e-02
-3.174445e-02
