-3.902400e-01
-8.187404e-01
2.887945e-01
5.034667e+01
2.006887e+02
-1.825919e+01
3.510099e-04
-1.638633e+05
-3.049512e+05
1.595494e+05
2.224131e+05
5.019780e+04
1.605583e+05
-1.798235e+05
-2.428772e+04
-2.162565e+05
1.282298e+04
-4.236412e+04
1.062010e+05
-1.566662e+05
-5.372933e+04
-2.449676e+04
1.980177e+04
1.030128e+05
2.287691e+04
-8.672798e+04
-1.163538e+04
1.075975e+04
-3.547341e+04
2.924045e+04
-7.791950e+04
5.377928e+04
1.007559e+04
-7.637846e+04
4.240388e+04
1.756969e+04
3.957824e+04
1.401049e+04
-1.484387e+04
-1.258690e+04
-7.068647e+03
-1.630513e+04
-2.650245e+04
2.237308e+03
1.839897e+04
3.999229e+02
-4.860242e+03
-2.520491e+03
-3.244700e+03
-6601
2.599028e+03
3.506640e+02
9.915420e+03
-1.557353e+03
-1.600035e+04
5.010290e+03
1.424569e+03
5.808250e+03
-6.232821e+03
-6.552479e+03
-1.272193e+04
-5.228707e+03
2.259158e+03
-7.215074e+03
5.147428e+03
6.883540e+03
5.744780e+03
6.934776e+03
-9.917367e+03
2.243757e+03
3.901949e+03
3.726322e+03
5.930248e+02
2.443119e+02
2.212683e+03
1.998157e+03
4.258902e+03
4.416159e+02
-6.384467e+03
-3.256303e+03
-1.071765e+03
5.437484e+02
-6.875389e+03
9.875411e+02
2.869707e+03
4.259252e+03
-8.781318e+02
3.803715e+02
-1.415129e+03
-5.963687e+02
3.946866e+02
-1.007986e+03
2.794385e+03
3.814040e+03
-2.948630e+03
1.551754e+03
3.000003e+03
1.858247e+03
6.936954e+02
-3.360821e+02
-2.304866e+03
-8.822399e+02
-4.422632e+02
-6.371759e+02
1.413013e+03
-1.910341e+02
2.163592e+03
-2.046079e+02
8.329466e+02
1.893756e+03
-5.446439e+00
2.683474e+03
2.643233e+01
9.502197e+02
-5.222442e+02
-7.745038e+02
2.511263e+02
-2.120347e+02
-3.958399e+02
6.458043e+02
-6.209243e+02
-3.044600e+02
-7.517063e+02
5.842642e+02
2.314126e+02
-4.656521e+02
-5.135344e+02
5.425391e+02
2.196674e+02
-4.770450e+02
3.517111e+02
1.417388e+02
6.486564e+02
7.470981e+02
-4.883877e+02
-1.408360e+02
7.042745e+02
-1.641423e+02
-4.437104e+01
2.885245e+02
-2.274742e+01
-3.173856e+01
-2.026756e+02
1.026684e+01
-5.989497e+01
2.444985e+02
-3.692933e+01
-2.662113e+02
2.843159e+02
3.873349e+02
1.693893e+02
-9.212223e+01
3.957100e+02
3.151389e+02
-1.394740e+02
7.804350e+01
1.342385e+02
2.715188e+02
-2.066674e+02
2.282110e+01
1.894453e+02
-7.603079e+01
1.748583e+02
1.733144e+02
1.920271e+02
-1.150377e+02
-3.198549e+01
4.108292e+01
1.290978e+02
1.413148e+01
6.415491e+01
1.528958e+02
-8.292277e+01
1.758763e+01
-7.872483e+01
-4.722518e+01
-1.114323e+02
-6.539142e+01
5.170570e+01
7.507229e+01
5.764747e+01
-5.589603e+01
-2.095127e+01
9.477414e+01
7.375513e+01
3.506942e+01
8.771825e+01
-8.804139e+00
-7.902867e+01
1.096060e+02
-2.103415e+01
-1.098713e+01
1.582088e+01
4.418758e+01
3.235491e+01
3.343170e+01
-4.004107e+01
-5.116585e+01
5.015097e+01
2.652862e+01
-4.467888e+00
-3.054885e+01
4.515192e+00
-2.969464e+01
1.910796e+01
3.139275e+01
-1.723841e+00
3.129835e+00
-1.129671e+00
3.242214e-01
2.275704e-01
-9.405583e-01
-5.053920e-01
-5.053968e-01
-7.380737e-02
-8.317348e-01
-2.583934e-01
-3.781518e-01
9.197630e-02
2.315006e-01
1.082870e-01
2.879369e-01
2.451097e-02
1.743216e-01
7.510049e-02
-2.896217e-01
7.168436e-02
6.484714e-02
4.062144e-02
-5.234363e-02
-1.899956e-01
2.929425e-03
1.702605e-01
-9.039024e-02
6.337137e-03
