-2.920671e-01
1.367078e+00
-3.515714e-01
5.461333e+01
1.834151e+02
-1.213248e+01
3.362391e-04
-1.714586e+05
-2.456243e+05
1.355191e+05
7.685643e+04
1.943891e+04
3.532585e+04
-2.102031e+04
-1.072787e+05
-3.269587e+05
4.227919e+04
-1.114747e+05
6.664213e+04
-5.656093e+03
-2.383075e+04
-2.298903e+04
-7.325438e+04
6.800528e+04
-1.153974e+04
-2.456465e+03
-3.633457e+04
2.968862e+04
-7.883088e+03
2.908667e+04
-5.014214e+04
5.022350e+04
-7.699271e+03
-4.209618e+04
2.086791e+04
6.375217e+03
2.710417e+04
4.581660e+03
8.673351e+03
7.911125e+03
1.137644e+04
-1.103315e+04
-1.059509e+04
-6.185380e+03
9.372714e+03
1.176293e+04
-3.270808e+03
7.354033e+03
-1.139148e+04
3.222941e+02
1.396649e+04
-1.207617e+03
1.455541e+04
-9.197343e+03
-4.051977e+03
3.508098e+03
5.393585e+03
8.136732e+03
-3.856774e+01
-5.145924e+03
-3.309875e+03
3.122426e+03
6.031194e+02
-9.272522e+02
1.069541e+03
4.238827e+03
4.178519e+03
6.517196e+03
-6.952043e+03
3.280391e+03
5.196362e+02
4.242269e+02
-9.924705e-01
2.065594e+03
9.746787e+02
-1.472083e+02
1.601220e+03
-4.613195e+01
-3.497062e+03
5.159346e+02
-2.450172e+03
2.084911e+03
-1.896726e+03
2.371451e+03
2.564090e+03
2.034112e+03
-8.180696e+02
-6.966653e+02
4.775835e+02
-1.153230e+03
6.725974e+02
6.690113e+02
2.314427e+03
2.414814e+03
-1.755779e+03
6.239202e+02
1.607072e+03
1.223066e+03
7.118618e+02
1.505159e+02
-7.250511e+02
1.382294e+02
-3.317826e+02
-1.489183e+03
1.029634e+03
1.099186e+02
1.012714e+03
3.782692e+02
1.008580e+03
1.719960e+03
-4.721754e+02
2.111439e+03
-1.543625e+02
1.183184e+03
1.320920e+02
-1.603678e+02
5.133074e+01
-5.435165e+02
-1.112032e+02
5.015621e+02
9.445827e+01
3.537621e+02
-3.940655e+02
3.752997e+02
5.190715e+02
-5.964385e+02
-7.659956e+00
3.178228e+02
6.663843e+00
-2.833778e+02
2.001208e+02
2.366066e+02
1.022241e+02
5.763864e+01
-5.998092e+02
-1.026362e+02
3.501663e+02
-1.720626e+02
1.258064e+02
1.086566e+02
-2.582912e+02
1.871493e+02
-2.394731e+01
1.901380e+02
-2.055649e+02
1.295635e+02
3.854286e+02
-7.189608e+01
3.310652e+01
3.059563e+02
2.084359e+01
8.879798e+01
1.696235e+02
2.140608e+02
-2.537930e+02
8.629428e+00
-5.588157e+01
2.046380e+02
-1.423747e+02
-2.521288e+02
5.129004e+01
-7.004410e+01
1.169925e+02
-5.087759e+01
5.825245e+01
-8.330197e+01
2.542761e+01
1.125476e+02
5.259752e+01
1.573807e+02
1.493888e+02
-2.048132e+01
-1.259388e+01
1.254191e+02
-3.376236e+01
-3.918758e+01
-7.802015e+01
-6.162258e+01
1.940260e+01
3.934960e+01
2.674920e+01
1.027072e+02
-2.274007e+01
2.105407e+01
2.272847e+01
7.116396e+01
1.567985e+02
1.772393e+01
-8.041941e+01
6.426000e+01
2.967688e+01
4.136355e+01
-5.792476e+01
6.066332e+01
-4.968968e+00
3.171223e+01
-5.356824e+01
-6.723238e+01
-1.373847e+01
1.053030e+01
3.669852e+00
-9.358590e+01
4.925738e+00
-8.877757e+00
4.739617e+01
2.942687e+01
-2.723002e+00
1.091082e+00
-8.196339e-01
1.202701e-01
1.094752e-02
-6.461492e-01
-1.390712e-01
-6.877498e-01
-1.577410e-01
-6.432389e-01
-6.151900e-02
-5.732426e-01
5.080217e-03
1.035264e-01
1.959091e-01
1.671487e-02
7.612182e-02
-2.359523e-02
-2.993671e-02
5.087615e-02
2.021656e-01
-6.476454e-02
1.563373e-01
-2.372667e-01
2.890238e-02
2.757418e-03
7.513772e-02
-7.989480e-02
-4.387219e-02
