-8.006808e-02
-1.189031e+00
-7.822643e-02
5.688889e+01
1.838945e+02
-1.512681e+01
3.621992e-04
-1.738779e+04
-5.581296e+05
1.186891e+05
-3.661420e+04
-8.911692e+04
-3.534430e+04
4.538490e+04
-4.974548e+04
-1.214244e+05
-2.711714e+03
-7.499549e+04
8.619270e+04
-4.042557e+04
2.197095e+04
-9.368902e+03
-6.850668e+04
3.938484e+04
4.603896e+03
-5.226663e+03
-6.858149e+04
-9.833696e+03
-1.166870e+04
1.366258e+04
-7.959779e+04
-1.520225e+04
-2.225499e+04
-4.880164e+04
8.076036e+03
-3.804596e+03
5.692278e+02
-8.525647e+03
3.744349e+04
-1.204517e+04
2.644271e+04
-2.516955e+03
-2.586718e+04
1.042896e+03
1.895564e+04
9.670469e+03
-5.203664e+03
1.213855e+04
-8.744745e+03
-4.502303e+03
7.651860e+03
-6.273494e+03
1.714507e+03
-1.152743e+04
-4.313902e+03
-2.339250e+03
7.017825e+02
6.685051e+03
1.484887e+03
-1.187260e+04
-2.431517e+03
1.048412e+03
-6.707620e+03
-6.673176e+02
-8.934292e+02
7.705975e+03
1.905336e+03
2.764757e+02
-6.631976e+03
3.947001e+03
-6.522355e+02
-1.002922e+03
-2.105584e+03
3.435177e+03
3.572702e+03
2.540671e+03
5.556705e+03
3.387962e+03
-2.874887e+03
7.333048e+02
-1.014860e+02
-2.792483e+01
-1.324888e+03
1.581110e+03
1.793853e+03
4.686962e+03
-3.613663e+02
-8.914500e+02
-5.527016e+02
-1.636560e+03
7.866296e+01
1.276364e+02
2.526871e+03
2.673476e+03
-1.464619e+03
7.542254e+02
8.726973e+02
3.787855e+02
9.376999e+02
-2.216238e+02
5.810101e+02
-7.675503e+01
1.210580e+02
-9.443611e+02
-1.637761e+02
2.419864e+02
2.432408e+03
1.419919e+02
5.716434e+02
1.382427e+03
-5.310016e+02
1.922632e+03
2.453336e+02
9.970427e+02
-2.211296e+02
3.588245e+02
-3.083102e+02
-5.495397e+02
-3.122975e+02
-1.086104e+01
1.131757e+02
-2.588740e+02
-2.377950e+02
3.570041e+02
3.526424e+01
-2.739656e+02
-2.606560e+02
4.215961e+02
-2.644910e+02
-7.682352e+02
4.990327e+02
5.132613e+02
2.226360e+02
2.698217e+02
-1.229412e+02
1.036900e+02
2.783260e+02
-3.291099e+02
-5.078781e+00
-4.602081e+01
-1.115673e+02
4.953713e+02
-6.367705e+01
-6.178112e+01
-1.521978e+02
7.041418e+01
4.235331e+02
-6.564085e+01
1.568648e+02
4.773387e+02
-2.076550e+02
8.367035e+01
2.304424e+02
1.202218e+02
-2.232567e+02
-1.328884e+02
2.832201e+01
1.516143e+02
-1.354373e+02
-3.065468e+02
5.203373e+01
-4.182133e+01
3.157346e+02
-8.584868e+01
1.121243e+02
-7.479646e+01
3.754850e+01
-2.644172e+01
1.427242e+02
1.461750e+02
1.572755e+02
7.291629e+01
-4.274940e+01
2.643753e+00
2.152972e+02
-6.863467e+01
-2.987651e+01
-1.989968e+01
-5.552091e+01
8.312441e+01
-1.889038e+00
1.592629e+02
-2.260809e+00
1.803611e+00
6.059084e+01
2.018215e+01
1.111355e+02
1.084096e+01
-5.177663e-02
7.385428e+01
2.817032e+01
7.188636e+01
-7.838016e+01
6.297691e+01
2.248737e+01
1.981898e+01
-4.966908e+01
-1.036385e+02
1.493990e+01
-7.664302e+00
-1.019701e+01
-9.576411e+01
-2.204549e+00
-3.440369e+01
6.257068e+01
1.526760e+01
-2.092607e+00
4.601520e+00
-9.593127e-01
1.010143e+00
6.034137e-02
-5.297192e-01
1.151476e-01
-5.079345e-01
7.410793e-03
-8.236962e-01
-4.370674e-01
-3.813263e-01
-3.896330e-02
1.757078e-01
5.320805e-02
-1.529743e-02
-1.592156e-02
1.213823e-01
1.262289e-01
2.227247e-02
2.402262e-01
-2.417715e-02
1.023987e-01
-2.967870e-02
1.819825e-01
8.397851e-02
-2.743886e-02
-1.484117e-01
2.408267e-02
