7.823202e-02
-9.130071e-01
1.179206e-01
5.290667e+01
1.704882e+02
-2.071587e+01
3.481071e-04
-3.165057e+04
-9.756087e+04
-2.584718e+05
-3.922820e+04
-1.827404e+04
4.096491e+04
6.030399e+04
-5.975837e+04
-1.237950e+05
-3.329177e+04
-4.505302e+04
7.550145e+04
4.318658e+04
-5.136573e+02
8.376004e+03
7.788755e+02
1.605233e+04
1.334036e+04
4.429530e+04
-3.171680e+04
5.500375e+03
-2.118042e+04
-2.041886e+03
-9.797668e+01
1.227873e+04
-9.751220e+03
-9.837565e+03
1.236138e+04
-2.087890e+03
-2.226078e+03
-8.161105e+03
1.120574e+04
-2.353959e+03
-1.785501e+04
-9.428720e+03
-6.868535e+02
2.962541e+03
6.113464e+03
-1.065749e+04
7.068440e+03
8.725886e+03
-5.469822e+03
-1.517443e+03
2.517631e+03
3.583236e+03
-1.904517e+03
1.537362e+03
3.279616e+02
5.340951e+03
2.819314e+03
7.441424e+03
9.747876e+02
-6.890236e+03
-1.849296e+03
1.624069e+03
-2.206105e+03
-3.657333e+03
5.664323e+02
2.629395e+03
3.693829e+03
-1.250619e+03
-8.098401e+02
2.036695e+03
-1.890277e+03
-2.665507e+03
-1.046249e+03
2.939525e+03
3.128004e+02
-9.019938e+02
3.644027e+02
1.990669e+02
-3.262840e+03
5.620043e+02
2.992072e+02
1.092465e+03
8.624794e+02
1.349997e+03
3.048219e+03
4.064502e+02
-2.348704e+03
7.178407e+02
-6.409643e+02
6.029539e+01
-3.570267e+02
1.229755e+03
8.581860e+02
9.814874e+02
-1.684490e+03
-1.277417e+02
8.648348e+02
2.023867e+02
1.810794e+02
2.610913e+02
-6.996970e+02
3.353782e+02
7.098080e+02
-1.365304e+03
2.305820e+02
-3.391667e+02
3.634740e+02
9.173850e+02
1.143015e+02
1.253431e+03
6.506770e+01
4.444357e+02
-1.315778e+02
9.920848e+02
3.429853e+02
-9.261723e+01
4.163552e+02
-5.572474e+02
-3.425173e+01
3.543965e+02
1.792179e+02
3.553345e+02
-1.677530e+02
1.132624e+02
1.416957e+02
-2.796115e+02
2.845098e+02
1.970352e+01
-1.097982e+02
1.382650e+02
3.768101e+02
3.757661e+02
-4.250283e+01
1.104780e+02
-2.359930e+02
1.789777e+02
2.383346e+02
-1.678139e+02
9.444275e+01
-1.433841e+02
-1.896418e+02
1.345624e+02
3.472882e+01
2.022912e+02
7.082362e+01
-5.431683e+01
-9.865475e+00
-1.383022e+02
-4.969275e+00
-2.425255e+01
2.502978e+01
1.962031e+02
1.153806e+02
-9.506704e+01
-1.705766e+02
-6.657711e+01
1.427884e+02
5.416969e+01
-1.354590e+01
-2.326793e+02
8.564574e+01
8.481739e+01
4.479889e+01
-5.526278e+01
-8.105272e+01
-5.953971e+01
1.151963e+01
1.173208e+02
-1.742714e+01
9.120004e+01
1.100161e+02
-4.435253e+01
3.254988e+01
1.076694e+02
5.130887e+01
-5.219804e+01
2.654442e+01
2.474327e+01
-4.605029e+01
5.161671e+01
-3.838160e+01
5.876340e+01
4.163411e+01
2.254774e+00
6.002014e+01
-3.685958e+01
1.508073e+01
1.300383e+01
-7.059238e+01
2.436326e+01
6.319231e+01
1.036055e+01
-4.840740e+01
1.435395e+01
7.990551e+00
-7.367150e+00
2.195858e+01
1.810439e+01
-1.785304e+01
-2.960464e+00
2.139037e+00
-3.693498e+01
3.969518e+01
3.411042e+01
1.562324e+01
3.204375e+01
-1.707256e+00
1.472766e+00
-3.371592e-01
5.394257e-01
-6.783886e-02
3.759793e-02
1.323385e-01
-6.136536e-01
-1.536526e-01
-2.844822e-01
6.003488e-02
-2.231563e-02
-5.040986e-02
3.471012e-02
-9.000239e-03
-3.977165e-02
-3.675607e-03
-4.780524e-02
-7.379670e-03
8.512170e-02
-4.724794e-02
1.247594e-01
1.026495e-01
-8.345085e-02
7.881286e-02
1.307806e-02
-1.790212e-02
-2.759639e-02
-8.910035e-02
