-1.774555e-01
-1.325226e+00
1.441077e-01
5.518222e+01
1.774695e+02
-1.218029e+01
3.497988e-04
9.236006e+04
-1.563662e+05
1.490471e+04
1.189100e+05
-2.462520e+05
2.465748e+04
-2.988782e+04
7.983437e+04
-4.399958e+04
-1.337473e+04
9.117167e+03
3.025176e+04
-5.752531e+04
-4.493660e+04
-2.589529e+04
5.901921e+04
-1.950568e+04
2.132206e+03
-5.300389e+04
-6.498292e+03
-3.028452e+04
-4.441661e+04
3.691309e+04
-4.295315e+04
-1.782989e+04
-1.438716e+04
-3.357468e+04
3.559721e+04
1.368652e+04
1.355329e+04
2.265424e+03
-2.255489e+03
-1.010615e+04
6.327664e+03
2.020793e+04
-1.146582e+04
3.614523e+03
3.907036e+03
-1.886500e+03
-1.372174e+03
2.122901e+03
9.229404e+03
-3.236625e+03
2.038074e+03
5.648477e+03
8.097849e+02
-1.545449e+03
-5.448607e+03
4.431931e+03
-5.076526e+03
6.519662e+03
-3.106533e+03
-6.916218e+03
6.469023e+02
-3.615750e+03
-1.732073e+03
-8.724765e+03
7.512973e+03
4.678711e+03
4.088754e+03
-4.968366e+03
-3.575759e+03
3.334663e+03
4.720253e+03
7.546222e+02
-3.151649e+03
6.883134e+02
6.472148e+02
3.066548e+03
4.915587e+03
3.548688e+03
-2.876957e+03
-2.634277e+03
1.534687e+03
1.213244e+03
-9.493596e+02
4.071765e+02
2.808597e+03
1.943932e+03
-1.082652e+03
-1.554867e+02
-5.474658e+02
-3.748995e+02
4.317982e+02
-1.583755e+03
2.421997e+03
1.524819e+03
-2.214781e+03
1.559437e+03
-4.523617e+02
8.301516e+02
3.684587e+02
-3.502770e+02
-6.379798e+02
3.944159e+02
5.453608e+02
-2.353343e+01
1.911946e+02
4.843583e+02
8.431331e+02
-7.306863e+02
-5.067228e+02
8.618264e+02
-5.206104e+02
1.287293e+03
-6.774528e+02
1.227817e+03
-5.111316e+02
-1.320039e+02
-5.658323e+01
5.357403e+01
5.083846e+02
1.668220e+02
-7.950149e+02
-1.029836e+03
-1.305136e+02
4.461131e+02
-9.571043e+01
-2.628339e+02
5.256315e+01
6.102797e+02
1.285401e+02
-6.785076e+01
3.213604e+02
6.359219e+02
6.720499e+02
4.756314e+02
2.626031e+01
1.044071e+02
3.169375e+02
4.299736e+01
1.464857e+02
5.127401e+01
-8.199570e+01
1.514645e+02
-4.134588e+01
-1.031040e+02
8.546729e+01
2.385820e+02
1.149621e+01
-2.342220e+02
2.899105e+02
3.847121e+01
-7.775816e+01
-2.962470e+01
3.634581e+02
3.356184e+02
-2.361114e+02
-1.159165e+02
2.160178e+02
2.136055e+02
-2.363060e+02
-9.477167e+01
9.242447e+01
9.786411e+01
1.438929e+02
1.268067e+02
1.551918e+02
-1.147300e+02
-1.262541e+02
-2.448091e+01
2.369625e+02
4.007944e+01
-1.539933e+01
6.370308e+01
-1.421591e+02
-3.619200e+01
8.691989e+01
-1.158976e+02
-6.848817e+01
-6.755115e+01
-1.926794e+01
4.188477e+01
-3.196364e+01
5.344501e+01
1.320215e+01
1.430173e+02
4.806502e+01
-6.906039e+01
-5.846644e+01
-2.767307e+01
4.432803e+01
4.028747e+01
-3.462183e+01
1.636773e+01
2.162673e+00
8.070570e+01
3.795226e+01
-2.356782e+01
9.480890e+00
-5.084066e+01
1.021557e+01
-1.605910e+01
-8.938006e+00
-3.940189e+00
-2.713964e+00
7.048697e+00
3.112262e+01
1.063029e+00
1.141917e+00
1.839622e+00
3.110007e-01
-1.095716e-02
-1.003781e-01
4.289884e-02
1.190214e-01
-3.285487e-01
1.884937e-01
-8.992834e-01
-7.358157e-01
-4.684188e-01
1.467337e-01
1.469582e-01
-2.759059e-01
2.394270e-02
2.856294e-02
1.145939e-01
1.390198e-01
-3.056844e-01
6.155618e-02
-1.008304e-02
1.255731e-01
1.128270e-01
-2.427707e-01
3.675743e-03
2.144964e-02
-1.302341e-01
2.993882e-02
