-2.421397e-01
3.192517e-01
1.877476e-01
5.120000e+01
1.993411e+02
-2.239022e+01
3.281294e-04
-2.770122e+05
-2.319428e+05
2.139878e+05
-1.412162e+05
8.768964e+04
1.992725e+05
-2.769168e+05
1.252085e+05
-1.465693e+05
7.209390e+04
9.484754e+04
1.327785e+05
-3.458726e+04
-7.343234e+04
-7.951068e+03
-3.300781e+04
-1.740513e+04
-1.974710e+04
-2.119247e+04
2.227272e+04
-1.720004e+04
3.452591e+03
4.814060e+02
-6.422489e+04
6.246275e+03
-2.279646e+04
-1.830309e+04
1.609199e+04
2.113459e+04
1.195018e+04
1.823962e+04
-8.544746e+03
1.180952e+04
-1.865805e+03
-3.586900e+04
-8.181329e+03
-9.885746e+03
1.802729e+04
2.347723e+03
2.913059e+03
2.904708e+03
-2.336318e+04
-1.252502e+03
1.114503e+03
-6.228326e+03
6.607096e+03
-5.532467e+03
1.001866e+03
9.946685e+03
2.183055e+03
1.237886e+04
1.917662e+03
-2.530658e+03
-8.853520e+03
2.731646e+03
-1.002794e+02
2.484141e+02
3.563573e+01
4.171413e+03
4.885468e+03
1.331825e+04
-7.456728e+03
-3.873209e+02
5.698879e+03
3.354663e+03
3.621717e+03
-5.822155e+02
-1.150672e+03
-2.594194e+02
-1.372194e+02
-3.072160e+02
-5.488270e+03
6.470075e+02
-1.999387e+03
-4.817162e+02
-3.957176e+03
3.555796e+02
1.870465e+03
1.327358e+03
1.464161e+02
-6.424086e+02
9.780431e+02
1.957034e+01
1.514143e+03
9.597441e+02
3.090403e+03
2.041340e+03
-3.800261e+02
6.197625e+02
1.742721e+03
-4.869799e+02
4.384745e+02
2.931338e+02
-1.188850e+03
-3.378869e+02
8.936491e+02
-2.379357e+03
1.617009e+03
-4.687350e+02
6.281430e+02
6.911241e+02
1.798017e+03
1.267310e+03
-7.792847e+00
2.458789e+03
-9.171043e+01
1.286297e+02
-4.627777e+02
-2.128259e+02
-5.995418e+01
-5.729756e+02
-1.069094e+03
6.744611e+02
7.793230e+01
3.538136e+02
-3.371600e+02
2.732603e+02
7.765744e+02
-5.637689e+02
1.831884e+02
-3.781672e+01
-3.973113e+02
-3.414697e+02
1.949511e+02
-6.791728e+01
-1.275894e+02
6.709301e+01
-6.873066e+02
-3.531718e+02
7.514339e+02
-2.338712e+02
1.442977e+02
1.593815e+02
-8.757561e+01
-9.873266e+01
1.711290e+02
3.749431e+02
-2.480191e+02
1.342309e+02
1.143854e+02
-3.826765e+02
-8.894512e+01
2.423462e+02
2.845062e+02
8.704671e+01
1.554252e+02
7.748538e+01
-1.863981e+02
1.085185e+02
-1.419705e+02
-9.400674e+00
-1.406556e+02
4.230252e+01
1.152765e+02
-3.215559e+01
-9.627625e+01
4.398691e+01
-1.719688e+02
6.925524e+01
2.139825e+00
2.720168e+02
-2.814397e+02
9.672238e+01
2.086581e+01
1.490911e+02
2.990559e+02
-4.615601e+01
-1.190864e+02
-2.173485e+01
-2.960519e+01
1.759918e+01
-7.688734e+01
-1.978384e+01
7.273580e+01
5.455637e+01
-2.000592e+01
-8.860416e+01
7.842870e+01
2.359128e+01
2.343402e+02
1.343411e+02
-1.468783e+02
1.065766e+01
6.691738e+01
8.142838e+01
-5.600630e+01
6.277703e+00
3.095987e-01
2.046603e+01
-7.365473e+01
-1.684568e+00
-6.755669e+01
4.088602e+01
-1.077083e+01
-7.639862e+01
3.994300e+01
-3.475646e+01
2.952467e+01
1.106515e+01
-3.687479e+00
1.652056e-01
-3.456753e-01
1.827629e+00
6.251957e-01
-2.762126e-01
-6.556054e-01
-8.053529e-01
2.299524e-01
1.165348e-01
1.321994e-01
-3.554684e-01
-9.206323e-02
7.227985e-02
3.252828e-01
-1.309090e-01
-8.186601e-02
-5.599933e-02
4.580953e-02
-7.863271e-02
7.725231e-02
1.617481e-01
-1.747909e-01
-2.520437e-01
2.435647e-01
6.672786e-02
-1.296600e-01
-6.949160e-03
-1.967205e-02
