-1.234012e-01
-9.020807e-01
2.747736e-01
5.063111e+01
1.783409e+02
-1.920582e+01
3.508460e-04
-7.950475e+04
-9.582088e+04
-8.599021e+04
4.446396e+05
1.496100e+05
5.192194e+04
-8.923588e+04
2.828702e+04
1.952849e+04
6.965538e+04
-5.044440e+04
-4.132958e+04
2.432480e+04
-6.648052e+04
2.713515e+04
1.021997e+05
-4.219250e+04
3.478789e+04
-7.807224e+03
6.225749e+04
-3.341517e+03
-2.309132e+04
4.479159e+04
-6.240467e+04
3.163385e+04
9.704529e+03
-1.622980e+04
3.602047e+04
1.381203e+04
3.780627e+04
-6.173230e+03
-2.260224e+04
-1.209664e+04
-2.254094e+04
1.464180e+03
-1.515753e+04
9.958774e+03
1.676466e+04
-1.528451e+04
-7.752815e+03
5.647532e+02
5.262193e+03
-5.025903e+03
-8.973712e+03
2.651817e+02
3.731803e+03
2.062208e+03
-6.665395e+03
7.400946e+03
6.717471e+02
8.602693e+03
-7.352110e+02
-8.594878e+03
1.764352e+03
-2.715844e+03
9.413318e+02
-5.304804e+03
2.627218e+03
2.423784e+03
3.958198e+03
-2.412034e+03
-3.020384e+03
1.931794e+03
5.588860e+03
2.315474e+03
-4.384812e+03
-2.447897e+02
-2.203864e+03
-7.602294e+01
-1.130804e+03
8.564955e+02
-4.104576e+03
-8.128050e+02
4.662029e+02
-7.132138e+02
-4.725175e+02
-1.019979e+03
5.090980e+03
-3.925244e+02
-3.210300e+03
9.498705e+02
-7.019437e+02
-8.259014e+02
-4.202312e+02
-9.935327e+02
2.448576e+03
1.314774e+03
-3.056331e+03
3.665251e+02
-5.905811e+02
1.038751e+03
-7.693167e+02
9.990971e+01
-1.074176e+03
-4.318366e+02
-2.632371e+02
-1.460347e+03
5.907540e+02
-7.730923e+01
-3.387690e+02
3.552847e+02
-2.297101e+02
9.299500e+02
-1.428368e+03
1.722583e+03
-4.522335e+02
1.101916e+03
-4.635327e+02
-1.142996e+03
-2.294962e+01
-3.635211e+02
-2.418973e+02
3.878992e+02
-5.864927e+02
-5.907148e+02
-7.491057e+02
3.468113e+02
4.857898e+02
-2.969553e+02
1.436488e+01
8.033607e+01
-3.398092e+01
1.897670e+02
6.848801e+02
2.891539e+02
3.767943e+02
4.791494e+02
-4.190807e+02
1.067017e+02
9.234734e+02
-1.373021e+02
-6.089836e+01
3.716002e+02
-1.297266e+02
-5.475009e+02
1.667720e+02
1.659763e+00
1.717152e+02
3.492782e+02
-1.758507e+02
-2.966598e+02
1.880858e+02
-1.024048e+02
9.490364e+01
9.059290e+01
5.653157e+02
1.200536e+02
-3.398766e+02
-9.679819e+01
3.394222e+02
1.449968e+02
-2.255121e+02
-1.781668e+01
7.293968e+01
3.811071e+01
1.005463e+02
8.678379e+01
1.337205e+02
-6.726321e+01
-1.243262e+01
3.151703e+01
8.791936e+01
1.317119e+02
4.494243e+01
3.112609e+01
-1.266959e+01
2.450452e+01
-4.260340e+01
2.350116e+01
1.832649e+01
-7.955389e+00
3.786058e-02
3.080228e+01
-1.356125e+01
-3.020336e+01
9.708942e+01
9.005135e+00
7.294363e+01
-5.225689e+01
3.622194e+00
-2.188937e+01
-4.056676e+01
-5.784950e+00
4.736515e+00
-5.101382e+00
8.169171e+00
6.515427e+01
-2.444397e+01
-3.839989e+01
1.574672e+01
-6.785075e+00
2.127451e+00
1.652153e+01
-5.057871e-01
-8.393286e+00
4.576242e+01
6.290576e+00
3.600904e+01
3.183688e+01
-7.346189e-01
1.693541e+00
-1.929925e-01
6.716233e-01
4.999563e-02
5.279806e-02
-7.688938e-02
-1.054674e+00
1.449452e-02
-4.962816e-01
-4.202348e-01
-5.568158e-01
2.843115e-01
2.057729e-01
-3.858035e-01
1.114179e-01
4.653403e-03
2.058872e-02
6.088650e-02
-2.731049e-01
-1.689758e-01
8.094276e-02
-8.295002e-02
-3.151598e-02
-2.635989e-01
-4.504250e-02
5.682138e-02
-9.669098e-02
-7.194852e-02
