-2.192417e-01
1.181781e+00
-2.213432e-01
5.262222e+01
1.814967e+02
-1.355359e+01
3.367939e-04
-2.819932e+05
-2.436032e+05
8.031984e+04
-1.184764e+05
1.561173e+04
-2.605180e+04
-1.294509e+05
1.468797e+05
-2.484804e+05
9.773334e+04
3.112743e+04
4.770280e+04
-2.646735e+04
-2.194119e+04
-6.149970e+04
6.778289e+04
2.638141e+04
1.461661e+04
-3.154507e+04
3.666504e+04
-5.010220e+03
-6.027906e+03
-3.479362e+03
-4.403163e+04
8.196775e+03
-1.248088e+04
-3.583545e+04
2.401007e+04
7.811957e+03
2.115793e+04
-7.308977e+03
-1.521482e+04
-3.150428e+03
-9.324757e+03
-2.903917e+04
-1.045038e+04
-5.245841e+02
1.415122e+04
-1.666119e+04
1.016183e+04
2.513132e+03
-4.272843e+03
-2.712202e+03
1.313177e+04
-1.720456e+03
1.005486e+02
-2.476787e+03
-1.226556e+04
1.206736e+04
1.177139e+03
1.024142e+04
1.837218e+02
-1.233056e+04
-2.036228e+03
3.645089e+02
-4.898729e+03
-4.974298e+03
2.092955e+03
4.081565e+03
4.754199e+03
9.829571e+03
-4.488743e+03
7.906511e+02
3.345686e+03
3.086608e+03
4.234454e+02
-6.745256e+02
3.633950e+02
1.127656e+03
2.499995e+03
-1.173911e+03
-6.930346e+03
1.324004e+02
-1.893844e+03
-2.355195e+02
-1.875718e+03
7.524804e+02
4.836418e+03
6.592878e+02
-2.297123e+03
-4.204850e+02
-1.271717e+03
1.161884e+02
1.763280e+02
-5.535938e+02
1.200903e+03
2.952863e+03
-1.729732e+03
2.962208e+02
1.920419e+03
8.579509e+02
-3.819592e+02
4.092643e+02
-1.051913e+03
-6.479574e+02
2.857891e+02
-1.407984e+03
1.339461e+03
-9.732781e+02
6.641937e+02
4.787888e+02
4.858096e+02
1.490276e+03
-2.763988e+01
2.186634e+03
-5.391128e+01
1.191014e+03
4.611680e+02
-8.120934e+02
-5.005575e+01
-9.503134e+02
-5.177084e+02
1.277982e+02
-2.572578e+02
3.206417e+02
-7.401206e+02
3.718750e+02
7.582924e+02
-6.207144e+02
-8.626480e+01
-3.992527e+02
1.275800e+02
-2.486816e+02
2.243597e+02
2.071964e+02
-8.873702e+01
3.907973e+02
-6.081071e+02
2.511989e+02
6.954534e+02
-3.886705e+02
1.198145e+02
2.564337e+02
-7.851767e+01
-1.359207e+02
2.241054e+01
1.057968e+02
2.653782e+01
3.363528e+01
1.392734e+02
-2.476252e+02
-1.381539e+01
8.105460e+01
3.434186e+02
3.377317e+02
1.715401e+02
-6.007832e+01
-1.785289e+02
5.250063e+01
7.136738e+01
2.916450e+02
-1.274931e+02
-2.005104e+02
3.537984e+02
6.365339e+01
6.411530e+01
1.019009e+02
-8.614052e+01
1.075174e+01
7.633614e+01
6.940682e+01
-2.124428e+02
1.379526e+02
1.046166e+02
1.435433e+02
1.529403e+02
8.928922e+01
-4.821251e+01
-5.727811e+01
3.904778e+01
6.140368e+01
6.430075e+00
-2.448714e+01
-1.932150e+01
-1.921747e+01
2.022499e+01
1.122302e+01
1.203379e+02
-3.377712e+01
8.666654e+01
1.879511e+01
-1.627980e+02
-2.108917e+01
2.282717e+01
1.701695e+01
-1.122577e+01
7.923446e+00
-5.881078e+01
-1.777632e+01
-2.501449e+01
5.666067e+01
5.331046e+00
7.542097e+01
-4.489351e+00
-6.129265e+01
4.937567e+01
-7.389634e+01
1.866607e+01
5.228948e+01
-3.324283e+00
2.414880e+00
7.449231e-02
4.367937e-01
4.748238e-02
-3.088503e-01
-3.693303e-01
-7.084256e-01
-2.888032e-01
-3.909583e-01
4.943819e-01
-6.333023e-01
-4.358894e-02
-1.737673e-02
1.326075e-01
2.173501e-01
6.799541e-02
-9.154346e-03
-8.186164e-02
-2.067757e-01
-2.866595e-01
1.852097e-01
-1.227675e-01
-9.484059e-02
-4.967925e-02
-2.053672e-02
3.924426e-02
-1.514222e-01
-7.544048e-02
