-4.762979e-01
-7.767953e-01
-3.595573e-01
4.920889e+01
1.982487e+02
-1.898677e+01
3.298118e-04
1.700626e+05
-1.776736e+05
-8.358715e+05
3.121015e+04
-3.937713e+04
2.023982e+04
7.887781e+04
-1.989613e+05
-4.030055e+04
1.635480e+04
-9.183268e+04
1.003995e+05
1.337993e+05
-4.648814e+04
-4.428094e+04
3.885719e+04
7.508266e+04
-8.239184e+03
4.243852e+04
1.207444e+04
1.456121e+04
-2.513527e+04
-2.720889e+04
8.351422e+03
-1.533069e+04
-2.088325e+04
-8.434480e+03
2.866857e+03
-4.905227e+03
-3.075424e+04
-1.636297e+03
1.430429e+04
-7.184438e+02
-3.854989e+03
-2.545006e+03
3.889452e+03
1.310435e+04
1.581061e+03
-2.118214e+03
2.003234e+04
4.616233e+03
9.433265e+03
-1.375721e+03
-1.770360e+03
-3.247947e+03
-7.535306e+03
6.625221e+03
8.973114e+03
-2.620826e+03
4.341009e+03
8.535693e+02
5.667854e+03
1.411969e+03
-2.361352e+03
1.892970e+02
2.907604e+03
1.202584e+03
2.487073e+03
5.911266e+03
-1.294241e+03
-5.539425e+03
-4.123350e+03
8.643919e+02
-7.723717e+02
-2.051015e+03
-3.289417e+03
8.557207e+02
3.561386e+02
-1.356616e+03
-3.407553e+03
1.299827e+03
-1.321554e+03
-1.170770e+03
1.482876e+03
-9.275320e+02
3.282690e+02
-1.444559e+02
1.427556e+03
5.666231e+02
4.772477e+02
-4.533225e+02
-1.028711e+03
-3.307797e+02
-2.624110e+02
-2.521550e+02
-7.753644e+02
-3.148885e+02
-1.950242e+03
3.526890e+02
7.940561e+01
7.592529e+02
-2.242759e+02
-5.325118e+02
2.969960e+02
2.104131e+02
9.239799e+02
8.976035e+02
-1.381714e+03
-1.894097e+02
3.808557e+02
5.038932e+02
-5.518797e+02
3.428968e+02
-4.645318e+02
-5.926427e+02
-2.730273e+02
-5.569219e+01
-1.473334e+02
7.515723e+02
6.007097e+02
-8.345065e+01
-1.888038e+02
-1.567566e+02
6.363287e+01
-2.071438e+02
3.560842e+02
-5.954378e+02
-2.682287e+01
-1.349561e+02
1.102714e+02
1.289783e+02
-1.739955e+02
2.041201e+02
2.785541e+02
7.449547e+02
2.289353e+01
2.820835e+02
1.681812e+02
-1.179166e+01
-3.006660e+02
-1.925299e+02
1.249968e+02
-6.083130e+02
-3.456200e+01
2.094168e+02
1.322191e+02
5.243962e+01
2.776133e+02
-2.346794e+01
1.579019e+02
-9.001332e+01
9.167460e+01
9.476413e+01
1.158064e+02
-7.914424e+01
1.554374e+02
2.292204e+01
3.441027e-01
7.430937e+01
1.984581e+02
5.007584e+00
1.863377e+02
-1.545015e+02
-1.187464e+02
-1.474698e+01
1.044349e+02
2.501330e+01
-1.973756e+01
-1.160945e+02
-1.427707e+02
7.188705e+01
6.317153e+01
-4.796811e+01
-2.450958e+01
-3.019413e+01
-5.140588e+01
-4.599027e+01
5.921598e+01
-5.227000e+01
4.548463e+01
-1.394899e+01
-7.582448e+01
1.167544e+02
-4.523425e+01
5.137203e+01
2.801362e+01
6.483248e+01
6.805807e+01
-8.699161e+01
-3.753580e+01
6.071399e+01
-3.271748e+01
-2.505710e+00
5.509213e+01
-3.281307e+00
-2.679636e+01
1.099175e+02
5.403647e+01
-1.543927e+01
4.109224e+01
-2.096861e+01
-1.097240e+01
-6.745841e+01
-5.588708e+00
-1.718988e+00
2.019555e+01
2.604325e+01
2.849533e+01
-1.409495e+01
-1.019625e+00
2.722679e+00
-7.376717e-01
-2.207466e-01
5.414522e-01
-5.698585e-02
1.077347e-01
-3.846801e-01
6.992837e-02
-3.081539e-01
-2.121149e-01
3.069518e-01
-2.825730e-01
7.099365e-02
-1.071675e-01
-1.541313e-01
-2.185297e-02
1.460526e-02
-6.152694e-02
1.595913e-01
2.799559e-02
-4.157396e-02
1.272732e-01
3.263268e-02
1.087180e-01
5.762600e-02
-1.189469e-01
-2.960989e-02
1.309079e-01
