-4.737685e-01
9.681840e-01
-2.052031e-01
5.518222e+01
2.047001e+02
-1.288098e+01
3.492290e-04
-8.320194e+04
4.239205e+04
1.872520e+05
-1.336075e+05
-4.205264e+04
4.797286e+05
-2.056458e+05
1.175599e+05
-5.518032e+04
2.015677e+04
1.064866e+05
1.328735e+05
-1.286036e+05
-2.539562e+04
9.034236e+04
-1.639187e+04
-1.877158e+03
-2.431842e+04
-4.891930e+04
-4.708609e+04
1.709936e+04
1.660245e+03
2.399935e+04
-6.020239e+04
-3.129693e+04
-5.789431e+03
-2.262352e+04
6.932670e+04
5.616933e+03
-1.884849e+03
1.814951e+04
2.018206e+04
-8.826813e+03
3.128732e+04
-1.341361e+04
5.192526e+03
-2.126840e+04
9.887919e+03
1.900121e+04
6.941253e+03
1.013670e+04
-2.204445e+04
-1.437929e+04
2.092187e+03
5.130097e+03
1.855213e+04
6.869141e+02
2.568731e+03
1.013775e+04
1.088797e+03
8.234720e+03
-8.745612e+03
2.926986e+03
-3.672735e+03
-1.085100e+03
1.002882e+03
-3.973657e+03
4.490956e+03
2.281453e+02
5.897168e+03
7.174227e+03
4.903730e+02
-4.388885e+01
5.958366e+03
4.329086e+03
6.431910e+03
3.225041e+03
8.166028e+02
-1.243171e+03
5.001723e+03
1.540540e+03
-7.365819e+03
-2.071144e+03
-3.672554e+03
6.301209e+02
-5.409801e+03
-6.520173e+02
-8.577156e+02
3.271945e+03
-7.701133e+02
2.450481e+03
1.388136e+03
-1.008599e+03
2.105634e+03
4.189438e+02
4.441341e+03
6.484118e+02
4.220891e+02
2.800919e+03
4.292688e+03
1.776020e+03
-4.055565e+02
1.446764e+03
-1.837462e+03
-1.146205e+03
-1.206187e+03
-7.580413e+02
9.954343e+02
-3.444807e+01
1.149715e+03
8.731481e+02
1.110904e+03
1.230038e+03
1.130992e+03
1.283074e+03
-5.581405e+02
-5.056119e+02
1.603586e+02
-6.320588e+01
4.733914e+02
-4.234446e+01
-1.316090e+03
4.860435e+02
-2.724961e+02
8.895837e+01
-1.443039e+02
6.212274e+02
-4.317521e+02
-5.385718e+02
-2.989713e+00
9.532574e+02
5.974899e+02
-2.386409e+02
2.594667e+01
-3.069738e+02
-4.602194e+02
2.595331e+02
-2.805999e+01
-3.855484e+02
4.989373e+02
-2.675603e+02
-1.514192e+02
4.666183e+01
7.341425e+00
3.174600e+01
-9.285711e+01
5.268547e+02
-1.489226e+02
1.100962e+02
-1.658784e+02
2.056150e+02
-1.533271e+01
-8.380078e+00
2.843614e+01
-2.441805e+01
-1.442104e+02
1.021651e+02
-9.861391e+01
-1.043830e+02
-1.278142e+02
-1.179495e+02
-4.174815e+02
1.766949e+02
1.241632e+02
-2.351813e+02
-7.192455e+00
1.013486e+02
-1.077917e+02
-1.806744e+01
-9.394531e+01
2.062180e+02
-1.473158e+02
-1.467685e+02
-7.999050e+01
1.066112e+02
1.117013e+02
-4.056984e+01
8.186845e+01
-1.280495e+02
-1.159377e+02
-1.030421e+02
-1.629107e+02
4.319485e+01
1.009721e+02
-5.136962e+01
-1.352280e+01
4.847979e+01
-4.259328e+01
-7.835509e+01
1.271175e+02
9.364671e+01
-6.659589e+01
4.053313e-01
4.088435e+01
6.270095e+01
7.520238e+00
7.888711e-01
1.088851e+02
-3.023540e+01
-4.552211e+01
-2.187310e+01
-5.695777e+01
-3.802869e+01
1.503258e+01
-6.330827e+01
3.055954e+01
3.372915e+00
-1.794421e+01
-3.156425e+00
2.852928e-01
-1.416131e+00
-4.125932e-01
3.489694e-01
4.718396e-03
1.321326e-01
-3.633845e-01
2.932512e-01
-1.302384e-01
-5.580283e-02
-4.287782e-01
8.650248e-02
7.199647e-02
-1.894312e-01
3.236744e-01
1.973106e-01
-1.487406e-01
1.889507e-01
1.453033e-01
-1.272719e-01
2.631839e-01
-2.520813e-01
-5.972246e-02
-2.057702e-01
-6.624021e-02
7.590285e-02
-5.196018e-03
1.271137e-01
1.093413e-01
