-3.438922e-01
-7.707099e-01
-1.419762e-02
4.977778e+01
1.958179e+02
-1.854554e+01
3.468221e-04
6.435865e+04
-2.076705e+04
1.772676e+05
3.785844e+05
7.971688e+03
-9.072830e+04
2.418956e+03
1.437749e+04
1.968448e+05
1.730366e+05
-3.205920e+04
3.366811e+04
-5.905405e+04
-1.758403e+04
-6.999298e+04
1.228987e+05
-2.502014e+04
5.699978e+04
-9.136435e+04
5.031246e+04
1.136870e+04
-1.525388e+04
1.750329e+04
-4.282363e+04
-2.239580e+04
2.772201e+04
-1.952939e+04
-2.581584e+03
1.071274e+04
1.872795e+04
5.127679e+03
-2.446177e+04
-1.848812e+04
-1.544126e+04
7.489780e+03
-1.476499e+04
-6.025429e+03
8.773996e+03
-1.733824e+04
-8.730173e+03
4.183157e+03
1.370668e+03
-1.811048e+03
-8.892784e+03
7.684021e+03
-1.329280e+03
6.176367e+03
-7.298772e+03
6.334910e+03
-6.157241e+03
7.909792e+03
-1.591056e+03
-1.120264e+04
-4.644960e+03
1.094386e+03
5.336034e+02
-6.099996e+03
4.044193e+03
3.761353e+02
3.476947e+03
-2.351383e+03
-4.438716e+03
9.475636e+02
5.128148e+03
2.626673e+03
-1.711721e+03
-2.917657e+03
-2.154546e+03
2.555123e+03
1.573444e+03
1.794319e+03
-3.565203e+03
-1.782842e+03
1.845378e+02
-1.419741e+03
1.006871e+03
-1.172870e+03
1.677302e+03
-2.812077e+02
-9.172548e+02
1.458233e+03
1.935491e+02
1.250475e+03
-6.564503e+02
-1.681481e+03
2.023211e+03
1.148315e+03
-7.164754e+02
1.153878e+03
2.901188e+02
-1.189067e+02
-1.173712e+03
2.514791e+02
-1.415340e+02
-3.190450e+02
1.719298e+02
-4.381188e+02
6.153173e+02
-6.293773e+02
1.211522e+03
-5.034583e+02
4.675653e+02
3.298450e+02
-4.163588e+02
5.197036e+02
-3.000446e+02
5.887778e+02
-6.504483e+02
-4.756097e+02
-1.211579e+02
-2.167552e+02
-5.575582e+02
4.997058e+02
-6.434451e+02
-6.209157e+02
-2.838507e+02
5.463638e+02
6.603276e+01
-7.458401e+01
2.853416e+02
1.048121e+02
2.586293e+02
2.837622e+02
4.843997e+02
2.095290e+02
6.165781e+02
3.026893e+02
3.789709e+02
-6.670943e+01
5.135890e+02
-8.494917e+01
-2.407091e+02
1.574845e+02
4.286530e+01
-1.494997e+02
-2.349803e+01
2.103749e+01
1.199256e+02
1.350237e+02
-2.561486e+02
-1.921254e+02
2.593829e+02
8.212725e+01
-7.730330e+01
-4.829968e+01
2.001016e+02
-7.463333e-01
-2.589190e+02
-6.615809e+01
3.259349e+02
6.895924e+01
-1.021036e+02
1.485963e+02
1.743535e+02
2.108303e+01
4.681395e+01
1.837037e+02
5.474726e+01
2.022678e+01
-2.814365e+01
2.056756e+00
-5.504053e+00
-2.451786e+01
3.058068e+00
1.940976e+02
-1.133636e+01
-6.412543e+01
1.401097e+01
-3.968840e+00
5.094707e+01
-7.866940e+00
-1.131712e+02
-3.431044e+01
1.289945e+01
-5.036811e+01
4.423356e+01
-1.035380e+00
8.831481e+00
-6.447159e+01
-1.559003e+01
-5.768563e+01
8.596688e+00
-5.309525e+01
2.432258e+01
-7.897931e+00
9.079390e+00
7.960084e+00
4.989423e+01
-2.905633e+01
-4.129088e+00
-1.266024e+01
1.152516e+01
4.349177e+01
3.182743e+01
-7.614856e+00
2.423013e+01
8.569175e+00
1.221652e+01
1.290036e+01
1.768567e+00
-1.472754e+00
-3.909534e-01
7.057641e-01
-8.944932e-02
4.418444e-02
-6.833117e-02
2.859378e-01
-3.052144e-02
2.378118e-01
-5.465761e-01
-3.087703e-01
2.472270e-01
8.854900e-02
-5.866398e-02
1.938240e-01
2.910895e-02
1.152468e-01
1.179172e-01
-3.846419e-01
-2.538840e-02
2.514793e-02
-1.653667e-01
-4.290970e-03
-2.585860e-01
-1.994556e-02
5.080394e-02
-1.245002e-01
5.833038e-02
