-4.694431e-01
-8.904368e-01
-2.137629e-01
5.063111e+01
2.017242e+02
-1.578107e+01
3.549567e-04
-1.098460e+05
6.073438e+03
3.026322e+05
-1.071248e+04
4.977445e+04
1.579122e+05
-1.834739e+05
1.353652e+05
-5.066052e+04
1.386857e+05
-2.162055e+04
6.454796e+04
1.132166e+04
-5.640246e+04
-1.273680e+04
3.713538e+03
-3.791595e+04
-4.181655e+04
-6.428677e+04
-3.543577e+04
-3.995395e+04
1.543832e+04
-1.094761e+04
-1.026061e+04
-4.915893e+04
-4.061952e+02
3.936203e+03
-7.134858e+03
-1.525157e+04
-6.726159e+03
2.485754e+04
-6.093692e+03
7.387796e+03
1.922758e+04
7.931683e+02
1.621499e+03
-1.578083e+04
1.105312e+04
1.821043e+03
2.056896e+03
1.890546e+04
-1.178079e+04
3.740676e+03
1.169609e+04
4.052794e+03
4.667287e+03
6.854643e+03
6.138329e+03
-6.694481e+03
1.324915e+03
6.878412e+03
-4.697763e+03
-8.607350e+03
-2.021350e+03
-2.850853e+03
1.820976e+03
-1.730192e+03
-8.750793e+02
2.965114e+03
2.890520e+03
2.032358e+03
-3.704490e+03
3.449768e+03
5.134737e+03
3.873004e+03
-9.485389e+02
4.244009e+02
7.866958e+02
5.282109e+02
1.462737e+03
2.053923e+03
-3.293791e+03
-6.026801e+02
-9.786700e+02
-1.467026e+03
6.372722e+02
-6.516013e+01
4.382769e+02
2.448839e+03
-4.856963e+02
8.006055e+02
8.864086e+02
-2.075166e+02
-2.990602e+01
-6.682167e+02
2.345242e+03
6.975110e+02
-7.861803e+01
7.565338e+02
2.349881e+03
-9.712098e+02
8.354803e+01
3.336142e+02
-4.722986e+02
2.241862e+02
-2.155523e+02
-8.422793e+02
-4.430318e+02
1.139524e+02
3.810425e+01
1.077130e+03
8.861648e+02
3.799097e+02
4.119669e+02
4.002871e+02
-8.374459e+02
1.167655e+03
2.923666e+01
-2.615142e+02
-3.708056e+02
2.523123e+02
-6.535622e+02
7.457726e+02
-7.367219e+02
-3.859280e+02
-1.650164e+02
4.895112e+02
3.264979e+02
-2.355394e+02
6.059242e+01
6.505136e+02
-8.258472e+00
-2.483649e+02
-2.880860e+02
3.636790e+02
2.135432e+02
1.416424e+01
2.044841e+02
-1.745945e+02
1.913568e+02
2.537195e+02
2.096840e+02
-1.886638e+02
7.101073e+01
6.100400e+01
8.046384e+00
1.633338e+02
-2.350804e+01
1.854415e+01
-1.374671e+01
8.635806e+01
2.433772e+02
-6.791027e+01
9.193270e+01
-1.228114e+02
-2.138891e+02
1.629920e+02
-1.469809e+02
-1.567825e+02
8.904367e+01
8.284535e+01
-2.469190e+02
3.506939e+01
2.766898e+02
-1.216743e+02
-1.149047e+02
-5.893681e+01
-7.558170e+01
-8.768798e+01
-9.514019e+01
1.171720e+02
-1.444792e+02
3.811640e+01
-2.748045e+01
1.183355e+02
9.474082e+01
1.247173e+02
9.364690e+01
-1.096569e+02
5.001464e+01
-5.897915e+01
-1.580388e+02
-1.326779e+01
3.106986e+01
7.036542e+00
-4.867389e+01
3.375983e+01
-2.964229e+01
-6.206821e+01
3.176257e+01
1.008451e+02
-7.793098e+01
-4.895301e+01
3.914462e+01
8.906101e+01
3.123888e+01
6.610475e+00
9.873901e+01
-5.474921e+01
-3.282170e+01
-2.978251e+01
-4.606948e+01
-2.162299e+01
2.996780e+01
-4.532385e+01
8.207115e+00
-2.353007e+01
3.241193e+01
-2.961410e+00
1.718242e-01
-7.814426e-01
-9.883325e-02
-4.250947e-01
7.108552e-02
-3.620954e-01
-1.461224e-01
3.710524e-01
-6.623557e-02
-1.712382e-01
2.989281e-02
-1.739129e-01
1.757654e-01
-5.015976e-02
1.222218e-01
9.662174e-02
1.429716e-02
1.335203e-02
-1.033607e-02
-1.064949e-01
9.708912e-02
-8.221778e-02
-4.694672e-02
-7.461830e-02
8.462819e-02
5.331950e-02
-5.231060e-02
-3.166830e-02
1.160044e-02
