1.562363e-01
-2.883369e-01
2.147473e-01
3.868444e+01
1.408273e+02
-2.360050e+01
3.389628e-04
-2.635996e+05
1.172347e+05
7.348148e+05
1.948454e+05
8.137656e+04
2.901599e+04
-2.024346e+05
1.549276e+05
-1.070132e+05
2.220408e+05
1.163265e+05
2.373960e+03
-5.802507e+04
-1.204684e+03
-4.941282e+04
3.730567e+04
1.000390e+04
3.007551e+04
-7.867959e+04
8.899896e+04
-4.367982e+04
-3.557005e+04
-2.750133e+04
-9.972513e+04
1.106135e+04
-3.174470e+04
-2.070598e+04
2.788262e+04
3.809698e+04
2.631887e+04
2.240147e+04
-9.561526e+03
-2.295584e+04
-2.223461e+03
1.046486e+04
5.687170e+03
-8.137089e+03
-9.030117e+03
-1.280187e+04
1.107189e+04
6.442323e+03
3.098190e+03
-4.423375e+03
1.203872e+04
3.749267e+03
-8.009652e+02
5.132563e+03
-9.703155e+03
-2.118659e+03
4.735885e+03
7.729707e+03
-2.740741e+03
-1.187489e+04
-8.656273e+03
-3.663156e+03
3.032203e+03
-6.035174e+03
-1.899019e+02
1.641818e+03
-4.708981e+01
8.419052e+03
-3.423884e+03
-2.748908e+02
5.985147e+03
7.794173e+03
2.849865e+03
-2.607206e+03
-1.439590e+03
1.949296e+03
1.155759e+03
-2.429099e+03
-7.022461e+03
-2.386201e+03
-2.056250e+03
-2.252859e+03
-3.080898e+03
2.185890e+01
1.490405e+03
1.587768e+03
-2.685244e+01
1.124436e+03
7.615088e+01
6.478300e+02
1.555372e+03
-3.347081e+03
5.378909e+02
2.382844e+03
-6.398132e+02
1.469656e+03
2.125754e+03
1.238035e+03
-1.128190e+03
2.346356e+02
-8.988978e+02
-1.266838e+03
-2.202980e+01
1.273974e+02
9.925566e+02
-1.681351e+03
1.013435e+03
3.002450e+02
1.733010e+03
3.442377e+02
4.669977e+02
6.873298e+02
4.083714e+01
-2.065681e+01
-7.017857e+02
-2.766903e+02
-2.298537e+02
-2.810958e+01
-9.600614e+02
7.065201e+02
-6.097452e+02
-2.028605e+01
-2.524122e+02
5.191969e+02
3.554641e+02
-3.617831e+02
-2.327536e+02
5.866425e+01
3.054238e+02
-6.886505e+02
1.478101e+02
-2.867601e+01
4.279323e+02
3.979421e+02
5.547240e+01
-7.675054e+01
4.603534e+02
-9.452130e+01
-1.870542e+02
-6.769324e+01
1.700360e+02
-3.802116e+02
-4.092722e+01
2.859818e+02
1.551478e+00
1.847275e+02
-8.525178e+01
-2.380746e+02
1.818645e+02
-6.826112e+01
2.397360e+02
-3.128760e+01
-4.492620e+01
-3.555976e+01
2.166778e+02
1.795540e+02
3.080957e+01
2.781115e+02
-2.358431e+02
1.931864e+02
4.327211e+02
1.433659e+01
-1.054596e+02
2.782724e+02
-1.660976e+02
-4.278581e+01
-1.560394e+02
8.123248e+01
-2.953784e+02
-6.662630e+01
3.720196e+01
2.895048e+02
1.570228e+02
1.536502e+01
-6.616038e+01
-1.538652e+02
1.321715e+01
5.390083e+01
-1.261210e+02
-8.368645e+01
4.689405e+01
-1.812718e+01
-1.088205e+02
4.425377e+00
2.858580e+01
1.036437e+01
8.670338e+01
3.218713e+01
-1.117893e+02
-3.412789e+01
-1.997854e+01
-8.979982e+00
6.270414e-02
5.125576e+01
-1.005931e+01
-2.870523e+01
-3.678843e+01
5.899460e+01
5.332675e+00
4.587859e+01
3.901058e+01
-2.007516e+01
-1.875901e+01
-7.960567e+01
3.263382e+01
2.006119e+01
9.571164e-01
-1.994886e+00
5.369188e-01
-2.841847e-01
2.247699e-01
-4.225856e-01
-1.288798e+00
4.316490e-01
-4.080600e-02
6.574762e-01
5.590045e-01
-3.510379e-01
1.601169e-01
1.056477e-01
-2.136478e-02
2.114971e-01
-1.388681e-03
-1.614458e-01
-1.172879e-01
-3.743329e-01
-2.487140e-01
8.074810e-02
-2.751266e-01
-2.625887e-02
-2.347967e-01
7.499377e-02
-1.222121e-01
-4.006641e-02
6.124432e-02
