6.486786e-02
1.374993e+00
1.373228e-01
5.319111e+01
1.650565e+02
-1.298198e+01
3.423395e-04
-1.662169e+05
-1.535386e+05
2.799701e+05
-2.466527e+05
8.839040e+03
-4.526768e+04
-4.631623e+04
9.514089e+04
-1.513513e+05
3.682373e+04
-2.884040e+04
2.475858e+04
-2.934146e+04
4.062979e+04
-5.565780e+04
-6.520232e+04
9.832740e+03
6.428777e+03
-2.679797e+04
-5.044616e+04
-2.400116e+04
-1.521257e+04
-4.828939e+04
-2.731655e+04
-3.107280e+03
-3.584984e+04
-1.196033e+04
-1.346717e+03
-6.567251e+03
-1.729057e+04
3.727143e+03
2.697173e+04
-1.006985e+04
2.047178e+04
-5.282803e+03
3.323898e+03
-1.858004e+04
2.071568e+03
4.413832e+03
8.402432e+03
5.523514e+03
-1.637609e+04
2.584838e+03
1.218810e+04
2.211803e+03
1.104197e+03
2.591405e+03
-4.473847e+02
2.095422e+02
4.785253e+03
5.975749e+03
-5.432927e+02
-1.019263e+04
-4.772620e+03
1.731733e+03
-1.380990e+03
-7.063632e+02
-1.811984e+03
2.789771e+03
1.252649e+03
3.377969e+03
-2.115528e+03
2.927025e+03
1.128069e+03
7.568734e+02
8.822060e+02
1.658749e+03
2.306188e+03
1.476417e+03
2.742094e+03
3.831990e+02
-3.989479e+03
6.974406e+02
-2.105895e+03
9.490357e+02
1.204943e+02
2.494136e+03
8.576062e+02
2.489163e+03
-1.177107e+03
1.023294e+03
7.600688e+02
-5.512395e+02
7.813838e+01
2.922292e+02
1.531631e+03
9.680852e+02
-2.148063e+02
6.923956e+02
1.880180e+03
-5.160967e+02
7.186040e+01
3.826563e+02
-3.637300e+02
-3.699461e+02
1.911280e+02
-1.179346e+03
2.651631e+02
-8.665256e+02
9.696572e+02
4.828052e+02
1.411807e+03
1.184770e+03
1.251977e+02
9.341934e+02
-1.736040e+02
5.563820e+02
-3.981109e+02
1.877628e+02
-2.058445e+02
-4.057659e+02
-5.570789e+02
5.948992e+02
-4.127857e+01
4.135228e+02
-3.286252e+02
4.775570e+02
9.367647e+01
-2.857897e+02
-3.025965e+02
1.064209e+02
1.473939e+01
-3.599354e+02
-2.374179e+01
5.462101e+02
-9.694579e+01
-1.151728e+01
-8.782296e+01
-7.290210e+01
-3.276561e+01
-1.099076e+01
5.238290e+01
-2.775639e+02
-5.330521e+01
1.291307e+02
-7.408423e+01
3.458697e+02
-1.417983e+02
2.022195e+01
9.066620e+01
4.731796e+01
-2.040822e+01
1.896814e+02
8.522463e+01
8.668519e+01
-1.782050e+02
-5.027617e+01
-6.215743e+01
9.319410e+00
-5.475555e+01
1.454834e+02
-8.793351e+01
-1.446962e+02
2.500863e+02
1.125562e+01
3.619544e+01
-6.018129e+01
-9.388943e+01
-3.628278e+01
-5.645430e+01
1.700134e+02
-1.539258e+02
2.110737e+01
1.086235e+02
4.199388e+01
8.327463e+01
6.985530e+01
2.799310e+01
-1.183237e+02
-6.682230e+00
3.958002e+01
-7.948390e+01
-1.422221e-01
-1.134421e+01
1.211948e+02
-4.857257e+01
-4.926991e+01
4.868837e+01
1.531742e+00
6.323154e+01
2.260569e+01
-1.233028e+02
-4.227635e+01
4.959904e+01
5.956635e+01
-2.249715e+01
3.763048e+01
5.002062e+01
-9.421786e+00
-4.690979e+01
-6.843262e+00
-2.084687e+01
-1.382651e+01
2.148089e+01
-7.836416e+01
9.334771e+00
-4.997272e+01
3.039743e+01
1.772631e+01
-1.869915e+00
1.009385e+00
4.081365e-01
-4.361443e-01
1.057656e-01
-5.796291e-01
-4.853517e-01
-1.665480e-01
-8.303683e-02
-1.220254e-01
3.289977e-01
-3.421274e-01
8.594269e-02
1.008924e-01
1.944510e-01
1.945040e-01
1.783714e-02
-8.038252e-02
-9.346056e-02
-9.780272e-02
3.932677e-02
-5.461818e-03
-2.547765e-02
6.390040e-03
1.840958e-01
8.671784e-02
-4.116640e-02
-1.726503e-03
6.593758e-03
