-1.007935e-01
-6.958279e-01
1.861247e-01
4.551111e+01
1.827472e+02
-2.075136e+01
3.371257e-04
-2.763052e+05
-1.636737e+05
5.440622e+05
-1.200224e+05
4.866640e+04
1.375314e+05
-8.095705e+04
5.210995e+04
-1.959006e+05
-1.560529e+04
-3.498900e+04
4.939262e+04
-3.093401e+04
3.648430e+04
6.391429e+04
-3.034631e+04
4.746161e+04
1.350304e+04
-5.346323e+04
-1.881354e+04
-6.373229e+04
-2.088455e+04
1.017710e+04
-8.419791e+04
1.780524e+04
-9.672085e+03
-1.521814e+04
3.322964e+04
2.041466e+04
1.638089e+04
-8.514710e+03
6.171353e+03
-2.675976e+03
1.682863e+04
-2.944891e+04
-1.678391e+04
-4.820748e+03
-5.226567e+03
-7.736946e+02
1.046340e+04
2.395895e+03
-1.420926e+04
-1.421023e+03
9.073298e+03
-2.622290e+02
4.033274e+03
-6.777032e+03
-7.469426e+03
3.332131e+03
2.876937e+03
2.506414e+03
-7.875008e+01
-1.389534e+04
-5.576691e+03
-1.538046e+01
4.703153e+02
-3.303696e+03
1.611782e+03
3.960795e+03
4.853036e+03
9.642086e+03
-2.135205e+03
1.419008e+03
1.451307e+03
3.175364e+03
3.547280e+03
6.957938e+02
1.353184e+03
4.526085e+02
4.510048e+03
-6.819977e+02
-5.349525e+03
-3.552861e+02
-1.152992e+03
-1.210603e+03
-3.483779e+03
1.468259e+03
2.323447e+03
2.913996e+03
-7.953678e+02
8.383517e+02
-4.357120e+02
5.579679e+02
6.722925e+02
-6.146358e+01
1.754661e+03
2.775464e+03
-1.312128e+03
6.025796e+02
2.824365e+03
5.442958e+02
-8.498814e+01
-1.156883e+02
-1.312324e+03
-8.761706e+02
-8.408588e+01
-7.884478e+02
1.173113e+03
-5.827228e+02
1.284727e+03
6.654797e+02
1.253194e+03
1.844832e+03
7.712098e+02
1.548783e+03
-1.427136e+02
6.070726e+02
-3.446128e+02
-2.834515e+02
-1.407801e+02
-4.675811e+02
-1.014387e+03
6.422940e+02
-4.313953e+01
1.282139e+02
-3.194966e+02
3.723499e+02
1.539232e+02
-3.554612e+02
-2.889704e+02
1.548199e+02
-9.551873e+01
-8.499282e+02
2.858297e+02
9.663459e+00
-1.618724e+01
2.779543e+02
-5.326798e+02
-1.422043e+02
5.010716e+02
-3.253826e+02
-2.889845e+01
1.363104e+02
-1.306448e+02
-5.673695e+01
-4.329853e+01
2.739139e+02
-1.736079e+02
4.997142e+01
5.463044e+01
-1.476018e+02
-2.126315e+01
2.457753e+02
1.083519e+02
1.208204e+02
-2.609406e+01
-1.386203e+02
-1.180303e+02
9.591294e+01
-1.004625e+02
1.630709e+02
-1.953472e+02
8.985134e+00
2.217901e+02
-9.490219e+01
6.669476e+01
1.050349e+01
-1.089617e+02
-5.020453e+01
9.112671e+00
3.581134e+01
-8.344405e+01
-6.683525e+00
1.178043e+02
1.894679e+02
9.203035e+01
1.000893e+02
5.630153e+00
-2.657346e+01
3.677057e+00
3.592060e+01
-4.762891e+01
1.658725e+01
5.828901e+01
-3.699302e+01
-4.231248e+01
-1.123116e+01
6.444357e+01
5.011274e+01
1.513764e+02
7.231670e+01
-1.008153e+02
5.693598e+01
2.251217e+01
3.918658e+01
-3.552094e+01
-2.723794e+01
-3.045426e+00
1.346369e+01
-5.316967e+01
4.777102e+00
-2.900013e+00
3.400105e+01
-6.156349e+00
-7.266928e+01
1.169307e+01
-2.725072e+01
1.775031e+01
2.360166e+01
-1.943897e+00
1.740931e+00
-6.229771e-01
8.727968e-01
-6.888212e-02
-5.730490e-01
-4.650806e-01
-3.469580e-01
-1.739053e-01
-2.006865e-01
2.831336e-01
-1.120714e-01
-4.251899e-03
1.825044e-01
3.291502e-01
2.386256e-01
1.050807e-02
-1.911545e-02
-2.414101e-02
1.463439e-03
-4.701229e-02
1.077832e-01
-3.030225e-02
-1.058695e-01
1.502982e-01
5.791006e-02
1.091830e-02
-1.144734e-02
-7.852469e-02
