-9.591262e-02
-5.322663e-01
1.192602e-01
4.608000e+01
1.841867e+02
-2.685769e+01
3.487957e-04
-2.994103e+04
9.809843e+04
8.986070e+02
-2.496890e+05
-3.627051e+04
-1.016556e+05
3.801061e+04
1.609636e+04
-7.122909e+04
-6.453769e+04
-3.866303e+04
7.189454e+04
-2.623568e+04
6.736530e+04
7.982546e+04
-9.697536e+03
1.046793e+04
3.035456e+04
1.961604e+04
-3.136553e+04
-5.030898e+04
-2.491877e+04
-2.039707e+04
1.313409e+04
-2.343287e+04
-7.008655e+03
-2.507203e+03
-3.182536e+03
3.721347e+03
-9.494199e+03
-1.357291e+04
2.301632e+04
-6.116322e+02
1.411830e+04
-1.451888e+03
-5.658902e+03
4.798611e+01
-1.375518e+04
-1.350291e+03
1.002497e+04
3.393441e+03
3.725277e+03
2.250124e+03
-3.880454e+03
-6.346230e+03
-4.929996e+02
4.645950e+03
-4.392966e+02
-5.120169e+03
4.018026e+03
1.432199e+03
8.895519e+02
-7.116778e+03
-1.600743e+03
2.078659e+03
3.344175e+02
1.435966e+03
1.287909e+03
3.513600e+03
-6.887611e+01
-5.208475e+02
1.073019e+02
2.780054e+03
-7.533900e+02
7.844794e+02
-4.472012e+02
2.901496e+03
9.274229e+02
-9.789252e+02
1.369541e+03
1.718820e+03
-1.935007e+03
-1.134683e+03
2.544137e+03
-2.085753e+03
1.584827e+02
9.288784e+02
6.607225e+02
2.576440e+03
-8.898367e+02
5.111438e+02
-2.182983e+02
1.632882e+02
-2.687233e+00
8.802702e+02
-2.807746e+02
1.210253e+03
-1.182652e+03
8.499415e+02
9.916367e+02
-7.713598e+02
-4.065959e+02
-1.487852e+02
-1.772645e+02
-6.009785e+02
9.784334e+02
2.982627e+02
-1.215802e+03
-5.862484e+02
1.043275e+03
1.102161e+03
-3.947601e+01
5.493619e+02
5.392518e+02
-6.313298e+02
-6.855992e+02
1.944511e+02
1.131680e+02
2.204365e+02
-7.989604e+02
-1.496795e+02
-2.700236e+02
7.355897e+02
-2.704107e+01
2.569552e+02
-6.449608e+00
-6.955993e+01
-2.050413e+02
2.962982e+02
-2.828119e+02
1.210704e+02
-2.136765e+02
-1.770655e+02
2.932337e+02
5.875154e+02
6.830020e+01
1.774973e+02
8.770801e+01
-1.322964e+02
-2.532854e+02
1.626114e+01
-1.849365e+02
-3.619996e+02
-2.989811e+02
-5.156350e+01
1.146554e+02
1.173831e+02
8.911977e+01
2.142698e+01
-1.182732e+02
-6.109783e+01
1.632610e+01
1.216345e+02
-1.867841e+01
8.939024e+01
-1.832037e+02
-9.372599e+01
1.262958e+02
-3.482930e+01
-4.220272e+01
-4.225626e+01
9.216891e+01
1.397742e+02
-6.425484e+01
-2.706709e+01
5.922650e+01
-4.639340e+01
-8.654184e+01
-1.075878e+01
-6.356430e+01
4.605996e+01
5.799033e+01
-1.209699e+02
7.598226e+01
6.344381e+01
-1.374449e+01
3.081594e+01
7.517226e+01
-4.016728e+01
1.044476e+02
9.734721e+01
-4.833588e+01
1.069660e+02
4.872099e+01
5.647802e+01
-3.630862e+01
1.093941e+00
5.915689e+01
-3.130247e+01
-7.156284e+01
6.602850e+01
-1.858993e+00
-1.169331e+01
1.721408e+01
3.752221e+01
4.455214e+01
-2.865266e+01
2.575319e+01
-1.376016e+01
2.603197e+01
1.413505e+01
5.125029e+00
-1.146152e+01
4.214817e+01
-2.527563e+01
-1.764778e+00
2.049541e+00
1.260273e+01
5.321059e+00
-4.157068e-01
7.220774e-03
-1.055294e-01
-4.547389e-01
-1.694622e-01
-2.693781e-01
6.426787e-02
1.339524e-01
-3.228206e-01
1.359057e-01
3.918756e-01
4.841660e-01
1.930668e-01
-5.613222e-02
3.875521e-02
-2.144497e-02
7.734857e-02
2.956653e-02
-9.840802e-03
2.240485e-01
-5.149257e-02
5.017100e-02
1.431975e-01
1.091853e-02
1.242189e-01
6.784558e-02
-4.680051e-02
1.099141e-02
1.720086e-02
