-1.898806e-03
-1.204173e+00
-1.419688e-02
5.546667e+01
1.738730e+02
-1.668717e+01
3.616416e-04
-5.866763e+04
-2.388569e+05
2.001393e+05
-1.434798e+05
-6.410819e+04
-4.997271e+04
-9.229054e+04
6.397008e+04
-3.814975e+04
4.127770e+04
3.413553e+03
1.267015e+05
-8.537997e+04
-1.815967e+04
-9.228479e+03
-2.487289e+04
-2.470495e+04
-9.737697e+03
-2.362542e+04
-8.174720e+04
-4.574547e+04
-1.295385e+04
-4.200683e+04
-1.417489e+04
-4.149724e+04
-1.112257e+04
-1.018972e+04
-3.959792e+03
5.619342e+03
-1.757243e+03
-2.390703e+03
3.337879e+04
-6.120953e+02
6.060412e+03
-5.991589e+03
-8.964316e+02
-1.485235e+04
-5.553736e+03
1.340425e+04
1.223217e+03
8.500437e+03
-1.404515e+04
2.658582e+02
9.036059e+03
-7.127870e+03
-2.278125e+03
2.948462e+03
-7.986216e+03
-6.637926e+03
6.185614e+02
2.393211e+03
-2.974777e+03
-1.113028e+04
-6.860271e+03
-1.512108e+00
8.354305e+01
-1.615224e+03
-9.800737e+02
5.167058e+03
2.316880e+03
9.326600e+02
-5.124551e+03
3.760643e+03
1.482963e+03
6.480632e+02
-1.904011e+03
2.494301e+03
3.381000e+03
2.734479e+03
2.984454e+03
2.975724e+03
-4.110385e+03
-2.161006e-01
7.115632e+02
-2.485618e+02
-4.696166e+02
2.039365e+03
1.097513e+03
3.486372e+03
1.768050e+02
3.392586e+01
-1.624965e+02
8.609623e+02
-1.890634e+02
4.573237e+02
1.501487e+03
1.665070e+03
-2.605460e+02
1.240962e+03
1.925904e+03
-6.025499e+02
5.681277e+02
-3.869742e+02
-1.081314e+02
2.858002e+02
3.519957e+02
-3.736984e+02
1.605459e+02
4.403937e+02
1.641688e+03
7.759916e+01
7.905829e+02
3.368036e+02
4.493858e+02
6.390148e+02
1.986812e+01
7.991850e+02
7.410184e+01
3.566359e+02
-2.764698e+02
-1.535151e+01
-6.900819e+02
4.068199e+02
-3.004753e+02
-4.806291e+01
-2.388500e+01
2.949623e+02
1.809521e+02
8.119202e+01
-3.422405e+02
4.201220e+02
-5.479100e+02
-6.264929e+02
2.161127e+02
5.320240e+02
4.461432e+02
1.296661e+02
1.430222e+01
-1.217817e+02
1.813029e+02
-1.677509e+02
1.899520e+02
-1.796839e+02
-6.364973e+01
2.731358e+02
-4.917595e+01
1.079835e+01
-1.205816e+02
-7.346503e+01
1.730257e+02
-4.919779e+01
2.940261e+02
3.792118e+02
-3.328008e+01
5.725777e+01
-1.240256e+02
6.492838e+01
-6.253949e+01
-1.040623e+02
4.605606e+01
8.947980e+01
-6.712554e+01
-1.082280e+02
1.600345e+02
4.700539e+01
5.696687e+01
3.395411e+01
-1.121010e+01
-1.728336e+01
-9.301676e+01
6.263797e+01
7.923879e+00
1.057283e+02
9.399982e+01
1.450885e+02
9.401146e+00
6.621500e+01
1.055801e+02
-1.157560e+02
4.360292e+00
2.151566e+01
-7.593607e+01
4.760407e+01
2.349721e+01
1.064787e+02
-5.130493e+01
1.126623e+01
5.062442e+01
6.771761e+00
3.969271e+01
6.310731e+01
-3.053861e+01
1.731422e+00
7.412171e+00
6.031302e+01
-1.222346e+01
-2.417944e+00
7.491675e+01
7.407929e+00
-3.270811e+01
-1.752148e+01
-1.582257e+01
4.317945e+00
2.426559e+01
-7.576311e+01
2.843883e+01
-3.223648e+01
3.390565e+01
-4.118084e+00
-8.231486e-01
2.136209e+00
-2.631852e-01
4.521051e-01
9.357712e-02
-1.749195e-01
1.324135e-01
9.970442e-02
1.308627e-01
-4.016122e-01
1.096353e-01
-7.016318e-02
2.175410e-01
8.315194e-02
1.214900e-01
-5.891888e-02
4.335263e-02
4.277426e-02
-3.756249e-03
2.475142e-03
6.687038e-02
4.574235e-02
-4.575059e-03
3.041819e-02
1.690449e-01
1.198527e-01
-4.865775e-02
-9.537685e-02
-4.670079e-03
