8.172155e-04
1.057509e+00
-1.478180e-01
5.632000e+01
1.715235e+02
-1.746432e+01
3.477107e-04
1.853368e+04
1.423067e+05
-1.564795e+05
-2.249438e+04
-1.244220e+05
4.728571e+03
-1.681121e+03
3.582809e+04
-4.044663e+04
4.504485e+04
-2.563921e+04
6.757688e+04
-8.573661e+04
-1.818808e+04
-7.219512e+04
7.445273e+04
-4.043089e+04
5.799864e+03
-1.238826e+04
1.329874e+04
-5.471608e+03
-1.908372e+04
-2.595905e+04
1.017292e+04
1.463515e+03
1.622850e+04
-2.293685e+03
-2.152469e+04
-1.842434e+04
5.071749e+03
1.657782e+04
-1.560864e+04
-3.694926e+03
-2.359624e+04
6.789424e+02
5.555744e+03
-1.778246e+04
1.766427e+04
-8.149284e+03
-2.270223e+02
7.367606e+03
-1.030249e+04
-7.430248e+03
-5.429062e+03
-4.809986e+02
-5.598467e+02
9.545979e+03
-2.380018e+03
8.127903e+03
-2.028895e+03
1.137777e+04
-4.245534e+03
-2.322372e+03
-3.788822e+03
4.445733e+03
1.114346e+03
-1.566882e+03
-1.892498e+02
-2.301934e+02
2.426550e+03
-2.932389e+03
1.173198e+01
1.697872e+03
4.186707e+03
1.977301e+03
-3.413413e+02
-3.493222e+02
-9.358060e+02
-1.356911e+03
-1.173179e+03
2.745103e+03
-4.670050e+03
-1.769347e+03
2.428178e+02
1.827203e+02
1.563923e+03
-9.993498e+02
3.038015e+03
1.976996e+02
-1.041751e+03
-1.067437e+02
-7.773166e+02
1.684620e+03
-2.653601e+02
-3.399425e+02
9.345860e+02
5.061247e+02
-8.492772e+02
1.070917e+03
1.183709e+03
-5.563409e+02
-1.991436e+02
4.328184e+02
-7.176668e+02
7.675233e+02
6.672021e+02
-6.081313e+02
-6.392136e+01
-7.127823e+02
1.780009e+02
9.499319e+02
-3.969698e+01
1.434889e+02
1.052351e+02
1.205538e+02
-3.731118e+02
5.231089e+02
2.628589e+02
-1.595280e+02
-4.399879e+01
1.184462e+02
-8.129642e+01
4.425346e+02
-3.473337e+02
2.045165e+02
-1.777143e+02
4.135506e+02
2.466706e+02
2.082539e+01
1.968072e+02
1.679331e+02
-1.176337e+02
4.721215e+02
2.694535e+02
3.421210e+02
2.136548e+02
2.240801e+02
7.232589e+01
-4.343009e+00
4.478486e+02
-3.680487e+01
1.944903e+02
-4.168193e+00
2.403270e+01
5.679158e+01
-8.845708e+01
1.142360e+01
1.025620e+01
9.119968e+01
-1.030845e+02
-1.832010e+02
6.045670e+01
-5.689214e+01
-4.285839e+01
1.398250e+02
-4.906087e+01
7.512720e+00
-1.762452e+02
-1.416738e+02
1.479379e+02
2.690093e+01
3.682168e+01
-8.393791e+01
4.168861e+01
1.101163e+02
-8.507333e+01
4.588773e+01
3.155315e+01
-9.497850e+00
-9.887536e+01
1.270977e+02
-8.283253e+01
-3.195372e+01
-5.932652e+00
5.559616e+01
-8.055473e+01
1.216220e+02
-5.128678e+01
-6.371537e+01
6.153403e+01
4.373106e+00
-9.479973e+01
-1.083685e+01
-6.807554e+01
4.823331e+00
3.271989e+01
3.477598e+01
4.623024e+01
-9.376691e+01
-3.138228e+01
3.204301e+00
-1.563822e+01
-6.255864e+01
5.426476e+01
-6.723208e+00
-1.236924e+01
1.107578e+01
2.402555e+01
-1.301374e+01
8.158745e+00
2.382289e+01
-7.192458e+00
-7.354554e+00
3.611597e+01
-6.641195e-01
5.466388e+01
3.600475e+01
7.885763e+00
1.768002e+01
-1.185294e-01
-3.683847e-02
2.129707e-02
3.065595e-02
-4.001221e-02
1.122798e-01
3.707054e-01
-1.506724e-01
-1.005632e-01
-4.096627e-02
1.092968e-01
4.632600e-02
-2.456075e-02
-8.931451e-03
-1.204803e-01
6.152543e-02
-3.558046e-03
6.931171e-03
8.557829e-03
-7.427538e-02
-1.522470e-01
7.550265e-02
-7.850587e-02
-1.131198e-01
-8.964158e-02
-1.610287e-02
5.640270e-03
-1.874239e-02
1.731420e-02
