-2.305860e-02
-1.131341e+00
-2.368644e-01
5.603556e+01
1.743269e+02
-1.504714e+01
3.548437e-04
-7.498963e+04
-3.543040e+05
-2.653069e+05
1.020466e+05
-8.888020e+04
-9.427407e+04
-1.197247e+04
-8.100461e+04
-2.321184e+05
9.049935e+04
-6.059669e+04
7.956310e+04
-9.166662e+04
-5.513300e+04
-1.138534e+05
2.071478e+04
-3.042385e+03
-8.345138e+03
4.501768e+04
-6.339657e+03
5.275767e+04
-4.261364e+04
-3.788754e+04
-6.087476e+04
4.145100e+03
-2.472674e+04
-3.180473e+04
9.398970e+03
4.969276e+03
1.734605e+04
7.729394e+03
1.514512e+04
1.977010e+03
-1.473796e+04
-4.139587e+03
-1.033766e+04
-7.095141e+03
1.812307e+04
3.599590e+03
-1.536665e+03
2.847297e+03
-6.932334e+03
-5.958128e+03
6.020427e+03
-8.812605e+03
1.736924e+03
-1.220704e+04
-5.524465e+03
1.024238e+04
1.388794e+03
1.666561e+04
2.880409e+03
-9.467101e+03
-2.715522e+03
2.427580e+03
-1.396647e+03
-4.511792e+03
1.652694e+03
3.596662e+03
7.310099e+03
3.238350e+03
-7.317134e+03
4.058417e+03
3.519532e+03
-1.967080e+03
-3.279889e+03
-7.478935e+02
-3.224635e+01
1.301577e+03
2.054038e+03
2.996702e+03
-5.375896e+03
3.989031e+02
-8.248510e+02
2.577906e+03
7.598829e+02
1.599691e+03
5.103318e+03
1.076490e+02
-6.804921e+02
-8.739323e+02
-1.836907e+02
7.542209e+02
4.307671e+02
-2.019956e+02
2.072590e+03
2.227254e+03
-1.905244e+03
4.087873e+02
6.557345e+02
3.326258e+02
9.328746e+02
4.716820e+02
5.297717e+02
8.953707e+02
2.013428e+02
-1.321710e+03
1.340523e+03
1.688795e+02
1.598297e+03
-1.928294e+02
-2.508463e+02
1.100871e+03
-1.009452e+03
2.116585e+03
7.930458e+01
8.534044e+02
4.356216e+02
-8.236097e+01
-2.713796e+01
-6.816990e+02
9.443373e+00
6.415008e+00
-1.639046e+02
1.618351e+02
-5.351597e+02
2.849342e+02
9.453500e+02
-4.328142e+02
-4.456247e+01
-1.727986e+02
-2.288785e+02
-2.187621e+02
5.694122e+02
3.984006e+02
-1.905750e+01
1.451476e+02
-5.985095e+02
2.427721e+02
7.689261e+02
-2.697738e+02
3.190452e+02
3.325053e+02
-9.870765e+01
3.154360e+02
1.306829e+02
7.965097e+01
-1.631085e+02
2.399261e+02
3.834401e+02
-3.487574e+02
5.186905e+01
4.257848e+02
-5.027430e+01
2.865486e+02
5.246232e+02
9.442723e+01
-1.853118e+02
-9.347482e+01
1.168525e+02
1.749984e+02
-7.717091e+01
-3.864806e+02
-2.691176e+01
1.150098e+02
1.935802e+02
-1.172730e+00
4.667180e+01
-4.851034e+01
-6.361401e+01
9.165472e+01
-2.555836e+00
2.011295e+02
1.447850e+02
-2.076132e-01
5.103076e+01
8.770692e+01
-9.050170e+00
-6.603641e+01
-4.180864e+01
-1.335703e+01
1.418600e+01
2.564065e+01
-5.768626e+01
1.135810e+02
9.400661e+00
5.300971e+01
9.502666e+01
-3.473149e+01
8.102235e+01
6.991121e+00
-7.575040e+01
2.239626e+01
8.325562e+00
2.426266e+00
-9.072666e+01
1.112022e+02
-2.918567e+01
2.527462e+01
-8.870844e+01
-4.705405e+01
-3.530065e+01
3.086938e+01
-7.825564e+00
-7.209983e+01
6.744967e+01
-1.989315e+01
5.607904e+01
5.350978e+01
-3.333890e+00
3.322133e+00
-4.969009e-01
1.455486e+00
-1.706998e-03
1.805952e-01
2.842616e-01
-1.434036e+00
-2.246078e-02
-6.463885e-01
-3.281726e-01
-6.711218e-01
-2.733739e-02
2.079879e-01
-1.240075e-01
-3.740638e-02
1.193265e-02
-7.357873e-02
-4.735169e-02
-6.502559e-02
-1.356040e-01
1.342546e-01
1.023735e-01
-1.251857e-01
-3.300624e-02
3.274599e-02
-1.318871e-02
-1.394720e-01
1.731040e-02
