-1.432075e-01
-1.219757e+00
-5.708745e-02
5.546667e+01
1.830965e+02
-1.629279e+01
3.566328e-04
-4.201357e+04
1.346974e+05
-3.721148e+04
-5.882272e+04
-2.551020e+04
-1.005176e+05
2.162735e+04
-2.950423e+04
-8.135611e+04
6.326973e+04
-5.358304e+04
7.441451e+04
-1.057904e+05
-5.691173e+03
5.015301e+03
-5.020454e+03
2.265694e+04
-3.742549e+02
1.472826e+04
6.692149e+03
-8.010632e+01
-3.497320e+03
-1.728012e+04
-1.867737e+03
-1.117016e+03
-7.811315e+02
-3.015040e+04
-1.038198e+04
-4.524056e+03
1.250244e+04
2.325134e+04
4.873551e+03
2.060969e+04
4.699227e+03
1.118849e+03
-1.473252e+04
-1.845981e+04
6.450242e+02
9.253604e+03
6.489128e+03
1.787936e+03
-6.267178e+03
-4.496337e+03
1.394047e+02
-2.447950e+03
6.996269e+03
5.694897e+03
-5.630891e+02
2.430235e+03
5.500202e+03
8.782465e+03
-8.208146e+02
1.244810e+03
-4.710233e+03
2.804428e+03
4.788143e+03
2.426605e+02
1.508399e+03
1.118437e+03
2.382187e+02
-6.259703e+02
-3.265612e+03
6.764533e+03
2.929609e+03
3.501024e+03
1.070639e+03
2.540834e+02
-1.554972e+03
-4.115925e+03
-2.297594e+03
2.234482e+03
-4.027469e+03
-2.704160e+03
1.636524e+02
-4.242536e+02
-5.822692e+02
3.171407e+02
2.361037e+03
2.869442e+03
-3.280302e+02
-1.379801e+03
9.139407e+02
-1.084243e+02
1.167364e+03
1.825659e+02
6.153583e+02
1.341961e+03
-8.982656e+02
1.263194e+03
1.044802e+03
-9.566472e+02
-2.235710e+02
-4.446990e+02
-1.299139e+03
3.340551e+02
7.590855e+02
-9.369775e+02
-7.715353e+02
-3.896484e+02
8.792293e+02
1.237439e+03
4.567884e+02
5.915838e+02
-2.626928e+02
2.071648e+02
-5.564030e+02
1.815761e+02
3.881967e+02
2.055615e+02
-1.002334e+02
-2.982500e+00
-2.397928e+02
7.544503e+02
2.011980e+02
3.333470e+02
5.751590e+01
5.853632e+01
4.514592e+02
-2.284910e+02
-6.137431e+01
-5.978124e+00
-3.327311e+02
1.884579e+01
2.057289e+02
2.315845e+02
-1.240043e+02
3.937443e+02
3.477343e+01
-3.141953e+02
1.723432e+02
-1.140640e+02
-1.459985e+02
-2.257629e+02
-2.639956e+02
-2.632940e+01
1.084736e+02
2.039388e+02
-7.499410e+01
9.535458e+01
-7.595003e+01
-1.554238e+02
3.578142e+01
1.761462e+02
1.907174e+02
4.332678e+01
-4.218789e+01
1.395130e+02
3.130910e+01
-9.911209e+01
1.772444e+01
-2.013722e+01
5.097543e+01
1.131041e+02
-1.166057e+02
-3.747937e+01
5.654880e+01
2.207506e+01
-7.094144e+01
-4.419564e+01
-1.543392e+02
1.476201e+02
-1.021915e+02
-9.348247e+01
-6.042833e+01
2.188312e+01
-6.908854e+01
5.658469e+01
-5.007573e+01
-9.080763e+01
4.642825e+01
2.001310e+01
-3.511825e+01
6.900823e+01
-4.604135e+01
7.869391e+01
-2.911704e+01
1.429712e+01
4.884608e+01
-4.668978e+01
2.098142e+01
7.241871e+01
6.562100e+00
-4.556121e+01
6.951367e+01
3.116463e+01
-1.720907e+01
3.803375e+01
-9.812990e+00
-1.441400e+01
5.738816e+00
-6.931140e+00
1.274447e+01
-4.200822e+00
1.680350e+01
-2.525144e+01
1.593061e+01
3.813480e+01
2.360301e+01
1.039916e+00
-2.585033e-01
7.516467e-02
3.114217e-01
-9.791381e-02
2.258416e-01
2.416287e-01
1.691037e-01
-2.929438e-01
3.719930e-01
-1.887386e-01
1.859301e-01
1.357286e-01
-2.316902e-02
-1.196479e-01
-1.004439e-01
3.856274e-02
-2.380218e-02
9.847970e-02
6.215247e-02
1.513311e-01
-1.647465e-02
-2.206979e-02
-1.922929e-02
-1.344945e-01
-1.288034e-02
-2.360112e-02
4.059590e-02
3.946776e-02
2.149033e-02
