6.990007e-01
-1.109304e+00
-7.741988e-02
5.091555e+01
1.320657e+02
-1.551240e+01
3.243296e-04
-3.883139e+04
-6.433711e+04
-4.969971e+05
3.210084e+05
7.669811e+04
2.077523e+05
-1.460566e+05
-6.887446e+04
-9.504584e+04
9.190169e+04
-1.366473e+05
6.940203e+04
7.632166e+04
-1.310600e+05
-3.866780e+04
5.473145e+04
1.543456e+03
5.249344e+04
4.847764e+03
-1.504978e+04
6.235872e+04
-3.231785e+04
-1.029381e+03
-4.703190e+04
1.112690e+04
4.344543e+01
-7.570413e+03
3.363216e+04
-1.639739e+04
1.255402e+04
-1.149242e+02
-2.659957e+03
5.285575e+03
-3.546033e+04
2.088417e+04
1.790911e+04
2.615816e+03
2.786687e+04
-1.095791e+03
9.609248e+03
5.520202e+03
2.172701e+03
8.780348e+02
-3.994930e+03
-1.248126e+04
8.779099e+03
-3.791669e+03
3.347295e+03
-3.038025e+03
1.494745e+03
1.314376e+04
-2.416721e+03
-3.303456e+03
3.889654e+03
-1.605795e+03
1.272444e+03
-4.267033e+03
2.012784e+03
1.899244e+03
5.222840e+03
7.289965e+02
-3.852586e+03
2.358670e+03
4.401535e+03
1.964873e+02
-3.825684e+03
-9.529810e+02
2.507143e+02
-6.830688e+02
-1.417962e+03
1.931608e+03
-3.128356e+03
-6.712355e+02
-2.370309e+03
4.518414e+02
1.003782e+03
-1.334787e+03
2.842944e+03
-2.223550e+03
-2.826996e+03
1.213468e+03
1.714465e+02
2.082100e+02
-1.224174e+03
1.327811e+01
2.249331e+03
-1.333610e+02
-1.563202e+03
3.875952e+02
1.515541e+03
1.349180e+03
3.979728e+02
1.380723e+02
1.033553e+02
4.835177e+02
-7.127655e+02
-1.066784e+03
7.939608e+02
4.115418e+02
-5.926456e+02
1.173877e+02
5.082133e+02
4.306630e+02
-3.400518e+02
8.148416e+02
-3.480749e+02
3.827233e+02
4.628345e+02
-4.752932e+02
6.765210e+02
-5.752026e+02
2.746819e+02
1.749560e+02
-6.274442e+02
-1.964429e+02
-4.968451e+02
5.785695e+01
1.481124e+02
-5.373983e+02
2.687141e+02
2.485392e+02
6.685216e+00
4.604844e+02
-4.670747e+01
4.243519e+02
5.154148e+02
1.251151e+02
-2.583154e+02
2.628311e+01
8.572868e+02
-7.983754e+01
2.579696e+02
2.491500e+02
1.353047e+02
4.877536e+01
4.382283e+01
3.968128e+02
2.566845e+01
2.363095e+02
1.972577e+02
-7.215970e+01
2.501023e+02
-2.104895e+02
-1.102007e+02
1.332092e+02
2.398008e+02
3.586914e+01
-2.557569e+02
-2.023051e+02
2.444186e+02
2.014792e+02
-2.289003e+02
-1.996871e+02
1.730371e+02
1.155761e+02
-1.214504e+02
5.207823e+01
1.029853e+02
-1.477087e+02
-7.176247e+01
1.625099e+02
6.553156e+00
8.995755e+01
5.168452e+01
-1.258868e+01
1.061496e+02
1.024664e+02
-3.356916e+01
-1.657056e+02
-6.793079e+01
-7.530453e+01
-2.304702e+01
8.672650e+01
-2.654075e+01
-6.013451e+01
2.089631e+01
6.473780e+01
1.711697e+01
-7.400332e+01
-7.213501e-01
-4.143934e+01
-8.145186e+01
-9.556485e+00
3.116386e+00
-5.110767e+01
-6.055343e+01
9.450290e+01
6.153906e+01
-9.487429e-01
-1.442472e+01
1.258306e+01
-6.606213e+01
-1.314734e+01
-2.403588e+00
-8.845703e+00
8.152694e+01
2.159884e+01
2.139479e+01
3.019128e+01
-2.546042e+00
-2.263780e-01
-9.696258e-01
1.041027e+00
3.176359e-01
-3.840899e-01
3.108506e-01
-7.936677e-01
-6.838426e-02
-1.838279e-01
-2.876233e-01
-3.191802e-01
1.837017e-01
3.215972e-01
-3.751737e-01
-7.992570e-02
-5.057098e-02
-3.109995e-01
-2.972822e-01
-1.987787e-01
-2.567345e-01
5.526606e-02
-8.450595e-03
-1.909027e-01
-2.412516e-01
4.631358e-02
-5.769977e-02
-7.351780e-02
1.042236e-01
