6.451023e-02
8.440469e-01
-2.756793e-01
4.977778e+01
1.578117e+02
-2.494604e+01
3.510546e-04
-121530
-3.022082e+05
-1.059935e+05
3.910113e+05
3.303209e+05
-3.509838e+05
1.021164e+05
3.826492e+04
-1.512084e+05
4.923758e+03
-1.652248e+05
-7.674592e+03
-6.122913e+04
-1.191814e+05
-4.607128e+03
-2.265718e+04
2.624224e+04
-5.054696e+04
3.055938e+04
4.393295e+04
5.174871e+04
3.060718e+04
4.480221e+04
3.419943e+04
2.990090e+04
-5.968867e+04
-7.762312e+04
-3.199639e+03
1.829597e+02
2.253510e+04
5.858323e+03
-7.828587e+03
2.182180e+04
-7.324250e+03
1.104378e+04
-2.513350e+04
-1.019303e+04
1.653710e+04
-1.515848e+04
-1.402135e+04
8.159538e+03
1.043678e+04
7.850587e+03
1.960935e+04
2.889260e+03
-8.594937e+03
6.932609e+02
5.312781e+03
1.117758e+04
-7.260673e+03
9.506814e+03
1.075730e+04
-4.628786e+03
-5.814200e+03
-1.220243e+03
-2.985310e+03
-2.478078e+03
-2.778459e+03
1.206385e+04
4.137688e+03
-5.258987e+02
-1.456777e+04
2.608804e+03
6.940872e+01
-2.141458e+03
-7.874469e+03
-1.806650e+03
-5.931436e+03
5.091963e+03
-4.097380e+02
-3.682122e+03
-1.451385e+03
-1.818402e+02
-2.828111e+03
-1.245703e+02
2.036070e+03
2.954642e+03
8.013946e+03
-1.295503e+03
-2.411816e+03
-1.952673e+03
1.113779e+03
-2.340351e+03
-1.614104e+02
-1.199991e+03
2.389584e+02
4.312653e+03
-3.390753e+03
-1.255585e+03
-2.150627e+03
4.035760e+02
-3.933381e+02
-1.205807e+03
-1.544425e+03
1.975324e+02
1.629659e+03
-1.197743e+03
3.528298e+02
-1.859639e+02
5.201729e+02
-9.973834e+02
2.394074e+02
3.023943e+03
-1.394664e+03
2.045118e+03
-2.582034e+02
1.618805e+03
-1.269294e+03
-3.785048e+02
-7.570191e+02
-5.641732e+02
7.836616e+02
4.864633e+02
-8.028648e+01
-8.442523e-01
-1.179272e+03
-4.416420e+01
1.621344e+03
-2.718716e+02
3.187987e+02
-1.440839e+02
-6.445490e+02
1.732460e+02
5.323984e+02
5.053628e+02
1.001069e+03
1.119290e+02
-7.864198e+02
-1.502707e+01
2.666815e+02
-2.022321e+02
2.070251e+02
3.261058e+02
-3.045617e+02
-5.637580e+01
4.527397e+02
-3.603842e+02
3.107398e+01
5.095741e+01
8.521110e+01
-6.434989e+02
3.705648e+02
3.817806e+02
4.337313e+02
3.232118e+01
7.725043e+02
2.692272e+02
-3.422273e+02
1.017337e+02
2.660431e+02
2.506494e+02
-1.100048e+02
-4.470832e+02
4.406572e+01
1.663798e+02
2.516991e+02
-9.139049e+01
-4.099082e+01
-1.149711e+02
1.729998e+02
-5.177380e+01
-4.533812e+01
4.697943e+02
9.670353e+01
-1.147345e+02
2.383652e+01
-7.950505e+01
-1.495160e+02
-1.557248e+02
1.107245e+02
-3.798119e+01
2.248264e+01
4.298055e+01
-3.909595e+01
2.187438e+02
3.128650e+01
5.338240e+01
1.211403e+02
9.365136e+01
8.995567e+01
-3.523487e+01
-6.950848e+01
4.932718e+01
-4.002306e-01
1.869141e+01
-1.748471e+01
1.445373e+02
-8.138892e+01
5.181947e+00
-6.572034e+01
-1.128596e+02
5.640762e+00
8.001744e+01
-2.010320e+01
-7.160339e+01
-7.883615e+01
-6.365371e+01
9.037122e+01
4.177028e+01
-2.943881e+00
1.959977e+00
-8.175418e-01
-1.337495e+00
-2.088948e-01
-3.867682e-01
2.905010e-01
-1.003988e+00
2.955314e-01
-5.301743e-01
1.508038e-01
-1.405936e+00
-1.825639e-01
3.769509e-01
-4.992903e-01
5.856261e-02
1.234590e-01
4.257886e-02
4.254523e-02
-2.390705e-01
9.531014e-02
1.025786e-01
-2.344265e-02
7.538855e-02
-1.844984e-01
-1.277290e-01
1.052882e-01
-1.460400e-01
-1.538366e-01
