-2.361922e-01
-2.511667e-01
1.588557e-01
4.949333e+01
1.933415e+02
-2.675925e+01
3.533596e-04
-1.947871e+05
-1.075278e+05
2.992837e+05
-1.281661e+05
5.998319e+04
-8.906314e+04
-1.904931e+05
-2.973587e+04
-1.154920e+05
1.312872e+05
3.316798e+04
2.302934e+05
-2.899945e+04
-4.899721e+04
2.757139e+04
-3.963682e+04
1.066538e+04
-3.444175e+04
-6.699072e+04
-4.535092e+04
-4.327966e+04
-5.683860e+03
-1.458373e+04
-3.116557e+04
-8.800645e+04
-2.273408e+04
-1.648705e+04
-2.213094e+04
1.216954e+04
2.043272e+03
-1.769709e+04
2.015232e+03
-1.808608e+03
1.939969e+03
-2.608833e+04
1.090146e+04
-9.442507e+03
-1.302594e+04
3.001014e+03
1.172692e+04
5.855976e+03
-4.840361e+03
6.466255e+03
1.982138e+03
-1.242945e+04
-1.109914e+03
-2.170752e+03
-3.809256e+03
-4.474189e+03
3.345218e+03
5.271466e+03
4.770128e+03
-9.481052e+03
-9.755638e+03
-2.981297e+03
-3.751015e+01
-2.328051e+03
-5.039426e+02
7.805844e+03
2.785205e+03
9.956049e+03
-6.919955e+03
-2.081880e+02
9.089172e+02
6.839364e+03
5.556115e+02
-1.009993e+03
4.316546e+02
3.114253e+03
2.095153e+03
-1.597926e+02
-2.016946e+03
-1.756370e+03
4.920066e+02
-1.374136e+03
-3.542914e+03
3.020444e+02
-2.180884e+01
-6.765751e+01
5.135654e+02
-1.085543e+03
9.113649e+01
1.845546e+03
8.932617e+02
-1.163938e+03
2.039105e+03
2.287578e+03
-1.103838e+03
1.392225e+02
2.230083e+03
-1.805923e+03
4.159461e+02
-8.670765e+02
5.939588e+01
-9.946766e+02
-1.247784e+02
-2.087556e+02
5.305726e+02
-2.377235e+02
1.233107e+03
3.268379e+02
1.884847e+03
6.323610e+02
1.335779e+02
5.103156e+02
1.845520e+02
2.613561e+02
-2.573882e+02
7.542257e+02
-9.726808e+02
4.183478e+01
-1.100251e+03
4.070901e+02
-6.939531e+02
-3.059207e+02
-1.659697e+02
-2.967548e+02
5.066955e+02
1.023126e+02
1.563102e+02
6.270586e+02
-7.383036e+02
-7.372458e+02
2.901579e+02
2.579483e+02
2.583084e+02
1.848685e+02
-1.337344e+01
-5.672203e+02
3.735460e+02
1.423455e+01
1.499027e+02
-2.722139e+01
-2.123796e+02
-1.276222e+01
3.154627e+02
-3.727728e+01
-1.159712e+01
2.700651e+01
3.100683e+01
-1.519962e+02
7.861313e+01
4.529221e+02
1.432745e+02
2.904692e+01
5.357658e+01
1.052553e+02
1.195508e+02
-1.988230e+01
-4.295668e+01
1.673214e+02
-1.063377e+02
1.081235e+02
6.114317e+01
-1.263418e+02
-6.085936e+01
-3.120430e+01
-2.369144e+02
6.923295e+00
-8.705407e+01
7.518765e+01
-4.389311e+01
3.097314e+01
6.191702e+01
2.241214e+02
1.611473e+02
1.772005e+01
8.284745e+01
-3.891265e+01
3.141340e+01
1.295736e+01
-7.127783e+01
4.826700e+01
1.566677e+02
1.246368e+01
-1.430116e+01
4.487500e+00
4.761709e+01
2.253451e+01
5.986447e+01
1.306624e+02
-1.143674e+02
-3.319331e+01
-3.037146e+01
1.104075e+02
5.883025e+00
-7.888981e+00
2.423075e+01
-3.090208e+01
-4.577882e+01
-3.581571e+01
-4.271967e+01
1.319002e+01
4.086961e+01
-7.528072e+01
1.627977e+01
-8.927252e+01
5.178724e+01
-9.742887e+00
-7.460243e-01
1.526799e-01
-1.253019e+00
-5.982626e-01
4.476067e-02
2.275666e-03
-1.249890e-01
1.996173e-01
2.677984e-01
-1.977506e-01
4.229438e-01
-1.859616e-01
2.825919e-01
3.425957e-02
3.892745e-01
3.331370e-02
-3.830805e-02
-3.319581e-02
-7.402054e-02
1.271815e-01
-7.135257e-02
-8.606483e-03
-5.990731e-02
6.640419e-02
1.664786e-01
1.422144e-01
-1.230205e-01
-6.401712e-02
1.038311e-01
