-3.399213e-02
-9.484262e-01
6.832024e-02
4.949333e+01
1.662043e+02
-1.715548e+01
3.409831e-04
-4.317826e+04
204057
3.398676e+05
5.543849e+05
-3.982666e+03
8.768570e+03
-1.161778e+05
1.163819e+05
-2.378917e+04
2.018870e+05
4.237553e+04
-8.312304e+04
-6.393958e+04
-6.102079e+04
-2.850846e+04
1.115213e+05
-3.222711e+04
5.384750e+04
-7.056727e+04
8.515029e+04
-3.264044e+04
-3.143183e+04
3.805456e+04
-2.518064e+04
3.333928e+04
1.623292e+04
-3.526897e+04
3.894683e+04
6.926921e+03
4.344192e+04
2.085327e+04
-3.764728e+04
-2.660136e+04
-2.098604e+04
6.404165e+03
-7.378803e+03
5.592117e+03
1.829988e+04
-1.751587e+04
-1.181311e+04
-1.581319e+02
1.349387e+04
-4.684093e+03
-1.451334e+03
8.303410e+03
4.038668e+03
7.818090e+03
-1.222256e+04
5.704626e+03
-2.948300e+03
1.058181e+04
-5.801673e+03
-8.757747e+03
1.304182e+03
-7.978607e+03
3.136443e+02
-7.042823e+03
5.002841e+03
5.379990e+02
3.130461e+03
-2.678105e+03
-3.029747e+03
1.979812e+03
1.020562e+04
5.048482e+03
-3.319827e+03
-2.982317e+02
-2.245303e+03
2.632878e+03
1.077410e+03
1.726159e+03
-5.808054e+03
-2.706535e+03
3.609809e+02
-9.664125e+02
3.749090e+01
-1.141829e+03
5.256405e+03
8.255910e+02
-4.272991e+03
9.878889e+02
-1.342058e+02
-2.388832e+02
7.369518e+00
-2.829103e+03
1.926924e+03
1.799027e+03
-2.510342e+03
1.042496e+03
-1.393993e+02
1.940683e+03
-9.049622e+02
2.181744e+02
-1.498455e+03
-4.322502e+02
-1.809854e+02
-6.464052e+02
9.624343e+02
-4.132908e+02
-5.589072e+02
1.208049e+02
-1.801236e+02
5.932318e+02
-1.253396e+03
1.303775e+03
-4.879631e+02
1.055195e+03
-6.113014e+02
-1.211308e+03
-2.247163e+02
6.911357e+01
-1.842823e+02
7.369704e+02
-9.619640e+02
-7.756801e+02
-7.878604e+02
9.094230e+02
6.609786e+01
-1.116209e+02
-1.593087e+02
2.921046e+02
3.053643e+02
2.823885e+02
4.080110e+02
2.650881e+02
8.299103e+02
6.324361e+02
-8.136836e+01
1.442620e+02
6.850813e+02
-4.887841e+01
-9.678371e+01
2.644774e+02
6.131685e+01
-5.469478e+02
-6.178886e+01
-8.704827e+00
4.983371e+01
2.838264e+02
-2.994156e+02
-2.261569e+02
4.143794e+02
-2.056741e+02
1.252047e+02
-9.113928e+01
3.320494e+02
2.265160e+02
-3.474884e+02
-9.490336e+01
3.724984e+02
1.823119e+02
-1.659036e+02
1.134256e+02
2.677124e+02
1.349343e+02
3.800930e+01
2.545837e+02
1.248152e+02
-1.054199e+02
-5.782248e+01
-5.884275e+00
1.536643e+01
3.226774e+01
-1.885854e+01
1.376496e+02
-7.592621e+01
3.265963e+00
-8.333602e+01
-3.228603e+01
-1.196772e+01
-1.224058e+01
-4.124576e+01
-2.221676e+01
-1.338348e+01
-6.563749e+01
5.089222e+01
4.469330e+01
1.928399e+01
-5.612641e+01
-3.797941e+01
-7.879153e+01
1.183918e+01
-1.445622e+01
-3.255690e+01
-3.614579e+01
5.622142e+01
7.746686e+01
9.886916e+00
-5.982483e+01
4.513211e+00
6.721512e+00
1.012109e+01
5.884511e+01
2.445944e+01
2.317820e+00
1.291937e+01
-2.039988e+01
1.528199e+01
2.362464e+01
1.720890e+00
-1.494601e+00
9.909480e-01
-4.717043e-01
6.263805e-02
-1.987547e-01
4.312427e-02
-2.835811e-01
-1.050514e-01
-1.423694e-01
-4.218444e-01
-7.498698e-01
4.666347e-01
4.021217e-03
-5.125682e-01
3.754655e-01
2.490707e-02
1.160127e-01
1.851143e-01
-5.805924e-01
-1.109536e-01
-1.428592e-02
-1.716154e-01
1.783013e-02
-5.476734e-01
-7.153369e-02
1.169025e-01
-9.827786e-02
-7.906815e-02
