-2.599548e-01
1.405303e+00
7.434428e-02
5.404445e+01
1.862715e+02
-1.038308e+01
3.473702e-04
-1.779143e+05
-1.357349e+05
2.374872e+05
-1.905700e+05
1.605341e+03
-2.510128e+04
3.610559e+04
-5.990211e+04
-2.658561e+05
-7.257941e+04
-1.091368e+05
1.094800e+05
-6.192679e+04
5.381770e+04
4.858523e+04
-4.091012e+04
1.026626e+05
2.783683e+04
-1.392271e+04
-1.462597e+04
2.753448e+04
-1.419753e+04
3.630712e+04
-2.082617e+04
6.242759e+04
-4.256757e+04
-5.399603e+04
1.205386e+03
8.226896e+03
2.940756e+04
-2.755178e+04
1.676586e+04
8.313898e+03
2.306494e+04
-9.637177e+03
-2.391875e+04
-2.091157e+04
9.851903e+03
1.323050e+04
-1.060054e+04
-1.405079e+03
-1.122911e+04
-2.583832e+03
8.886812e+03
1.722010e+04
1.611105e+04
-6.327020e+03
1.185649e+03
1.006035e+04
4.047499e+03
4.743248e+03
-4.806978e+02
-1.922968e+03
-6.202099e+03
3.995424e+03
3.089695e+02
1.363057e+02
-6.146052e+02
7.681216e+02
5.202968e+03
6.884444e+03
-3.606899e+03
2.909877e+03
-4.169279e+02
8.944127e+02
4.560864e+03
8.797737e+02
-8.433080e+02
-1.056949e+02
2.931103e+03
-7.407827e+02
-3.488917e+03
-2.007644e+03
-3.137081e+03
2.192911e+03
-2.314201e+03
3.160881e+03
2.224044e+03
2.161118e+03
-2.085319e+03
-5.117352e+02
1.666700e+03
-8.805577e+02
5.753420e+02
1.846634e+03
3.115178e+03
2.405532e+03
-9.747480e+02
7.410676e+02
1.970349e+03
1.014744e+03
3.348181e+02
-1.143765e+03
-1.549476e+03
-7.377744e+02
1.055039e+02
-8.443111e+02
1.035853e+02
1.755965e+02
1.220012e+03
4.106958e+02
1.030104e+03
2.034207e+03
3.285323e+02
1.366746e+03
-6.516570e+02
8.501215e+02
3.513973e+02
-1.943032e+02
-2.852073e+02
-5.331180e+02
-3.330648e+02
1.026184e+03
4.048995e+02
9.230827e+02
-3.111376e+02
1.137512e+02
4.280999e+02
-4.235890e+02
-4.047331e+02
2.979840e+02
4.318259e+02
-2.127402e+02
3.429050e+01
3.793622e+02
-1.726604e+02
2.867584e+02
-5.844108e+02
-1.039792e+02
9.554262e+01
-1.840157e+02
-2.284214e+02
-4.574504e+00
-3.934052e+02
3.967033e+01
-1.813734e+02
1.102772e+02
-3.635692e+02
1.330565e+02
7.125510e+01
1.520108e+02
-1.622971e+02
4.534117e+02
3.842901e+01
3.877867e+01
2.649075e+01
1.205768e+01
4.687910e+01
8.209976e+01
-9.465033e+01
4.797607e+01
8.751744e+01
-1.530707e+02
-1.928727e+01
-1.233877e+02
1.762897e+02
-7.286759e+01
-3.210309e+01
1.269178e+01
5.761105e+01
9.881140e+01
-9.280882e+00
-1.314396e+01
8.919968e+01
-4.607674e+01
-9.741250e+00
2.993116e+01
-2.084771e+01
-2.723664e+01
-9.488284e+01
-2.240855e+01
-7.218526e+01
9.680233e+01
1.870766e+01
1.110392e+02
-2.954645e+01
8.029840e+00
3.138177e+01
5.134298e+01
1.593846e+02
2.748631e+01
-5.004392e+01
5.308857e+01
4.175336e+01
5.813025e+01
-1.323134e+01
-2.704100e+01
-8.840521e+00
7.507915e+01
-3.589928e+01
-4.584510e+01
1.273840e+01
-6.258903e+00
-2.954612e+01
-8.221289e+01
-3.856401e+01
-2.262997e+01
2.074803e+01
1.548923e+01
-2.220387e+00
1.306413e+00
-6.371628e-01
3.458209e-01
8.165526e-02
-5.924032e-01
-5.349066e-01
-6.510143e-01
4.091024e-02
-5.338504e-01
6.153444e-02
-1.598391e-03
2.120724e-01
-4.798696e-02
2.759002e-01
4.041494e-02
5.370000e-02
6.332835e-02
4.469512e-02
1.188318e-01
1.736140e-01
-6.034577e-03
1.619200e-01
-1.909270e-01
4.720067e-02
-2.178283e-02
9.260218e-02
-3.517507e-02
-8.656265e-02
