1.066284e+00
-1.560735e+00
-1.192661e+00
5.603556e+01
1.754585e+02
-8.130378e+00
3.492620e-04
-5.877029e+04
-1.803709e+05
2.780121e+05
1.014186e+05
9.443365e+03
7.321858e+03
-9.736587e+04
2.483164e+04
-6.800222e+04
3.837164e+04
1.018849e+04
4.099009e+04
-2.508380e+04
1.244323e+04
8.731801e+03
7.719502e+03
7.804907e+03
7.059563e+03
-6.194286e+04
-3.620086e+04
-3.183106e+04
-2.585255e+04
7.437717e+02
-2.586541e+04
-4.184872e+03
-5.316574e+03
2.763538e+02
1.945917e+04
2.027096e+04
5.965653e+03
5.744864e+03
1.230492e+03
-1.304036e+04
9.472452e+03
-1.696640e+03
-1.029938e+04
2.090794e+03
-2.051385e+03
1.517270e+03
-5.245434e+02
6.204223e+03
3.780276e+03
-9.996555e+02
7.272390e+03
-3.560025e+02
1.718184e+03
4.113040e+03
-5.989712e+03
-9.185912e+02
3.848871e+03
3.671780e+03
-4.114891e+03
-9.370795e+03
-4.141539e+03
-4.490742e+02
1.236513e+03
-3.858422e+03
2.865442e+03
2.587531e+03
3.850156e+03
-1.782254e+02
-2.454883e+03
2.247497e+03
1.514105e+03
1.935883e+03
-2.584431e+03
6.509417e+02
1.828727e+03
3.168317e+02
3.349579e+03
2.127666e+03
-2.666059e+03
-2.160950e+03
1.389557e+03
-6.055690e+02
-2.006478e+03
1.274630e+03
1.558347e+03
2.414854e+03
2.730567e+02
5.666558e+02
-1.181028e+03
3.053204e+02
4.831108e+02
-1.392534e+03
1.021169e+03
2.044299e+03
-1.644303e+03
1.221018e+03
1.427538e+03
6.437927e+02
-1.902099e+02
-3.012543e+02
-4.874968e+02
-5.559661e+02
-2.850413e+02
4.671496e+02
6.601214e+01
-7.052612e+01
1.528538e+03
1.428124e+02
1.123852e+02
5.525788e+02
-8.436619e+00
7.812834e+02
-3.130977e+02
8.688672e+02
-3.324889e+02
-1.991604e+02
-5.686907e+02
1.676383e+02
-4.298724e+02
4.927093e+02
-6.819722e+02
-2.145311e+02
-1.317604e+02
4.453221e+02
1.652387e+01
1.764687e+02
-3.554460e+02
3.279501e+02
2.108340e+01
-5.044449e+02
3.334648e+02
3.962303e+02
3.018989e+02
2.294514e+02
1.391782e+00
3.393436e+01
2.850656e+02
-1.802166e+01
1.956008e+00
-7.878182e+01
-5.139996e+01
-4.901826e+01
-1.782130e+02
-5.829631e+01
4.863230e+01
1.784986e+02
5.636168e+01
3.068258e+01
2.002643e+02
8.019844e+01
-1.328537e+02
-4.525952e+01
7.625291e+01
5.393430e+01
2.178950e+00
2.527336e+00
-1.714620e+01
9.455210e+01
-1.438266e+02
8.430529e+01
1.511225e+02
-6.880970e+01
7.734384e+01
9.646607e+01
4.226339e+01
-6.588498e+01
-1.006813e+02
-4.000539e+00
1.484608e+02
1.026640e+01
9.070599e+01
9.849531e+01
-5.295969e+01
6.599765e+01
5.513755e+01
-3.948331e+01
-3.276652e+01
5.316107e+01
-2.763342e+01
-7.678983e+00
3.097334e+01
3.728913e+01
-4.826768e+01
7.299516e+01
1.583039e+01
1.006168e+01
-5.513445e+00
3.710847e+01
-2.272856e+01
5.036760e+00
-1.115125e+01
4.538086e+01
3.712790e+01
9.685434e+00
4.011850e+01
-2.403762e+01
6.433937e+00
-3.061981e+01
2.458648e+01
3.608683e+00
4.355879e+01
-3.634855e+01
-5.546727e+00
-1.379319e+01
2.579913e+01
3.427031e+00
1.660705e-01
2.325079e+00
-4.361606e-01
-3.630802e-02
-2.422716e-01
-3.454941e-01
-2.925285e-01
-1.100072e-01
-7.699768e-02
-2.386559e-01
-2.289180e-01
-4.656949e-02
1.715612e-01
1.307211e-01
1.298683e-01
7.935119e-02
3.756892e-02
1.029384e-01
-1.679847e-02
-6.136788e-02
6.195985e-02
2.622570e-02
1.669813e-01
8.966071e-02
-6.400938e-02
5.200189e-02
2.096847e-02
-8.301222e-02
7.010871e-03
