-1.893135e-01
2.069148e-01
-7.887334e-03
4.437333e+01
1.926271e+02
-2.536134e+01
3.391276e-04
1.493825e+03
-4.323282e+05
2.173668e+05
3.161705e+05
1.273058e+05
7.154980e+04
1.296815e+04
-1.822979e+04
3.643036e+04
4.056829e+04
6.712833e+03
2.140415e+04
4.499936e+04
-2.050874e+04
-2.970207e+04
-1.378717e+04
6.393822e+03
1.656383e+04
-5.470716e+04
2.507277e+03
4.344058e+04
2.433693e+03
3.849173e+04
-7.141312e+04
1.834051e+04
-1.278243e+04
-2.635445e+04
3.051265e+04
1.974800e+04
-2.771197e+03
1.026674e+04
1.114292e+04
-3.197384e+03
8.083172e+03
6.089270e+03
-2.032517e+04
5.409879e+03
1.386927e+04
3.175012e+03
-8.781415e+03
9.621896e+03
-2.382848e+03
-1.655804e+02
8.543407e+03
7.547555e+02
1.155277e+03
-4.717524e+03
-1.050417e+02
2.239562e+03
2.911533e+03
8.313124e+03
-1.540807e+03
-6.743877e+03
-2.810507e+03
2.172566e+01
-1.734368e+02
-9.718698e+02
-6.855823e+02
4.227694e+03
7.278522e+02
1.450191e+03
-6.011236e+03
2.478441e+03
2.531662e+02
-1.647296e+03
-3.440092e+03
7.229886e+02
7.316664e+02
3.886804e+01
2.662545e+03
1.868977e+03
-1.983200e+03
8.549689e+02
-2.438775e+03
-1.766214e+02
-8.865565e+02
-4.750650e+01
5.837004e+02
2.185561e+03
-2.037680e+02
8.845431e+02
1.190476e+03
-2.143625e+03
6.732758e+02
-4.140975e+01
2.137667e+03
1.219261e+03
-3.334835e+02
1.140522e+03
1.034430e+03
-2.359386e+02
4.468999e+01
5.994565e+02
-7.432423e+01
-9.845641e+01
2.761410e+00
-1.233934e+03
1.284379e+01
-3.013051e+02
1.824097e+03
2.624031e+02
8.781218e+02
1.170998e+03
-1.069438e+02
1.079586e+03
-1.640677e+02
6.885903e+02
-6.372156e+02
1.129544e+01
8.523463e+01
-6.032251e+02
-2.087535e+02
2.730309e+02
4.053391e+02
-4.666954e+02
-3.491093e+02
5.752637e+02
2.180667e+02
-6.046905e+02
-6.561224e+01
2.238779e+02
2.132147e+02
-4.841082e+02
2.194449e+02
5.205477e+02
2.767756e+02
8.767822e+01
1.329865e+00
1.107982e+02
2.751253e+02
-8.115887e+01
-2.252245e+02
-1.510956e+02
9.018964e+01
2.803554e+02
-1.148315e+02
1.680292e+02
-8.947485e+01
3.639626e+01
1.899707e+02
-1.007559e+02
2.243248e+02
2.629411e+02
4.695865e+01
-9.858537e+01
1.885733e+02
7.344067e+01
-1.377831e+02
-5.975465e+00
9.952481e+01
1.166847e+02
-1.895685e+02
-1.413263e+02
2.072726e+02
-9.312543e+01
1.883965e+02
3.122770e+01
7.024689e+01
-3.986233e+01
1.673091e+01
1.012305e+02
-8.344131e+01
1.376521e+02
9.666821e+01
2.273020e+01
2.125100e+01
-7.645468e+01
6.699379e+01
-1.172784e+02
-5.508480e+01
-4.840864e+01
-7.725880e+01
7.056886e+00
8.627687e+00
1.175041e+02
-5.788065e+01
-4.186631e+01
7.179919e+01
-3.326919e+01
8.817989e+01
1.065622e+01
4.784892e+00
4.365826e+01
3.564843e+01
2.166291e+01
-6.141020e+01
9.170712e+01
5.646518e+01
1.851250e+01
-2.920053e+01
-8.520654e+01
-1.104766e+01
-5.095429e+00
-1.103398e+01
-4.874604e+01
-3.528629e+01
1.271738e+01
5.040537e+01
1.618909e+01
-5.422148e-01
1.624742e+00
-6.945997e-01
7.841310e-01
1.399616e-01
-8.014391e-01
-3.007738e-01
6.171120e-02
1.061476e-01
-2.585070e-01
-4.998029e-01
-4.816426e-01
-2.417963e-01
4.623984e-02
-2.054313e-02
4.193988e-02
-8.087727e-02
3.266811e-02
4.816332e-02
-2.754903e-01
2.346479e-01
-2.360306e-02
-4.300203e-03
-4.452700e-02
-3.408030e-02
2.962466e-02
-2.318996e-02
-1.367285e-01
2.989477e-02
