-3.374623e-01
7.084726e-01
3.934839e-02
5.233778e+01
2.016703e+02
-2.114641e+01
3.369052e-04
-1.864858e+05
-1.438908e+03
-5.898672e+04
-2.653672e+05
1.284275e+05
6.320254e+04
-1.484742e+04
5.842219e+04
-1.871339e+05
-1.448202e+04
6.317676e+04
4.361235e+04
5.931086e+04
-1.128028e+04
-1.768548e+04
1.302702e+03
6.341909e+04
1.124993e+04
-1.731514e+03
2.003809e+04
4.268680e+04
-1.333457e+04
-1.026474e+03
-2.578452e+03
11545
-1.051417e+04
-1.523508e+04
3.542135e+03
-1.360265e+04
-1.388859e+04
-8.787321e+03
-8.128132e+03
1.221319e+03
4.225188e+02
-2.744321e+04
8.141023e+03
-1.080610e+04
9.071948e+03
-5.388218e+03
2.063587e+04
1.269883e+04
-1.092805e+04
1.482111e+03
-2.622421e+03
1.288260e+04
5.918854e+03
-3.417076e+03
6.128524e+03
8.392199e+03
1.294455e+03
7.389501e+03
4.028371e+03
-4.722189e+03
-7.903946e+03
3.717493e+03
-5.130302e+02
-2.149791e+03
-3.166798e+03
3.085845e+03
3.618516e+03
8.682413e+03
-3.039057e+03
-1.920458e+03
2.320323e+03
3.687570e+03
4.504969e+03
2.142824e+03
-1.687356e+03
-2.042629e+02
1.281001e+02
-4.647631e+03
-4.724160e+03
-5.183147e+02
-1.696664e+03
4.419977e+02
-8.418052e+02
2.581882e+03
2.758281e+03
3.510498e+02
-2.531080e+03
8.445007e+01
-3.243163e+02
1.072413e+02
1.114197e+03
1.435727e+03
1.736737e+03
7.483788e+02
-4.512672e+02
-7.751468e+02
1.651727e+03
2.553005e+02
-3.881516e+02
-1.242239e+02
-1.181674e+03
-1.042281e+03
1.138490e+03
-1.335439e+03
1.358698e+03
-1.894608e+03
-5.850928e+02
8.025542e+02
1.470943e+03
1.611732e+03
5.975953e+02
7.270756e+02
-4.870871e+02
2.399910e+02
4.346649e+00
6.363192e+00
-4.003018e+01
-5.832105e+02
-6.158327e+02
7.986229e+02
8.017205e+02
1.121546e+03
-2.874888e+02
2.442237e+02
2.453249e+02
-5.276302e+02
3.145639e+02
-2.518009e+01
4.248114e+01
-1.210288e+01
-2.437254e+02
1.999921e+02
-3.962625e+02
-6.008640e+01
-1.373675e+02
-3.877943e+02
-1.412839e+02
-2.114877e+02
-7.976535e+01
-9.291476e+01
-1.812267e+02
9.569400e+00
7.732027e+01
3.367856e+02
-3.044463e+01
1.447494e+02
-7.432826e+00
-2.455542e+02
-1.792221e+02
1.138492e+02
3.400225e+02
2.492280e+02
-1.632366e+02
-9.569238e+01
-5.642345e+01
7.969051e+01
-2.597384e+01
2.412073e+01
4.499635e+01
-6.298960e+01
1.977154e+02
-5.051641e+01
-7.438470e+01
-6.824754e+01
-2.825396e+02
4.661029e+01
1.272530e+02
2.437028e+02
-2.691936e+02
-5.067099e+01
2.910833e+01
3.466958e+01
1.857870e+02
3.762394e+01
-1.318291e+02
-7.543149e+01
6.594434e+01
3.074249e+01
-7.485984e+01
-2.097608e+01
4.669955e+01
6.230277e+00
-8.717142e+00
-2.645695e+01
4.866298e+01
-4.589159e+00
1.019314e+02
8.188775e+01
-1.560033e+02
-1.477304e+01
5.315751e+01
6.527071e+01
-2.600213e+01
1.665520e+01
5.697137e+00
-4.943484e+00
-1.291182e+01
3.647742e+01
-4.608824e+01
2.274129e+01
-1.156386e+01
-7.489475e+01
-1.011982e+01
-2.418535e+01
1.199385e+01
2.666468e+01
-2.587785e+00
-1.227160e+00
7.657765e-01
-8.429278e-02
-5.116631e-02
-3.687865e-01
-4.790226e-01
-1.401058e-01
3.830557e-02
1.137930e-01
6.684516e-01
-6.104001e-02
7.700100e-03
-5.415982e-02
3.384521e-01
-2.856813e-02
5.865329e-03
-1.089917e-01
2.585389e-02
6.335996e-02
8.810071e-02
1.010750e-01
-6.494921e-02
-1.012959e-01
2.579524e-01
-1.033185e-03
-1.029468e-01
6.294489e-02
-9.227203e-02
