5.377178e-02
1.360812e+00
-2.298515e-02
5.518222e+01
1.727609e+02
-1.354141e+01
3.493456e-04
6.183133e+04
-1.330994e+05
-4.159545e+05
-2.936505e+04
-1.877728e+05
-7.562970e+04
6.591866e+04
-4.963609e+04
-1.038333e+05
-2.034747e+04
-5.507624e+04
1.037037e+05
-1.588580e+04
-7.228412e+04
-4.427233e+04
5.193976e+04
-1.414300e+03
-4.928747e+03
3.400968e+04
6.981784e+03
1.043164e+04
-4.175443e+04
-1.819088e+04
-4.441939e+03
-1.880330e+04
-3.087665e+04
-3.270749e+04
-6.226522e+03
-1.437887e+04
-1.068513e+04
-2.869919e+03
1.200451e+04
-3.011146e+03
-1.647266e+04
-8.523980e+03
-1.076610e+03
-7.696978e+02
1.120653e+04
-1.221458e+04
7.346112e+03
2.618846e+03
1.730082e+03
-3.526758e+03
-6.149347e+03
-8.494588e+03
-6.099963e+03
-5.287550e+03
-4.855232e+03
6.263042e+03
-4.609593e+03
9.737478e+03
5.730537e+03
-6.332273e+03
2.454562e+03
-2.701171e+03
-4.528530e+03
-2.842727e+03
2.939111e+03
6.621947e+03
4.838593e+03
-2.111586e+03
-5.187757e+03
1.587609e+03
1.285054e+03
-1.882717e+03
-2.267680e+03
2.844539e+02
4.869993e+02
1.570078e+03
6.522072e+02
3.074961e+03
-4.167263e+03
-6.370517e+02
1.392841e+03
3.565067e+02
8.655537e+02
4.361617e+02
3.741098e+03
-3.537561e+01
-1.981485e+03
-1.561317e+03
-8.222673e+02
1.330309e+03
-8.403221e+02
2.962281e+02
5.594120e+02
1.302314e+03
-2.581092e+03
3.213512e+02
1.471785e+02
-1.623069e+02
9.002545e+02
5.300198e+02
-4.534070e+01
6.485460e+02
3.049235e+02
-9.177659e+02
-7.635393e+01
-4.501514e+02
6.817729e+02
-2.210586e+01
-3.558441e+02
9.650330e+02
-5.263757e+02
7.168037e+02
-7.285355e+02
3.441042e+02
3.745998e+01
2.048252e+02
2.939577e+02
-3.588286e+02
1.951104e+02
6.410957e+01
-2.176335e+02
-1.536281e+02
-4.182506e+02
-7.234343e+01
2.154106e+02
-1.291815e+02
7.444616e+01
2.042931e+02
-5.017244e+02
2.181491e+02
3.076367e+02
6.623382e+02
3.011520e+02
3.502061e+02
-2.593051e+02
-4.975040e+01
2.944882e+02
-3.967266e+02
2.278289e+02
3.831995e+00
-1.079089e+02
3.004815e+02
1.407431e+02
4.481387e+01
1.190865e+02
2.359987e+01
1.483212e+01
-3.843944e+02
8.177377e+01
1.734410e+02
1.642304e+01
2.645899e+02
2.734479e+02
1.873630e+01
-2.415460e+02
-1.785155e+02
2.124721e+02
1.254142e+02
5.199393e+01
-2.759676e+02
2.571979e+01
1.696728e+02
6.782977e+01
-6.386470e+01
6.115523e+01
-5.119263e+01
-2.922247e+01
1.073292e+02
5.433108e+01
6.659357e+01
6.343972e+01
1.651224e+01
-5.664208e+01
1.715267e+01
4.898152e+01
-1.148533e+02
2.120559e+01
-5.495784e+01
2.442028e+01
1.018882e+02
-2.805338e+01
1.168744e+01
5.380215e+01
3.491737e+01
1.493506e+02
-1.034783e+02
-5.427210e+01
-1.480329e+01
-3.545627e+01
2.121064e+01
3.323080e+01
5.711896e-01
-6.592590e+01
4.127308e+01
1.845550e+01
1.171569e+00
7.648378e+00
-1.005879e+01
8.532575e-02
-4.423723e+00
-6.042236e+00
2.805839e+00
7.970937e+01
9.794777e+00
1.758278e+01
2.117629e+01
-1.469900e+00
2.867182e+00
-1.036744e-01
2.860202e-01
4.655224e-01
2.434048e-01
6.891359e-01
-7.064534e-01
8.376747e-02
-5.279859e-01
-1.151861e-01
-1.919709e-01
-1.321184e-02
2.336572e-02
-2.173603e-01
-2.309485e-02
6.756792e-02
1.957966e-02
-6.940612e-03
5.389312e-03
-1.649244e-01
1.470538e-01
4.703724e-03
4.444599e-02
9.772432e-04
4.278699e-02
-1.718647e-02
-6.394918e-02
2.116222e-02
