-5.439937e-01
1.529456e+00
-1.075643e-01
5.461333e+01
1.769934e+02
-5.671797e+00
3.437510e-04
-1.609934e+05
7.176856e+04
2.851531e+05
6.217383e+04
5.177464e+04
1.770074e+04
-1.839466e+05
1.415715e+05
-7.211641e+04
1.613853e+05
-2.962579e+04
4.612065e+03
-1.153038e+05
1.955402e+03
-1.022289e+05
8.375702e+04
-1.375949e+04
-1.190136e+04
-1.503582e+05
-6.788930e+03
-1.637233e+04
1.408860e+03
7.248079e+03
-6.918978e+04
-2.141249e+04
4.121642e+04
-7.672386e+03
1.801460e+04
-3.298991e+03
3.541628e+04
3.469208e+04
-3.801602e+04
-1.265889e+04
-1.347865e+04
-1.011321e+03
-7.585035e+03
-5.158893e+03
1.535929e+04
9.691954e+03
4.185310e+03
3.019852e+03
-2.851206e+03
-8.656605e+03
1.178899e+04
-2.286365e+03
-5.167640e+02
1.214846e+04
-1.062239e+04
3.571291e+03
5.647883e+03
1.344454e+04
-1.129016e+04
-6.558120e+03
-6.737952e+03
4.743271e+03
1.938963e+03
5.292105e+01
3.714938e+03
-2.833706e+03
4.239641e+03
4.822052e+03
-2.506666e+03
4.099217e+03
6.783315e+03
4.842688e+03
-7.266853e+02
-3.469786e+03
-1.231650e+03
-1.371273e+03
9.676425e+02
3.457533e+03
-5.932832e+03
-2.751878e+03
-1.266463e+03
1.536324e+01
-2.185834e+03
-1.551507e+03
1.442789e+03
1.771079e+03
-5.349077e+02
1.789047e+03
-4.980365e+02
-5.862957e+01
1.070429e+03
-1.756209e+03
1.989420e+03
1.771912e+03
4.582760e+01
1.728637e+03
3.122644e+03
-2.741974e+02
-8.273359e+02
3.008984e+01
-2.315826e+02
-3.628806e+01
-4.699140e+02
-1.102092e+03
6.722044e+02
-6.492845e+02
7.978065e+02
7.487612e+02
8.406212e+02
4.258093e+02
1.226770e+03
9.263162e+02
-2.849289e+02
8.772488e+02
-1.600958e+02
-1.028738e+03
-6.400267e+02
8.667384e+01
-8.416600e+02
4.154533e+02
-6.974212e+02
-2.958425e+02
-4.154656e+02
9.573912e+02
5.707130e+02
-3.727274e+02
-2.848466e+02
1.685732e+02
2.954141e+02
1.222965e+02
2.387663e+02
5.407662e+02
3.447941e+02
3.309949e+02
-7.251208e+01
1.286811e+02
3.983323e+02
1.950232e+02
-3.759381e+01
6.959364e+00
2.849864e+02
-3.543344e+02
-2.251751e+02
1.308985e+01
9.536176e+01
3.371454e+02
-1.944850e+02
3.508408e+01
6.918361e+01
-4.628816e+01
1.850324e+02
1.219518e+02
-2.341892e+02
2.793656e+02
-3.633905e+01
-7.082351e+01
1.211619e+02
3.301198e+02
-2.164141e+02
7.961139e+01
2.630805e+02
-1.600492e+00
-3.288017e+01
1.620700e+02
8.256664e+01
-2.112842e+01
-6.043320e+01
1.360033e+02
-1.924029e+02
-4.025217e+01
-3.473561e+01
1.319851e+02
5.026867e+01
6.010934e+01
-4.757994e+01
-1.056486e+02
1.727212e+01
-1.277258e+01
-5.774617e+01
-9.443176e+01
-3.468954e+01
-4.119255e+01
-5.632608e+01
6.752973e+00
3.423732e+01
-7.870764e+01
1.684148e+01
5.159029e+01
-8.219044e+01
-5.939285e+01
1.669471e+00
2.853442e+01
5.625830e+01
4.331773e+01
5.784083e+01
-2.581796e+01
-2.743748e+00
1.871242e+01
1.292362e+00
3.691055e+01
5.194855e+01
-1.984334e+01
7.298458e+00
-4.854053e+00
-3.622972e+00
1.803280e+01
3.168716e-01
-1.399585e+00
2.990736e-01
-4.512655e-01
-1.493841e-01
-6.291727e-01
-6.294385e-01
3.273285e-01
-4.697663e-02
-8.752000e-02
-3.206178e-02
-3.240172e-02
3.043290e-02
-4.749319e-02
2.937779e-01
3.201297e-01
-7.474858e-02
-2.930514e-02
-7.606874e-02
-2.344984e-01
-8.764610e-02
-1.270669e-01
-4.237794e-03
-1.734375e-01
-2.107225e-01
-2.182466e-02
4.777873e-02
-5.529180e-02
9.299371e-02
