-3.111595e-01
1.384166e+00
2.585325e-01
5.489778e+01
1.837394e+02
-9.377662e+00
3.419438e-04
-2.135826e+05
-3.585953e+05
2.221063e+05
-3.829081e+05
-1.369163e+05
-1.260541e+05
-6.694110e+04
2.130944e+05
-2.689542e+05
-4.024512e+04
-2.350108e+05
-1.772474e+04
-1.044650e+05
8.857941e+03
-5.890355e+04
-9.739107e+04
3.652779e+03
-5.264554e+04
-1.885719e+04
-1.051434e+05
1.758946e+04
-3.820809e+04
-5.739989e+04
-7.972938e+04
2.095737e+04
-7.756175e+03
-3.365518e+04
2.879748e+04
2.006899e+04
1.004737e+04
2.559453e+04
2.656461e+04
1.075839e+03
1.014448e+04
-2.242194e+04
-3.098855e+04
-1.637687e+04
1.817197e+04
1.879865e+04
7.645265e+03
8.621509e+03
-2.574361e+04
-1.291322e+04
2.799805e+04
5.368949e+03
4.462925e+03
-4.182654e+03
-8.779086e+03
3.328760e+03
8.544417e+03
9.624052e+03
1.922837e+03
-1.683078e+04
-3.729081e+03
-3.648760e+02
-2.266293e+03
8.362141e+02
1.717079e+02
8.342917e+03
7.974484e+03
4.781877e+03
-2.402777e+03
5.389087e+03
1.097196e+03
-3.620026e+03
-2.845485e+03
-1.283616e+03
2.247978e+03
2.459135e+03
2.658590e+03
1.962275e+03
-5.783081e+03
1.158630e+03
4.282819e+02
2.430716e+03
-1.248583e+03
2.938323e+03
4.395164e+03
2.318246e+03
-6.651078e+02
-5.304843e+02
-4.393546e+02
-1.149559e+03
1.323131e+03
-2.591584e+02
1.826891e+03
2.378869e+03
-1.509176e+03
1.931964e+02
2.333309e+03
3.974712e+02
9.593731e+02
1.712963e+02
-4.041302e+02
-7.499053e+02
-8.555972e+02
-1.411381e+03
9.347578e+02
-1.780781e+02
1.633434e+03
-5.297146e+02
8.842950e+02
2.227613e+03
-1.627160e+02
2.479390e+03
-5.115166e+02
1.132375e+03
-2.578564e+02
-1.105590e+02
-2.758071e+02
-4.902988e+02
-1.763861e+02
3.045721e+02
-1.207585e+02
5.551406e+02
-3.544810e+02
8.590840e+02
5.979224e+02
-4.094383e+01
-4.166846e+02
-9.788879e+01
-2.551966e+02
-4.960925e+02
4.431504e+02
4.168585e+02
-2.196564e+02
-2.450172e+01
-4.252431e+02
2.161655e+02
5.095224e+02
-2.879350e+02
3.553144e+02
4.700909e+02
-2.761318e+01
2.333608e+02
-1.944025e+02
2.456391e+02
-2.482197e+02
1.809245e+02
1.832918e+02
-1.758875e+02
-1.347275e+02
3.975690e+02
-8.384214e+01
2.539792e+02
1.843665e+02
5.779700e+00
-3.231834e+02
-5.332559e+01
-7.332003e+01
2.454869e+02
-1.428018e+02
-2.751569e+02
2.418413e+02
4.524901e+01
2.937739e+02
-1.932929e+02
6.839783e+01
-1.489899e+02
2.504306e+01
4.929793e+01
-6.716720e+00
1.230545e+02
8.890896e+01
-3.490591e+01
3.015247e+01
1.905378e+02
-1.946331e+01
-6.839068e+00
-3.770134e+01
1.086203e+02
6.370808e+00
-8.443659e+01
-8.844942e+01
1.258195e+02
-1.293949e+01
7.637459e+00
9.294439e+01
2.684518e+01
1.075395e+02
-1.381438e+01
-9.935121e+01
1.038631e+02
3.413463e+01
8.621216e+01
-4.135344e+01
2.394800e+01
7.118028e+00
4.821238e+00
-9.317851e+01
-5.924956e+01
7.085387e-01
-1.420540e+01
-1.879355e+00
-1.151741e+02
-8.114916e+00
-8.471307e+00
3.075520e+01
4.659250e+01
-4.136949e+00
4.298598e+00
-3.211457e-01
5.049603e-01
6.190751e-02
-4.394239e-01
4.704928e-04
-1.219638e+00
-1.791746e-01
-6.494264e-01
-4.006962e-02
-5.849589e-01
-1.880595e-01
1.788709e-01
2.107146e-01
-3.148992e-02
3.949290e-02
1.888821e-01
1.099001e-01
2.650373e-02
2.428195e-01
1.645525e-01
2.564794e-01
-4.186172e-02
1.766767e-01
5.879683e-02
1.177992e-01
-8.293710e-02
-4.046920e-02
