-2.609165e-01
1.225426e+00
-6.475718e-02
5.717333e+01
1.906567e+02
-1.237085e+01
3.571468e-04
-1.430142e+05
-3.324716e+05
2.241424e+05
2.947117e+05
7.954012e+04
1.328508e+03
6.431647e+03
-1.384401e+05
-2.143152e+05
1.826177e+04
-8.224137e+04
5.769274e+04
4.548847e+04
-4.377288e+04
-1.103565e+04
-3.276165e+04
3.531531e+04
-1.530903e+04
1.163271e+04
3.967009e+02
1.676990e+04
-1.927270e+04
1.496665e+04
-7.399154e+04
4.437840e+04
-3.834956e+04
-4.972250e+04
3.457795e+04
2.257906e+04
1.323811e+04
-7.700625e+03
1.287843e+03
-7.983465e+03
1.082013e+02
-7.175070e+03
-2.051041e+04
8.101850e+03
1.377493e+04
-1.222919e+03
-1.710958e+03
9.911975e+03
-4.460871e+02
3.193288e+03
1.622177e+04
5.153738e+02
5.204453e+03
-1.045262e+04
-6.517243e+03
4.960723e+03
7.297542e+03
5.868226e+03
3.266359e+03
-1.284217e+04
-1.529904e+03
-2.687011e+03
2.318587e+02
-4.333499e+03
1.125551e+03
6.968007e+03
5.186094e+03
4.072891e+03
-6.484610e+03
5.760764e+03
3.217728e+02
5.747761e+02
-2.123745e+03
-1.216270e+02
1.201734e+03
1.451354e+03
1.312978e+03
-6.635220e+01
-4.396989e+03
4.179977e+02
-9.006086e+02
6.337695e+02
-2.999280e+03
1.306737e+03
3.480785e+03
1.505327e+03
-6.320081e+01
1.314985e+02
-1.042060e+03
-1.187418e+03
3.192004e+02
-7.177065e+01
2.656266e+03
2.806666e+03
-2.291864e+03
2.455132e+02
1.874943e+03
1.180487e+03
7.429335e+02
-2.106897e+02
-9.654092e+02
-3.184067e+02
-5.707112e+02
-1.327410e+03
7.906314e+02
-9.192307e+01
1.466304e+03
2.752569e+02
7.338004e+02
2.186210e+03
-6.009256e+02
1.936198e+03
1.341596e+02
1.245138e+03
-2.456092e+02
-1.134776e+02
2.476290e+02
-1.165132e+02
-1.049237e+02
2.550351e+02
2.728329e+02
8.922433e+01
-5.373303e+02
5.497815e+02
7.576866e+02
-5.115891e+02
-1.260163e+02
2.372195e+02
-1.742979e+02
-4.992057e+02
4.168331e+02
3.452640e+02
9.071080e+01
2.576352e+02
-3.870135e+02
1.662143e+02
6.209432e+02
-3.206774e+02
9.043966e+01
1.928000e+02
-1.277064e+02
2.130827e+02
7.724249e+01
3.655745e+01
-5.287283e+01
1.176852e+02
1.581276e+02
-2.522473e+02
9.632822e+01
3.405083e+02
1.955598e+02
1.106640e+02
3.563169e+02
4.286703e+01
-2.144903e+02
5.617819e+01
5.745321e+00
2.432532e+02
-1.570697e+02
-3.265459e+02
1.134340e+02
-4.637334e+01
2.237261e+02
-6.863406e+01
4.072746e+01
-1.266141e+02
2.949107e+01
3.504006e+01
-5.342810e+00
1.990615e+02
1.574530e+02
3.368290e+01
2.505242e+01
7.732809e+01
-2.621301e+01
-5.975123e+01
-3.004158e+01
-3.298130e+01
-1.341733e+01
5.583463e+01
2.890295e+01
7.231879e+01
4.949419e+00
-1.143618e+01
9.307248e+01
3.899861e+01
7.763472e+01
2.079727e+01
-6.721453e+01
1.142941e+02
5.740660e+00
3.554048e+01
-6.275698e+01
7.628890e+01
-2.244368e+00
2.053553e+01
-3.429912e+01
-6.114673e+01
-2.757680e+00
3.207031e+00
-4.610871e+01
-5.807625e+01
-1.369479e+01
-1.822796e+01
5.310860e+01
3.612450e+01
-1.682079e+00
3.262367e+00
-5.990610e-01
1.047886e+00
3.808919e-01
-5.775763e-02
-2.314339e-01
-1.049998e+00
2.315842e-01
-7.010368e-01
-2.024196e-01
-5.633401e-01
-3.127180e-02
1.348760e-01
-2.019495e-02
-6.145620e-02
7.059446e-02
-5.514890e-02
-5.662083e-03
-4.206344e-02
1.289383e-01
1.150439e-01
8.737104e-02
-4.853929e-02
-4.469264e-02
3.320045e-02
-1.011471e-02
-1.070521e-01
-7.705566e-02
