1.432537e-01
1.351282e+00
-1.229172e-01
5.432889e+01
1.643191e+02
-1.284051e+01
3.514465e-04
-3.320599e+04
-3.920616e+04
-276634
9.558211e+03
-4.594000e+04
-1.021825e+04
2.671335e+04
-4.728704e+04
-1.235035e+05
5.508438e+04
-5.365305e+04
1.011419e+05
-4.662964e+03
-4.259007e+04
-3.506910e+02
3.930710e+04
6.538211e+04
3.675726e+04
-5.755115e+03
5.007388e+04
-3.118671e+04
-5.375849e+03
4.026507e+04
-1.651267e+04
4.222623e+03
-1.937009e+04
-5.195932e+04
1.414834e+04
-1.480552e+04
1.462896e+04
-1.237181e+04
-6.574782e+03
-9.673652e+02
3.975594e+03
8.413621e+03
-9.022358e+03
-1.326811e+04
8.858610e+03
-6.234425e+03
4.728957e+03
-9.065951e+02
-6.166732e+02
6.985781e+02
-2.394434e+03
2.841076e+03
-3.251495e+02
-9.658622e+02
-4.315215e+03
6.578372e+03
-2.564769e+03
9.318312e+03
1.569589e+03
-2.238956e+03
-5.489665e+03
-7.364352e+01
2.957421e+03
-3.139688e+03
2.219587e+03
5.900718e+03
1.482159e+03
1.192204e+02
-6.480272e+03
3.366745e+03
2.899848e+03
-9.449879e+02
-4.389376e+02
6.305487e+02
-3.607124e+02
2.094286e+02
1.021500e+03
1.239345e+03
-4.969291e+03
-1.077011e+03
-1.773159e+03
-1.841572e+03
-1.325596e+03
6.153712e+02
3.152433e+03
2.121899e+03
-1.726689e+03
6.981843e+02
1.557713e+03
-4.928120e+02
1.528687e+02
2.900314e+02
1.759830e+03
2.253612e+03
-1.997353e+03
7.290450e+02
8.373065e+02
2.299588e+02
-7.209012e+02
-1.063562e+03
-1.098895e+03
4.185740e+02
1.302637e+03
-7.437769e+02
-1.108500e+02
-4.409129e+02
8.517790e+02
8.383163e+02
3.855502e+02
1.474058e+03
-3.664828e+02
8.228533e+02
-7.410378e+02
8.958164e+02
-6.302944e+01
-4.180003e+02
3.048738e+02
-3.694832e+02
-2.334487e+02
4.243109e+02
-2.964080e+01
-3.480638e+02
-4.184669e+02
-1.906313e+02
5.090597e+02
-4.962773e+02
-4.162372e+00
2.010091e+02
3.915915e+01
-6.405421e+01
2.307065e+02
5.880995e+02
7.270717e+02
4.465714e+02
-4.644453e+02
-9.602300e+01
2.284680e+02
-1.274554e+02
-1.080287e+02
-3.548273e+02
-2.186942e+02
-9.263035e+00
1.421192e+02
1.033551e+02
-1.530577e+01
8.860470e+01
-7.524089e+01
-2.484426e+02
2.106648e+02
1.051419e+02
1.891931e+02
-1.156921e+01
1.352240e+02
1.473476e+02
-7.572391e+01
6.001487e+01
2.078168e+02
1.151772e+02
-8.792068e+01
-9.802679e+01
7.598962e+01
6.005662e+01
2.528057e+01
8.365974e+01
-6.320566e+00
-4.105265e+01
-3.266977e+01
1.639616e+02
-3.873705e+01
7.570518e+00
1.357581e-02
4.002863e+01
1.827151e+01
-2.488876e+01
3.103948e+00
-1.687269e+02
-1.525244e+01
-1.055260e+02
-5.375443e+01
9.093948e+01
-7.923518e+01
1.798311e+01
2.990604e+01
3.966482e+01
1.034727e+02
-8.199610e+01
5.504777e+01
4.262658e+01
-8.429842e+01
1.263753e+01
3.420433e+01
9.515363e+00
-4.691353e+01
7.485126e+01
1.525579e+01
2.468365e+01
2.657657e+01
-6.194112e+00
-8.083405e+00
3.496108e+00
-7.314980e+00
-3.003371e+01
1.854185e+01
3.619278e+00
1.985222e+01
2.373319e+01
-1.454423e+00
9.426805e-01
-2.893048e-01
1.898735e-01
5.698969e-02
-1.254850e-01
-1.804201e-01
-7.264394e-01
3.288382e-01
-1.848103e-01
5.420449e-03
-7.242678e-02
-1.184673e-01
5.512769e-02
-2.422575e-01
3.307355e-02
-3.088135e-02
-7.854667e-02
-1.870640e-02
-6.962945e-02
-4.635326e-02
1.735994e-02
-2.098649e-02
-7.037600e-02
-1.697235e-02
-1.565145e-02
2.796136e-02
-4.007553e-02
4.551600e-03
