-1.312928e-01
-7.553393e-01
-3.166515e-02
4.864000e+01
1.833769e+02
-1.838846e+01
3.280916e-04
1.688005e+05
-2.679549e+04
1.137649e+05
3.588877e+05
-1.065799e+05
1.958946e+05
-5.166693e+04
6.018413e+04
1.893338e+05
7.444762e+04
6.877084e+04
7.444234e+04
-4.227061e+04
-8.349566e+04
3.171705e+04
6.899846e+04
-7.743950e+04
1.994314e+04
-5.008373e+04
8.608777e+03
-5.247376e+03
-2.573374e+04
4.162932e+04
-2.896919e+04
-3.694086e+04
1.940556e+04
-1.736894e+04
2.225948e+04
8.356219e+03
-1.193316e+03
1.884781e+04
-1.820748e+03
-1.339281e+04
8.652540e+02
7.413794e+03
-1.135168e+04
-8.053944e+03
9.888438e+03
-1.543710e+04
-8.767397e+03
1.204657e+04
-5.561330e+02
5.068266e+02
-1.255991e+04
4.455408e+03
-5.062892e+02
3.326284e+03
-9.440142e+02
6.409281e+03
-8.235822e+03
7.577399e+03
-4.583384e+03
-5.455768e+03
8.741746e+02
-4.180868e+03
1.081825e+02
-4.280744e+03
2.877736e+03
3.508137e+03
3.697126e+03
-4.868334e+03
-3.126747e+03
6.582629e+02
4.233816e+03
1.235799e+03
-2.109052e+03
1.774979e+03
2.435296e+02
3.138033e+03
2.419640e+03
3.339146e+03
-3.503280e+03
-2.321781e+03
1.070704e+03
-9.794741e+02
-5.639782e+02
-1.225969e+03
1.324894e+03
2.192538e+03
-5.146895e+02
9.745944e+02
3.542733e+02
1.017204e+02
-8.262248e+02
-1.093242e+03
1.806044e+03
6.491295e+02
-1.070177e+03
1.319886e+03
6.646350e+02
1.387090e+02
-3.744911e+02
1.222490e+03
-8.511515e+02
9.399667e+01
-6.583849e+01
-6.298022e+02
1.906385e+02
-2.788625e+02
1.173110e+03
-5.626873e+02
1.634893e+02
2.711117e+02
-3.524392e+02
5.175273e+02
-3.986333e+02
2.516348e+02
-5.505361e+02
-8.360181e+01
2.470017e+02
2.751521e+02
-2.269844e+02
3.797354e+02
-5.795654e+02
-8.324543e+02
-1.555106e+02
4.456173e+02
-4.751622e+02
-7.462600e+01
3.606480e+02
7.571467e+02
5.064998e-01
2.192644e+01
4.154290e+02
2.017138e+02
6.567537e+02
3.046580e+02
2.736805e+02
-1.514503e+02
3.117202e+02
-1.513246e+02
-1.005409e+02
1.276064e+02
5.627651e+01
1.591527e+02
4.863692e+01
1.808068e+01
1.274045e+02
-9.070955e+01
-1.728715e+02
-2.717297e+02
3.245674e+02
-3.863506e+01
-9.974924e+01
-1.076013e+02
2.097008e+02
5.736805e+01
-2.675797e+02
-2.391041e+02
1.981806e+02
-8.044537e+01
-2.461811e+02
1.080918e+02
1.162589e+02
-3.524967e+01
3.024563e+01
1.133063e+02
1.437838e+02
-6.498209e+01
-4.396818e+01
1.294652e+01
7.178136e+01
4.235228e+00
-3.473792e+00
1.396962e+02
-6.708851e+01
-8.182147e+01
9.040106e+01
-5.675577e+01
-4.073692e-01
-7.759381e+01
-8.847063e+01
4.559082e+01
1.710289e+01
-4.439502e+01
4.614672e+01
1.553211e+01
2.565240e+01
-9.253738e+01
-3.458370e+01
-3.977914e+01
5.873222e+01
3.585419e+01
3.766931e+01
1.559659e+01
-3.171410e+01
1.046630e+01
7.951019e+01
-2.750716e+01
-5.327361e+00
-4.406413e+01
6.396376e+00
-8.385406e+00
1.436259e+01
6.428572e+00
1.319856e+01
3.628903e+01
7.292817e+00
1.378084e+00
2.377658e+00
-1.124223e+00
-4.870949e-01
9.519481e-01
1.801237e-01
1.550562e-01
6.438314e-01
6.205727e-01
-4.041637e-02
1.093390e-01
-7.356311e-01
-5.421869e-02
3.984159e-02
-1.070332e-02
-1.616747e-01
4.962541e-02
-7.408047e-02
1.470654e-01
1.790218e-01
-2.384843e-01
1.839489e-01
-6.102639e-02
-1.424499e-01
2.247834e-02
-1.845238e-01
3.746995e-02
-4.139534e-02
-1.187347e-01
5.084505e-02
