-2.360066e-01
1.369141e+00
-4.249486e-02
5.660444e+01
1.815797e+02
-1.289849e+01
3.592687e-04
2.218258e+04
1.438848e+05
-2.676502e+05
-484097
-2.599180e+05
-9.305724e+04
9.502747e+04
9.011485e+04
-1.641949e+05
1.028622e+05
4.802425e+04
2.398854e+05
1.551011e+05
-2.564050e+03
-1.050980e+05
-6.656698e+04
9.471143e+04
-5.744400e+04
3.885030e+04
4.212380e+03
1.030048e+05
-4.563769e+03
-4.913439e+04
7.305325e+04
6.567039e+04
-5.306787e+04
2.200261e+03
-1.000439e+05
-3.572612e+04
-1.426539e+04
2.078479e+04
5.583320e+04
2.563476e+03
1.152715e+04
-4.041026e+03
2.221003e+04
-4.216976e+04
3.284869e+04
4.578997e+03
1.685309e+04
1.882033e+04
-33183
-1.347619e+04
4.466361e+03
1.147627e+04
2.830519e+03
-1.952507e+03
1.831532e+04
6.487544e+03
4.456829e+03
1.206855e+04
9.160712e+03
1.075352e+04
-8.194717e+03
6.194772e+03
3.718782e+03
8.375557e+03
-8.475869e+03
3.321144e+03
-5.140448e+03
-2.886317e+03
-4.443898e+02
-3.762469e+03
-3.294448e+02
-2.080305e+03
4.614065e+03
7.486833e+02
-4.475066e+03
-5.300745e+03
-5.850413e+03
-3.215894e+03
-3.966771e+03
-1.221946e+03
-4.537093e+03
3.075313e+03
3.781609e+03
4.120536e+03
4.848755e+02
-8.998226e+02
-2.832669e+03
-8.315405e+02
3.296841e+03
5.604079e+01
4.730453e+02
2.456936e+02
8.207348e+02
-2.293804e+03
1.964771e+03
-1.099807e+03
1.918188e+03
-4.377404e+02
1.146106e+02
1.246264e+03
-4.625587e+02
6.730719e+02
2.890520e+03
-7.914052e+02
-2.943669e+02
-1.888670e+03
-1.020583e+03
1.244159e+02
2.199119e+03
1.186367e+03
-2.008199e+02
2.710519e+02
-6.691434e+02
-3.316871e+02
4.773166e+02
2.061564e+03
1.289079e+03
-7.531308e+02
-1.938833e+02
9.615143e+02
4.614954e+02
9.717425e+02
8.037969e+02
-4.103159e+02
-3.640695e+02
-2.362227e+02
9.301054e+02
1.688039e+00
7.184248e+01
9.262184e+02
-5.870558e+02
2.640667e+02
-1.864347e+02
-1.423841e+02
3.381136e+02
-4.284124e+02
-2.853840e+02
1.321860e+02
4.081650e+02
-8.486175e+02
-1.229268e+01
9.155544e+02
-3.293901e+02
7.900690e+02
-2.298039e+02
6.516314e+00
2.481306e+02
1.307744e+02
-5.894016e+01
-1.203867e+02
-1.112135e+01
-3.167939e+02
-3.380507e+02
-7.591515e+00
-2.112336e+02
1.927778e+02
-3.945429e+01
7.536713e+01
4.744643e+02
-2.896871e+02
1.290095e+02
2.525234e+02
-2.070489e+02
-1.871276e+01
-2.778617e+02
-1.055869e+01
-1.358839e+02
4.259364e+02
-3.290422e+02
-1.431959e+02
-1.008559e+02
-1.327077e+02
-1.680585e+01
4.729461e+01
-1.352018e+02
-2.753991e+02
6.393418e+00
-1.122259e+02
-2.726988e+02
-5.315740e+01
-1.904729e+02
1.609906e+02
2.387160e+01
-2.737036e+01
-4.443509e+01
-8.002074e+01
2.290718e+02
9.459785e+00
-1.695039e+02
-1.524896e+02
2.175777e+02
1.401630e+01
-1.296441e+02
9.032004e+01
9.108431e+01
5.307151e+01
1.313295e+01
-1.574760e+01
-2.071461e+01
-1.251094e+02
7.500773e+01
-6.207013e+01
9.869832e+00
6.101379e+01
5.732006e+00
-7.855264e+00
-1.436481e+00
-1.161146e+00
-1.210678e+00
-1.166159e+00
1.042378e-01
-1.770640e-01
-3.172545e-01
-2.979295e-01
-1.547063e-01
1.996601e-01
2.866516e-01
-1.833713e-03
-3.340485e-01
-1.695080e-01
4.288364e-02
1.563109e-01
-8.092212e-02
-9.225047e-02
-6.410552e-02
-6.421679e-02
5.941067e-03
-2.413353e-02
2.597790e-02
-3.524189e-01
8.484954e-02
1.612663e-03
-8.258908e-02
1.160057e-01
1.763922e-01
