-2.158495e-01
-1.194095e+00
-5.427235e-02
5.120000e+01
1.804116e+02
-1.272467e+01
3.411129e-04
-3.936423e+05
2.057713e+05
7.248476e+05
-2.000138e+05
7.058635e+04
1.682269e+04
-2.060512e+05
1.355176e+05
-2.301631e+05
8.744888e+04
-5.653413e+04
4.179283e+04
-5.121003e+04
6.125806e+04
9.501782e+03
-2.576564e+04
1.500909e+04
-2.446590e+03
-9.448983e+04
-4.267915e+03
-7.563332e+04
-3.238197e+04
-1.129335e+04
-8.249774e+04
-5.180724e+02
-1.087888e+04
-1.675810e+04
1.940910e+04
1.798940e+04
3.880762e+04
3.515743e+03
-8.466862e+03
-1.148684e+04
2.064329e+04
-4.424017e+03
-4.708485e+02
-2.080775e+04
-6.720868e+03
2.596533e+03
1.247272e+04
-3.062093e+03
-1.210816e+04
-7.179726e+03
1.864170e+04
-7.459837e+01
4.190527e+03
2.377660e+03
-7.134673e+03
7.441935e+02
7.857101e+03
4.006805e+03
-6.553089e+03
-9.925399e+03
-9.392747e+03
-1.438768e+02
4.499895e+03
-2.703318e+03
5.737660e+02
-7.123299e+02
1.252867e+03
9.928786e+03
1.334657e+03
8.818219e+02
3.732118e+03
7.183910e+03
3.789186e+03
-2.666260e+03
-8.154041e+02
-2.123479e+02
2.148069e+03
-1.098337e+01
-6.404642e+03
-8.703317e+02
-2.220416e+03
-5.704412e+01
-4.528741e+03
4.166314e+02
7.785007e+02
1.609616e+03
-4.684976e+02
1.282945e+03
3.442527e+02
9.600236e+02
1.501926e+03
-1.927298e+03
2.136756e+03
1.484397e+03
-2.597475e+02
1.083577e+03
3.456193e+03
-2.313748e+01
-6.534131e+02
-8.428226e+02
-1.206109e+03
-1.616783e+03
-1.387504e+02
-7.900709e+02
7.743148e+02
-7.342476e+02
1.121831e+03
6.861338e+02
2.055730e+03
1.272466e+03
1.091080e+03
6.301667e+02
-4.456765e+01
4.282122e+02
-6.384329e+02
-4.673070e+02
-5.878918e+02
-9.484593e+01
-1.273189e+03
9.550898e+02
-3.778124e+02
3.252065e+02
-4.506773e+02
6.369973e+02
2.902769e+02
-3.747676e+01
-2.726522e+02
6.956395e+01
2.506582e+02
-5.116082e+02
2.919895e+01
1.623359e+02
6.588158e+01
3.602425e+02
-2.117155e+02
-5.433156e+01
4.417424e+02
8.277081e+01
-4.977578e+01
-1.312671e+02
-4.491261e+01
-4.273888e+02
-1.339719e+02
2.522601e+02
-1.501308e+02
1.806937e+02
-1.474754e+02
9.785072e+01
-1.136946e+02
9.745240e+01
2.809235e+02
1.380912e+02
-2.554787e+02
6.558900e+01
1.201450e+02
1.358043e+02
-2.191381e+02
3.697427e+02
-8.923746e+01
1.933657e+02
2.072433e+02
-1.017789e+02
-9.263645e+00
5.190564e+01
-1.441933e+02
-1.436231e+00
-1.274549e+02
1.343332e+02
-2.350387e+02
-7.472341e+01
5.159604e+01
1.919857e+02
8.383809e+01
8.934856e+01
-4.440451e+01
-7.959443e+01
4.487790e+01
5.107209e+01
-9.302773e+01
-4.944916e+01
7.608634e+01
3.131506e+01
-6.894245e+01
-1.206794e+01
5.551755e+00
2.001994e+01
7.854480e+01
7.807100e+01
-1.607534e+02
-4.818065e+01
-1.772698e+01
4.278072e+01
3.731638e+01
3.133398e-01
7.219968e+00
-3.077938e+01
-3.342347e+01
4.333663e+01
-2.880165e+01
2.157932e+01
5.004978e+01
-4.482628e+01
8.908944e-01
-7.313458e+01
1.066656e+01
6.175306e+00
-3.534817e-01
-5.026272e-01
-2.927856e-01
-1.136438e+00
-3.789341e-01
-3.146133e-01
-9.781051e-01
-1.110206e-01
-6.884322e-02
-6.780714e-02
8.244630e-01
-1.442937e-01
4.027054e-01
-1.037818e-01
2.623428e-01
3.551785e-01
1.000867e-02
-1.158608e-01
-9.215543e-02
-4.589362e-02
-2.515459e-01
6.793101e-03
-5.502077e-02
-1.654152e-01
-4.677826e-02
9.332190e-02
1.939065e-02
1.016015e-01
2.707724e-02
