-2.733637e-03
1.172342e+00
2.471882e-01
5.461333e+01
1.650463e+02
-1.297710e+01
3.392218e-04
-9.615184e+04
-1.449637e+05
-3.459295e+04
4.263221e+05
9.255255e+04
-7.700008e+04
-1.115176e+05
-2.117579e+04
-3.278271e+04
1.191937e+05
-5.097742e+04
4.419974e+04
-1.155883e+05
-1.179228e+05
-1.006736e+05
1.177143e+05
-6.344296e+04
5.803076e+03
-6.599258e+04
9.781260e+03
4.663920e+04
-2.705755e+04
2.581370e+04
-8.792361e+04
-3.122499e+04
3.136323e+04
-1.555480e+04
1.911089e+04
6.480465e+03
3.005922e+04
1.907720e+04
-1.346486e+04
-1.545472e+04
-1.694598e+04
-2.363357e+04
5.808146e+03
2.904331e+03
-1.291226e+03
-1.245290e+03
-2.502220e+03
2.748035e+03
1.833364e+04
-7.122145e+03
9.786261e+02
-1.898070e+04
6.000539e+03
-1.657045e+03
-1.868395e+04
1.184177e+03
-4.844340e+03
1.227153e+04
-7.823669e+03
-1.162794e+04
1.285283e+03
-2.530325e+03
-4.803065e+03
-6.460742e+03
3.710074e+03
3.988642e+03
4.303106e+03
7.401516e+03
-1.002264e+04
1.108590e+03
6.895925e+03
2.488364e+03
-3.579094e+03
-3.191447e+03
-3.163397e+02
2.763782e+03
3.719750e+03
3.042238e+03
-4.573148e+03
-2.001625e+03
2.589112e+03
6.168331e+02
-8.689884e+02
-2.293526e+03
4.265741e+03
3.576217e+02
-1.582072e+02
-5.665912e+02
-1.454626e+03
4.177595e+02
-2.423758e+02
-1.426048e+03
8.886511e+02
7.065355e+02
-1.538937e+03
9.612615e+02
1.600941e+03
1.237159e+03
5.311340e+02
1.349025e+03
2.163681e+02
8.120117e+02
-1.778158e+03
-1.670186e+02
1.477963e+03
1.277850e+02
1.579498e+03
-5.032138e+02
-5.111940e+02
4.740126e+02
-6.224968e+02
8.111508e+02
3.468910e+02
7.529663e+01
-1.455463e+02
-2.200207e+02
-2.622363e+02
2.406047e+01
-4.587319e+02
8.969705e+01
-1.068436e+03
-1.080143e+03
-1.206972e+03
4.674622e+02
4.535261e+02
-1.948860e+02
-3.623253e+02
3.335124e+02
-2.746587e+02
6.998914e+01
4.560991e+02
1.558402e+02
4.792680e+02
3.487694e+02
-2.275412e+02
-2.754000e+01
7.490729e+02
-2.989854e+02
3.601275e+02
5.658498e+02
2.854415e+02
-2.113473e+02
1.399692e+00
-1.393924e+02
2.430356e+00
2.327742e+02
6.587975e+01
-1.146700e+02
1.571514e+02
2.288628e+02
1.814586e+02
6.612172e+01
3.190399e+02
1.956705e+02
-2.551560e+02
2.792567e+01
3.453259e+02
3.004858e+02
-2.627800e+02
-2.325447e+02
1.032210e+02
-6.000559e+00
7.895446e+01
4.048233e+00
2.267727e+02
-7.877052e+01
-7.289191e+01
-7.852793e+01
9.258121e+01
1.115292e+02
1.309639e+02
1.172549e+02
-7.386205e+01
2.954798e+01
-5.634561e+01
-5.352821e+01
-1.484889e+01
-7.010964e+01
7.144573e+01
-1.494152e+01
1.242441e+02
-5.523240e+01
-3.371021e+01
1.403223e+02
1.158811e+02
-4.969307e+01
-5.068318e+00
-5.085161e+01
-8.241090e+01
1.075872e+01
-6.264516e+01
-4.737285e+01
5.113484e+01
1.147549e+02
6.455165e+01
-2.451265e+01
-9.955430e+01
-8.348877e+01
-2.441580e+01
3.315977e+01
4.229597e+01
-1.353070e+01
8.603860e+01
-7.455367e+01
2.238928e+01
4.476162e+01
2.348283e-01
-2.851495e-01
-1.151821e+00
-2.670062e-01
-4.927588e-01
1.489432e-01
-1.169678e-01
-1.171305e-01
-4.413007e-01
-7.514749e-01
-9.198245e-02
-8.691373e-01
1.894086e-01
6.698868e-02
-1.500085e-01
2.678089e-01
4.138246e-02
1.016193e-01
1.561895e-02
-3.430827e-01
-2.143461e-02
-1.391316e-01
-2.063558e-01
-9.707577e-02
-2.538316e-01
1.233270e-01
3.871947e-02
-1.490445e-01
1.744788e-01
