-1.288349e-01
1.494629e+00
5.357108e-01
5.717333e+01
1.766270e+02
-5.324227e+00
3.356523e-04
-8.845667e+03
-3.934994e+05
5.701851e+05
5.878971e+05
2.025295e+05
2.716336e+05
-1.272506e+05
1.601712e+05
7.063752e+04
2.032241e+05
1.560761e+05
-1.162759e+05
4.535598e+04
-6.161580e+04
-2.321702e+04
3.596707e+04
-2.507274e+04
2.499623e+04
-1.298596e+05
-2.448592e+04
2.416763e+04
4.171718e+03
5.756748e+04
-4.135266e+04
6.415742e+03
3.035496e+04
-2.518154e+04
4.667557e+04
1.167553e+03
2.770737e+04
2.678238e+04
-8.496895e+03
-8.322626e+02
1.735061e+04
5.693200e+01
-1.947745e+04
-1.127447e+04
2.565872e+04
1.668171e+04
-2.806642e+04
2.521021e+04
-8.821697e+03
-3.983727e+03
1.637232e+04
1.711945e+04
1.096648e+04
-1.403293e+03
-2.221811e+03
-5.136421e+02
-7.576455e+03
8.533164e+03
-1.110892e+04
-5.173494e+03
-1.162353e+03
1.135840e+03
9.717151e+02
-3.299140e+03
2.044848e+03
4.028373e+03
3.318241e+03
1.498535e+02
-9.199715e+03
4.255892e+03
6.052103e+03
1.673847e+03
-1.459640e+03
5.068220e+03
9.175479e+02
3.110882e+03
7.868480e+03
1.957872e+03
-3.718057e+03
-9.972997e+02
-1.414226e+03
2.428917e+02
-7.642189e+02
1.518169e+03
2.735100e+03
4.409311e+03
-2.534966e+03
1.200387e+03
8.805341e+02
-2.050456e+03
8.992534e+02
-1.923293e+03
2.665580e+03
1.367382e+03
5.855332e+02
8.067683e+01
2.658033e+02
1.682062e+03
4.162419e+02
8.423631e+02
-9.011824e+02
7.837531e+02
-9.263273e+01
-1.434406e+03
1.293417e+03
1.805247e+02
-1.420621e+02
-9.650850e+02
5.144774e+02
6.862615e+02
-6.475286e+02
1.746926e+03
4.745266e+01
1.337684e+03
-5.237856e+02
-5.642381e+02
-5.995249e+01
-2.633106e+00
-8.010518e+02
5.007449e+02
-2.029341e+02
-7.605092e+02
-6.401997e+02
1.326179e+03
-4.307740e+02
-5.029241e+02
4.551448e+01
6.574945e+02
5.576849e+02
-3.057300e+02
-3.335976e+01
2.038401e+02
6.082245e+02
3.938008e+01
1.170209e+02
9.339896e+01
3.629729e+02
-2.150202e+01
-1.836931e+02
-1.069890e+02
3.268698e+02
1.486817e+01
-1.963027e+02
-8.165804e+01
-1.680722e+02
4.951742e+01
1.561864e+02
1.808934e+02
4.276934e+02
-1.444674e+01
-4.688354e+01
-2.676445e+02
-6.865444e+00
3.345308e+02
-3.586694e+02
-2.483582e+01
3.123658e+02
1.133299e+02
-4.380613e+02
-8.428752e+01
4.346517e+02
-1.078243e+02
8.578298e+01
1.687267e+02
1.123444e+02
-7.346474e+01
4.532187e+01
3.319245e+00
2.662643e+01
1.400458e+02
3.495053e+01
9.816035e+01
-3.094895e+01
-7.750757e+01
3.196622e+01
-9.292829e+01
-9.548423e+01
-1.175775e+02
-1.313074e+02
-1.067064e+02
-5.787195e+01
4.291959e+01
-3.010238e+01
7.622124e+01
-4.592742e+01
-2.158245e+01
1.273318e+02
-3.186733e+01
6.630232e+01
5.912557e+01
6.571217e+00
4.850412e+01
1.216541e+01
5.395518e+01
8.017665e+01
-5.147912e+01
-7.809531e+01
-6.524818e+01
-1.885301e+01
3.979023e+01
2.497424e+01
-8.914939e+01
-4.609356e+01
-1.130936e+01
4.115791e+01
2.228501e+00
2.275446e+00
6.085226e-01
4.992696e-01
4.115579e-02
-2.103840e-01
-4.752197e-01
-5.836195e-01
9.424900e-01
-5.834977e-03
-7.584023e-02
-7.132115e-01
-7.882447e-01
-6.452957e-02
3.730419e-02
-1.403447e-02
2.408294e-01
-5.587979e-02
2.795773e-01
2.703524e-01
-5.061941e-01
4.252994e-01
-3.238100e-01
-6.576940e-02
-1.005970e-01
-1.793579e-01
-2.605980e-03
-5.416890e-03
-1.641839e-01
-3.803477e-02
