-7.174229e-01
-1.536512e+00
7.642184e-01
5.831111e+01
1.807634e+02
-7.850339e+00
3.465375e-04
-1.034530e+05
1.349632e+05
6.692480e+04
-2.666233e+05
-1.863474e+05
5.732250e+04
-1.379284e+05
1.536403e+05
-1.621230e+05
-2.111883e+04
-6.791155e+04
1.395183e+04
-8.807512e+04
-2.452647e+04
3.534479e+04
7.943531e+04
-1.160739e+03
1.700707e+04
-2.841682e+04
-1.273415e+04
-5.225202e+04
-3.682681e+04
-1.248093e+03
-1.603588e+04
-3.416020e+04
-9.309713e+02
-1.831794e+04
2.644849e+04
-5.226480e+03
-1.575857e+03
-2.855141e+03
-8.457447e+03
-1.672700e+02
1.321486e+04
-1.443496e+04
-6.548576e+03
-7.487382e+03
5.408359e+03
2.562183e+03
3.421302e+03
-1.427243e+03
6.107802e+03
-7.520696e+03
3.228573e+03
1.499391e+03
4.572855e+03
2.648640e+03
-1.028171e+04
4.778031e+03
-3.977192e+03
5.566320e+03
-3.056349e+03
-6.192104e+03
1.562466e+03
-9.334036e+02
-2.304543e+03
-3.470751e+03
5.994024e+03
3.061001e+03
5.680434e+03
4.155208e+03
-3.406464e+03
4.775062e+02
3.993208e+03
1.716861e+03
1.550570e+03
1.653365e+02
2.200491e+03
1.310057e+03
4.100338e+03
2.721194e+03
-5.851166e+03
-2.228678e+03
1.336946e+03
-3.378562e+02
-2.284610e+03
4.771276e+02
2.399560e+03
2.236628e+03
-2.327524e+03
1.899360e+01
-1.732568e+03
1.342508e+03
1.443227e+02
5.011957e+02
1.527344e+03
1.629665e+03
-1.574338e+03
1.530730e+03
1.435398e+03
7.949254e+02
4.813542e+01
-4.482141e+02
-1.562017e+03
-5.018176e+02
-2.205787e+02
8.124718e+01
3.294887e+02
1.385614e+02
5.666367e+02
8.740135e+02
-1.814684e+02
1.304840e+03
5.378002e+02
8.589405e+02
-8.168454e+02
3.539946e+02
5.358907e+01
-7.856832e+02
-6.528409e+02
-4.847604e+00
-4.459351e+02
7.213315e+02
-3.867215e+02
9.442757e+01
-7.417177e+02
6.022360e+02
-2.100503e+02
4.596278e+01
-2.264300e+02
3.152137e+02
2.241794e+01
-6.997762e+01
4.032102e+01
4.387745e+02
-7.701482e+01
4.802539e+02
-1.979502e+02
-1.225413e+02
2.760826e+02
-2.845985e+02
5.483212e+01
1.808280e+02
-9.628226e+01
-2.877560e+02
-9.686748e+01
-3.348090e+01
-5.837919e+01
2.090011e+02
-1.422446e+02
-7.834655e+01
-3.918277e+01
1.299046e+02
9.699327e+01
1.592261e+02
-8.990154e+01
2.577818e+01
-9.521883e+01
-5.585233e+01
7.793126e+01
1.631316e+01
-6.964016e+01
3.563792e+01
1.333539e+02
-3.569826e+00
-3.760649e+00
-1.104957e+01
6.244452e+01
-2.006988e+01
-2.168835e+01
2.653310e+01
1.423410e+01
-1.252307e+02
1.561852e+01
1.371753e+02
-1.860790e+01
3.449688e+01
-3.025272e+01
-4.017476e+01
-6.239297e+00
1.383277e+01
-1.511098e+01
2.948548e+01
1.119655e+02
-5.907890e+01
-2.311019e+01
8.198611e+01
4.481748e+01
-5.112592e+01
-1.007955e+01
3.781174e+01
-5.083090e+01
1.111820e+01
-3.798724e+01
3.293569e+01
6.359298e+01
-1.938867e+00
4.349657e+01
-4.720032e+01
-3.322009e+01
3.354457e+00
-1.660676e+01
1.862668e+01
-2.260944e+00
-2.376430e+01
4.196209e+01
-4.404676e+01
-9.606529e+00
1.394510e+01
-8.285646e-01
-5.284692e-01
7.315665e-01
-4.998054e-01
-1.773340e-01
-9.577537e-02
-2.865157e-02
-3.416550e-01
-1.199525e-02
-3.912311e-01
6.118405e-02
-2.600419e-01
1.853823e-01
1.051289e-01
-8.409271e-03
4.729271e-02
8.613252e-02
2.303011e-01
1.399151e-01
-8.861470e-02
7.786322e-02
4.673564e-02
-7.352972e-03
4.934676e-02
-2.535310e-02
1.327873e-02
7.935789e-02
-1.153777e-02
-5.823946e-03
