1.659012e-01
-4.140828e-03
2.105991e-01
3.413334e+01
1.513238e+02
-2.283399e+01
3.274213e-04
2.005255e+05
-2.094959e+05
-6.309545e+05
4.840246e+05
-1.806787e+05
3.345373e+05
-1.469637e+05
-6.595109e+04
3.212527e+04
-3.941231e+03
8.696341e+04
1.167319e+05
4.501200e+04
-1.215992e+05
-1.177907e+04
1.347256e+05
-7.535356e+04
6.275740e+04
2.640645e+04
7.987084e+04
6.650767e+04
-3.243509e+04
3.680088e+04
-4.539488e+04
3.831252e+04
-3.067127e+04
-4.698677e+04
3.369265e+04
1.385814e+04
2.697471e+04
1.797039e+04
2.018678e+02
-1.042376e+04
-3.994245e+04
1.650806e+04
7.437966e+03
8.752533e+03
3.370480e+04
-1.412620e+04
-1.310241e+04
9.075813e+03
1.699429e+03
-6.342384e+03
-2.075586e+04
-1.018041e+04
-1.884712e+03
-3.457594e+03
1.428743e+03
1.252270e+04
-5.843438e+03
1.201391e+04
-4.477181e+03
-2.206637e+03
5.301545e+03
-2.713474e+03
-9.458178e+01
-5.452762e+03
2.909852e+03
8.043945e+02
3.036299e+03
-2.769594e+03
-4.836804e+03
-4.123370e+03
3.756823e+03
-2.444402e+03
-3.552453e+03
4.703285e+02
-6.570508e+02
2.242825e+03
-8.847643e+02
2.756245e+03
-5.528688e+03
-4.143625e+02
-2.884019e+03
8.711696e+02
1.076666e+03
-1.649815e+03
2.871746e+03
-2.033660e+03
-2.725906e+03
8.675361e+02
7.891187e+02
-7.932151e+02
-1.022807e+03
2.603154e+02
2.606698e+03
-2.042686e+02
-2.081553e+03
6.614883e+02
-2.794908e+02
1.510156e+03
5.785369e+02
1.999261e+03
-3.668342e+01
1.736057e+02
1.985183e+02
-1.477690e+03
9.533549e+02
1.131521e+02
4.331894e+02
-1.718267e+02
-4.115916e+02
3.349538e+02
-1.328881e+03
1.677257e+03
-6.780690e+02
1.839035e+02
-1.554326e+02
-3.474739e+02
1.139402e+03
-3.966712e+02
5.794104e+02
1.876844e+02
-6.653320e+02
-7.656368e+02
-4.615291e+02
2.380051e+02
-1.608147e+02
-2.708436e+02
5.152940e+02
3.408502e+02
4.090942e+02
5.586818e+02
5.606728e+02
2.961766e+02
8.472596e+02
3.670939e+02
-2.056300e+02
2.763334e+02
9.311155e+02
-3.871979e+02
1.742245e+02
2.967544e+02
1.915196e+02
2.195394e+02
-4.918158e+01
2.092344e+02
1.560421e+01
1.905962e+02
2.507341e+02
-3.888679e+02
4.513178e+02
-2.745497e+02
-2.185615e+02
5.589693e+01
6.489578e+02
2.166605e+01
-5.529472e+02
-1.976604e+02
3.539926e+02
-7.704790e+01
-1.545108e+02
-7.236560e+01
8.554915e+01
3.428351e+02
8.546500e+01
2.354327e+02
2.549983e+02
-7.263490e+01
-3.732170e+01
7.721481e+01
7.543635e+01
9.634148e+01
-1.888124e+01
7.331216e+00
1.284569e+01
-1.276000e+02
-1.609308e+01
-9.659527e+01
-5.540611e+01
-3.922580e+01
-1.159281e+01
8.860234e+01
-4.470352e+01
-5.317750e+01
5.804192e+01
2.614697e+00
4.652287e+01
-1.690397e+02
4.419321e+01
-1.032490e+02
2.550804e+01
3.855515e+01
6.589088e+00
-4.925966e+01
-9.000470e+01
1.039497e+02
4.850997e+01
2.717661e+01
-9.232150e+00
-5.850114e+00
-6.389507e+01
-4.850605e+00
-8.267538e+00
3.084517e+01
7.943823e+01
4.118166e+01
2.978863e+01
2.980642e+01
-1.029861e+00
-3.004897e-01
-9.962915e-01
1.341620e+00
3.307182e-01
-2.547195e-01
4.574796e-01
-7.169921e-01
-1.741685e-01
-6.377092e-03
-1.203953e+00
-7.148271e-01
5.055496e-03
2.854352e-01
-5.426297e-01
-6.532194e-02
6.766195e-02
-1.087078e-01
-7.614221e-02
-6.165646e-01
-1.194287e-01
2.044788e-01
-4.245147e-02
-1.060329e-01
-4.371578e-01
3.107397e-02
-1.106702e-01
-1.724715e-01
8.578184e-02
