-3.547196e-02
-1.976689e-01
-2.317879e-01
3.925333e+01
1.721235e+02
-2.576399e+01
3.514882e-04
-7.182452e+03
3.544210e+04
2.130584e+05
6.948935e+04
-8.531232e+04
5.556764e+04
-4.813986e+04
8.847442e+04
-1.923653e+04
5.527002e+04
2.468609e+04
7.792260e+04
-1.575468e+04
-3.254763e+04
8.066486e+03
4.469160e+04
-1.796301e+04
1.884565e+04
-4.908440e+04
1.829873e+04
-8.420810e+03
-1.404583e+04
2.041980e+04
-1.749685e+04
-3.179973e+03
-1.001276e+04
-2.443259e+04
-7.291632e+03
6.621605e+03
1.729940e+04
2.863129e+03
-1.006751e+03
-5.989085e+03
3.263736e+03
6.678412e+03
-1.971261e+04
-1.999876e+04
1.646385e+04
-9.962741e+03
-6.711706e+03
9.674604e+03
-6.702523e+03
-2.881025e+02
-3.179493e+03
8.085949e+03
3.838688e+03
4.525832e+03
-1.606991e+03
7.695069e+03
-1.876233e+03
9.510519e+03
-4.962702e+02
-4.227642e+03
-4.014357e+03
1.127454e+03
-3.726641e+02
-3.299473e+03
6.208444e+02
1.559776e+03
8.469886e+02
-2.147112e+03
-2.710720e+03
3.005698e+03
1.728715e+03
3.119098e+03
5.931451e+02
1.067458e+03
-1.342213e+03
9.653668e+02
2.328098e+03
1.504056e+03
-3.608033e+03
-2.353566e+03
-5.323731e+02
-5.953620e+01
-1.206372e+03
5.600907e+01
1.692568e+03
2.149366e+03
-1.917297e+03
7.180829e+02
3.812689e+02
-7.213693e+02
-2.112773e+02
-9.578972e+02
2.878810e+03
1.298891e+03
-8.571786e+02
4.333307e+02
8.196778e+02
-1.767125e+02
-1.556035e+02
8.186088e+02
-9.583230e+02
4.547839e+01
9.534666e+01
-1.001670e+03
-1.924875e+02
-3.858677e+02
9.789481e+02
3.175328e+02
2.869265e+02
4.412372e+02
-4.524214e+01
7.734891e+02
-3.223241e+02
6.363598e+02
-1.296228e+02
-1.721952e+02
-1.653195e+01
-1.705988e+02
-2.021724e+02
5.063400e+02
-2.948711e+02
-2.235011e+02
-1.578551e+02
3.875141e+02
6.241647e+01
-2.067469e+02
9.674959e+01
4.293061e+02
2.394757e+02
8.148809e+01
2.642059e+02
2.753299e+02
2.035232e+02
3.146824e+02
5.231380e+01
-7.385928e+01
4.356495e+02
1.229924e+01
-1.368627e+02
-6.169002e+00
-1.013464e+02
-1.416411e+01
-5.246267e+01
4.585720e+01
-3.312374e+01
3.116872e+01
-1.226383e+02
-1.446164e+02
1.264732e+02
-1.418477e+01
4.175628e+01
-7.225494e+01
1.076947e+02
1.124281e+02
-5.903573e+01
-1.329824e+02
1.851439e+02
1.211149e+02
-1.428259e+02
2.034715e+01
2.239396e+02
-2.399636e+00
-7.765490e+00
1.136352e+02
-1.739109e+01
-5.165878e+01
-1.162735e+02
8.590324e+01
-8.713880e+01
8.117760e+00
4.542774e+00
7.306767e+01
-3.122861e+01
-1.883424e+00
5.112875e+01
-8.808604e+01
-9.214314e+00
-6.140084e+01
-8.244424e+01
1.213058e+01
-4.319812e+01
2.676763e+01
3.976805e+01
1.681630e+01
2.117391e+01
-9.690764e+01
-7.565161e+00
-4.923219e+00
-4.837480e+00
-1.535794e+01
3.489848e+01
2.327191e+01
-1.969586e+01
6.831517e-01
1.170338e+01
-1.542178e+01
7.358173e+00
-2.711342e+01
2.026065e+01
-1.799618e+01
1.944634e+00
-1.719584e+01
-9.079102e+00
1.511298e+01
1.435032e+01
1.036697e+01
6.714321e-01
8.156054e-03
-2.375913e-01
-3.636420e-01
1.404251e-01
-1.444293e-01
2.190850e-01
9.104577e-02
7.528004e-02
-9.331719e-02
-1.057955e-01
-2.740338e-01
-1.531446e-02
-1.339543e-02
-1.114516e-01
9.629389e-02
-5.522886e-02
7.153639e-02
1.487224e-01
-1.686000e-01
2.441848e-02
5.089144e-02
-5.470463e-02
-2.756691e-02
-1.697492e-01
1.258673e-02
-6.797224e-03
-5.714696e-02
4.052954e-02
