-2.016291e-01
1.325199e+00
9.384058e-02
5.404445e+01
1.798790e+02
-1.062292e+01
3.421758e-04
4.790377e+04
-1.127709e+05
1.949332e+05
2.952692e+05
-6.879541e+04
1.731921e+05
-3.829158e+04
2.376701e+04
2.092371e+04
1.309483e+04
1.717701e+05
1.022526e+05
2.044089e+04
-4.524557e+04
3.701033e+03
7.104052e+04
-3.085857e+04
3.530572e+04
-3.029075e+04
3.511898e+04
2.652076e+04
-2.616062e+04
4.510323e+04
-4.296625e+04
-4.549650e+03
-6.684589e+03
-3.066759e+04
-2.282761e+03
8.350928e+03
6.637616e+03
1.404915e+03
5.111766e+03
-2.295748e+04
1.169967e+04
1.772937e+04
-7.512310e+03
-1.652515e+03
2.146761e+04
-2.437958e+04
-3.757854e+03
1.266216e+04
3.865418e+02
2.218251e+03
-7.663756e+03
8.937261e+02
2.419517e+03
-7.063819e+03
-8.213093e+02
1.016849e+04
-5.290293e+03
9.242272e+03
-3.291182e+03
-8.455002e+03
-2.076839e+03
-2.249914e+03
-2.037074e+03
-6.787523e+03
4.380384e+02
1.192028e+03
-6.115132e+02
-2.310039e+03
-9.279723e+02
1.810099e+03
3.315510e+03
3.135243e+03
-1.108167e+03
1.429756e+03
-5.569156e+02
1.775129e+03
3.727179e+03
1.279424e+03
-5.046394e+03
-1.211923e+03
-6.932725e+02
-2.419686e+02
-5.703282e+02
9.792449e+02
1.308110e+03
1.972048e+03
-1.612906e+03
1.367811e+03
-5.103390e+02
-6.132742e+02
-1.155518e+03
-9.534722e+02
2.485281e+03
5.016129e+02
-7.623216e+02
6.839081e+02
1.330585e+03
3.571987e+02
-3.545995e+01
1.374912e+03
-6.551347e+02
-2.635022e+02
3.376508e+02
-4.424073e+02
6.843843e+02
-1.097377e+03
1.326920e+03
-3.896152e+02
4.426971e+02
6.824089e+02
-2.993466e+02
1.203068e+03
-2.746462e+01
5.473455e+02
-1.573569e+02
1.287471e+02
3.182240e+02
3.243308e+01
7.130452e+01
4.074460e+02
-1.743857e+02
-6.302847e+02
-1.587034e+02
5.825038e+02
-3.656738e+02
-3.848595e+02
2.939198e+02
4.947566e+02
3.454815e+02
-2.161616e+02
2.031551e+02
2.922918e+02
2.520697e+02
2.783599e+02
3.001007e+02
1.084860e+02
4.626047e+02
3.066381e+00
-1.332495e+02
-7.067863e+01
7.520947e+01
2.935272e+02
-1.544586e+02
1.335442e+02
8.191284e+01
1.591264e+01
-2.391725e+01
-1.744136e+02
2.811599e+02
-1.642634e+02
-1.306630e+01
-2.373697e+01
1.162214e+02
-8.467383e+00
-1.378721e+02
-1.476126e+02
1.749791e+02
2.304829e+01
-1.910603e+02
-7.586429e+01
2.226249e+02
6.701608e+01
3.059235e+01
1.539714e+02
4.413113e+01
-6.918557e+01
-6.001646e+01
4.206749e+01
2.098881e+01
-3.886545e+01
3.526048e+01
1.216229e+02
-6.070948e+01
-2.049490e+01
4.428437e+01
-1.320574e+02
4.862623e+00
-5.092966e+01
-8.291842e+01
5.601580e+01
-2.733875e+01
-9.028105e-02
2.539281e+01
3.038321e+01
1.732970e+01
-1.071159e+02
-8.358247e+00
-5.420330e+01
1.702076e+00
1.014153e+01
1.947614e+01
-3.409609e+00
-3.954694e+01
4.637932e+01
4.622433e+01
-5.789480e+00
2.393475e+01
-1.273191e+01
3.513593e+00
-1.943900e+01
-3.200840e-01
1.203039e+01
-6.148426e+00
1.074984e+01
2.291158e+01
1.625667e+01
1.478464e+00
6.144626e-01
-3.853289e-01
2.592281e-01
-1.766795e-01
-7.143826e-02
8.470924e-02
2.006073e-01
-8.508783e-03
-2.375003e-01
-3.448187e-01
-2.949916e-01
-2.155416e-02
5.550060e-02
-1.583242e-01
1.124075e-01
-2.273482e-03
7.790894e-02
1.098515e-01
-2.673990e-01
5.799128e-02
7.508320e-02
-7.393683e-02
-5.587403e-03
-2.322536e-01
3.673771e-02
-9.035615e-02
-1.110577e-01
7.324588e-02
