-3.945215e-01
-1.140958e+00
1.961746e-01
5.518222e+01
1.918622e+02
-1.387197e+01
3.501930e-04
-1.116497e+05
-5.367714e+04
5.152115e+05
1.906594e+04
-1.244040e+04
1.772374e+05
-1.919817e+05
1.526194e+05
-2.291310e+04
4.179826e+04
1.503566e+05
1.802724e+04
-7.236542e+04
-3.254994e+03
1.558758e+04
2.374139e+04
-4.037348e+04
4.620257e+03
-6.917677e+04
-2.505845e+04
-4.079379e+04
-3.642962e+04
-5.327459e+03
-4.424530e+04
-1.819667e+04
-4.720871e+03
1.263830e+04
1.865644e+04
2.830050e+04
3.725623e+03
-2.779920e+03
2.642756e+03
-1.841118e+04
1.126322e+04
-1.279922e+04
-9.207521e+03
-1.034331e+04
1.088317e+03
-3.448532e+03
-9.216617e+02
1.046929e+04
-4.774956e+03
1.644864e+02
4.556075e+03
7.145072e+03
2.754088e+03
2.143323e+03
-2.759231e+03
3.747620e+03
-5.787281e+02
5.891924e+03
-5.703000e+03
-1.071755e+04
-6.376417e+03
-5.633448e+01
1.315107e+03
-7.442269e+03
2.402613e+03
1.968307e+03
6.276767e+03
3.239528e+03
-2.775554e+03
1.182113e+03
5.301492e+03
4.724833e+03
1.442333e+03
7.609834e+02
2.936439e+02
1.220707e+03
5.124395e+03
1.377693e+03
-5.163872e+03
-1.658464e+03
9.013524e+02
7.036083e+02
-3.257182e+03
1.336907e+03
6.723865e+02
2.886861e+03
2.316182e+02
1.370974e+03
-1.105659e+03
4.378915e+02
3.503708e+02
-1.054804e+03
2.079713e+03
1.891755e+03
-6.187626e+02
1.907665e+03
2.147734e+03
8.690025e+01
1.229230e+02
5.035834e+02
-1.636277e+03
-6.891044e+02
-5.707128e+01
-1.451959e+02
9.959367e+02
-5.128288e+02
8.500176e+02
-1.741915e+02
5.941078e+02
6.535884e+02
4.420688e+02
1.039800e+03
-4.517262e+02
3.641674e+02
-5.166927e+02
-2.138687e+02
-2.694342e+02
3.582068e+02
-6.260446e+02
5.647137e+02
-5.449557e+02
-1.561040e+02
-1.926400e+02
5.799912e+02
6.672015e+00
-7.633267e+01
-2.283433e+02
4.541717e+02
4.902052e+01
-5.991796e+02
8.515139e+00
1.298694e+02
9.989684e+01
2.216205e+02
-3.748203e+01
-1.005472e+02
3.456300e+02
5.607294e+00
-7.628594e+01
-3.248088e-01
1.184439e+02
-1.112970e+02
-8.943265e+01
4.228815e+01
2.413073e+01
8.577949e+01
-9.149001e+01
-7.666969e+01
8.696596e+01
1.044081e+02
5.439669e+01
5.135990e+01
-7.454523e+01
4.095751e+01
-5.332480e+01
2.138160e+01
-4.715174e+01
9.389541e+01
-2.618558e+02
1.409437e+02
2.991171e+02
-8.970940e+01
-3.700135e+01
1.146665e+02
-4.634455e+01
1.185481e+01
-3.682914e+01
9.093887e+01
-5.920462e+01
-8.093465e+01
5.517261e+01
2.076538e+02
2.800663e+01
-3.476188e+00
-2.036771e+01
-4.305210e+01
-1.016854e+01
-1.481340e+00
-1.024097e+02
-2.032316e+01
3.881068e+01
-4.964776e+00
-3.605188e+01
4.271739e+01
1.441581e+01
4.648751e+00
8.353199e+00
4.277586e+01
-4.059446e+01
1.675237e+00
-1.288656e+01
7.789656e+01
2.650999e+01
-1.586702e+01
5.849069e+01
-4.249612e+01
-5.000020e+01
7.251148e+00
7.999550e+00
3.732510e+00
1.253988e+01
-4.788913e+01
-1.308749e+01
-3.442389e+01
1.758031e+01
6.091018e+00
9.865743e-01
2.158566e-01
6.777204e-01
3.018594e-01
-5.358399e-02
4.828184e-02
-3.832649e-01
3.016548e-01
9.560419e-02
4.365093e-02
-1.339288e-01
-8.739580e-02
9.415910e-02
1.001680e-01
2.643923e-01
1.191771e-01
-9.382285e-04
-3.915062e-02
4.180153e-02
-1.620674e-01
7.284642e-02
-1.897461e-02
-1.827915e-02
1.353761e-01
-2.126171e-02
7.877898e-02
-9.420010e-02
-9.785598e-03
-3.199417e-02
