-7.199432e-02
-7.186933e-01
-1.902030e-01
4.579556e+01
1.769329e+02
-2.210479e+01
3.475618e-04
-1.054961e+05
-1.562492e+05
1.102887e+05
136274
1.015785e+05
-4.106738e+04
-4.668329e+04
6.127164e+03
-1.001887e+05
-8.999527e+03
-1.202298e+05
6.897157e+04
-1.604799e+04
-2.571629e+04
-4.533197e+03
-3.607512e+02
-3.476977e+03
1.465548e+04
-7.891924e+03
-2.228159e+04
-3.445605e+04
-8.598114e+03
-1.728718e+03
-6.978781e+03
2.915786e+04
-1.145364e+04
-1.871001e+04
1.947341e+04
1.264512e+04
-2.031759e+02
7.599156e+03
-2.286532e+03
-6.787568e+03
4.121654e+03
-7.070364e+03
-5.761027e+03
7.577911e+02
6.685587e+03
-3.077139e+03
-3.194459e+02
-5.138416e+02
2.557317e+03
2.230054e+03
1.260689e+04
-3.681315e+03
8.679435e+02
5.024160e+03
-6.021323e+03
7.946669e+02
5.970699e+03
3.315592e+03
-1.593592e+03
-9.185021e+03
-1.305271e+03
-5.271148e+02
1.203588e+03
-3.015733e+03
4.552312e+02
4.740447e+03
2.492035e+03
5.643291e+02
-4.925521e+03
2.582280e+03
6.894294e+02
7.655593e+02
-2.714134e+03
-3.809583e+02
5.064592e+02
2.040786e+03
1.507272e+02
1.501887e+03
-3.469919e+03
-1.179345e+03
4.008075e+02
-4.039977e+02
-4.138306e+02
1.324461e+03
2.553694e+03
1.937314e+03
-8.047745e+02
-4.736460e+02
-6.623300e+02
6.943273e+02
-2.131507e+02
-2.391408e+01
7.059664e+02
2.081017e+03
-2.326317e+03
1.059618e+03
1.481495e+03
5.895742e+02
-1.949819e+02
-3.284528e+02
-7.950128e+02
-3.431434e+02
1.960740e+02
1.998635e+01
1.200021e+02
-3.869698e+02
1.155678e+03
6.294706e+02
1.372197e+02
1.102597e+03
-1.499212e+02
7.489485e+02
-3.253017e+02
1.198985e+03
-3.056184e+02
-2.837864e+02
-4.095262e+02
6.390465e+01
-3.074885e+02
6.207983e+02
-5.461573e+02
-9.974818e+01
-3.634874e+02
9.877692e+01
4.495410e+02
1.150044e+02
-1.796136e+02
2.221430e+02
-1.320306e+02
-3.384591e+02
2.557302e+02
2.351272e+02
3.405426e+02
2.662594e+02
-2.609642e+02
4.919292e+01
4.146211e+02
-4.540527e+01
1.406501e+02
-1.276869e+01
-1.551473e+02
-1.023179e+02
-1.507595e+01
4.443980e+01
-4.099294e+01
1.223851e+02
7.916709e+01
-2.459348e+01
1.396628e+02
1.858947e+02
8.485400e+01
4.961190e+01
1.114112e+02
-1.864571e+01
-1.503191e+02
5.144333e+01
-7.750337e+00
6.197873e+01
-4.841174e+01
-8.162605e+01
1.005528e+01
-8.058001e+00
9.533781e+01
9.497705e+00
3.726888e+01
-1.127011e+02
-5.744479e+01
2.033574e+01
4.983464e+00
1.115972e+02
1.191937e+02
5.894429e+01
-1.248654e+01
6.114101e+01
1.578259e+01
-2.739612e+01
3.107380e+01
3.165037e+01
-1.776822e+01
3.511823e+01
7.104031e+01
4.632390e+01
-2.558811e+00
2.683842e+01
3.343698e+01
3.247179e+01
6.510107e+01
5.369693e+01
-4.961301e+01
2.343167e+01
1.530769e+01
1.867117e+01
1.209180e+01
2.597925e+01
2.150852e+01
1.364197e+01
-1.646271e+01
-2.681550e+01
1.457093e+01
1.499495e+01
3.119668e+01
-3.067441e+01
1.476820e+01
-2.612633e+01
3.866502e+01
1.280685e+01
-1.413104e+00
2.015987e+00
-1.303102e+00
1.383193e-01
-1.611392e-01
-3.950013e-01
-1.698932e-01
-6.130572e-01
-3.728998e-01
-3.703885e-01
-2.349024e-02
-2.341777e-01
1.898852e-01
1.298572e-01
-1.241536e-01
-1.915235e-02
5.886730e-02
-4.976972e-02
-8.402615e-02
-1.422139e-01
2.261509e-03
4.300280e-02
4.936549e-02
-2.686657e-02
-2.192155e-02
-2.228491e-03
5.037835e-02
-6.016542e-02
-4.997391e-02
