-5.953736e-01
-7.468604e-01
1.483777e-01
4.949333e+01
2.088701e+02
-1.662712e+01
3.415773e-04
-7.237432e+04
-3.014040e+04
4.010814e+05
2.721523e+05
-2.657772e+04
1.598799e+04
-8.731415e+04
1.377698e+05
-7.572214e+04
1.642795e+04
7.468526e+04
-3.925245e+03
-7.296346e+04
-5.270637e+04
-2.817943e+04
6.828761e+04
-8.276138e+04
2.111098e+04
-5.765580e+04
5.145508e+04
-4.920929e+04
-3.921720e+04
5.973512e+03
-5.372209e+04
-7.420576e+03
-1.236864e+04
-2.382129e+04
2.099855e+04
3.260452e+04
1.557908e+04
8.619445e+03
-2.593023e+04
-8.057658e+03
-8.974178e+03
1.092499e+04
-1.245129e+04
5.896946e+03
2.034811e+04
-3.800756e+03
-1.159382e+04
6.808261e+03
5.619870e+03
-9.305243e+02
1.076640e+04
-5.440837e+02
-1.936033e+02
1.023602e+03
-8.571434e+03
7.677732e+03
-1.417389e+03
9.608473e+03
-7.838698e+03
-8.644191e+03
-4.293644e+03
1.174309e+03
-1.688973e+03
-7.039301e+03
4.130977e+03
2.819485e+03
1.061670e+03
1.693001e+03
-5.525958e+03
3.606026e+03
3.810692e+03
4.834122e+03
-2.686061e+03
-6.221580e+02
2.465128e+02
2.318462e+03
1.687506e+03
2.672255e+03
-4.427653e+03
-2.669259e+03
5.531488e+02
-3.301087e+02
-2.957866e+03
-2.004350e+03
3.774040e+03
1.344868e+03
-3.386824e+02
-4.204709e+02
-1.234031e+03
2.131355e+02
1.696220e+03
-1.645671e+03
1.981852e+03
1.636274e+03
-1.418351e+03
9.262090e+02
7.820538e+02
-2.056645e+02
3.629144e+01
-2.253881e+01
-1.372303e+03
-3.619762e+02
5.275704e+02
-5.976590e+02
7.435569e+02
-3.641094e+02
8.871890e+02
-4.268483e+01
-1.769276e+01
3.476730e+02
-5.738424e+02
1.064397e+03
-1.080064e+02
9.476873e+02
-4.879991e+02
-3.883632e+02
-6.304102e+02
3.751941e+02
2.161250e+02
2.011692e+02
-6.155997e+02
-5.015473e+02
-2.749224e+02
5.308502e+02
4.229207e+02
2.031579e+02
-9.066389e+01
-3.915308e+01
-1.008589e+02
-3.359810e+02
3.521034e+02
2.896658e+02
1.969269e+02
2.998731e+02
1.344115e+01
1.943261e+02
7.311302e+02
9.641923e+00
2.669366e+02
1.980157e+02
1.346706e+02
-9.269088e+01
-1.367741e+02
-2.303379e+02
-5.759576e+01
2.438469e+02
8.732741e+00
-2.841946e+02
1.530942e+02
-1.155792e+02
2.614250e+02
1.374225e+01
3.065024e+02
1.684558e+02
-5.940696e+01
2.497933e+01
1.364056e+02
1.733130e+02
-1.866147e+02
-4.268636e+01
1.871140e+02
1.291035e+02
6.100150e+01
1.580790e+02
9.666160e+01
-7.008040e+01
-6.438805e+01
-8.704358e+01
-6.721925e+01
2.753542e+01
7.622030e+01
1.850395e+02
6.492538e+00
-4.484024e+01
-6.380630e+01
-3.892190e+01
-1.997736e+01
6.922569e+01
-5.901797e+01
-5.467939e+01
6.966486e+00
7.239216e+01
-1.298306e+01
4.987955e+01
5.597855e+01
8.523582e+00
-4.094399e+00
1.169438e+01
7.540883e+00
2.904670e+01
-6.261332e+01
2.773929e+01
5.315829e+01
7.916617e+01
-2.008142e+01
-3.725748e+01
-2.263560e+01
-2.885546e+01
-1.159884e+01
2.709895e+00
1.863834e+01
-1.043701e+01
-4.243019e+01
-2.846796e+01
3.921940e+01
1.636598e+01
1.791831e+00
3.706203e-02
3.728459e-01
1.590969e-01
-8.953980e-02
5.665755e-01
-3.125982e-01
-1.210614e-01
3.798539e-02
-2.099771e-01
-2.171907e-01
-5.710272e-01
7.080249e-03
8.498459e-02
-1.319426e-01
-4.441539e-03
4.664829e-03
1.105900e-01
1.474724e-01
-2.509950e-01
9.080253e-02
1.961560e-02
8.076561e-03
6.857747e-02
-2.413641e-01
1.961048e-02
-1.463917e-01
-1.178600e-01
3.367624e-02
