-3.183848e-01
-1.306606e+00
1.344066e-02
5.660444e+01
1.829215e+02
-1.228749e+01
3.578677e-04
-1.494304e+05
1.222169e+04
5.098018e+05
4.547156e+05
1.950944e+05
-2.319510e+05
6.021959e+04
5.531177e+04
-3.059136e+04
131341
-5.019153e+04
-3.822504e+04
8.253081e+04
5.425818e+04
-8.748247e+04
-3.808931e+04
5.582934e+04
-4.793093e+04
-3.310465e+04
5.533558e+04
1.143884e+04
-4.427279e+04
7.396162e+04
-7.210641e+04
7.770793e+04
-2.111012e+04
-2.885846e+04
-1.337938e+04
2.670615e+04
7.807123e+04
-6.156051e+03
-2.243313e+04
-2.772954e+04
-3.773970e+04
3.010495e+04
-3.487850e+04
1.101801e+04
2.838119e+04
-1.721782e+04
-4.850918e+03
1.483338e+04
-1.411243e+03
-3.479151e+03
2.261149e+04
2.189889e+04
-2.927249e+03
3.552926e+03
8.865359e+02
-2.268351e+03
6.702225e+03
6.428204e+03
7.140760e+02
-3.984265e+03
-1.569913e+04
4.759142e+02
7.067223e+03
-4.550764e+03
2.044093e+03
1.713654e+03
-3.265607e+02
-3.490593e+03
7.266650e+01
9.216792e+03
6.141382e+03
1.851873e+03
-6.182053e+03
-1.706587e+03
-8.063970e+03
1.545250e+03
-2.799619e+03
-1.311409e+03
-8.142513e+02
-1.360224e+03
1.897722e+03
1.197340e+02
-8.836705e+01
2.103602e+03
4.177579e+03
-1.436812e+03
-2.155016e+03
1.140257e+03
9.170363e+02
-1.357937e+03
1.171942e+03
-3.710485e+03
1.385938e+03
2.417826e+03
-1.559143e+03
-9.438392e+02
-4.381695e+02
-1.114465e+02
-1.928208e+03
-2.074375e+03
8.754422e+01
-5.373592e+02
1.090498e+03
-4.466716e+02
-3.680518e+01
-8.760818e+02
-2.353851e+02
-1.305150e+03
1.379896e+03
8.174230e+02
-1.787063e+02
1.511134e+03
-6.805939e+02
1.932153e+03
-1.183275e+03
-9.770449e+02
-1.089284e+03
-5.492949e+02
1.130003e+02
9.693401e+02
-2.646740e+02
1.466475e+02
1.498205e+02
5.257651e+02
1.192184e+03
-3.094909e+02
3.226762e+02
8.870223e+01
3.280388e+02
-6.778673e+01
8.396923e+02
5.352678e+02
6.039325e+02
2.271467e+02
-1.376739e+02
3.460437e+02
2.493990e+02
5.808639e+02
1.250396e+00
-2.230465e+02
1.189558e+02
-3.572030e+02
-2.355182e+02
3.207590e+01
1.403579e+02
4.196391e+02
-3.154678e+02
-1.782120e+02
8.525156e+01
1.800275e+01
1.387935e+02
-8.091560e+01
1.904254e+02
2.612854e+02
-5.119604e+01
7.985670e+01
2.652105e+02
4.021210e+02
1.632863e+02
-8.278726e+01
2.201642e+02
1.630080e+02
6.582157e+01
9.585327e+01
-5.942742e+01
-2.275652e+02
-9.897952e+01
5.782092e+01
-4.887471e+01
6.507713e+01
6.379721e+01
-5.165355e+01
3.557597e+00
1.749945e+02
-1.208114e+02
-5.056000e+01
5.975217e+01
8.666146e+01
-9.963801e+01
-1.146442e+02
-2.449065e+02
1.572750e+02
3.697072e+01
-3.964305e+01
-2.008608e+01
2.563551e+01
5.353549e+01
-5.530792e+01
-1.024094e+02
1.947903e+01
6.795750e+00
-7.146893e-03
6.068869e+01
5.300138e+01
-2.735771e+01
2.960577e+00
2.551645e+01
-8.601954e+00
4.651604e+01
-1.762762e+00
5.866300e+01
-2.252370e+01
-1.053241e+02
1.527117e+01
6.181624e+01
1.130546e+01
1.413543e+00
1.060347e+00
-6.142673e-02
-1.079262e+00
-3.682134e-01
-2.175563e-01
-7.481750e-01
-4.423045e-01
3.279361e-01
-1.122149e-01
1.490987e-01
-5.573336e-01
2.707586e-01
-9.539003e-02
-3.082068e-01
5.691807e-02
4.277983e-02
-3.971932e-02
-1.742163e-02
-1.834354e-01
-8.563320e-02
1.466497e-01
2.093918e-01
-6.149146e-02
-3.559016e-01
-7.600204e-02
1.165716e-02
-1.391529e-02
-7.190105e-02
