-5.515450e-01
5.643469e-01
6.357819e-02
5.717333e+01
2.143323e+02
-2.026376e+01
3.643726e-04
-2.658952e+05
3.030451e+04
4.346620e+05
-1.235077e+05
1.345702e+05
2.310412e+04
-1.122428e+05
1.858982e+05
-1.581185e+05
1.103904e+04
-5.607083e+04
3.480877e+04
-9.355095e+04
-1.898250e+03
-1.781702e+04
1.192474e+03
8.350819e+03
3.664174e+03
-7.666457e+04
-1.701639e+04
1.633245e+04
5.421483e+02
-2.495038e+03
-3.030078e+04
2.594196e+04
-7.050876e+03
-1.513536e+04
1.972252e+04
1.010613e+04
3.628979e+04
-4.798488e+02
-5.615176e+03
5.136095e+03
3.666776e+03
-2.143110e+04
-1.943328e+04
-2.828215e+04
1.897559e+04
1.290632e+04
-9.741324e+03
8.635189e+03
-1.516329e+04
-5.475615e+03
2.068391e+04
1.032739e+04
9.900425e+03
3.224561e+03
-5.923095e+03
7.518979e+03
2.507497e+03
8.942602e+03
-8.083999e+03
-6.390840e+03
-9.150322e+03
3.544926e+03
1.413088e+03
-1.085368e+03
2.096905e+02
-3.431060e+02
4.644708e+03
9.906206e+03
-4.024044e+03
2.019912e+03
3.249050e+03
3.703747e+03
2.714874e+03
-6.432404e+02
-9.892047e+02
-4.854261e+02
2.298835e+03
-9.785093e+01
-5.177083e+03
-1.031205e+03
-3.652732e+03
1.043791e+03
-2.746903e+03
1.301465e+03
2.327103e+03
1.273311e+03
-2.095705e+03
5.736239e+02
4.189066e+02
-6.198351e+02
1.233188e+03
3.995565e+02
3.193796e+03
1.756588e+03
2.886898e+02
7.376936e+02
3.574738e+03
3.323935e+02
-5.556101e+02
-1.784195e+02
-2.027519e+03
-9.636264e+02
-8.149547e+02
-1.109602e+03
1.109681e+03
-4.756300e+02
4.080836e+02
7.337676e+02
1.349570e+03
1.662635e+03
1.044227e+03
1.455631e+03
-6.958819e+02
5.550955e+02
5.451749e+01
-8.972548e+02
-3.818746e+02
-4.510428e+02
-7.550174e+02
6.242266e+02
4.999673e+01
6.787029e+02
-7.912710e+02
8.044073e+02
5.968453e+02
-3.631293e+02
-3.965735e+02
-1.368838e+01
3.969854e+02
-2.954928e+02
2.959574e+01
1.843636e+02
-2.986812e+02
1.564631e+02
-2.400678e+02
-1.120730e+01
5.074867e+02
-1.166413e+02
-6.044532e+01
2.336381e+02
6.962048e+00
-3.143353e+02
-2.854119e+02
1.391494e+02
-3.332363e+02
1.749121e+02
-7.569248e+01
1.536157e+02
-4.252607e+01
1.506686e+02
2.755578e+02
8.390008e+01
-8.928405e+01
4.331933e+01
1.129132e+00
1.072656e+02
1.315708e+01
1.755334e+02
-8.441926e+01
-1.898495e+01
3.513191e+02
-1.109841e+02
5.351213e+01
2.679775e+01
-1.322924e+02
-1.758472e+01
-6.510779e+00
1.289824e+02
-2.856963e+02
1.113947e+01
8.846770e+01
8.870277e+01
9.317178e+01
8.747401e+01
-1.412766e+02
-5.649287e+01
-3.046800e+00
3.444738e+01
-9.329113e+01
-1.123135e+02
2.858176e+01
2.571892e+01
-8.149125e+01
2.386863e+01
7.430874e+00
3.386225e+00
1.549743e+02
6.748986e+01
-1.195630e+02
5.730392e+00
2.580912e+00
3.971792e+01
5.321010e+01
-2.466223e+01
2.286172e+01
-1.105853e+00
-7.280811e+01
-1.364094e+01
-3.251417e+01
3.917313e+01
2.284224e+00
-8.626342e+01
-2.222304e+01
-2.962156e+01
3.061329e+00
2.476268e+01
-8.574661e-01
-1.012093e+00
-1.031626e-01
-6.793976e-01
-8.751166e-02
-3.511791e-01
-6.843110e-01
-7.084076e-03
-1.316976e-01
-3.346641e-01
3.590983e-01
-4.306287e-01
1.604208e-01
-1.539403e-01
3.429609e-01
2.157474e-01
-7.326706e-02
1.458149e-01
9.745489e-02
-1.483773e-01
1.083275e-01
2.326663e-02
9.624898e-03
-2.187320e-01
-5.538753e-02
2.364783e-02
6.694527e-02
-1.158179e-02
-9.006833e-03
