-9.368703e-02
2.650001e-01
-6.661046e-02
4.807111e+01
1.898999e+02
-2.532789e+01
3.125193e-04
-2.968970e+05
1.717347e+05
-2.440543e+05
-5.859041e+05
3.731162e+04
-1.345501e+05
2.856042e+04
1.569486e+04
-1.949771e+05
-3.301484e+04
-1.732987e+05
9.824884e+04
1.980829e+04
1.769467e+04
3.410473e+04
-5.913578e+03
4.604072e+04
4.206654e+04
3.383323e+04
-1.943432e+04
2.435690e+04
1.121466e+04
-2.381111e+04
1.783995e+04
9.210045e+03
-8.040941e+02
-1.761227e+04
1.974562e+03
-1.218422e+04
3.656191e+03
-2.041701e+04
-6.011048e+03
2.191483e+04
-2.043508e+04
-4.806182e+04
7.472441e+01
-1.458421e+04
-2.317853e+02
-2.636870e+02
1.588367e+04
-2.204274e+03
-2.628850e+04
-4.950840e+03
3.403224e+03
-3.033169e+03
8.184786e+03
-4.408288e+03
1.494983e+01
1.169433e+04
1.543582e+03
7.480736e+03
1.995385e+03
-7.489444e+03
-4.254278e+03
8.635051e+03
-1.075184e+03
7.971313e+02
1.345896e+02
2.056429e+03
5.947895e+03
1.170044e+04
-1.343936e+03
-3.564091e+02
-1.471401e+03
-2.886575e+03
4.382176e+03
-1.468965e+03
-1.038405e+03
-2.768735e+03
-1.307543e+03
-2.111679e+03
-4.740956e+03
1.558241e+03
-2.757729e+03
-4.504356e+02
4.966295e+02
1.001630e+03
3.319081e+03
-1.891549e+03
-3.027766e+03
1.428988e+02
6.313690e+02
1.750851e+03
9.700527e+02
3.712142e+03
1.343180e+03
1.186514e+03
-4.104485e+02
-9.673936e+02
2.295569e+03
-9.450829e+02
-5.963875e+02
-6.012752e+02
-9.187374e+02
-2.190462e+02
5.616136e+02
-2.060343e+03
1.282928e+03
-5.711343e+02
-1.880052e+02
1.084604e+03
1.313947e+03
2.137691e+03
7.641725e+02
8.947382e+02
-5.025628e+02
1.116569e+01
5.297803e+02
-4.276784e+02
-1.673536e+01
-1.592964e+03
-8.225105e+02
7.681475e+02
5.784597e+02
1.458524e+03
-4.832684e+02
-1.011807e+02
7.890441e+02
-3.018826e+02
3.008721e+02
-6.240356e+02
-3.256312e+02
2.512369e+02
9.674324e+01
1.516574e+02
-4.376318e+02
-1.565097e+02
-6.983966e+02
-3.489576e+02
5.306816e+02
-5.601453e+02
8.307539e+01
2.858751e+02
-3.642350e+02
-1.222271e+02
9.719126e+01
4.390024e+02
-3.278855e+02
-1.175891e+01
-3.934340e+01
-1.797906e+02
-2.777926e+02
2.090015e+02
2.364347e+02
5.023042e+02
-9.676635e+01
-3.215582e+02
-2.673600e+02
3.448957e+01
-9.177334e+01
-7.378462e+00
1.792001e+02
5.834448e+01
1.516466e+02
8.990041e+01
-7.623679e+01
-1.374848e+02
-2.778019e+02
6.871106e+01
1.312357e+02
2.177470e+02
-2.932032e+02
-1.895561e+00
1.093024e+02
1.860174e+01
2.912558e+02
1.270913e+02
-1.485141e+02
-9.270461e+00
1.268628e+02
1.421848e+02
3.951228e+01
1.147350e+01
1.619812e+01
-1.929772e+01
7.174963e+00
-1.184495e+02
9.889943e+01
2.532131e+01
1.294619e+02
8.564074e+01
-1.858535e+02
-2.523431e+01
5.679641e+01
4.062703e+01
-2.060859e+01
-7.214381e+01
-2.649664e+01
-1.440886e+01
-2.289626e+01
7.666211e+01
-7.228203e+01
7.747710e+01
-1.282921e+01
-9.404609e+01
8.672397e+01
2.922646e+00
-2.031460e+01
4.782815e+01
-5.401164e+00
-2.586373e+00
1.739264e-01
1.194926e+00
4.227507e-01
5.587564e-02
-3.714330e-01
-1.227827e+00
-1.230145e-01
5.209748e-01
8.515358e-01
1.316204e-01
1.151597e-01
-4.506183e-02
5.259507e-01
-1.234767e-01
1.377019e-02
7.334590e-03
9.048579e-03
2.470733e-01
-1.553330e-01
3.319505e-01
3.400658e-02
-2.422339e-01
4.030420e-01
5.968952e-03
9.397604e-02
7.372838e-02
-1.194431e-01
