-1.123228e-01
1.298442e+00
-7.047579e-02
5.546667e+01
1.758398e+02
-1.473139e+01
3.532167e-04
-1.623035e+03
6.927895e+04
-8.042911e+04
7.016129e+03
-5.855327e+04
8.243022e+04
-3.194653e+04
-8.629764e+04
-6.682985e+04
9.359585e+04
7.487080e+04
1.172549e+05
-1.252105e+04
-1.403189e+04
-4.665146e+04
2.440033e+04
2.239280e+04
1.659676e+04
-1.199749e+04
2.369184e+04
3.033230e+03
-2.410392e+04
-3.697301e+04
1.172718e+04
-1.438203e+03
-2.924998e+04
1.016971e+04
-2.562220e+04
7.062551e+03
-7.451592e+03
-1.922082e+04
6.274525e+03
3.570811e+03
-1.192429e+04
-3.156398e+03
1.609541e+04
-1.243351e+04
8.353280e+03
-8.763033e+03
-7.994543e+02
5.302824e+03
-8.974180e+00
6.356711e+03
-3.394787e+03
5.479854e+03
-4.552852e+03
7.302798e+03
1.136761e+04
6.525017e+03
-1.906058e+02
6.789911e+03
1.343393e+03
2.219903e+03
-7.319987e+03
7.416503e+02
1.140026e+03
-4.628519e+03
1.666554e+03
1.691910e+03
1.825146e+03
4.366070e+02
-7.071903e+02
-6.420977e+02
2.401910e+03
3.368152e+03
1.893887e+03
-9.375897e+02
-1.671167e+03
-1.785390e+03
-1.143779e+03
-1.260177e+03
-1.870324e+03
-5.703956e+02
-1.565473e+03
1.002043e+02
-1.807751e+02
-1.506176e+03
8.365782e+02
-1.331185e+03
2.594996e+02
2.031534e+02
4.363977e+02
1.084241e+03
-8.046586e+01
-5.350928e+02
1.895548e+03
-2.132095e+02
-4.772039e+02
7.784106e+02
1.543536e+03
-4.817723e+02
5.032943e+02
-4.769089e+01
-6.539707e+02
4.215351e+01
9.832931e+02
-1.668063e+02
4.852112e+02
-9.206975e+02
-3.183878e+02
2.140328e+02
9.325606e+02
1.528527e+02
4.820730e+02
-2.454039e+02
-6.640818e+02
-3.214611e+02
-3.435392e+02
4.369338e+02
3.742243e+00
1.142623e+01
-1.611291e+01
2.899960e+02
-6.356230e+01
2.730709e+02
4.935275e+00
5.409570e+01
1.724134e+02
-3.436395e+02
2.813622e+02
1.025386e+02
1.818654e+02
3.153050e+01
-1.573454e+02
4.132576e+02
1.680844e+02
3.070940e+02
1.301554e+02
-1.936054e+02
1.406466e+02
8.627594e+01
-7.831940e+01
-2.863459e+02
-5.526864e+00
1.644603e+02
1.289454e+01
-4.422741e+01
7.965893e+01
-2.295527e+01
-6.150024e+01
-2.102774e+02
5.994177e+01
-4.144368e+01
1.523962e+02
7.372492e-01
1.818626e+02
6.210971e+01
8.850812e+01
8.764489e+01
1.420705e+02
3.156142e+01
1.015476e+02
-3.089962e+01
4.700874e+01
-7.826459e+01
-6.535520e+01
8.347005e+01
-1.615386e+02
4.348630e+01
-9.167342e+01
1.869023e+02
-1.476821e+02
-6.919981e+01
3.619407e+01
9.719002e+01
4.047916e+01
-5.192741e+01
-2.539223e+01
-8.931217e+01
4.233066e+01
-5.613169e+01
-1.359615e+02
6.896627e+01
3.027326e+01
1.799131e+01
6.835199e-02
5.772181e+01
4.766359e+01
-7.769424e+01
-6.272781e+01
5.861670e+01
-3.902168e+01
-5.117434e+01
1.469480e+01
2.884284e+01
-1.654721e+01
3.417941e+01
1.531578e+01
8.877240e+00
4.316503e+00
4.747287e+00
-2.612205e+01
-4.678311e+01
-8.390855e+00
7.915002e+00
2.249279e+01
3.270020e+00
1.865569e+01
3.389500e+00
3.223211e-01
1.050700e-01
-5.740823e-01
-1.881687e-02
2.673548e-01
1.684045e-01
-1.432347e-01
-8.380208e-02
-8.373533e-02
-1.723207e-01
4.052758e-02
1.118102e-01
-2.414513e-01
-1.339211e-01
-1.100340e-03
-6.474326e-03
-5.313951e-02
-9.914051e-02
-1.080861e-01
-4.716477e-02
-1.360839e-01
4.272795e-02
-6.164972e-02
-3.752009e-02
-4.416953e-02
-8.795653e-03
-9.773112e-02
1.418756e-02
5.062862e-02
