-1.624508e-01
-1.468285e+00
2.109673e-01
5.859555e+01
1.845481e+02
-1.198779e+01
3.411500e-04
2.592160e+04
2.965448e+04
-2.354993e+05
4.296482e+04
2.044385e+05
-2.233479e+05
2.325967e+05
-3.971835e+04
8.562064e+04
1.548221e+04
-2.214964e+05
-1.452266e+04
1.816339e+05
-4.560441e+04
8.697034e+04
-2.174977e+04
2.654384e+04
1.608734e+04
8.872805e+04
2.023936e+04
5.281850e+04
-1.877537e+04
-3.147095e+04
5.472037e+04
-3.708195e+03
-3.396922e+04
-8.314657e+03
4.263363e+03
1.014143e+04
-9.673930e+03
-1.110347e+04
3.318379e+04
1.910303e+04
1.815806e+04
-1.409421e+03
-1.132053e+04
-3.646534e+03
-1.184578e+04
-5.685146e+02
2.379217e+03
1.206340e+04
6.554514e+03
1.985461e+03
3.835335e+03
8.633372e+03
1.233899e+03
2.338340e+03
1.456642e+04
-3.524570e+03
2.578592e+03
-5.625260e+03
8.118955e+03
-4.966136e+03
-1.299302e+03
-3.357981e+03
1.179836e+03
5.897023e+03
9.168048e+01
3.272517e+03
-2.147934e+03
-2.345373e+03
-1.013825e+03
6.456274e+02
-4.430527e+03
-1.803931e+03
5.077683e+02
2.062540e+03
2.196085e+01
-3.903521e+01
-1.979086e+03
-1.805271e+03
-1.954772e+03
-3.358850e+02
2.458077e+03
-2.387439e+03
3.062602e+03
3.575931e+02
1.541095e+03
1.709478e+02
-3.231278e+03
-2.518973e+02
6.515947e+02
-4.042170e+02
1.223243e+02
1.807200e+03
5.277983e+01
-2.211880e+02
-9.349266e+02
-2.944470e+02
-7.146807e+02
2.670659e+02
-7.242213e+02
-1.015188e+03
-2.207683e+02
1.140811e+02
7.277867e+02
-7.699898e+02
-8.856835e+02
-5.415045e+02
-5.370674e+02
1.106845e+03
6.511127e+02
1.652991e+03
-5.100870e+02
-1.034307e+03
-2.225314e+02
3.128298e+02
3.455474e+02
3.634190e+02
6.145533e+01
-6.132362e+02
-4.060862e+02
1.038067e+03
7.764381e+02
4.108173e+02
-3.111069e+02
-2.241851e+02
-2.430710e+02
-6.957735e+01
3.975315e+02
1.098393e+02
-5.347737e+02
4.635483e+02
3.029867e+02
3.744819e+02
-1.962582e+02
-1.734072e+02
2.947044e+01
-1.807945e+02
-4.637595e+02
-2.927943e+02
-2.868648e+02
-3.186310e+02
-4.361319e+02
-6.360391e+01
3.405907e+02
1.345995e+02
-5.552854e+01
-1.307468e+02
-1.888580e+02
-1.220586e+02
-2.159428e+01
2.324612e+02
1.501898e+02
1.063299e+02
-5.322020e+01
-1.385913e+02
-3.486678e+01
-5.397960e+01
1.051750e+02
-1.219590e+02
2.310352e+02
1.132767e+01
-3.336727e+01
-1.873650e-02
1.852362e+02
-2.480094e+02
-2.819033e+02
-9.705787e+01
6.243122e+00
3.030584e+01
-6.028986e+01
2.806604e+01
3.432457e+01
-5.931817e+01
-2.701775e+01
4.562693e+01
1.607837e+01
-8.467586e+01
1.058651e+02
6.117804e+01
-5.614850e+01
7.975908e+01
3.545701e+01
8.400389e+01
3.518384e+01
-1.299206e+01
3.569506e+01
-2.140384e+01
2.955702e+00
6.098844e+01
2.304485e+01
6.126054e+01
7.326634e+01
1.982394e+00
-3.393206e+01
-8.904249e+00
2.810101e+00
-2.341143e+01
3.181357e+01
-7.676902e+00
-4.326725e+01
1.595948e+00
8.677767e+00
-2.986406e+01
-1.279756e+01
4.409070e+01
2.867787e+01
-1.266688e+01
-4.170520e-01
3.121704e-01
-6.148189e-01
2.788304e-03
1.158642e-01
1.036146e-01
4.813413e-02
-1.516910e-01
1.366962e-01
-1.892865e-02
3.028693e-01
3.695013e-01
5.905463e-02
-3.805999e-02
-2.036070e-01
-3.376885e-01
-3.183621e-02
6.544096e-02
1.444597e-01
3.123001e-01
1.691599e-01
8.797520e-02
8.830225e-02
-1.283648e-01
1.591334e-01
-1.730243e-02
-1.440752e-02
-1.735538e-02
-1.036963e-01
