-2.250412e-01
1.851375e-01
-2.183057e-01
4.238222e+01
1.862922e+02
-2.305755e+01
3.390857e-04
-2.564664e+03
-2.132319e+05
1.150609e+05
4.206718e+05
2.035788e+05
2.313423e+05
3.639851e+02
-4.246188e+03
1.772278e+04
-1.024267e+04
1.854672e+04
4.021718e+03
8.715023e+04
-3.496559e+04
-6.602804e+04
5.804715e+04
1.324042e+04
3.806209e+04
-5.685102e+04
2.823642e+04
5.713586e+04
-1.786013e+04
3.257627e+04
-8.206521e+04
8.034239e+03
-3.641575e+03
-8.998659e+03
1.229315e+04
-4.825987e+03
-6.352573e+03
1.498532e+04
-6.800734e+03
2.493309e+03
-1.298020e+04
1.418099e+04
-1.060556e+04
1.051739e+04
1.977397e+04
-1.548199e+04
-4.925720e+02
1.275143e+04
3.877429e+03
2.424727e+03
4.689027e+03
6.666324e+03
4.139386e+03
-2.735264e+03
-1.373557e+03
1.368972e+02
-4.079148e+03
7.307656e+03
-3.445855e+03
-5.478998e+03
-7.571844e+02
-1.353837e+03
-3.074096e+03
-6.044727e+03
2.084547e+03
5.208207e+02
9.703350e+02
1.838088e+03
-3.551926e+03
2.986586e+03
2.486207e+03
6.145779e+02
-8.484394e+02
7.002299e+02
-1.524098e+03
2.001567e+02
3.323552e+03
-4.183364e+02
-2.975717e+03
6.044650e+02
-1.541510e+03
3.636284e+01
-1.209552e+02
9.940241e+02
1.376582e+03
4.459879e+02
-2.225279e+03
1.729165e+03
-5.225164e+02
-6.654442e+02
2.222718e+02
-1.017051e+03
2.649399e+03
6.740497e+01
5.539690e+01
4.384284e+02
7.504300e+02
4.747263e+02
2.499583e+02
1.380559e+03
-4.239816e+02
-2.630031e+02
2.695023e+02
-1.193257e+03
6.286266e+02
-2.503327e+02
3.488939e+02
-2.031158e+02
1.172136e+03
1.167009e+03
2.857560e+02
9.729567e+02
-3.013887e+02
5.014300e+02
-5.702305e+02
-1.742776e+02
6.012996e+02
-3.353263e+02
8.251453e+00
5.855192e+02
1.725249e+02
-2.124267e+02
-3.806266e+02
6.757930e+02
-2.371563e+02
-6.141960e+02
2.308075e+02
1.917185e+01
4.561414e+02
5.924369e+01
6.888988e+01
3.544438e+02
3.507490e+01
-4.822663e+01
1.720390e+02
3.655132e+01
1.914674e+02
6.726819e+01
-3.157450e+01
-2.005045e+02
2.081099e+02
5.539973e+01
-1.597038e+02
3.588824e+02
1.996776e+01
1.744205e+02
2.940478e+01
-1.257663e+02
2.558091e+02
-8.868206e+01
1.262085e+02
-6.352583e+01
-2.396586e+01
8.001727e+01
-2.565042e+02
1.717557e+01
2.552527e+02
1.455748e+02
-2.371137e+02
-1.581535e+02
3.070946e+02
4.566300e+01
2.620920e+01
1.121450e+01
3.473922e+00
-9.997018e+01
3.235080e+01
1.328298e+02
-1.035937e+02
3.596418e+01
2.599744e+01
7.872248e+01
5.612831e+01
-2.011769e+01
-4.197459e+01
-1.003174e+02
-1.756901e+01
-5.968904e+01
-1.221777e+02
-1.578910e+01
4.750539e+01
7.651132e+01
-3.918694e+01
-6.213698e+00
1.697272e+00
-3.764711e+01
3.218261e+01
-6.745294e+01
-4.403734e+01
2.862520e+00
3.123184e+01
-1.582265e+01
-2.541889e+01
6.907304e+01
5.839025e+01
-1.541708e+01
-2.459690e+01
-3.711255e+01
-3.949913e+01
-7.689870e+00
-4.122968e-01
-1.997259e+01
-1.412919e+01
7.815398e+00
3.388653e+01
2.548924e+01
4.017541e-01
-8.956929e-01
1.337737e-01
-8.884855e-02
-1.212937e-01
-3.085220e-01
-3.476921e-01
2.163043e-01
-6.143117e-02
9.561981e-02
-3.487422e-01
-9.094832e-01
2.890263e-01
3.616528e-02
-9.438606e-02
9.116758e-02
5.433642e-02
-6.113923e-02
3.161574e-02
-4.173780e-01
2.342887e-01
-1.445763e-02
-1.082271e-01
-7.021605e-02
-1.638464e-01
3.706812e-02
-9.776673e-02
-6.933264e-02
-5.221982e-03
