-7.891969e-02
-4.679654e-02
4.385522e-02
4.579556e+01
1.837991e+02
-2.396028e+01
2.960922e-04
-2.422477e+05
1.827464e+05
-1.073741e+05
-7.748422e+05
-2.152594e+05
-5.944746e+04
-1.652835e+05
-8.155183e+04
-2.594595e+05
1.188934e+05
-1.268253e+05
1.542700e+05
8.195101e+03
7.745781e+04
-4.695507e+04
-6.622987e+04
2.313942e+04
5.747096e+03
-1.061379e+04
-4.135807e+04
-2.081894e+04
-2.191107e+04
-8.835812e+04
-4.904689e+04
-6.078596e+04
1.408938e+03
1.239797e+04
1.810886e+04
-1.160378e+04
-8.469086e+03
7.049965e+03
1.485970e+04
-2.845130e+03
-3.225987e+03
-3.571700e+04
2.077855e+04
-1.565817e+04
-1.653501e+04
-4.495977e+03
2.797216e+04
4.491006e+03
-1.016738e+04
2.517774e+03
3.059463e+03
-8.486431e+03
-7.685860e+03
7.116310e+03
-2.498554e+03
-4.024455e+03
1.542017e+03
9.756625e+02
2.312451e+03
-7.054107e+03
-7.621325e+03
3.511729e+03
1.133130e+03
-1.013442e+03
3.830230e+03
5.102581e+03
3.466924e+03
9.818444e+03
4.054509e+02
-3.135117e+03
-7.367864e+02
1.430782e+03
3.109668e+03
-4.656874e+02
8.951473e+02
-1.192180e+03
6.063612e+02
-3.293552e+03
-3.571210e+03
4.192268e+02
-3.533122e+02
-3.505748e+02
-1.190852e+03
4.727090e+02
-5.861882e+02
-2.209403e+02
1.303192e+03
1.642444e+03
-3.821731e+02
1.756516e+03
5.080244e+02
1.085188e+03
5.645031e+02
6.586063e+02
-2.577402e+02
-7.239023e+01
2.920711e+03
-1.439101e+03
-1.046091e+02
3.137214e+01
2.462487e+02
-7.455186e+02
-1.714526e+02
-1.103122e+03
3.584560e+02
-9.246015e+02
5.995031e+02
9.828953e+02
1.819601e+03
8.273135e+02
1.422518e+03
2.877934e+01
-1.569931e+02
-2.239850e+02
3.881968e+01
2.012516e+02
-8.003346e+01
-6.393719e+02
-1.008995e+03
6.258964e+02
1.806100e+02
1.039757e+03
1.244533e+02
1.554335e+02
1.675896e+02
-4.434448e+01
-4.992031e+01
-1.406071e+02
-2.795600e+02
-1.903688e+02
8.755685e+01
4.618235e+02
-2.635896e+02
-1.579989e+02
-1.257185e+02
-5.340694e+02
-6.351167e+01
-2.599202e+02
6.363068e+01
-1.436719e+02
-1.586533e+02
-2.632592e+01
1.336196e+01
2.649325e+02
1.529336e+01
4.210791e+01
2.880561e+00
-2.522368e+02
-7.662557e+01
4.830434e+01
1.427424e+02
3.240107e+02
-2.158228e+02
-1.319165e+02
-8.338946e-02
-4.228906e+01
-8.010072e+01
6.983237e+01
4.188205e+01
1.920634e+02
1.719466e+02
-5.485623e+01
-3.938513e+01
-7.347735e+01
-2.285122e+02
5.133390e+01
-3.324859e+01
2.334924e+02
-1.919115e+02
-1.016116e+02
3.207693e+01
1.359147e+02
2.037404e+02
9.868253e+01
-1.816363e+00
-3.085048e+01
1.362157e+02
1.240245e+02
-1.665763e+01
1.226388e+01
1.613831e+02
3.237522e+01
-8.900438e+01
-2.180694e+01
7.728944e+01
2.600359e+00
1.207530e+01
1.297395e+02
-1.655277e+02
-1.954203e+01
1.313221e+01
8.630858e+01
1.400066e+01
-2.776888e+01
2.342840e+01
-1.961792e+01
-2.450068e+01
3.938488e+01
-5.206682e+01
1.139775e+01
2.118694e+01
-7.739851e+01
6.608404e+01
-3.052141e+01
-4.956578e+00
2.032471e+01
-3.498913e+00
-3.909137e+00
-4.660730e-02
3.575606e-01
3.106898e-01
-3.164641e-01
-4.262967e-01
2.439303e-01
-1.339750e-01
4.367727e-01
1.332309e+00
4.561800e-01
2.081866e-02
-2.593911e-03
8.005047e-01
4.128797e-02
-1.313098e-01
-1.333417e-01
-1.843183e-01
3.396553e-01
1.212960e-02
1.927758e-01
-7.454543e-02
-6.079460e-02
4.968087e-01
1.991936e-01
-1.913545e-01
3.953205e-02
6.799838e-02
