-2.512183e-01
-1.510675e+00
-2.368249e-01
5.603556e+01
1.830737e+02
-6.472653e+00
3.386058e-04
-1.660337e+05
-5.515365e+05
5.670358e+05
2.935207e+05
2.726093e+05
-2.250170e+05
-1.381300e+05
1.536319e+05
6.456905e+04
1.666852e+05
-1.058897e+05
-1.182063e+05
5.241914e+04
-6.043132e+04
-7.595853e+04
7.690729e+04
-1.303952e+05
3.239383e+04
-1.308454e+05
1.282350e+04
1.678188e+04
1.684312e+04
1.000053e+04
-6.475140e+04
-9.300109e+04
4.819061e+04
-1.667187e+04
3.581679e+04
2.214712e+04
-1.137678e+04
1.446053e+04
-5.809387e+04
-4.613438e+03
3.496766e+04
-6.686716e+03
-6.057390e+03
1.847219e+04
2.194927e+04
1.011382e+04
-1.334368e+04
1.434436e+04
2.108908e+04
1.148632e+04
1.773971e+04
-7.085963e+03
-6.404602e+03
-2.894427e+03
-2.266712e+03
6.868050e+03
-4.850989e+03
9.147857e+03
-8.097747e+03
-2.031585e+04
3.231838e+03
3.434703e+03
-8.334882e+03
-6.817115e+01
1.806049e+02
2.824507e+03
5.373646e+03
9.544412e+03
-6.130159e+03
3.805321e+03
5.544882e+03
4.985412e+03
-3.609237e+03
-2.426543e+03
1.165032e+03
4.879310e+03
6.241585e+03
2.962141e+03
-4.039620e+03
-2.293207e+03
1.832597e+03
-1.992598e+03
1.240119e+03
-2.608980e+03
3.224642e+03
1.666726e+03
-8.636880e+02
-9.666147e+02
-1.980404e+03
-6.108179e+02
1.472507e+03
-6.503492e+02
3.080437e+03
2.668938e+03
-9.788099e+02
4.920648e+02
4.820872e+02
-5.175342e+02
7.222882e+02
-6.171150e+02
1.599394e+03
-1.058506e+03
-1.220643e+03
-2.112885e+03
1.321953e+03
1.743610e+02
1.200189e+03
-1.419796e+02
8.897751e+02
1.232897e+03
-3.006745e+02
1.167155e+03
7.142292e+02
1.526641e+03
-6.181172e+02
-9.276252e+02
-2.292080e+03
1.510872e+02
-8.341406e+02
4.803996e+02
-6.446431e+02
-4.855497e+02
-1.395120e+03
1.535893e+03
3.393342e+02
-2.699323e+02
-1.112543e+02
3.946298e+02
-3.365987e+02
-3.611605e+02
2.736689e+02
4.326503e+02
-2.147208e+02
-2.108875e+02
-1.358937e+02
2.086045e+02
4.038019e+02
-1.943611e+02
-3.169002e+02
7.154378e+02
1.661714e+02
-2.234440e+02
2.347551e+02
-7.858044e+02
-2.147315e+02
2.812447e+02
1.726292e+02
-1.854933e+02
-1.493029e+01
3.156051e+02
1.705817e+02
3.597930e+02
1.242354e+02
2.488789e+02
-2.593414e+02
-2.451580e+02
1.847753e+01
2.867378e+02
-2.243656e+02
-1.813976e+02
9.785249e+01
-1.007709e+02
2.340726e+02
-1.749515e+02
-2.099744e+01
1.396937e+01
2.807295e+02
-1.435553e+02
-8.550619e+01
2.339244e+02
6.194938e+01
1.724930e+02
1.732649e+02
5.106798e+01
1.081681e+02
9.355795e-01
7.051961e+01
1.100023e+02
-3.359822e+01
-1.066620e+02
2.452835e+02
5.787119e+01
-1.668871e-01
5.791292e+01
2.961494e+01
8.552640e+00
-1.908478e+01
7.567271e+01
4.418615e+01
7.572792e+01
-1.166694e+02
1.193986e+02
6.427573e+01
5.339520e+01
-3.222559e+01
-8.458500e+01
-9.972649e+01
-6.685087e+01
-5.326687e+01
1.078790e+02
1.006245e+01
-5.848285e+01
-4.590683e+01
-1.022274e+02
6.452169e+01
1.812865e+01
-2.326154e-01
2.232130e+00
-1.636579e-01
1.196612e-01
-2.374292e-01
-5.381663e-01
-3.342933e-01
3.582767e-01
3.808506e-02
-6.126709e-01
-3.351534e-01
-7.097369e-01
3.722752e-01
3.205433e-01
3.471357e-01
-1.111386e-02
-2.379239e-02
3.236339e-02
1.717738e-01
-3.160574e-01
3.196098e-01
-4.268541e-02
5.295151e-02
1.097007e-01
4.372844e-03
-5.634473e-02
-7.167540e-02
-2.536536e-01
-1.197995e-01
