-3.011692e-01
9.432504e-01
-4.486451e-02
5.091555e+01
1.963908e+02
-1.802034e+01
3.543200e-04
-5.489596e+04
-2.329620e+05
1.212430e+05
2.517998e+05
2.951556e+04
2.085125e+05
-6.345527e+04
-7.618964e+03
-1.075470e+05
8.115298e+04
2.036608e+04
1.650354e+04
1.252666e+03
-6.952889e+04
-8.162126e+04
2.807587e+04
3.252422e+04
1.419550e+04
-3.999619e+04
1.584572e+04
4.032245e+04
2.516619e+03
2.475305e+04
-4.936195e+04
5.152209e+04
-7.939030e+03
-4.030814e+04
-4.322241e+02
5.371580e+03
1.733714e+04
7.530903e+03
-5.616083e+02
2.579560e+04
-3.298857e+03
-5.819969e+03
-2.265167e+04
-1.022543e+04
3.147615e+04
1.105043e+04
-2.021308e+04
1.537948e+04
-1.308467e+04
1.620745e+02
1.854020e+04
8.114784e+03
4.284447e+03
8.111185e+02
4.617465e+03
9.185037e+03
-2.189443e+03
5.882161e+03
1.168692e+03
-3.656260e+02
-6.884981e+03
-9.610187e+02
1.615871e+03
-2.216441e+03
1.986096e+03
1.005316e+03
2.651792e+03
2.769099e+03
-7.168732e+03
2.132640e+03
4.004430e+03
2.776326e+02
-1.001469e+03
1.510768e+03
6.111893e+02
1.357726e+03
2.641949e+03
5.531677e+02
-3.952561e+03
1.274631e+03
-2.506390e+03
-2.426996e+02
-9.724601e+02
1.362119e+03
2.402893e+03
2.526822e+03
-1.090278e+03
7.846805e+02
-4.623535e+02
-1.623412e+03
-5.288032e+02
4.114348e+02
3.358822e+03
1.324779e+03
-3.355050e+02
2.651528e+02
1.762606e+03
9.734708e+02
4.919883e+02
2.962687e+02
-9.979673e+02
4.016623e+02
-2.187940e+02
-1.301412e+03
9.016794e+02
-3.553859e+02
3.116606e+02
6.731796e-01
1.298510e+03
9.546216e+02
-5.021907e+02
1.710550e+03
-5.516785e+02
9.189828e+02
-2.268841e+02
-5.754573e+02
3.313722e+02
-4.359195e+02
-7.468755e+01
3.226480e+02
1.571286e+02
1.275136e+02
-5.006697e+02
6.283170e+02
3.232236e+02
-8.555262e+02
5.859140e+01
4.031529e+02
5.976312e+02
-2.814633e+02
-1.429274e+02
2.113696e+02
1.206112e+02
2.787027e+02
-2.670276e+02
2.259998e+01
3.297406e+02
-2.544307e+02
-6.666888e+01
1.279527e+02
1.910283e+02
1.017140e+02
-3.227352e+02
1.186041e+02
-2.118739e+02
5.571905e+01
1.732851e+02
-1.058237e+02
2.947883e+02
1.170770e+02
1.222104e+02
-7.163131e+01
1.046832e+02
1.508083e+02
-2.936404e+02
-5.549698e+01
2.990171e+02
9.022308e+01
-1.484972e+02
-2.918878e+02
3.511663e+02
-2.090492e+01
1.091790e+02
1.178995e+02
6.519746e+01
-7.167136e+01
1.202717e+02
1.263835e+02
-1.730020e+02
1.632915e+02
2.481566e+01
5.693867e+01
-5.105760e+01
-2.571363e+01
-6.051188e+01
-1.189025e+02
-3.860064e+01
-8.081672e+01
-9.042068e+01
-6.488007e+01
-4.733164e+01
2.032671e+01
-1.762323e+01
3.521267e+01
2.602772e+01
-3.835803e+01
1.233363e+02
-1.072328e+01
-5.263679e+01
4.871692e+01
5.370546e+01
3.413400e+01
-4.527198e+01
7.220963e+01
3.604615e+01
4.586985e+01
-3.289233e+01
-7.604037e+01
-2.443024e+01
-1.631102e+01
-4.041580e+01
-4.553531e+01
-2.001682e+01
5.764953e+00
3.831518e+01
1.317824e+01
-4.908879e-01
1.141044e+00
-1.509782e-01
-1.196510e-01
2.840440e-02
-3.936332e-01
-2.511137e-01
-6.039186e-02
2.043274e-01
-4.884949e-01
-2.182319e-01
-6.603150e-01
-1.565821e-01
-1.420072e-02
-1.910525e-02
-6.574399e-02
-3.898995e-02
1.786149e-02
1.488211e-02
-2.889277e-01
1.718529e-01
-2.123987e-02
-9.413697e-02
-1.174259e-01
-1.225727e-01
-4.575842e-02
1.182119e-02
-1.561522e-01
-7.994574e-02
