-3.408478e-01
1.362288e+00
-3.742613e-02
5.831111e+01
1.920487e+02
-1.021796e+01
3.643536e-04
-7.019130e+04
-3.566017e+05
6.165993e+04
-3.055158e+04
-7.248330e+04
7.497290e+04
-2.767953e+04
-7.685553e+04
-1.763120e+05
-2.462846e+04
-3.507845e+04
9.788829e+04
2.028906e+04
7.323281e+03
1.820207e+03
1.369557e+02
7.666773e+04
2.395138e+04
-4.309418e+04
-5.177212e+04
-4.081380e+03
-2.125938e+03
2.922178e+04
-4.348863e+04
1.903362e+04
-2.816699e+04
-3.195144e+04
1.879822e+04
2.065568e+04
9.511965e+03
-1.234000e+04
1.263576e+04
5.726444e+03
9.880466e+03
-1.551079e+04
-1.521113e+04
-3.570490e+03
2.861838e+03
2.474375e+03
-1.590520e+03
2.036409e+03
-6.568175e+03
7.080289e+02
1.037602e+04
5.091242e+03
4.181786e+03
-3.257479e+03
-5.031111e+03
6.003417e+03
5.500970e+03
4.308380e+03
-1.743033e+03
-8.864082e+03
-1.404045e+03
-8.788279e+02
-1.260587e+03
-6.218767e+03
1.425270e+03
4.012815e+03
4.814144e+03
1.000439e+03
-4.226783e+03
2.416905e+03
-1.215215e+03
-1.297089e+03
-3.494817e+02
1.804161e+02
3.045364e+03
9.784061e+02
3.921250e+03
3.396599e+02
-3.053432e+03
-1.366650e+02
-5.225795e+02
1.778418e+03
-1.809821e+03
2.422484e+03
1.943522e+03
2.369975e+03
-8.189915e+02
2.232035e+02
-2.107343e+02
-6.707161e+02
-2.591883e+02
3.443525e+02
2.475427e+03
2.271476e+03
-1.447016e+03
5.789871e+02
2.225440e+03
4.605159e+02
9.695928e+02
1.497114e+02
-1.218998e+03
-1.013261e+02
-2.565634e+02
-6.472022e+02
6.434648e+02
1.312291e+02
1.562133e+03
2.486236e+02
2.937844e+02
1.679199e+03
1.630220e+02
1.489920e+03
-3.627186e+02
1.244808e+03
-1.562723e+02
-1.690576e+02
3.306930e+02
-2.552114e+02
-2.252783e+02
3.167079e+02
-3.425048e+01
-1.358378e+02
-2.152774e+02
4.793775e+02
1.125891e+02
-3.138319e+02
-1.855442e+02
2.692557e+02
1.971703e+02
-3.845406e+02
1.540582e+01
5.628160e+02
1.563720e+02
2.912231e+02
-3.154098e+02
1.465126e+02
4.112746e+02
-1.596185e+02
9.835548e+00
-2.506785e+01
-6.811617e+01
1.842566e+02
-1.348539e+02
1.017811e+02
-1.551591e+02
-4.540879e+01
2.284316e+02
-2.383495e+01
1.505426e+02
2.941039e+02
-1.159457e+02
3.530876e+01
1.770704e+02
1.065937e+02
-2.068041e+02
4.268691e+01
4.941927e+01
2.273560e+02
-1.867431e+02
-2.485100e+02
1.184404e+02
-4.093644e+01
2.043057e+02
4.826931e+01
9.439330e+01
-6.247141e+01
6.894124e+00
6.790693e+01
8.525262e+01
7.689471e+01
1.007899e+02
2.510835e+01
-3.894355e+01
4.165529e+01
5.514106e+01
-5.276917e+01
-9.093248e+01
-5.928678e+01
-4.134666e+01
9.345636e+01
-1.554894e+00
6.544205e+01
2.117437e+01
3.725169e+01
7.040408e+01
1.729165e+01
5.411594e+01
2.915107e+01
-3.925529e+01
7.862866e+01
2.012476e+01
5.055800e+01
-4.298438e+01
3.080372e+01
4.182345e+01
3.849089e+01
-1.394617e+01
-3.785244e+01
1.978352e+01
-2.965628e+01
-1.880844e+01
-5.726700e+01
2.020964e+01
2.162467e+00
2.895059e+01
1.441928e+01
-1.820194e+00
3.604309e+00
-8.587485e-01
8.319253e-01
1.977994e-01
-3.828783e-01
-2.863947e-01
-6.533618e-01
-1.321652e-01
-5.812806e-01
-3.329496e-01
-1.641902e-01
7.469247e-02
1.094848e-01
7.893067e-02
7.618403e-02
6.283749e-02
-8.172638e-02
-8.736312e-02
-7.268568e-02
4.985471e-02
3.348362e-02
1.208568e-01
4.768855e-02
2.123526e-02
3.878288e-02
8.756529e-02
-1.054269e-01
-5.206884e-02
