-5.708450e-02
-9.131738e-01
6.797119e-02
5.262222e+01
1.732908e+02
-1.807300e+01
3.502116e-04
-3.685567e+04
-2.578280e+05
1.847694e+05
394956
8.926862e+04
2.123390e+05
-1.117187e+05
1.912722e+04
-3.090918e+04
6.809982e+04
1.046141e+05
4.310996e+04
-4.435412e+04
-2.424914e+04
-7.332757e+04
4.913301e+04
5.180676e+03
4.187719e+04
-2.603057e+04
1.158212e+04
2.007105e+04
-2.796013e+04
2.148194e+04
-7.945593e+04
1.992265e+04
-2.954055e+03
-2.919038e+04
1.033887e+04
3.248042e+03
4.736893e+03
1.442326e+04
-3.579609e+03
-2.010164e+04
-2.712398e+03
1.919649e+03
-1.941503e+04
2.576595e+03
3.038689e+04
-1.649271e+04
-9.038788e+03
1.358789e+04
-3.108889e+03
-9.815798e+02
3.007651e+03
5.207258e+03
1.323648e+03
-1.483082e+03
-1.705826e+03
4.177405e+03
-7.699454e+02
1.087596e+04
-2.475020e+03
-7.736594e+03
-3.038119e+03
-2.546946e+03
-2.440957e+03
-8.793128e+03
-1.374139e+03
2.176766e+03
2.919981e+03
6.539208e+02
-6.552565e+03
2.323447e+03
5.657100e+03
2.762879e+03
-1.438803e+03
1.834888e+03
-7.854343e+02
1.754680e+03
3.357644e+03
1.492667e+03
-5.386386e+03
-5.154888e+02
-1.323492e+03
8.092363e+02
-1.303541e+03
1.907534e+03
1.591782e+03
2.427700e+03
-2.143235e+03
1.383697e+03
-4.967255e+02
-4.158770e+02
-2.585409e+02
-1.637796e+03
2.574607e+03
1.338935e+03
-1.107471e+03
7.730809e+02
1.152203e+03
9.525034e+02
-8.227312e+01
8.124539e+02
-1.447858e+03
-8.656040e+02
7.682418e+02
-9.271743e+02
1.303515e+03
-1.049399e+03
1.250687e+03
-4.612576e+02
8.549732e+02
1.013061e+03
-5.142131e+02
1.816265e+03
2.100466e+01
7.308787e+02
-7.400230e+02
-2.403490e+02
1.229619e+02
-1.832367e+02
-3.314618e+02
8.098278e+02
-2.335312e+02
-4.461169e+02
-4.966009e+02
8.962087e+02
-1.710721e+02
-4.895127e+02
1.828575e+02
3.735867e+02
3.702490e+02
-1.767448e+02
1.800719e+02
1.112373e+02
3.213233e+02
2.832451e+02
4.021192e+01
5.093315e+01
4.694526e+02
1.981021e+01
-3.046518e+00
5.952690e+01
2.289551e+02
2.302771e+01
-1.137266e+02
3.234838e+02
8.004573e+01
1.237479e+02
-5.744657e+01
-2.326537e+02
2.595604e+02
6.792224e+01
1.559389e+02
-7.670474e+01
1.656391e+02
9.340369e+01
-2.510810e+02
6.433969e+00
1.907273e+02
1.125174e+02
-2.704276e+02
-1.148336e+02
2.716588e+02
3.870066e+01
2.743836e+01
1.181754e+02
3.848638e+01
-7.172954e+01
4.013894e+00
1.045786e+02
-1.062971e+02
7.142367e+01
4.232229e+01
1.218210e+02
2.271264e+01
-6.079518e+01
-2.569929e+01
-7.899499e+01
-3.985247e+01
-6.159885e+01
-9.642066e+01
-1.529393e+01
7.528789e+00
4.216263e+01
-8.358257e+00
-2.645770e+00
1.413492e+00
-1.331875e+01
6.671113e+01
-5.732426e+01
-6.745618e+01
-7.745876e+00
2.938323e+01
-5.374791e+00
-3.593055e+01
8.429046e+01
5.951574e+01
-7.146859e+00
-3.423300e+01
-4.061733e+01
-5.333753e+00
3.568078e+00
9.121965e+00
-2.761268e+01
1.128253e+00
-2.082392e+01
3.929214e+01
2.493447e+01
-1.078959e-01
9.701752e-01
-1.863693e-01
1.978189e-01
-1.314726e-01
-3.862600e-01
-3.196548e-01
-1.421409e-01
-3.895131e-02
-2.206272e-01
-4.503046e-01
-8.289955e-01
-2.542975e-02
1.119793e-01
-1.981045e-01
1.933187e-01
-6.415940e-02
4.724661e-03
3.788302e-02
-4.450686e-01
1.036443e-01
4.976843e-02
-1.542861e-01
-3.201459e-02
-1.775301e-01
9.386030e-04
-4.723705e-02
-8.816592e-02
-1.221402e-02
