-2.942181e-01
-6.993590e-01
9.586792e-03
5.205333e+01
2.043030e+02
-2.346483e+01
3.631395e-04
-7.715401e+03
6.703389e+04
-4.558173e+04
-2.118581e+05
-1.136548e+05
-4.760152e+04
2.815669e+04
3.114267e+04
-6.132150e+04
-2.830235e+04
-4.193237e+04
7.225884e+04
-6.937999e+04
1.874385e+04
2.329548e+04
-1.339668e+04
2.056940e+04
6.633640e+03
9.266222e+03
-2.511803e+04
-2.892970e+04
-2.100271e+04
-8.135731e+03
1.102051e+03
-1.644932e+04
-1.109380e+04
-1.336148e+04
7.949827e+03
-2.224833e+03
-3.977759e+02
-2.692363e+03
1.422015e+04
-7.121717e+03
1.164588e+04
-8.998006e+03
-3.196956e+03
-9.133139e+03
1.424360e+03
3.083974e+03
4.446805e+03
1.866702e+03
-3.701557e+03
-4.429886e+02
-2.111674e+03
8.046553e+02
1.107246e+03
5.114771e+03
2.737209e+03
2.431290e+03
7.516885e+02
2.495769e+03
1.295459e+03
-2.507892e+03
-5.073139e+03
1.411045e+03
-1.268993e+02
-1.402626e+03
3.169767e+03
3.371596e+03
1.275576e+03
-8.114084e+02
-2.602424e+03
1.719748e+03
2.501521e+03
1.591822e+03
1.662838e+02
2.066696e+03
5.718284e+02
2.960067e+02
1.041691e+03
1.205911e+03
-3.791419e+03
-1.854469e+03
1.359312e+03
-9.991287e+02
-5.600056e+02
7.935337e+02
1.437886e+03
2.448414e+03
-1.084848e+03
-3.511547e+02
-1.264471e+02
3.461709e+02
2.403934e+02
8.720419e+02
1.113691e+03
1.216291e+03
-1.074231e+03
7.917044e+02
1.222403e+03
-2.055272e+02
-7.775473e+01
-3.572115e+02
-8.924694e+02
-2.130411e+02
6.807403e+02
-3.271686e+02
-3.607672e+02
-5.597474e+02
7.597874e+02
6.849788e+02
3.643929e+02
1.013622e+03
2.674112e+02
1.572595e+02
-4.205280e+02
1.483565e+02
-1.691203e+02
2.054646e+02
-2.893512e+02
5.108538e+01
-3.191877e+02
6.385475e+02
3.767175e+01
1.665455e+02
-9.821020e+01
1.707583e+02
-1.975840e+02
-1.444334e+01
-1.041151e+02
3.470407e+02
-2.032321e+02
2.539834e+01
2.325184e+02
4.475821e+02
3.360881e+00
2.375727e+02
4.436291e+01
-2.905536e+02
-5.909014e+01
-1.088912e+02
-4.407309e+01
-1.823331e+02
-1.924236e+02
2.602052e+01
-1.479295e+01
2.703722e+01
2.536627e+01
8.125309e+00
-1.247085e+02
-1.330602e+02
2.662165e+01
1.721951e+02
5.652954e+01
2.832400e+01
-7.789733e+01
5.814820e+01
-7.090333e+01
-6.292446e+01
4.614411e+01
-4.242860e+01
9.774242e+01
4.172717e+01
-6.376821e+01
5.293580e+00
4.979823e+01
-2.836933e+01
-5.509196e+01
-3.351022e+01
-5.729934e+01
8.903837e+01
3.785564e+00
-1.094994e+02
6.428846e+00
7.108157e+01
-4.508194e+01
4.546095e+01
2.115471e+01
-6.063964e+01
4.432989e+01
2.333817e+01
-3.269147e+01
6.228626e+01
6.134977e+00
3.012270e+01
6.272628e+00
3.307787e+01
6.260306e+01
-4.438256e+01
-1.073692e+00
7.445036e+01
-1.739267e+01
1.251942e+01
4.072418e+01
4.331640e+01
1.546178e+01
6.186684e+00
5.114737e+01
-7.590958e+00
1.127617e+01
-2.366275e+01
-1.012242e+01
-2.955961e+01
1.083579e+01
-2.877664e+01
1.072579e+01
1.024179e+01
7.431924e+00
-2.986997e+00
-3.610030e-01
4.070196e-01
2.391831e-02
-2.159950e-01
6.313419e-02
-4.568748e-02
-1.401070e-02
-1.977129e-01
-2.035992e-02
-2.080227e-01
1.268235e-01
2.458540e-01
5.459639e-02
-4.628436e-02
6.113388e-02
-1.136454e-02
6.214833e-03
2.290558e-01
1.749582e-01
1.436145e-01
1.664045e-01
-1.767714e-02
7.431050e-02
-2.763068e-02
8.996063e-02
3.206829e-02
-1.114844e-02
2.195068e-02
1.453076e-02
