-3.725526e-01
-1.001301e+00
1.312195e-02
5.376000e+01
1.918755e+02
-1.419829e+01
3.545301e-04
-3.547893e+05
-5.069973e+05
7.663618e+05
2.613986e+05
2.870123e+05
3.552391e+05
-2.548852e+05
1.151415e+05
-2.587970e+05
1.470364e+05
-9.697076e+04
-1.112666e+05
-3.335103e+04
-3.329780e+04
-8.834502e+04
-4.389349e+03
5.965890e+04
8.414969e+03
-1.121841e+05
-9.042510e+03
-5.180871e+04
2.206533e+04
-1.906554e+04
-1.161961e+05
6.344195e+04
-2.364311e+04
-8.722146e+03
2.537356e+04
8.100913e+03
1.406290e+04
2.775436e+04
-1.980303e+04
3.558848e+04
3.452188e+04
-7.032483e+03
-2.414423e+04
-2.284402e+04
1.784075e+04
1.745735e+04
-1.756045e+04
5.161182e+03
-2.748484e+04
-3.214394e+03
4.340795e+04
4.308010e+03
1.297893e+04
-8.104812e+03
-9.085606e+03
-2.110031e+03
3.990021e+03
1.026053e+02
-8.229671e+03
-1.039010e+04
-7.395566e+03
7.185256e+02
7.048955e+03
-2.629279e+03
-1.156266e+02
1.821392e+03
3.180857e+03
1.117217e+04
-8.584380e+03
7.542978e+03
4.154731e+03
3.879098e+03
1.789331e+03
-1.636363e+02
2.973130e+03
1.280009e+03
5.132394e+03
-2.190729e+01
-5.318617e+03
5.277729e+02
-6.392388e+03
-5.422167e+02
-3.789251e+03
1.449851e+03
2.092857e+03
4.793750e+03
-1.945791e+02
1.239559e+03
3.148043e+02
-7.205711e+02
1.720923e+03
-2.082020e+03
3.052039e+03
2.105438e+03
3.727866e+02
-7.732365e+01
3.141472e+03
5.268289e+02
1.898733e+02
-1.737624e+02
-1.353610e+03
-2.851364e+02
5.682817e+02
-1.967598e+03
1.658057e+03
-4.651825e+02
1.002604e+03
3.600137e+02
2.627138e+03
1.847336e+03
4.772805e+02
2.602721e+03
-1.116277e+02
1.457898e+03
-5.924132e+02
-1.040429e+03
-2.208526e+02
-5.882651e+02
-9.979379e+02
9.883867e+02
2.504065e+02
-1.675261e+02
-7.128619e+02
1.142352e+03
4.456632e+02
-9.883885e+02
-3.744898e+02
3.713397e+02
4.306740e+02
-1.356896e+03
-1.549304e+02
7.979129e+01
2.259999e+02
1.812276e+02
-4.431955e+02
3.516878e+01
6.919444e+02
-1.311605e+02
1.223158e+02
-4.392500e+01
1.723185e+02
-1.799561e+00
-4.452436e+02
3.242749e+02
-4.884093e+02
2.538324e+02
3.660038e+02
1.069436e+02
2.454098e+02
2.862497e+02
3.880273e+02
-9.528565e+01
-1.033931e+02
1.672478e+02
-1.707592e+02
2.724456e+02
5.250855e+01
2.382514e+02
-4.254937e+02
-2.196900e+02
4.128230e+02
-2.089629e+02
1.865800e+02
8.165927e+01
6.815779e+01
-1.375121e+02
1.307580e+01
9.096457e+01
-2.785189e+02
1.292486e+02
8.996911e+01
2.412474e+02
6.379500e+01
5.570572e+01
-7.189709e+01
-1.127422e+02
-7.329949e+01
-7.346981e+01
-5.838191e+01
-1.356002e+02
6.019201e+00
7.298993e+01
-1.525187e+02
-2.402487e+01
2.163177e+01
9.651432e+01
3.243737e+02
7.295953e+01
-1.082628e+02
2.138657e+01
1.509789e+01
7.768336e+01
-9.768967e+01
9.764093e+01
1.887309e+01
2.891290e+01
-1.739211e+02
-5.924147e+01
-3.113564e+01
2.043123e+01
-1.387462e+01
-1.188434e+02
-1.867821e+01
-7.640526e+01
7.111159e+01
1.806257e+01
-2.237268e+00
3.286857e+00
-2.629427e-01
6.778220e-01
1.345746e-02
-1.055014e+00
-1.070788e+00
-2.701657e-01
-2.614123e-02
-4.943932e-01
-8.456553e-02
-9.414238e-01
1.148563e-01
2.279740e-01
2.941711e-01
2.986537e-01
-4.798500e-02
-1.564486e-01
-6.517905e-02
-4.315377e-01
1.186940e-01
-1.727013e-01
-1.533143e-01
-1.751763e-01
9.525099e-02
3.972192e-02
2.626162e-02
-1.108022e-01
-7.622855e-02
