-2.195558e-01
1.064401e+00
-9.693351e-02
5.319111e+01
1.959992e+02
-1.637498e+01
3.465321e-04
-2.172396e+05
-1.809856e+05
-7.168439e+04
-1.333261e+05
-7.665218e+04
1.062390e+05
-2.179076e+05
-2.115339e+05
-3.515854e+05
2.761787e+05
-5.834428e+04
4.960067e+04
-2.689513e+04
-3.840127e+04
-4.391263e+04
-5.189014e+04
-2.570064e+04
-1.204972e+03
-3.164095e+04
-6.950449e+04
-2.885321e+04
1.122217e+04
-4.014538e+04
-6.076093e+04
-5.254361e+04
2.373616e+04
-3.169033e+04
3.156616e+04
-1.218236e+04
8.977900e+03
2.334936e+04
7.367299e+03
2.786589e+04
2.365462e+04
-4.485550e+04
1.440631e+04
-7.731673e+03
-7.238457e+03
3.044648e+04
1.041603e+04
1.228672e+04
-1.546548e+04
-5.666812e+03
2.448234e+04
-2.702210e+04
1.634784e+03
-6.050719e+03
-5.725989e+03
3.862215e+03
2.303154e+03
8.262749e+03
-4.179374e+03
-8.755234e+03
-1.940436e+03
3.033277e+03
-1.057835e+03
7.790939e+02
5.133579e+03
7.106529e+03
7.292959e+03
1.262775e+04
-5.652103e+03
8.223204e+02
3.792750e+03
-2.614108e+02
-1.965464e+03
-9.241328e+02
3.720312e+03
-1.213804e+03
7.304684e+02
3.164162e+03
-6.016750e+03
2.773687e+03
-2.043215e+03
1.715170e+03
-2.125669e+03
-9.136300e+02
2.587646e+03
7.756935e+02
2.492612e+03
6.636832e+02
-1.146417e+01
2.853297e+02
1.377751e+03
1.377973e+03
9.315107e+02
1.607741e+03
-9.761487e+02
1.607631e+03
3.440139e+03
-2.953773e+02
1.111889e+03
2.866534e+01
3.606064e+02
7.787450e+02
-5.963651e+02
-1.464732e+03
1.428743e+03
9.334083e+02
1.251788e+03
4.556677e+02
9.944348e+02
1.371896e+03
1.072527e+02
1.446592e+03
9.475610e+01
1.867103e+02
5.947512e+02
-2.515352e+02
-4.349242e+02
-6.267234e+02
-1.169630e+03
4.189898e+02
-7.018525e+02
2.971808e+02
-4.063887e+02
4.790186e+02
6.518972e+02
-2.955295e+02
-3.907552e+02
-6.202910e+00
-4.364059e+02
-6.228973e+02
-1.378347e+02
3.231114e+02
-1.438147e+01
2.101493e+01
-7.727434e+02
-2.514983e+02
3.758732e+02
-5.251652e+02
4.207590e+02
1.550837e+02
7.669610e+01
1.848571e+02
1.266181e+02
1.328400e+02
-1.832852e+02
8.063438e+01
5.959547e+02
1.233761e+02
1.731079e+01
2.350521e+02
1.262476e+02
2.398508e+02
5.084233e+00
1.774587e+02
-3.637163e+02
-8.594328e+01
-7.873631e+01
2.622762e+02
-2.312829e+02
-9.262553e+01
7.651434e+01
-1.816490e+02
5.656136e+01
-8.062846e+01
7.959802e+01
-2.567021e+01
-2.428892e+00
9.686916e+01
-1.443410e+02
1.496117e+02
1.018810e+02
1.096928e+02
2.048749e+02
9.642082e+01
2.224272e+01
-7.742033e+01
5.202651e+01
4.693430e+01
-2.570870e+00
6.476075e+01
1.503035e+02
9.916277e+01
-1.185150e+02
1.464259e+01
4.287940e+01
5.690366e+01
9.727406e+01
1.541227e+02
-1.651821e+02
-3.880392e+00
1.521954e+01
1.143888e+02
2.069342e+01
8.563751e+01
7.749348e+01
-5.654469e+01
-1.247759e+02
-4.075210e+01
-7.400665e+01
2.685410e+01
3.024171e+01
-1.163155e+02
1.130131e+02
-7.684511e+01
2.736900e+01
1.690821e+01
-4.052110e+00
-4.932856e-01
-2.645378e-01
4.597628e-01
-2.110538e-01
-5.953891e-01
3.626904e-01
-4.117269e-01
-6.973824e-02
-5.082561e-01
3.391932e-01
-3.917231e-01
2.221292e-01
1.698920e-01
4.772232e-01
1.199237e-02
3.029926e-03
-5.139491e-02
-5.512772e-02
2.033733e-01
1.592072e-01
-1.089505e-01
-5.963997e-02
-2.573033e-01
2.737215e-01
1.480103e-01
6.317942e-03
-5.943015e-02
1.085782e-01
