-2.688683e-01
4.531360e-01
-4.693334e-02
5.006222e+01
1.981034e+02
-2.276420e+01
3.506620e-04
-7.853055e+04
5.030711e+04
1.724843e+05
-4.955695e+04
-1.300089e+04
1.449631e+05
-1.006692e+05
1.072901e+05
-7.433212e+04
1.405359e+04
-3.414935e+04
8.091245e+04
-1.354973e+04
-1.135101e+04
-8.528179e+03
9.563821e+03
-1.308879e+04
-1.429724e+04
-5.999696e+04
1.387507e+04
-4.162131e+04
-1.290492e+04
2.402814e+02
-2.129628e+04
-1.712749e+03
-1.597763e+04
-3.242712e+03
2.143804e+04
4.242206e+03
9.082210e+03
1.881769e+04
-1.066934e+04
-4.999746e+03
4.377971e+03
-2.035258e+02
-5.184190e+03
-1.868403e+04
1.460239e+04
-5.475701e+03
4.102412e+03
5.151707e+03
-6.776375e+03
-1.653560e+03
4.295417e+03
2.929600e+03
1.262047e+03
9.614643e+03
1.655021e+03
2.066379e+03
8.686401e+02
6.690650e+03
-2.868132e+03
1.274063e+03
-4.383389e+03
2.052459e+03
2.474064e+03
-1.026912e+03
2.341164e+03
2.381955e+03
8.215443e+02
1.186498e+03
-2.768200e+03
3.461037e+02
2.440971e+03
4.847576e+03
1.396367e+03
-3.165399e+01
-1.134694e+03
-1.805137e+02
9.284595e+02
1.269448e+03
-3.072905e+03
-1.780117e+03
-6.325530e+02
-1.635199e+03
-1.303480e+03
-2.890425e+02
6.314047e+02
2.122338e+03
1.122323e+02
2.127995e+02
4.593767e+02
7.175479e+00
3.777390e+02
-1.219022e+03
1.902283e+03
9.201144e+02
-7.648608e+02
1.317926e+03
1.815242e+03
2.833278e+02
-5.310888e+02
1.603689e+01
-1.190332e+03
-5.330411e+02
4.889662e+02
-6.904610e+02
-3.354693e+02
-6.612301e+02
6.019641e+02
7.522111e+02
7.277974e+02
3.293227e+02
7.953201e+02
3.336788e+02
-4.116942e+02
5.186771e+02
-4.161356e+02
-1.421842e+02
1.467682e+02
8.603960e+01
-4.912328e+02
6.253235e+02
-3.573083e+02
4.081488e+01
7.850001e+01
3.375479e+02
8.666451e+01
-2.102912e+02
9.811787e+01
4.851754e+02
1.610298e+02
-4.348973e+01
9.597425e+01
3.892265e+02
1.484192e+02
1.374832e+02
1.104735e+02
-1.558644e+02
2.546838e+02
5.992065e+01
-8.906248e+01
-2.463714e+02
-1.169567e+02
2.267727e+01
-8.789816e+01
1.922760e+02
2.479489e+01
5.746749e+01
-4.735582e+01
-9.340727e+01
5.567093e+01
-8.152953e+01
1.934550e+02
-8.263485e+01
-7.095948e+01
1.354697e+02
4.778093e+01
-2.146893e+01
-1.805124e+01
9.391624e+01
-4.070238e+01
7.177402e+01
1.088649e+02
-6.035088e+01
-2.104250e+01
1.160484e+02
-8.408654e+01
-4.663203e+01
-1.045643e+02
1.483483e+02
-1.267059e+02
-2.479334e+01
-2.910199e+01
1.032561e+02
2.378123e+01
2.046605e+01
1.333223e+01
-9.368279e+01
-1.202138e+01
-6.334607e+01
-1.112753e+02
1.287170e+00
1.083597e+01
1.332107e+01
6.111971e+00
3.725631e+01
2.725216e+01
-7.264796e+01
4.871889e+01
5.759136e+01
-4.654977e+01
-2.177516e+01
4.645267e+01
4.157265e+01
1.340845e+01
8.066847e+00
2.968236e+01
4.884514e+00
1.324969e+01
-1.725105e+01
5.239913e+00
-1.857792e+01
4.238038e+01
-1.355912e+01
-4.881973e+00
6.216845e+00
1.575735e+00
-9.813823e+00
3.979854e-01
3.572573e-02
-7.601483e-01
-1.755173e-01
1.893746e-01
-2.540030e-01
-4.996963e-01
2.017835e-01
-1.542557e-01
-3.239907e-02
2.423148e-01
1.233589e-01
-2.333294e-01
-2.714079e-02
-1.354360e-02
-5.036464e-02
-7.190940e-02
1.182690e-01
-1.535288e-02
-7.253176e-02
1.478224e-02
-3.896748e-02
-6.240906e-02
-1.342611e-01
-4.734025e-02
5.070977e-03
-8.628501e-02
2.581010e-02
8.362307e-02
