-4.623540e-02
3.228121e-01
-8.110892e-02
4.209778e+01
1.797241e+02
-2.479724e+01
3.441897e-04
-2.805388e+04
1.589570e+05
1.499650e+05
2.032673e+05
1.839373e+04
1.136289e+05
3.710542e+03
2.602269e+04
8.179240e+04
4.465820e+03
-8.498109e+03
134080
-9.010686e+04
-7.644787e+04
4.068696e+04
1.661846e+04
-6.644290e+04
1.353629e+04
6.509620e+03
-7.405889e+03
6.927484e+03
-1.211510e+04
2.911007e+04
-2.802666e+04
-1.077113e+04
7.701158e+03
-2.848129e+04
1.165934e+04
4.987595e+03
9.163834e+02
-4.116497e+03
1.687285e+03
-5.386993e+03
-1.887994e+04
8.307658e+03
-9.009014e+02
-1.647054e+04
2.173844e+04
-1.184782e+04
-2.299332e+03
1.275712e+03
-1.013302e+04
-5.905397e+02
-6.321573e+03
-4.734036e+03
2.836042e+03
-8.350964e+02
-2.050670e+03
1.145266e+04
-1.314845e+03
9.465192e+03
-2.730802e+03
-4.258970e+03
-1.433349e+03
-1.644455e+02
8.994540e+01
-4.752772e+03
8.737851e+01
3.162005e+03
1.677923e+03
4.134508e+01
-1.006593e+03
4.006838e+03
2.550121e+03
2.714811e+03
9.466279e+02
-5.389744e+02
-1.385991e+03
7.690862e+02
-4.570690e+02
1.472563e+03
-4.907844e+03
-9.319106e+02
-2.322228e+03
-9.722298e+02
-1.718819e+03
-1.808844e+03
3.271506e+02
1.926440e+02
-2.021158e+03
5.938456e+02
5.007140e+02
4.203246e+02
-7.140444e+02
8.217766e+02
3.017633e+03
8.110096e+02
-8.475389e+02
1.485135e+03
2.390456e+03
-1.249232e+02
-6.276727e+02
1.604562e+03
-1.221829e+03
-2.479056e+02
-6.890544e+02
-9.996275e+02
4.024185e+02
-2.485407e+02
8.444426e+02
9.885676e+02
5.332002e+02
8.707599e+02
3.914435e+02
5.504986e+02
-3.230753e+02
-5.552951e+01
1.993475e+02
-2.293706e+02
2.525482e+02
-4.222438e+02
-1.437950e+02
-1.301727e+02
3.289561e+01
1.461368e+02
-2.657496e+02
2.779497e+02
2.144449e+02
-3.476651e+02
4.252588e+02
5.768456e+02
-1.527643e+02
9.635253e+01
4.394742e+02
1.030602e+02
8.165128e+01
3.401751e+02
4.551510e+01
-4.366416e+00
9.106559e+02
-2.232610e+02
1.047717e+01
3.727350e+02
-9.167230e+01
1.306886e+02
7.168785e+01
2.894602e+02
-2.508986e+01
-4.340098e+01
-2.406186e+02
-2.696690e+02
6.856076e+01
8.487325e+01
4.267996e+00
1.875913e+02
1.979859e+02
-6.534530e+01
-1.744659e+02
-2.217849e+02
1.305251e+02
-6.163607e+01
-1.290901e+02
-9.316307e+00
6.019567e+01
-2.854245e+01
-4.697882e+01
8.660218e+01
-5.090037e+01
-4.146611e+01
-9.453144e+01
1.672938e+02
-1.896148e+02
-1.302154e+01
2.933308e+01
1.017361e+02
8.228633e+01
4.989754e+01
4.562432e+01
-8.974238e+01
4.408921e+01
-4.639448e+01
-9.412440e+01
6.714800e+01
3.954513e+00
-4.730402e+01
8.742437e+01
-4.501097e+01
2.931050e+01
-1.002989e+02
1.308508e+01
1.687543e+01
1.189563e+01
1.703446e+00
2.552501e+01
7.846445e+00
-5.696378e+01
-1.000018e+01
2.849726e+01
-1.721356e+01
1.303656e+01
1.593477e+01
-1.398412e+01
-1.070824e+01
-2.115308e+01
-1.119761e+01
3.857178e+01
4.975728e+01
8.941704e+00
2.117893e+01
7.186638e-01
-1.365779e+00
-7.322518e-01
1.085005e+00
4.955728e-01
6.048626e-01
5.972452e-01
-1.762885e-01
9.252146e-02
-1.038211e-01
-1.264121e-01
-4.431636e-02
-2.241386e-01
1.111125e-01
-7.838115e-02
-3.024132e-02
-9.212805e-02
-2.974934e-02
-8.661164e-03
-8.516249e-02
-1.167991e-01
1.287737e-01
-1.849202e-01
-8.853867e-02
-1.125830e-01
-3.122350e-02
-3.396492e-02
5.355925e-02
2.147282e-02
