-3.488646e-02
6.868839e-01
-7.347184e-02
4.693333e+01
1.681548e+02
-2.415512e+01
3.464366e-04
-8.202507e+04
-1.931800e+04
3.087722e+05
1.557124e+05
9.294370e+04
1.478129e+05
-7.067122e+04
1.016790e+05
-7.442659e+04
4.709702e+04
-4.201184e+04
-6.165521e+04
4.239534e+04
-5.123389e+04
-3.429578e+04
3.038427e+04
5.449429e+04
3.719339e+04
-5.723314e+04
-3.175649e+03
1.380113e+04
-1.885994e+04
1.535369e+03
-3.264853e+04
6.306321e+03
-1.818860e+04
-1.331813e+04
1.708578e+04
-8.310322e+02
-2.514901e+04
-9.503578e+02
-5.422937e+03
1.056673e+04
5.141096e+03
1.599038e+04
-6.660694e+03
2.832471e+02
1.199912e+04
-1.147559e+04
2.614338e+03
4.136152e+03
4.921745e+03
9.793735e+02
1.300453e+04
6.272694e+03
1.721068e+02
-2.007295e+03
2.759245e+03
-3.666846e+03
-7.947164e+02
2.665092e+03
1.287975e+03
-6.232673e+03
-6.817788e+01
-3.034323e+03
-9.356072e+02
-5.264594e+03
-9.702787e+02
3.214700e+03
1.601534e+03
1.579875e+03
-5.358637e+03
1.740376e+03
2.222654e+03
1.886253e+03
1.288201e+03
-5.742383e+02
5.833931e+02
1.183629e+03
2.918085e+03
-1.435159e+03
-2.911737e+03
-6.538137e+02
-3.259103e+03
-1.502832e+03
-6.123840e+02
1.220985e+03
-1.841985e+02
1.665777e+03
-3.481052e+03
1.208486e+03
-6.080240e+02
-4.263735e+02
-5.273384e+02
-3.872293e+02
1.997454e+03
1.336550e+03
-6.899509e+02
3.788338e+02
1.643281e+03
4.047516e+02
-1.812253e+02
9.745740e+02
-1.216187e+03
-1.154872e+03
2.182419e+01
-2.265401e+02
2.534317e+02
-4.944015e+02
4.070659e+02
-7.257355e+01
1.255252e+03
1.248228e+03
9.558804e+02
6.092807e+02
-5.480351e+02
3.973393e+02
-7.452337e+02
-1.584383e+02
-1.703737e+02
-4.031996e+02
1.088475e+02
7.087377e+02
3.663740e+02
2.126317e+02
-6.511771e+02
7.289382e+02
-1.602619e+02
-5.713716e+02
-3.812653e+01
3.784482e+02
3.001211e+02
-1.983335e+02
-3.931521e+02
6.718796e+02
3.011768e+02
2.255682e+02
1.019861e+02
-7.498607e+01
-1.864459e+01
-1.071933e+02
-1.880143e+02
-9.213203e+01
1.134804e+02
1.065369e+02
-8.416373e+01
3.196795e+02
1.331897e+01
2.256075e+01
-1.335959e+02
-1.049147e+02
1.592783e+02
1.530470e+02
2.949500e+02
-6.074389e+00
-1.147335e+02
9.478538e+01
-5.598662e+01
1.507643e+01
2.036980e+02
2.971009e+02
-1.513067e+02
-8.924389e+01
4.324655e+02
-2.799738e+01
-2.552752e+01
5.590401e+01
-4.197944e+01
-9.826514e+01
2.064887e+01
1.604741e+02
-2.476330e+02
-2.646329e+01
1.686784e+01
1.047216e+02
4.283978e+01
-4.244386e+00
-4.326056e+01
-2.067160e+02
-1.490914e+01
-6.194104e+01
-8.214332e+01
2.626337e+01
3.777096e+01
-2.518801e+01
-6.997653e+01
-1.321805e+01
4.512252e+01
-2.370160e+01
-2.326501e+01
-3.029876e+01
-2.709707e+01
-2.452083e+01
1.851483e+01
1.010820e+01
-7.043856e+01
7.244623e+01
5.631119e+01
-3.397126e+01
-1.949016e+01
-9.911634e+00
-1.100819e+01
2.482390e-01
-3.685797e+01
-2.551162e+01
-2.937717e+01
-3.558683e+01
2.108351e+01
9.484217e+00
-3.000928e-02
-8.244204e-01
1.136402e+00
-1.322074e+00
8.023238e-01
-9.143330e-01
-2.158979e-01
4.660896e-01
2.320569e-01
3.875658e-02
8.107756e-02
-6.703287e-01
-2.911074e-02
2.336156e-01
-1.011045e-01
1.687751e-01
3.022147e-02
-1.168130e-01
1.349975e-02
-3.550866e-01
-3.973857e-02
2.560196e-02
-1.143701e-01
9.000602e-02
-6.589105e-02
-2.961300e-02
8.214882e-03
1.846429e-03
-2.099710e-02
