-7.967298e-02
9.511228e-01
2.676820e-02
5.404445e+01
1.820585e+02
-2.119322e+01
3.625382e-04
-3.771418e+04
1.022252e+05
-2.464447e+04
-7.000362e+04
4.725849e+04
-1.090103e+05
4.531855e+04
-1.453425e+04
-7.304298e+04
8.995249e+03
-6.105689e+04
8.248891e+04
-89567
4.262185e+04
-1.242279e+02
-5.723574e+04
5.122674e+04
-6.587856e+02
-1.680589e+04
-2.249309e+04
1.033350e+04
-1.145036e+04
-7.691224e+02
2.070352e+04
1.476476e+04
8.316595e+03
-1.212750e+04
-2.170336e+04
-9.443207e+03
4.915268e+03
1.268392e+02
9.246966e+03
-1.079257e+04
-5.779831e+03
2.841310e+03
-6.329317e+03
-7.185010e+03
9.931008e+03
1.985160e+03
8.325290e+03
1.893504e+03
-2.898013e+03
-2.082437e+03
9.461769e+02
2.637584e+03
3.419882e+03
7.535021e+03
3.887911e+03
-6.428474e+02
4.829066e+03
6.332879e+03
-1.934089e+03
9.121614e+02
-7.680039e+03
5.207699e+03
2.981619e+03
2.489584e+03
8.334527e+02
3.395001e+03
1.035469e+02
-2.102722e+03
-1.593672e+03
4.594569e+03
1.254200e+03
1.938681e+03
-1.275785e+03
9.414628e+02
-3.080109e+03
-3.611563e+03
-1.276350e+03
7.844933e+02
-1.881567e+03
-1.773766e+03
-3.953391e+02
-2.860422e+02
-6.754080e+02
1.493446e+03
1.446198e+03
1.720909e+03
-6.679689e+02
1.099377e+01
4.279003e+02
9.535439e+01
3.513274e+02
1.651130e+01
8.595270e+02
8.143713e+02
-9.222837e+02
5.371227e+02
1.339555e+03
-1.799544e+02
-6.472036e+02
-9.562833e+02
-6.247122e+02
-3.151938e+02
1.003393e+03
2.745911e+02
-6.596514e+02
-7.476144e+02
6.038235e+02
2.523922e+02
3.118953e+02
7.917888e+02
1.441593e+02
1.306218e+02
-4.022928e+02
2.243770e+02
-3.091372e+02
4.107511e+02
-2.242165e+02
-1.297784e+02
-1.311873e+02
4.854809e+02
1.671178e+02
5.062122e+02
1.368470e+02
9.018716e+01
8.547824e+01
8.833232e+01
-1.090672e+02
5.994071e+01
-2.315616e+01
1.507154e+02
2.748471e+02
4.967401e+02
2.450097e+02
2.076646e+02
1.497774e+02
-2.446168e+02
-2.209716e+01
2.155167e+02
1.691340e+01
-3.418100e+02
-8.770553e+01
1.101982e+02
-1.242710e+02
1.364382e+02
6.872130e+01
8.295370e+01
-1.667739e+02
-1.672772e+01
8.939442e+01
1.569233e+02
4.589753e+01
-9.174813e+01
-5.626926e+01
2.236730e+01
1.749041e+01
6.753671e+00
5.015223e+01
5.343598e+01
1.593869e+02
1.989136e+01
1.751319e+00
-3.683547e+00
3.095967e+01
2.795713e+01
-6.962756e+01
-4.604397e+01
-1.249825e+02
1.600268e+02
-1.080638e+00
-9.200288e+01
2.093845e+01
-1.346736e+01
-5.644659e+01
4.321991e+01
-5.880963e+01
-6.605923e+01
4.756640e+01
4.210757e+01
-7.593020e+01
5.612158e+01
-4.650321e+01
8.208158e+01
-6.283765e+00
3.012819e+01
2.918537e+01
-9.819757e+00
-5.451048e+00
8.232964e+00
-3.289956e+01
-5.287908e+01
5.602879e+01
2.758294e+01
3.800298e+01
1.966838e+01
1.964873e+01
-6.669667e-01
3.151649e+01
-3.468573e+01
1.620103e+01
-2.938971e+01
4.911679e+01
-4.100037e+01
-2.960531e+01
2.608915e+01
1.627694e+01
-1.107494e+00
-8.271223e-02
1.410303e-01
-3.095491e-01
-8.656244e-01
-1.138787e-02
-2.114924e-01
-1.724253e-01
-1.308968e-01
3.500404e-02
-1.924927e-01
2.475590e-01
1.107831e-01
-6.979778e-03
-1.458539e-01
8.928474e-04
7.564722e-02
5.658963e-03
1.872212e-01
1.472985e-01
7.378015e-02
-3.102839e-03
2.479421e-02
9.407429e-02
-1.300262e-01
-8.422065e-03
-1.691717e-02
2.370007e-02
6.297840e-02
7.334480e-02
