3.285767e-02
9.078812e-01
-1.309729e-01
5.233778e+01
1.622609e+02
-1.953316e+01
3.354629e-04
2.123215e+04
1.076444e+05
1.933678e+05
2.627658e+05
-1.120623e+05
-5.807338e+04
-5.050424e+04
2.476994e+04
3.263395e+04
1.951777e+05
4.871087e+04
1.728790e+05
-4.094889e+03
-8.079720e+04
-4.335580e+04
1.352300e+04
8.092090e+03
-4.802868e+04
7.132635e+03
1.491063e+04
5.030716e+04
-2.453739e+04
-4.093991e+04
-2.241493e+04
-4.277906e+04
-1.483283e+04
-1.587891e+04
-1.615675e+04
-4.887926e+03
-1.514327e+04
9.882566e+03
2.188682e+04
-3.311463e+04
-5.976426e+03
1.017697e+04
-5.466292e+03
3.965477e+03
2.496815e+04
-3.543441e+04
3.575170e+03
1.090677e+04
8.550775e+02
1.429661e+03
-2.389128e+03
3.737043e+02
-5.425948e+03
-8.460870e+02
1.977050e+03
-3.401285e+03
-1.734055e+03
8.179922e+03
6.333093e+03
-7.527081e+03
8.516528e+02
-7.073455e+03
-7.818287e+02
-4.871019e+03
1.064958e+03
5.539653e+03
-9.572384e+01
-4.119945e+03
-3.127153e+03
1.590645e+03
5.012335e+03
3.690903e+03
-1.856559e+03
-5.848434e+02
-3.582049e+03
1.340884e+03
-9.836194e+01
2.482157e+01
-3.848055e+03
-7.517618e+02
-2.128743e+02
-8.445704e+02
-7.553932e+01
1.461520e+03
-3.191688e+02
-2.334399e+02
-1.177201e+03
1.545594e+03
-8.447377e+01
5.716945e+02
-8.324116e+02
-2.216433e+03
2.317800e+03
9.669540e+02
-1.256396e+03
2.580304e+02
1.192025e+03
-5.005189e+02
-4.498788e+02
1.665544e+03
-6.643051e+02
-1.174562e+03
6.786152e+02
-1.140973e+02
6.687719e+02
-1.557056e+03
7.647735e+02
-4.090241e+02
1.098505e+03
5.270018e+02
-2.074269e+01
9.788921e+02
-4.166164e+02
5.615092e+01
-9.369728e+02
5.724417e+02
1.756767e+02
1.310000e+02
-1.455124e+02
5.253436e+02
-2.234510e+02
-4.375765e+02
-1.596841e+01
4.684801e+02
-1.098337e+02
6.659149e+01
5.850016e+02
4.134904e+02
-2.387227e+02
2.615373e+02
2.013736e+02
1.123088e+02
3.235346e+02
2.589365e+02
4.110078e+02
-4.091584e+02
3.494597e+02
7.060336e+01
1.397536e+02
-6.245093e+01
6.855219e+00
2.433162e+02
1.869301e+02
3.050978e+02
3.552912e+02
-5.736473e+01
-3.731319e+02
-5.075221e+02
2.806555e+02
6.575507e+01
4.960754e+01
-3.180730e+01
1.671791e+02
1.343318e+02
-2.585904e+02
-1.360504e+02
2.200284e+02
1.138315e+02
-1.386820e+02
-6.451086e+01
2.044956e+02
5.798561e+01
-6.734164e+00
1.586528e+01
-5.199883e+01
-1.205809e+02
-7.833001e+01
1.214117e+02
-6.155951e+01
-7.451218e+00
1.014032e+01
1.249675e+02
-2.006066e+01
-5.125074e+00
-1.235865e+01
-1.109494e+02
5.582058e+01
-9.289230e+01
-9.010192e+01
6.299423e+01
3.586817e+01
-1.320380e+00
7.811656e+01
1.856322e+01
2.670716e+01
-4.005544e+01
-3.178983e+01
-4.090323e+01
-4.681834e+01
-3.506635e+01
4.241345e+01
-2.358032e+01
-5.340099e+01
5.891552e+01
4.651297e+01
-4.571459e+01
-1.710323e+00
-4.455850e+01
1.625438e+01
-2.579990e+01
2.694476e+01
3.212576e+00
1.572479e+01
2.315472e+01
2.134641e+01
1.812195e+01
9.352892e-01
-1.381544e+00
-9.420566e-01
-4.495902e-01
3.438179e-02
6.588055e-02
4.017816e-01
-1.025682e-01
9.400503e-02
4.680424e-02
-1.770385e-01
-5.677968e-01
-6.269539e-02
5.148906e-02
-2.123694e-01
2.102598e-01
-6.043779e-02
9.580111e-04
3.153279e-02
-3.247504e-01
2.097317e-02
1.799190e-01
-1.343794e-01
2.259118e-02
-2.256388e-01
1.172731e-02
-2.467552e-02
-6.824897e-02
9.203170e-02
