-2.093608e-01
-1.264598e+00
-1.897409e-01
4.835556e+01
1.758356e+02
-1.222019e+01
3.200786e-04
-2.055181e+05
2.637431e+05
9.570410e+04
-1.700602e+05
8.753230e+04
-2.543566e+05
3.952195e+03
-1.683343e+04
-1.308983e+05
1.153222e+05
-1.773516e+05
8.895163e+04
-1.184163e+05
2.406985e+03
-1.993846e+04
-7.367052e+03
5.109780e+04
6.809704e+03
-2.733181e+04
-5.810435e+03
-1.742305e+04
1.039510e+03
-3.844912e+04
-1.440552e+03
-2.144747e+04
8.578370e+03
-3.934099e+04
-1.448335e+04
-1.334858e+04
1.569142e+03
5.591290e+03
-1.861607e+04
7.157638e+03
9.417064e+03
-1.514460e+04
-5.607126e+03
-1.545653e+04
-1.777347e+02
-2.553859e+03
1.027076e+04
-2.220802e+03
-5.359598e+03
-1.068290e+03
3.593125e+03
-1.689913e+03
4.802434e+03
6.039502e+03
-3.267098e+03
1.339875e+03
3.089881e+03
6.509956e+03
2.644593e+03
-5.464786e+03
-7.939694e+03
1.945713e+02
3.101121e+03
4.457482e+02
1.356899e+02
2.245171e+03
2.318850e+03
5.171847e+03
-1.797882e+03
4.503160e+03
1.990185e+03
3.015060e+03
2.080906e+03
-2.458057e+03
-9.473210e+02
-5.227485e+02
-1.357179e+03
8.841509e+02
-4.371390e+03
-2.430086e+03
-3.472971e+02
-1.219348e+03
-1.258874e+03
1.883310e+01
1.677561e+03
3.894699e+02
-1.398735e+03
-6.710570e+02
2.906841e+02
1.735101e+03
1.619416e+03
-1.393474e+02
9.713685e+02
2.206907e+03
-7.550015e+02
2.680440e+02
1.705756e+03
-6.962164e+02
-9.828354e+02
-1.442016e+03
-4.169959e+02
-6.639777e+02
4.609206e+02
-3.813401e+02
1.779227e+02
-9.706235e+02
8.114500e+02
1.126632e+03
1.071434e+03
1.312634e+03
2.109774e+02
3.532134e+02
-1.568757e+02
-9.363895e+01
3.217104e+01
-1.829672e+02
-7.192432e+02
-3.495116e+02
-8.920504e+02
5.654935e+02
-6.104305e+01
4.648249e+02
-1.955406e+02
2.236869e+01
4.860236e+02
1.405110e+01
4.106566e+01
-2.061443e+02
-3.095458e+02
2.148873e+01
2.779482e+02
1.410759e+02
-1.939757e+02
2.554857e+02
-9.914111e+01
-3.551593e+02
2.555771e+02
-7.373038e+01
-5.240200e+01
2.140191e+01
-3.182770e+02
-2.593223e+02
2.312826e+02
1.208630e+02
-4.372582e+01
2.011699e+02
-2.117355e+02
-8.020750e+01
-1.337523e+02
3.691390e+02
2.241995e+02
1.273543e+02
-6.443901e+01
2.287537e+01
2.275413e+01
4.559356e+01
1.137616e+00
1.500386e+01
6.198169e+01
1.679964e+02
-4.332676e+01
-9.594541e+01
-1.113008e+01
-6.390828e+01
-1.552561e+02
-2.604239e+01
-6.697254e+01
9.142625e+01
-1.783555e+02
-9.577884e+01
5.247777e+00
1.064742e+02
9.376030e+01
5.155334e+01
-5.044212e+01
2.516753e+01
9.596778e+01
5.714542e+01
-6.695148e+01
1.464391e+01
6.234523e+01
1.313705e+01
-5.412066e-01
-1.615607e+01
1.686656e+01
6.705347e+00
5.120856e+01
1.054128e+02
-8.294814e+01
-3.688741e+01
1.554879e+01
1.228172e+01
2.585237e+01
9.290175e+00
-3.034602e+00
-4.442092e+01
-4.401579e+01
6.369884e+00
-1.377159e+01
3.506136e+01
2.516254e+01
-5.109844e+01
1.663952e+01
-2.258562e+01
6.129539e+00
8.592948e+00
-1.400872e+00
-2.460263e+00
-3.265997e-01
1.258371e-01
3.554303e-02
1.716802e-01
-2.831165e-01
-4.948859e-01
9.749641e-02
1.239345e-01
4.243157e-01
1.353513e-01
9.108177e-02
-7.307365e-02
2.387011e-01
2.417370e-01
-1.839366e-02
7.896487e-03
-3.949720e-03
1.459363e-01
-1.100819e-01
4.465926e-03
-2.399575e-02
-1.706225e-01
7.415964e-02
-4.141451e-02
8.538194e-02
4.426803e-02
4.390618e-02
