-3.885812e-01
-7.513202e-01
4.581186e-03
5.432889e+01
2.114395e+02
-2.258226e+01
3.649633e-04
-8.552263e+04
1.535729e+04
7.285340e+04
-2.931486e+04
9.788325e+04
-1.573074e+05
4.194920e+04
-5.626057e+04
-8.141499e+03
3.023577e+04
-1.009115e+05
1.181908e+05
-3.585224e+03
3.654107e+04
2.381867e+03
-2.779044e+04
-1.452258e+04
-3.888078e+03
6.957541e+03
-7.271157e+03
-5.498317e+04
1.266267e+04
-1.905176e+04
2.532200e+02
-6.470185e+03
-3.696606e+03
-2.371000e+04
-2.023455e+04
-1.392306e+04
-7.692090e+03
-3.021062e+03
3.610747e+03
-9.497935e+02
8.385321e+03
1.153843e+03
-9.844878e+03
-1.518656e+04
7.560664e+03
3.808381e+03
5.081958e+03
4.921362e+03
-1.512800e+04
3.485067e+02
6.922282e+03
-6.712583e+03
2.460185e+03
7.381346e+03
-5.124576e+03
-1.484975e+03
6.571328e+03
1.599548e+03
5.332339e+02
-6.492145e+03
-5.166257e+03
8.555121e+03
6.356440e+03
2.324783e+03
1.561218e+03
5.040429e+03
-3.285998e+02
-5.794496e+02
-5.641029e+01
6.403473e+03
1.654641e+03
2.574597e+02
-1.748378e+03
-1.080428e+03
-2.876717e+03
-2.430388e+03
-1.969512e+03
3.001925e+03
-2.319199e+03
-6.549921e+01
3.834663e+02
-1.032227e+03
-4.448380e+02
1.174940e+03
7.124692e+02
1.664473e+03
-6.050569e+01
5.046851e+02
8.707570e+02
8.535953e+02
8.035034e+02
1.015957e+03
1.391090e+03
7.529508e+02
-1.205390e+03
7.778329e+02
1.204319e+03
-1.444831e+03
-1.400349e+03
-8.500201e+02
-6.354166e+02
-8.498643e+01
1.071870e+03
-9.858095e+02
-1.565508e+03
2.475910e+02
4.501982e+02
1.443014e+03
6.579056e+02
8.800313e+02
2.048442e+02
-1.737728e+02
-7.898838e+02
7.665486e+02
-1.300034e+02
-6.160659e+02
-6.450959e+02
-3.416693e+02
-6.147345e+02
6.802049e+02
-5.567626e+01
1.035554e+02
2.521533e+02
-6.023478e+01
9.873138e+02
1.887632e+02
7.136147e+01
4.622503e+01
-4.390900e+02
-9.572662e+01
4.952457e+02
5.164374e+02
-2.448112e+01
3.027807e+02
-6.302441e+01
-3.490935e+02
4.994458e+02
9.701080e+01
2.174634e+02
-2.871556e+02
-3.020143e+02
-2.234912e+02
-1.489243e+01
1.812509e+02
-5.923530e+01
1.640811e+02
-2.093008e+02
-2.738157e+01
1.788796e+02
1.302213e+02
9.285005e+01
5.500175e+01
-6.945446e+01
-1.067306e+02
-1.434191e+02
-3.444885e+01
2.289419e+00
-3.621394e+01
9.197091e+01
1.309818e+02
-4.199318e+01
-1.056811e+01
5.663218e+01
-7.850269e+01
-7.512055e+01
-2.084167e+01
-1.321364e+02
1.296492e+02
-7.457207e+01
2.405410e+01
-3.897156e+00
1.874931e+01
5.051314e+01
9.510614e+01
5.258599e+01
-7.734158e+00
1.051175e+02
8.257345e+01
-7.424633e+01
2.461517e+01
-6.460601e+01
1.208303e+02
2.007387e+01
-4.602466e+01
5.067891e+01
-1.539233e+01
2.979579e+01
9.279947e+01
-7.500959e+01
-5.805647e+01
4.705388e+01
7.168454e+01
3.182628e+01
-4.162832e+01
2.734924e+01
-3.963183e+01
2.715207e+01
7.983869e+00
-2.178337e+00
-1.940452e+01
2.124697e+01
-6.249910e+01
2.361968e+01
3.844559e+01
4.110711e+01
-7.243306e+00
-7.386439e-01
1.434997e+00
-3.980607e-01
4.122950e-01
3.051985e-01
2.462795e-01
-1.209954e-01
-7.497307e-01
1.296964e-01
-2.056405e-01
1.066320e-01
2.048431e-01
1.849589e-01
-1.299195e-01
5.802550e-02
-9.113167e-02
1.578420e-02
8.343493e-02
1.563474e-02
1.178037e-01
-3.122703e-02
7.631152e-02
5.667742e-03
-8.687226e-02
9.816441e-02
5.218820e-02
-4.660991e-02
-1.326052e-02
4.688589e-03
