-1.252330e-01
-1.061964e+00
3.182148e-01
5.404445e+01
1.713641e+02
-1.784811e+01
3.501142e-04
-3.038666e+03
-8.743292e+03
-1.933318e+04
6.770360e+04
-127158
-2.402036e+04
-7.855615e+04
4.355706e+04
-9.879104e+04
-6.586549e+03
4.053843e+04
3.915566e+04
-5.348682e+04
-1.278485e+04
-2.645136e+04
1.193664e+05
-4.612577e+04
5.681156e+04
-3.307755e+04
2.799025e+04
-5.192043e+04
-3.292705e+04
-6.826502e+03
-2.292364e+04
1.472314e+03
-2.114155e+04
-2.383764e+04
-4.071861e+02
6.178642e+03
2.315046e+04
-3.466546e+01
-6.814121e+03
-2.468557e+03
1.391423e+03
1.629295e+04
-7.224624e+03
-1.436095e+04
9.014715e+03
-9.897005e+02
-3.307773e+03
-2.594676e+03
4.211950e+03
2.349954e+03
-2.424208e+03
-6.427440e+03
3.987404e+02
2.049927e+03
-9.155984e+03
5.825072e+03
-1.570748e+03
8.266419e+03
-2.659256e+03
-6.111453e+03
4.344598e+01
2.607722e+02
5.466443e+02
-4.218899e+03
5.743127e+03
-3.102180e+02
-5.445051e+01
-8.667302e+02
-9.077590e+02
3.394458e+03
5.456646e+03
1.984497e+03
-3.778065e+03
-3.869697e+02
1.516679e+03
5.853058e+02
1.750684e+03
4.509586e+03
-5.262724e+03
-1.658548e+03
6.022219e+02
-3.041509e+02
-3.700387e+02
-1.053455e+02
2.586618e+03
1.903752e+03
-1.477089e+03
-7.604939e+01
3.604593e+01
2.078117e+02
-2.177022e+02
-8.591232e+02
1.171517e+03
1.077768e+03
-1.345483e+03
1.606641e+03
7.867926e+02
-5.349705e+02
-1.135672e+02
-4.140777e+02
-7.987565e+02
2.832540e+02
1.034124e+03
-6.116781e+02
2.314823e+02
1.559499e+02
1.012641e+03
5.979537e+02
-2.705251e+02
4.265305e+02
-5.631545e+02
7.664382e+02
-5.460914e+02
8.422634e+02
-1.817941e+00
-4.496758e+02
-4.622436e+02
2.743347e+02
7.653726e+01
5.739757e+02
-7.435861e+02
-6.351622e+02
-6.044222e+02
3.791171e+02
2.988615e+02
-1.182558e+01
-4.395966e+02
1.971384e+02
-4.229373e+01
-5.659238e+01
1.583823e+02
5.226732e+02
4.920888e+02
5.676296e+02
-2.421172e+02
9.281509e+01
4.821364e+02
8.715405e+01
6.019594e+00
7.071736e+01
-1.373711e+01
-1.180431e+02
-4.921933e+01
1.635823e+01
-8.749922e+00
2.064482e+02
3.411793e+01
-1.279315e+02
2.726168e+02
8.111637e+00
9.016898e+01
6.616201e+01
1.003860e+02
9.925712e+01
-1.958515e+01
-9.258775e+01
1.756606e+02
1.098528e+02
-1.845270e+02
6.215350e+00
2.369340e+01
1.401970e+02
5.493590e+01
1.451979e+02
1.389826e+02
-2.943252e+01
-1.243310e+02
5.584998e+01
6.296886e+01
-5.201357e+01
-5.727639e-03
8.434009e+01
-6.651631e+01
2.239730e+01
-1.783967e+01
-1.134447e+02
-1.816434e+01
-1.343534e+01
-9.953598e+00
5.979057e+01
-5.633541e+01
2.014869e+01
-1.832630e+01
5.888826e+01
4.872900e+01
-1.081024e+02
-5.354721e+01
-5.677550e+00
-1.606905e+01
-4.453261e+01
-3.397807e+01
7.600315e+00
1.329933e+01
7.458999e+01
1.898776e+01
-9.727533e+00
8.019851e+00
1.186402e+01
-7.718527e+00
9.716012e-01
1.156793e+01
7.438487e+00
3.633405e+01
-6.351902e+00
3.264076e+01
1.867522e+01
4.499395e-02
1.743659e+00
3.602935e-01
-1.819945e-01
-2.428904e-01
1.482799e-02
2.425321e-01
-5.724186e-01
-4.342387e-02
-4.786607e-01
-3.423528e-01
-2.396506e-01
4.574548e-01
1.728227e-01
-3.336205e-01
9.601494e-02
1.318201e-01
-1.087208e-01
-9.689472e-02
-2.378259e-01
-2.633481e-01
9.238202e-02
3.997421e-02
2.586358e-02
-1.814096e-01
3.912233e-02
-2.568645e-02
-1.132020e-01
4.049233e-02
