-2.411056e-01
1.529106e+00
-1.820192e-01
5.546667e+01
1.707588e+02
-7.796314e+00
3.309850e-04
-4.070042e+04
-7.171137e+04
2.411139e+05
3.975934e+05
7.272335e+04
1.336121e+05
-9.776653e+04
7.241909e+04
5.209416e+03
1.167560e+05
9.438043e+04
-1.661604e+04
-3.956554e+04
-6.962420e+04
-2.863491e+04
5.484853e+04
-3.568946e+04
1.968920e+04
-1.937231e+04
3.840271e+04
2.660375e+04
-1.353653e+04
2.382613e+04
-6.844223e+04
-3.003079e+03
2.184968e+04
-3.345773e+04
1.516691e+04
1.066481e+04
-3.868501e+02
1.988225e+04
-1.546513e+04
-8.751289e+03
-9.386516e+03
8.015212e+02
-1.298221e+04
5.753431e+03
1.901788e+04
-1.778307e+04
-4.076397e+03
1.017935e+04
7.156597e+02
-5.036099e+03
-4.550776e+02
2.793302e+03
1.789073e+03
-1.676562e+03
-6.373677e+03
7.304591e+03
-2.113969e+03
9.946828e+03
-1.019434e+03
-8.454321e+03
-1.562190e+03
-1.120534e+03
-2.552400e+03
-4.748535e+03
1.363220e+02
3.539125e+03
2.128264e+03
2.010122e+03
-5.900519e+03
6.944672e+02
5.269025e+03
1.985656e+03
-8.159303e+02
-8.174853e+02
-1.103993e+03
1.765645e+03
1.240190e+03
-9.648750e+00
-5.412583e+03
-3.382953e+02
-9.831832e+02
-3.891966e+01
-5.051182e+02
1.003624e+03
2.086162e+03
1.315292e+03
-2.014004e+03
5.712502e+02
-7.495449e+02
-3.757064e+02
4.030732e+02
-9.513544e+02
2.057817e+03
1.316349e+03
-8.585287e+02
5.166577e+02
3.642671e+02
8.824073e+02
-6.304344e+02
1.248771e+03
-1.003199e+03
-5.071906e+02
1.175507e+02
-9.254655e+02
1.270312e+03
-9.053239e+02
7.045178e+02
-1.027556e+02
8.635077e+02
9.377576e+02
-4.546989e+02
1.664771e+03
8.017531e+01
2.239623e+02
-6.317865e+02
-3.563531e+02
1.010578e+01
-9.724237e+01
-2.073589e+02
3.300596e+02
2.138912e+02
-1.411013e+02
-5.363647e+02
7.737565e+02
1.358506e+02
-3.467869e+02
3.981463e+02
1.285899e+02
-1.189750e+01
-1.030322e+02
3.633616e+02
3.181271e+01
9.928287e+01
2.274297e+02
1.377803e+02
-6.774325e+01
5.656392e+02
-2.372772e+02
-3.871114e+01
2.715354e+02
5.079555e+01
-5.322612e+01
5.161759e+01
1.163829e+02
3.041582e+01
9.346067e+01
-8.103568e+01
-3.728714e+02
1.366284e+02
1.535458e+02
1.518053e+02
6.051387e+01
2.081425e+02
6.751749e+01
-3.095918e+02
-5.867817e+01
1.967143e+02
4.385289e+01
-2.113229e+02
-2.222949e+01
2.175179e+02
1.171698e+01
5.190134e+01
5.799961e+01
4.880183e+01
-7.380787e+00
5.223053e+01
8.968571e+01
-1.249051e+02
4.848351e+01
4.261817e+01
1.279875e+02
3.599844e+01
-6.710167e+01
-8.532327e+01
-2.586540e+01
2.238101e+01
-1.832224e+01
-6.145117e+01
-3.454033e+01
4.932568e+01
-4.877902e+00
1.627954e+01
-4.150003e+01
3.225502e+01
-1.453157e+01
4.833612e+01
-6.278318e+01
-1.031183e+01
9.990050e+00
3.094061e+01
1.301346e+00
-4.302006e+01
5.663477e+01
1.452055e+01
-4.701337e+01
-5.095383e+01
-2.778464e+01
-8.680710e+00
3.411530e+01
-2.364665e+00
-3.208867e+01
2.816177e-01
-1.496464e+01
2.658638e+01
2.872408e+01
3.095302e-01
-1.567254e+00
3.155652e-01
4.011453e-01
4.592923e-02
1.041082e-01
1.063549e-01
-1.115648e-02
4.951056e-02
1.921663e-01
-3.118143e-01
-8.846138e-01
-2.840755e-01
7.071389e-02
-1.596704e-01
1.183691e-01
-7.182836e-02
1.154345e-01
1.528560e-01
-4.126912e-01
1.759546e-01
7.792166e-02
-2.199762e-01
-1.408087e-02
-1.760646e-01
-3.041854e-02
-1.819736e-02
-8.560554e-02
8.785666e-03
