-1.879328e-01
9.343962e-01
-1.927623e-01
5.404445e+01
1.850192e+02
-1.934264e+01
3.519218e-04
-4.635991e+04
-156723
2.473254e+05
1.451390e+05
6.146566e+04
5.923601e+04
-7.879254e+04
8.812863e+04
6.178723e+03
9.425961e+04
-1.304634e+04
7.773616e+04
-1.669249e+04
-5.419681e+04
2.991966e+04
-3.059709e+04
-6.540490e+02
-4.219201e+04
-4.930036e+04
-2.082645e+04
1.372201e+03
-1.124754e+03
4.445952e+04
-2.035806e+04
-1.057625e+04
4.014362e+02
-1.464228e+04
1.197092e+03
1.182963e+04
1.723920e+04
5.924886e+03
5.734679e+03
7.251273e+03
1.263391e+04
4.305047e+03
-2.351573e+04
-9.938374e+03
1.389993e+04
-6.759963e+02
-8.497219e+03
9.338010e+03
-1.080810e+03
8.476188e+02
9.122396e+03
6.279058e+03
2.076497e+03
2.413516e+03
4.737317e+03
7.332316e+02
-8.092962e+02
5.141687e+03
-2.465275e+03
-1.695855e+03
-4.026148e+03
-1.675179e+03
5.354033e+02
9.218495e+02
1.239267e+03
4.309455e+03
2.744632e+03
-1.794586e+02
-5.849825e+03
3.150317e+03
3.127252e+03
2.168404e+03
-5.923021e+02
1.684239e+03
-1.537708e+03
1.028132e+02
2.032878e+03
2.268123e+03
-1.728613e+03
-1.884789e+03
6.788982e+02
-1.468851e+03
-1.550145e+03
-1.712462e+02
1.157069e+03
3.220663e+03
-2.927226e+02
-4.046224e+02
9.033902e+02
-1.010238e+03
1.103661e+02
-6.843453e+02
2.008095e+03
1.735790e+03
-6.379069e+02
5.538920e+02
9.368117e+02
5.532435e+02
-6.110841e+01
-9.818785e+01
-6.375531e+02
-4.109390e+01
-5.442959e+01
-9.103488e+02
-2.174272e+02
1.597054e+02
9.040623e+02
-2.105047e+02
4.250557e+02
7.438035e+02
-1.311342e+02
9.307554e+02
-1.342573e+02
8.298953e+02
-3.400890e+02
1.522529e+02
-4.470115e+01
1.278937e+02
-4.153547e+02
1.722400e+02
-1.857490e+02
-2.871300e+02
-2.789434e+02
3.466932e+02
5.114857e+01
-2.807414e+02
9.387898e+01
5.238777e+02
-1.127151e+02
-8.609689e+01
2.391779e+02
3.000746e+02
3.406471e+02
3.025438e+02
-1.286506e+02
-5.091491e+01
9.848531e+01
8.762684e+01
-4.924086e+01
-5.604760e+01
-5.980129e+01
9.249140e+01
1.340798e+02
-1.325171e+02
-3.753145e+00
-5.043473e+01
-1.820073e+01
-9.014774e+01
1.528551e+02
2.136826e+02
7.143192e+01
-1.783747e+02
8.776250e+01
2.502725e+02
-1.227176e+02
-4.408905e+01
7.202559e+01
1.523992e+02
-1.560080e+02
-1.186935e+02
8.234445e+01
-1.404627e+02
7.947471e+01
-7.512846e+00
6.940745e+00
-9.996148e+01
-2.122501e+01
5.083300e+01
-3.092235e+01
1.250567e+02
2.943484e+01
6.439430e+01
-4.564842e+01
-1.411018e+01
6.631801e+01
-5.831964e+01
-6.350048e+00
-8.814403e+01
-1.108755e+02
2.104214e+01
-1.057132e+01
6.925954e+01
3.110934e+01
4.487286e+01
3.103485e+01
-4.013366e+01
4.933300e+01
3.821920e+01
1.236390e+01
2.307221e+01
6.180954e+01
4.362011e+01
-1.645181e+01
2.268605e+01
2.484010e+01
-1.202671e+01
-1.665382e+01
-6.869772e+01
1.769043e+01
-1.111911e+01
1.630104e+01
-3.297729e+01
-4.673313e+01
-3.543138e+00
3.136118e+01
-4.479335e+00
3.149996e-01
1.428161e+00
-9.095894e-01
1.208630e-01
8.754705e-02
-2.154426e-01
1.393255e-01
7.695431e-02
1.640417e-01
-4.673410e-01
-2.290283e-01
-1.462242e-01
-2.022884e-02
-7.396635e-02
-3.058666e-02
1.199245e-01
-4.498912e-02
9.633966e-02
8.977135e-02
-3.942108e-02
1.314542e-01
-1.083873e-01
9.250024e-03
-1.393604e-01
-4.681732e-02
-4.691795e-03
-2.284370e-02
-7.131410e-02
-4.061645e-03
