-1.160341e-01
1.289654e+00
-1.750948e-02
5.205333e+01
1.797306e+02
-1.476748e+01
3.390322e-04
-9.831943e+04
-6.429771e+03
-1.298773e+05
-4.787346e+05
3.314638e+04
-9.125635e+04
9.464037e+04
-1.729626e+04
-8.579921e+04
-8.111811e+04
-3.204874e+04
1.793469e+05
-4.182676e+03
3.922438e+04
-4.912960e+04
-5.380431e+04
4.977446e+04
-3.875738e+04
2.059858e+04
-4.022408e+04
1.646320e+04
1.186042e+04
-5.131994e+04
2.730141e+04
-2.715312e+04
-2.455786e+04
6.173902e+03
-5.512907e+04
-3.231283e+04
-3.389022e+04
-2.036619e+04
8.741474e+03
7.947163e+03
-1.814352e+04
-1.446464e+04
2.538372e+04
-9.477824e+03
5.057105e+03
-6.390847e+03
1.952655e+04
1.243893e+04
-1.918642e+04
-1.579876e+02
-1.565138e+02
-1.091009e+03
-8.601770e+03
-9.046967e+02
4.968623e+03
-3.590017e+03
-3.381892e+03
3.754492e+03
7.982425e+03
-3.608563e+02
-1.138834e+04
6.326935e+03
-8.211777e+02
2.895765e+03
-2.682396e+03
2.702411e+03
9.381227e+02
4.152207e+03
6.447131e+02
-8.023533e+02
-6.922003e+01
1.345326e+03
2.837569e+03
1.041437e+03
-2.596594e+03
-2.382877e+03
-1.489126e+03
-2.310484e+03
-2.140629e+03
1.506990e+03
7.145757e+02
-5.360979e+02
1.530036e+03
2.352073e+03
-6.501679e+02
-1.296144e+03
-9.144008e+02
5.845121e+02
-5.590781e+02
2.120550e+03
-6.757297e+02
1.641755e+03
5.167264e+02
6.825638e+02
4.057391e+02
2.292906e+02
1.401902e+03
-2.482961e+03
1.807755e+02
-1.411592e+02
-2.503025e+02
-2.741468e+02
1.711444e+03
-5.677061e+02
-5.036436e+02
-1.371707e+03
1.029181e+02
1.360827e+03
1.512161e+03
9.797783e+02
1.520254e+03
-2.222281e+02
-4.542209e+02
-2.595606e+02
-1.609551e+02
6.554957e+02
-3.591519e+02
-3.742519e+02
-1.688485e+02
4.376976e+02
3.283566e+02
1.283586e+03
2.812643e+02
-3.646106e+02
3.716316e+02
3.560886e+01
4.704308e+02
-1.013592e+01
-5.770263e+02
1.913814e+02
3.121183e+01
3.399109e+02
-4.261023e+02
-2.430948e+02
2.235746e+01
-5.476462e+02
-2.276743e+02
6.467162e+01
2.881389e+02
-4.262288e+02
-4.576933e+01
3.526866e+02
-4.260196e+01
2.962478e+02
5.745206e+00
1.741030e+01
-8.488725e+01
-2.069576e+02
-2.042678e+02
2.482069e+02
8.019637e+01
2.742572e+02
-4.313347e+02
-1.378681e+02
-6.903407e+01
4.104670e+01
-5.529372e+01
-1.765446e+01
2.502834e+02
-2.060861e+02
1.048662e+01
1.243414e+02
-1.617168e+02
-1.967034e+02
-3.295041e+02
7.659623e+01
2.640467e+01
2.641979e+02
-2.640760e+02
-1.089440e+01
1.013089e+01
1.266400e+01
1.320376e+02
1.155459e+02
-8.458892e+01
-9.455902e+01
1.262959e+02
1.011656e+02
-1.492267e+02
-9.279664e+00
1.040031e+01
1.043866e+02
-1.557502e+01
-4.582515e+01
4.963849e+01
2.115180e+01
6.232871e+01
1.046357e+02
-1.358029e+02
-7.269592e+01
9.037300e+01
4.690580e+01
-4.141722e+01
-3.996509e+01
2.865716e+01
9.111773e+00
-2.267521e+00
3.098248e+01
-4.434258e+01
-8.123969e+00
4.872809e+01
-5.191170e+01
2.914520e+01
3.062762e+00
1.929320e+01
-2.665010e+00
-2.338272e+00
-6.435558e-01
-3.662769e-01
-3.091087e-01
-8.878373e-02
-2.137465e-01
-7.674529e-02
8.146489e-02
1.606609e-01
1.895058e-01
8.410299e-01
1.435600e-01
-8.507755e-02
-1.029216e-01
4.258210e-01
-1.216909e-02
-7.191645e-02
-1.473500e-01
-1.715510e-01
1.357171e-01
-1.025646e-01
1.902232e-01
1.022252e-02
-1.180101e-01
3.940509e-01
2.758337e-02
-9.695922e-02
9.238088e-02
-6.066117e-02
