-5.208853e-01
-1.279582e+00
4.634580e-01
5.575111e+01
1.861504e+02
-1.192710e+01
3.238934e-04
-4.876661e+05
3.749525e+05
1.556208e+05
-2.912082e+05
2.385858e+05
2.802596e+04
-3.648172e+05
2.483151e+05
-319835
-3.053829e+04
-2.747244e+05
-3.083869e+03
-1.544837e+05
-4.655728e+04
6.040653e+04
7.439684e+04
3.493295e+04
6.191293e+03
-4.670038e+04
5.222120e+04
-8.763949e+04
-4.824047e+03
-9.045786e+03
3.884723e+03
3.071907e+04
1.909702e+04
-6.368257e+03
3.112493e+04
-5.899081e+02
2.098459e+04
9.797387e+03
-5.298132e+04
1.616718e+04
1.027461e+04
-1.295580e+04
8.414285e+03
-1.673650e+04
8.291122e+03
6.632892e+03
1.440251e+04
-1.815638e+04
2.691758e+03
-6.204855e+03
1.491444e+04
-1.058166e+04
1.276901e+04
3.126956e+03
-1.339351e+04
-1.151601e+03
6.233088e+02
2.331933e+03
-3.704179e+03
-2.175024e+03
-5.481322e+03
3.883268e+01
1.091617e+04
3.331156e+03
2.494674e+03
3.044992e+03
1.463622e+02
1.220624e+04
-3.143705e+03
-4.619418e+02
6.886352e+03
6.530454e+03
4.080326e+03
-3.041536e+03
-2.605748e+03
-1.976001e+03
-7.664297e+02
3.318961e+02
-5.717710e+03
-3.799541e+03
-1.653028e+03
-3.639561e+03
-3.045474e+03
-6.367775e+01
2.778802e+03
1.374721e+03
-1.754622e+03
-5.380292e+02
7.304229e+01
2.176213e+03
1.727232e+03
-5.757900e+02
2.500514e+02
2.146483e+03
-2.354548e+03
1.287473e+03
2.668948e+03
4.634316e+02
-1.232952e+03
-1.809599e+03
-1.980448e+03
-1.915372e+03
3.867843e+01
6.295439e+02
2.040509e+02
-5.818516e+02
-6.330879e+01
1.904319e+03
8.308821e+02
1.227692e+03
7.237145e+02
4.700247e+02
-6.599550e+02
1.096717e+02
-1.646455e+02
-9.331810e+02
-1.226702e+03
1.624821e+02
-9.965869e+02
1.250117e+03
-5.730533e+02
5.925491e+02
-1.080356e+03
1.124350e+02
3.789937e+02
1.713041e+02
-5.715803e+02
1.565280e+02
-3.013060e+01
-4.728105e+02
1.350900e+02
1.130201e+02
1.908759e+02
4.119874e+02
-5.959816e+02
-3.817149e+02
5.330535e+02
-3.404374e+01
-6.455153e+01
2.235470e+02
-8.199635e+01
-7.225312e+02
-2.416743e+01
-5.141880e+01
-2.451680e+02
4.032753e+02
-1.701170e+02
3.566249e+01
-9.385291e+00
2.126399e+02
4.300461e+02
1.506973e+02
-1.376244e+02
6.477255e+01
1.539001e+02
1.067539e+02
-8.190520e+01
4.112010e+01
1.244606e+01
2.855587e+02
-4.018416e+01
-4.279954e+01
-6.058079e+01
1.125932e+02
-3.462252e+01
-3.030334e+01
-5.541047e+01
8.695423e+01
-1.635762e+02
-1.714784e+02
-2.031015e+01
1.563206e+02
3.390790e+01
1.094241e+02
-1.681636e+02
1.691320e+01
4.804111e+01
8.933796e+01
5.331065e+01
-2.248176e+01
1.598362e+02
-1.241528e+02
-4.892143e+01
7.471079e+01
3.431455e+00
3.452986e+01
1.204053e+02
1.148354e+02
-1.110718e+02
-8.331578e+01
-5.187640e+01
5.478864e+01
7.926549e+01
2.274403e+01
-7.303434e+01
-8.540629e+00
-3.864861e+01
2.682150e+01
-2.018831e+01
5.406796e+01
6.244814e+01
-3.388185e+01
9.895616e+00
-1.005610e+02
1.086048e+01
1.072938e+01
-2.523768e+00
-7.467323e-01
-1.740087e-01
-1.660114e+00
-1.681096e-01
-1.814532e-01
-8.320664e-01
-7.314420e-01
1.192943e-01
-5.838646e-01
9.393559e-01
-1.867521e-01
5.767806e-01
3.297985e-02
1.592396e-01
5.937608e-01
1.180412e-01
-6.604026e-02
-1.403078e-01
-6.891099e-02
-3.820925e-01
-8.353102e-02
-1.878203e-01
-2.244296e-01
-6.836367e-02
-2.027009e-01
1.711775e-01
1.200943e-01
-2.232800e-02
