3.151630e-01
-4.821534e-01
3.175620e-01
4.238222e+01
1.354086e+02
-2.493553e+01
3.291175e-04
-1.046068e+05
-7.720886e+04
-1.083523e+05
3.961054e+05
-8.544705e+02
1.323540e+05
-3.053276e+05
-8.858516e+04
-2.060845e+05
1.207563e+05
-3.221612e+04
-2.057737e+04
-1.727851e+05
-8.423842e+04
-5.693725e+04
7.645370e+04
-7.450660e+04
1.285666e+05
-2.515504e+04
-7.530524e+03
-7.489059e+04
-5.572310e+04
-2.749696e+04
-5.578150e+04
-3.186768e+03
3.259332e+04
-1.270603e+04
4.167377e+04
6.002176e+03
-5.254187e+03
5.629454e+04
-3.224826e+04
-8.725144e+03
6.152134e+03
2.529246e+03
2.796289e+04
1.043102e+04
-1.158546e+04
-1.653075e+04
-3.908913e+03
-5.545992e+02
7.980388e+03
5.288610e+03
-1.477046e+04
-2.036578e+04
-6.476870e+02
7.563277e+03
-8.776030e+03
-4.332490e+03
-2.924638e+03
4.745064e+03
-8.896445e+03
-1.646726e+04
-9.440211e+02
-7.678499e+03
-6.542294e+01
-4.488334e+03
3.392675e+02
-2.285689e+03
4.479120e+03
-1.584992e+03
-2.830207e+03
2.524404e+03
7.598035e+03
5.385660e+03
-4.057032e+03
1.141936e+03
3.614113e+03
6.791924e+03
3.863774e+03
1.910073e+03
-4.874872e+03
-1.038533e+03
1.438216e+03
1.830369e+02
-8.033997e+02
1.706178e+03
5.825586e+03
4.054626e+03
-1.067202e+03
1.089656e+03
-1.472514e+03
1.464961e+03
-2.182822e+03
-2.712248e+03
-2.428144e+02
1.112220e+03
-2.812643e+03
2.918486e+03
6.129617e+02
1.168553e+03
1.509813e+03
4.118784e+02
-1.016363e+02
-1.521401e+02
1.776255e+02
2.048890e+02
8.134522e+02
-1.646732e+02
9.673524e+02
6.688458e+02
8.079488e+02
-8.332912e+01
-1.482034e+03
1.224102e+03
2.433593e+02
6.499812e+02
-7.578480e+02
-4.403704e+02
-3.820796e+02
8.597430e+02
8.624509e+01
5.802022e+02
-1.238381e+03
-9.132109e+02
-8.218597e+02
6.647158e+02
-1.903332e+02
2.249312e+02
-7.301295e+02
7.865427e+02
-3.269197e+02
-3.608638e+01
4.718502e+02
4.831642e+02
1.132193e+03
2.862109e+02
-2.590391e+02
-2.509284e+02
4.872569e+02
-8.283347e+01
6.323000e+01
3.474018e+02
5.415485e+01
-2.084234e+02
1.498790e+02
-1.842502e+02
2.845792e+01
1.544888e+02
7.430727e+01
-3.054141e+02
4.565065e+02
-3.569947e+01
-9.880924e+01
1.342816e+02
2.992961e+02
1.940031e+02
-2.365226e+02
-2.685082e+02
8.733172e+01
5.210024e+01
-4.465591e+02
5.029660e+01
1.138636e+02
3.564445e+01
6.158557e+01
1.083053e+02
3.009858e+02
-1.006715e+02
-1.404521e+02
-5.555288e+01
3.461569e+02
6.259485e+01
2.959905e+01
1.521499e+02
-9.261118e+01
3.770115e+01
-4.754838e+00
5.846773e+01
-5.564860e+01
3.503722e+01
6.299632e+01
1.509516e+02
7.705929e+01
-8.777866e+01
-2.748357e+01
1.740145e+02
6.139836e+01
1.429099e+01
-6.237364e+01
-6.077890e+01
1.307687e+01
1.732297e+01
-1.916885e+01
3.871434e+01
-1.674889e+01
6.321972e+01
6.833629e+01
1.037119e+01
-5.919193e+01
8.062294e+00
-1.051116e+01
4.390523e+01
3.302401e+01
-3.104882e+01
7.612656e+01
-6.431635e+01
5.832903e+01
2.265113e+01
-6.829569e-01
3.954386e-01
3.846866e-01
1.927477e-01
3.451304e-01
-4.830108e-01
-2.625059e-01
-5.682459e-02
-2.049423e-01
-2.587797e-01
3.141611e-02
-1.968783e-01
2.179629e-01
3.015423e-01
-2.172302e-01
2.947417e-01
-5.046381e-02
-3.085146e-01
-2.302890e-01
-1.417266e-01
-9.807434e-02
-1.014905e-01
-1.359255e-01
-7.738829e-02
-1.625591e-01
2.672217e-02
-2.554012e-02
-2.138974e-01
-6.345777e-03
