-3.463250e-01
-1.128381e+00
2.904868e-02
5.120000e+01
1.951276e+02
-1.620667e+01
3.619717e-04
-3.578078e+02
2.837003e+05
-2.125554e+05
-1.193078e+05
-1.859574e+04
4.030102e+04
3.266667e+04
-7.347133e+03
-9.490233e+04
-1.399971e+05
-5.335820e+04
5.829016e+04
2.031372e+04
2.782642e+04
2.416295e+04
6.121054e+03
1.911482e+04
2.214611e+03
4.060852e+04
-4.517227e+04
-3.768727e+04
-2.211644e+04
2.763477e+03
7.082674e+03
1.654088e+03
-1.490048e+04
1.991213e+04
1.109495e+04
2.746133e+03
-1.504957e+04
-5.381062e+03
9.927730e+03
-1.064657e+04
-2.198797e+04
-8.017546e+00
4.205546e+03
1.008440e+04
6.778586e+02
-1.137196e+04
1.390210e+04
-1.095470e+03
6.384203e+03
-4.333927e+03
7.394904e+03
7.376104e+03
5.091835e+02
1.274578e+04
5.653434e+02
-2.034682e+03
8.565111e+03
6.187441e+03
-4.375806e+03
-2.411280e+03
-1.135922e+03
-9.555078e+02
1.317206e+03
-3.955660e+03
2.797235e+03
-7.219689e+02
-5.655516e+02
-3.345553e+03
3.291307e+03
4.951102e+03
-3.224206e+02
-4.550376e+02
-2.712786e+02
5.063333e+02
-1.696782e+03
-3.430520e+03
-5.199952e+02
7.305521e+02
-2.490885e+03
-8.556510e+02
1.176477e+03
-3.314180e+02
-1.874783e+02
1.178341e+03
5.912568e+02
3.291537e+02
-2.407467e+03
1.466319e+03
-7.841888e+02
4.996107e+02
5.303864e+02
5.505148e+02
4.875216e+02
-6.799492e+02
-1.158948e+03
1.185591e+03
1.212339e+03
2.522309e+02
-5.935356e+02
-7.197702e+02
-1.525869e+03
-6.352127e+01
2.206788e+02
4.072632e+02
-5.709349e+02
-2.836125e+02
-2.864203e+02
1.479016e+03
3.178130e+02
9.209855e+02
6.014144e+02
-1.113727e+03
-9.533511e+02
4.623064e+02
-1.790238e+02
3.358239e+02
-1.591339e+02
3.901472e+02
-2.646792e+02
5.673912e+02
1.012857e+02
1.063649e+02
1.952331e+02
-2.288559e+02
3.770798e+01
2.080553e+02
6.389796e+01
1.329583e+01
-6.297897e+01
4.568613e+02
2.468635e+02
5.631680e+02
-2.809131e+02
1.339412e+02
-5.710510e+00
-1.573441e+02
-2.087324e+01
1.521896e+02
1.604435e+02
-3.599439e+02
-8.906549e+01
-3.028073e+02
-7.721638e+01
2.699605e+02
8.407559e+01
1.437315e+02
-3.804631e+02
4.763802e+01
1.594874e+01
-8.092850e+01
2.294882e+02
1.020756e+02
-1.854597e+02
-1.128702e+02
1.988554e+00
7.902669e+01
7.172728e+01
2.386739e+01
2.575825e+01
-2.328118e+00
3.338178e+01
1.031107e+02
-6.582395e+00
-7.832089e+01
-1.689397e+02
-1.611704e+02
-1.216782e+02
1.418262e+02
6.392636e+01
-1.310344e+02
7.666037e+01
-5.470545e+01
-1.865365e+01
8.141873e+01
-5.068345e+01
-5.656572e+01
4.437158e+01
1.544597e+01
-6.889017e+01
8.750924e+01
-4.788107e+01
8.435300e+01
8.317645e+00
3.251157e+00
4.800214e+01
-5.290247e+01
-8.237044e+01
2.428877e+01
-6.562967e+01
-2.549422e+01
-1.279086e+00
1.043102e+01
6.767617e+01
6.125801e+01
4.925676e+01
-4.456153e+01
6.890070e+01
1.712521e+01
-3.623222e+01
-6.598178e+01
1.854440e+01
-1.399342e+01
-1.112686e+01
4.859919e+01
1.486480e+01
1.907207e+01
5.810787e-01
-1.176746e+00
5.118515e-01
-9.531544e-01
-8.476161e-02
5.336183e-01
-3.345346e-01
-5.548778e-01
-9.898310e-02
7.158433e-03
-8.773340e-02
1.858864e-01
6.086969e-03
-3.866787e-02
-6.135358e-02
-8.647776e-02
4.522929e-02
-4.453301e-02
-1.233512e-01
7.805369e-02
1.963739e-02
1.729403e-02
1.949886e-01
8.937195e-02
-1.875363e-02
3.281641e-02
-7.903111e-02
9.851759e-02
-4.961130e-02
