-3.803442e-01
1.027750e+00
-3.709737e-01
5.376000e+01
1.959673e+02
-1.652847e+01
3.401808e-04
-1.266222e+05
-2.433435e+05
8.582669e+04
-7.440753e+04
-2.320851e+04
1.748620e+05
-8.860125e+04
3.902094e+04
-1.659266e+05
-7.782092e+04
3.094159e+03
1.545168e+05
1.071293e+04
-4.774149e+04
2.092009e+03
1.350839e+04
2.668870e+04
6.985550e+03
-1.178255e+04
-1.172608e+04
9.122963e+03
-2.011949e+04
1.099033e+04
-4.192820e+04
2.718804e+04
-5.900089e+04
-1.573785e+04
6.079809e+03
1.509881e+04
1.150754e+04
-1.332208e+04
2.401063e+04
4.049587e+03
-6.893201e+03
-9.867540e+03
-1.046066e+04
-1.429938e+04
1.262333e+04
5.747583e+03
-2.751113e+03
8.171107e+03
-1.405045e+04
-1.471618e+03
8.460937e+03
-3.748174e+03
8.213959e+03
-5.321772e+03
-1.263143e+03
3.467439e+03
1.899790e+03
7.487111e+03
-8.067333e+02
-3.791172e+03
-1.517539e+03
2.514236e+03
7.084544e+01
-2.482244e+03
-1.095210e+03
2.683094e+03
2.884243e+03
5.953774e+03
-4.113811e+03
1.273169e+03
1.474709e+03
-2.089521e+02
1.307527e+03
9.752993e+02
3.051795e+02
4.111299e+02
2.740555e+03
1.546522e+03
-3.155816e+03
2.144083e+02
-2.031190e+03
5.741875e+02
-2.279550e+03
1.180135e+03
1.084419e+03
1.115354e+03
-5.116072e+02
-8.452264e+01
-1.964707e+01
-8.323604e+02
-5.592055e+02
1.096330e+03
2.351863e+03
1.026228e+03
-7.745798e+02
1.181465e+03
2.627847e+03
3.074470e+02
9.143798e+02
1.013432e+03
-1.490610e+03
2.392328e+02
-2.451815e+02
-7.658162e+02
3.115100e+02
2.088210e+02
8.341054e+02
2.706309e+02
6.953588e+02
1.232516e+03
5.704544e+02
1.065765e+03
-7.339320e+02
6.824911e+02
1.240945e+02
2.423734e+01
3.117052e+02
-3.509288e+02
-1.951510e+02
3.016858e+02
-1.277514e+02
5.763459e+01
-4.183425e+02
1.531552e+02
5.035418e+02
-5.177405e+02
-2.906184e+02
3.145762e+02
4.741429e+01
-3.479621e+02
-1.296933e+01
4.077016e+02
1.282152e+02
2.496764e+02
-3.767233e+02
5.246996e+01
4.396400e+02
-1.912836e+02
9.329444e+01
-4.566222e+01
-7.456746e+01
1.978733e+02
-2.206946e+02
2.957395e+02
-2.054756e+02
2.891516e+01
1.309101e+02
-7.721395e+00
4.321280e+01
-4.313646e+01
7.824385e+01
6.347419e+01
-9.817378e+00
-2.801025e+01
-3.434081e+01
6.946040e+00
1.401635e+01
1.512843e+02
-9.863924e+01
-2.851174e+02
2.380561e+02
3.155180e+01
3.764941e+00
1.884924e+01
-1.250916e+01
-6.515585e+01
-3.432663e+01
1.264436e+02
-6.782122e+01
1.018328e+02
1.013750e+02
1.359506e+01
3.060358e+01
5.667332e+01
-4.630589e+00
-1.572443e+02
-6.619405e+01
-6.316220e+01
-3.749757e+01
3.708368e+01
-3.465235e+01
4.351968e+01
-5.530616e+01
3.737658e+00
8.962709e+01
-5.042163e+01
9.697598e+01
2.063846e+01
-1.032030e+02
2.523916e+01
2.800654e+01
3.526426e+01
-4.715813e+01
1.254539e+01
3.996381e+01
4.822466e+01
-1.057384e+01
-3.727319e+00
-2.129297e+01
-1.390192e+01
-1.924029e+01
-3.498307e+01
3.409483e+01
-1.625880e+01
2.705769e+01
2.009056e+01
-1.985296e+00
2.533956e+00
-9.942927e-01
1.340197e-01
2.303394e-01
-6.650364e-01
-3.283542e-01
-3.722636e-01
-7.885650e-02
-4.004926e-01
3.159862e-02
-1.543714e-01
-4.602045e-03
2.676511e-02
1.130947e-01
7.680769e-04
1.096965e-02
-1.014952e-01
-1.413041e-01
-9.562707e-02
-2.425497e-02
1.049950e-01
6.722152e-02
-6.482873e-02
8.466056e-04
9.309190e-02
-2.445531e-02
-6.128027e-02
3.639837e-02
