-2.410353e-01
-9.959230e-01
4.696893e-03
5.148444e+01
1.841314e+02
-1.547590e+01
3.522120e-04
-2.182404e+05
-1.151061e+05
5.392156e+05
1.115101e+05
1.356237e+05
2.464716e+05
-2.797584e+05
2.235299e+05
7.354049e+04
1.381917e+05
-4.203086e+04
-9.216116e+04
-3.685155e+04
1.261429e+04
3.931419e+04
5.481627e+04
-2.111286e+04
-6.808681e+03
-9.510301e+04
-3.700999e+04
-4.868208e+04
-3.776787e+04
2.961015e+04
-1.704195e+05
-5.863462e+04
4.103600e+04
-1.338142e+04
6.167967e+04
3.307026e+04
5.008102e+04
1.558861e+04
-1.161308e+04
-4.758962e+03
2.622542e+03
-2.726620e+04
-3.186161e+04
-6.981346e+02
-1.879702e+03
-3.168698e+03
7.008480e+03
1.649910e+04
-1.787926e+04
-1.297798e+04
1.407165e+04
1.607310e+04
4.144280e+03
5.066499e+03
-9.842166e+03
-5.302838e+03
-4.458657e+03
4.730858e+03
-9.291471e+03
-1.709562e+04
-6.117930e+03
-6.890587e+03
6.603775e+03
-9.637713e+03
2.898481e+03
6.621100e+03
8.659998e+03
5.285524e+03
-1.461073e+03
5.732946e+03
9.226336e+03
5.562989e+03
2.106502e+03
-2.752784e+02
-6.566047e+02
3.928257e+03
7.303295e+03
3.351393e+02
-5.337025e+03
6.071840e+02
4.141248e+03
-2.549355e+03
-4.193011e+03
1.698677e+01
2.099215e+03
2.897916e+03
6.329626e+02
4.267905e+03
-1.916411e+02
9.594822e+01
1.790998e+03
-2.304263e+03
2.807875e+03
3.150440e+03
-1.314668e+03
1.750158e+03
1.029435e+03
-4.283076e+02
-4.858420e+02
3.921868e+02
-1.226486e+03
-1.158386e+03
-1.254548e+03
-7.385877e+02
1.729875e+03
2.091045e+02
2.919155e+02
-5.417318e+02
1.245511e+03
9.720087e+02
6.178903e+02
1.803158e+03
-5.503715e+02
6.453684e+02
-1.162633e+03
-8.244457e+02
-1.117153e+03
-2.634339e+02
-1.612503e+03
1.124718e+03
-1.090357e+03
-6.217967e+02
-1.017361e+02
8.334752e+02
-7.691192e+01
1.476369e+01
-2.259233e+02
7.531359e+02
-1.501229e+01
-8.763813e+02
4.863458e+02
2.398616e+01
1.667610e+02
1.320715e+02
-1.739037e+02
-1.684177e+02
5.587708e+02
-9.466484e+01
-1.877334e+02
1.069686e+02
2.169209e+02
-8.740045e+02
2.296339e+02
1.461406e+02
-1.712201e+00
2.184363e+02
-3.888007e+02
-3.274363e+02
3.622707e+01
1.829296e+02
1.485563e+01
1.536693e+02
3.084113e+01
2.018636e+02
-3.163459e+02
-1.711027e+02
2.191250e+02
2.653818e+02
-6.158972e+02
2.394332e+02
3.832724e+02
-1.026455e+02
8.819044e+01
4.339329e+01
-6.757643e+01
-6.139106e+01
5.099677e+01
2.561413e+01
-4.072817e+01
-3.893291e+00
-4.235337e+01
2.749211e+02
1.213622e+02
3.471830e+01
2.176937e+01
3.397717e+01
-3.978093e+01
2.530105e+01
-1.199342e+02
-8.636697e+01
9.776807e+01
9.351233e+00
2.463837e+00
6.555111e+01
2.111075e+01
3.313148e+01
1.806390e+01
3.224746e+01
-9.698535e+01
6.096246e+01
-8.766926e+00
9.590524e+01
9.336751e+01
1.087481e+01
5.721842e+01
-7.902431e+01
-1.109407e+02
-5.904672e+00
-2.803677e+01
7.637177e-01
3.307676e+01
-8.532677e+01
2.714077e+01
-6.582627e+01
2.693317e+01
1.806576e+01
1.801571e-01
-5.912125e-01
3.880550e-01
2.879515e-01
-2.511674e-01
-3.672971e-03
-5.349542e-01
2.958583e-01
-2.467940e-03
2.995307e-01
-2.279465e-01
-4.759310e-01
2.706474e-01
1.317216e-01
2.705626e-01
2.548195e-01
-1.550119e-01
-1.110260e-01
-5.629186e-02
-1.998777e-01
2.218585e-01
-9.528980e-02
-1.050297e-01
8.688545e-02
-7.155513e-02
1.111565e-01
-2.979691e-02
-7.063938e-02
-1.325217e-01
