4.286673e-01
-1.064890e+00
1.769126e-01
5.376000e+01
1.428444e+02
-1.721045e+01
3.329464e-04
1.725797e+04
-4.686647e+05
-5.375799e+05
2.967592e+05
-1.025640e+04
1.087715e+05
-1.029875e+04
-2.372391e+05
-1.144932e+05
-1.210614e+05
-1.314589e+05
8.862009e+04
-8.659720e+04
-1.034761e+05
-3.356539e+04
7.576985e+04
-4.760651e+04
8.425376e+04
6.204353e+04
1.986085e+03
5.229777e+04
-5.514650e+04
6.504617e+03
-7.352441e+04
1.432258e+03
-2.162497e+04
-6.510054e+04
2.411693e+04
2.523500e+03
-1.396916e+04
6.951690e+03
4.592572e+03
1.374276e+04
-3.407099e+04
2.134834e+02
9.320263e+03
7.123332e+03
1.411554e+04
5.814489e+03
-6.754960e+03
-4.759849e+03
-2.740965e+03
-4.333826e+03
-1.167331e+04
-1.511327e+04
6.686834e+03
-1.314020e+04
-4.854246e+03
1.029501e+04
-3.442262e+03
1.231684e+04
-2.363209e+03
-8.378286e+03
6.038845e+03
5.297121e+03
-3.450238e+03
-4.082043e+03
2.389806e+03
5.062191e+03
8.532133e+03
4.633831e+03
-6.110230e+03
1.516559e+03
3.691789e+03
-4.593705e+03
-3.097906e+03
-2.861640e+01
1.986526e+03
2.935856e+03
1.124038e+03
2.999958e+03
-5.053339e+03
2.301700e+02
-8.476345e+02
1.438179e+03
4.146902e+02
-5.823134e+02
4.354481e+03
-3.567167e+02
-1.289061e+03
-8.338065e+02
-1.150355e+03
1.256091e+03
-1.474593e+03
2.976322e+03
1.801002e+03
7.010269e+02
-2.188505e+03
1.412218e+03
4.146129e+02
1.365299e+03
1.918998e+03
1.707059e+02
-1.788551e+02
1.364273e+03
-8.542742e+02
-1.622384e+03
1.246927e+03
1.171754e+03
9.266557e+02
-6.061504e+02
-5.353774e+02
8.784020e+02
-9.933356e+02
1.078811e+03
1.911183e+02
3.637223e+02
3.650217e+02
-1.753331e+02
3.953318e+02
-1.933809e+02
5.809197e+02
2.363959e+02
-2.907097e+02
1.547894e+02
-8.479702e+02
3.518743e+02
3.386117e+02
-3.795954e+02
3.560440e+01
2.545766e+02
-1.406905e+02
-4.809370e+01
3.619120e+02
4.022807e+02
4.316114e+02
2.011752e+02
-7.617399e+02
5.258976e+01
7.563624e+02
-4.999228e+02
3.823755e+02
5.830999e+02
-3.420374e+01
1.980855e+02
9.080635e+01
-1.804141e+02
-1.954658e+02
7.178530e+01
4.569268e+02
-5.087004e+02
1.548099e+02
2.780057e+02
-3.869009e+01
4.067139e+02
5.301605e+02
-5.624121e+01
-4.330699e+02
-3.269698e+02
1.733984e+02
-5.756502e+01
-4.822316e+01
-3.548908e+02
-7.589330e+01
2.227736e+02
1.264069e+02
-9.398857e+01
3.015480e+02
-6.187937e+00
1.308889e+02
1.088950e+01
1.218971e+02
2.676260e+02
1.626435e+02
-3.341265e+01
4.226411e+01
2.415143e+01
7.806548e+00
-2.301432e+01
-5.518531e+01
-3.885385e+01
1.018034e+02
1.734176e+02
1.265453e+02
4.790108e+01
1.789225e+01
-1.551162e+00
1.272547e+02
-6.323094e+01
-3.294858e+01
-9.393912e+01
-4.832310e+00
7.758679e+01
-3.896934e+01
4.344293e-05
-4.107806e+01
7.383457e+01
3.974571e+00
5.118603e+01
-5.555811e+01
-3.726768e+01
-6.074293e+01
2.040312e+01
-3.365135e+01
-2.783603e+01
9.361778e+01
-4.406011e+01
5.666979e+01
4.834908e+01
-3.695716e+00
3.381190e+00
-1.094505e+00
1.792777e+00
1.019715e-01
-3.250295e-01
5.837170e-01
-1.133164e+00
-2.353915e-01
-8.960935e-01
-3.725745e-01
-7.299687e-01
3.025125e-01
1.708618e-01
-4.316814e-01
-3.019232e-01
1.346467e-01
4.522309e-02
-4.821481e-02
-1.224440e-01
-6.240058e-02
2.591526e-01
1.653812e-02
-7.750788e-03
1.497998e-02
3.366894e-02
-7.963718e-02
-1.125396e-01
-6.442290e-02
