-5.612835e-01
1.502816e+00
2.021277e-01
5.888000e+01
1.902250e+02
-6.794237e+00
3.662875e-04
-1.091295e+05
-3.394403e+05
3.179129e+05
5.334006e+03
9.413673e+04
2.327827e+05
-1.908265e+05
5.041280e+04
-1.119187e+05
-5.976977e+02
2.089905e+04
1.050605e+05
-7.910416e+04
-3.806033e+04
-4.338841e+04
-6.123631e+04
4.361679e+04
-1.399930e+04
-5.529936e+04
-7.582773e+04
1.787304e+04
2.190924e+04
-1.536608e+04
-2.670889e+04
3.828914e+04
-2.417770e+04
-1.495016e+03
-3.181016e+04
3.571938e+03
1.030094e+04
-2.601930e+03
3.567254e+04
2.358806e+04
-4.932101e+02
-8.339054e+03
-2.011615e+04
-2.308965e+04
2.507008e+04
1.608274e+04
-2.599914e+04
9.596343e+03
-2.816351e+04
2.054325e+02
1.930144e+04
1.196466e+04
7.049123e+03
-3.742634e+03
7.929060e+03
-3.252804e+03
3.672241e+03
2.250470e+03
-5.805152e+03
-2.429584e+03
-1.127094e+04
2.072986e+03
5.978212e+03
-2.746783e+03
-4.519937e+03
3.005166e+02
3.720850e+03
4.591297e+03
-9.042642e+03
3.097284e+03
2.877936e+03
1.387670e+03
-4.364680e+02
1.717689e+03
1.871366e+02
-3.143976e+02
2.094308e+03
-9.803837e+02
-8.276298e+02
2.005554e+03
-5.227006e+03
-1.691468e+02
-2.245517e+03
3.335729e+03
-3.384247e+02
2.147506e+03
4.784009e+02
5.844205e+02
8.534051e+02
-1.313708e+03
-8.697960e+02
1.031939e+03
3.353990e+03
1.557600e+03
2.745275e+02
4.090052e+02
2.592728e+03
-6.982939e+02
1.439626e+03
-7.526108e+01
-1.396830e+03
3.234460e+02
-4.767325e+02
-3.464736e+02
3.679136e+02
2.678225e+02
8.483817e+02
-1.129869e+02
1.784697e+03
4.927182e+02
2.374152e+01
2.150966e+03
-9.058193e+02
4.265564e+02
-4.975419e+02
2.650140e+02
-3.024425e+02
3.755997e+02
-1.122844e+02
4.205790e+02
-2.272914e+02
3.757021e+02
-2.080097e+02
-4.016359e+01
5.529471e+02
-4.642691e+02
-3.245865e+02
5.312936e+02
3.316234e+02
-8.844179e+02
-3.528426e+02
2.127875e+02
2.585986e+02
-1.815002e+01
-1.810183e+02
-3.721368e+02
4.645865e+02
1.246730e+02
2.841649e+02
-1.274612e+02
1.665518e+02
1.606551e+02
-3.003801e+02
1.248546e+02
-4.139620e+02
8.255192e-01
2.146865e+02
1.568376e+02
4.145076e+02
3.228668e+02
-1.199206e+02
-2.494253e+02
4.979491e+01
7.267418e+01
-1.761856e+02
7.974982e+01
1.359115e+02
5.618802e+01
-1.468946e+02
-1.870084e+02
2.766491e+02
-1.098934e+02
7.732107e+01
5.234339e+01
-1.058937e+01
-2.513770e+01
-6.126870e+01
1.463113e+02
-6.445148e+01
1.103799e+02
1.927530e+02
8.685129e+01
1.064586e+01
8.524998e+00
-5.535067e+01
-6.790695e+01
-9.414077e+01
-8.211671e+01
-1.159943e+02
-7.010921e-02
-2.349141e+01
9.636334e+01
-1.233147e+02
4.726933e+00
-2.183154e+01
9.967452e+01
2.094656e+02
2.507407e+01
-9.144682e+01
-7.981838e+00
4.358875e+01
8.782924e+01
-4.991919e+01
3.118695e+01
6.139228e+01
6.407625e+01
-1.024858e+02
-1.139516e+02
-1.153889e+01
-5.273051e+01
-3.192867e+01
-1.009229e+02
-1.737996e+01
-4.179917e+01
7.387972e+01
1.143672e+01
-1.146856e+00
1.540199e+00
-7.258770e-01
-1.914862e-01
2.556114e-01
-4.692363e-01
-9.142489e-02
2.512758e-01
7.917362e-02
-5.049809e-01
-2.048023e-01
-6.206146e-01
1.431780e-02
2.870131e-02
5.248651e-02
-6.131661e-02
-3.559311e-02
-2.748162e-01
-2.885170e-01
-2.362176e-01
1.062254e-01
-8.466867e-02
-1.419830e-02
-3.442219e-02
8.381370e-02
4.011480e-02
-3.381190e-02
-9.854539e-02
-5.412354e-02
