-3.166340e-01
-9.538688e-01
2.341551e-02
5.120000e+01
1.976662e+02
-1.924792e+01
3.619710e-04
-3.532782e+02
2.837095e+05
-2.126090e+05
-1.193200e+05
-1.856843e+04
4.030357e+04
3.265013e+04
-7.338635e+03
-9.490138e+04
-1.399944e+05
-5.336102e+04
5.830269e+04
2.031742e+04
2.783957e+04
2.417265e+04
6.122512e+03
1.911959e+04
2.214057e+03
4.061404e+04
-4.517453e+04
-3.768221e+04
-2.210724e+04
2.759074e+03
7.081635e+03
1.652017e+03
-1.490496e+04
1.990858e+04
1.109903e+04
2.749161e+03
-1.505192e+04
-5.381471e+03
9.927171e+03
-1.064520e+04
-2.198247e+04
-1.405778e+01
4.207648e+03
1.007929e+04
6.850261e+02
-1.137039e+04
1.390412e+04
-1.095048e+03
6.382674e+03
-4.334558e+03
7.395870e+03
7.375354e+03
5.111029e+02
1.274163e+04
5.617993e+02
-2.034827e+03
8.565733e+03
6.188046e+03
-4.375337e+03
-2.412653e+03
-1.136816e+03
-9.553335e+02
1.316488e+03
-3.954612e+03
2.796371e+03
-7.214949e+02
-5.643748e+02
-3.343620e+03
3.289471e+03
4.950190e+03
-3.223700e+02
-4.544615e+02
-2.704745e+02
5.064497e+02
-1.696940e+03
-3.430020e+03
-5.197151e+02
7.298606e+02
-2.490614e+03
-8.557700e+02
1.175839e+03
-3.315794e+02
-1.871496e+02
1.178565e+03
5.911212e+02
3.287492e+02
-2.407504e+03
1.466059e+03
-7.841978e+02
4.998878e+02
5.305840e+02
5.509452e+02
4.878483e+02
-6.794917e+02
-1.158936e+03
1.185434e+03
1.212916e+03
2.522113e+02
-5.932008e+02
-7.199683e+02
-1.525424e+03
-6.365247e+01
2.203374e+02
4.068999e+02
-5.705974e+02
-2.836435e+02
-2.863300e+02
1.478819e+03
3.181298e+02
9.213555e+02
6.011774e+02
-1.113410e+03
-9.531281e+02
4.623156e+02
-1.792192e+02
3.357831e+02
-1.596057e+02
3.900380e+02
-2.646545e+02
5.673492e+02
1.012321e+02
1.066003e+02
1.950405e+02
-2.288596e+02
3.786469e+01
2.081816e+02
6.387394e+01
1.327067e+01
-6.317244e+01
4.567924e+02
2.468661e+02
5.631005e+02
-2.808213e+02
1.338285e+02
-5.949754e+00
-1.573937e+02
-2.079494e+01
1.521904e+02
1.603419e+02
-3.597771e+02
-8.903989e+01
-3.027055e+02
-7.722917e+01
2.698783e+02
8.400137e+01
1.437175e+02
-3.804143e+02
4.755458e+01
1.589859e+01
-8.086642e+01
2.294598e+02
1.021502e+02
-1.854070e+02
-1.129081e+02
1.965104e+00
7.903094e+01
7.162589e+01
2.387200e+01
2.574587e+01
-2.391380e+00
3.339761e+01
1.031135e+02
-6.549367e+00
-7.835210e+01
-1.689645e+02
-1.611282e+02
-1.216646e+02
1.418247e+02
6.387700e+01
-1.309627e+02
7.670400e+01
-5.470211e+01
-1.859712e+01
8.143436e+01
-5.070840e+01
-5.656514e+01
4.436948e+01
1.548869e+01
-6.889692e+01
8.749694e+01
-4.782994e+01
8.435828e+01
8.294567e+00
3.227441e+00
4.803280e+01
-5.286558e+01
-8.235206e+01
2.433060e+01
-6.563353e+01
-2.549036e+01
-1.262245e+00
1.044043e+01
6.763474e+01
6.123745e+01
4.924636e+01
-4.455474e+01
6.887576e+01
1.713186e+01
-3.622903e+01
-6.597649e+01
1.856849e+01
-1.399656e+01
-1.111965e+01
4.858544e+01
1.487053e+01
1.907812e+01
5.813580e-01
-1.176788e+00
5.119608e-01
-9.530426e-01
-8.478691e-02
5.335864e-01
-3.345619e-01
-5.549890e-01
-9.897394e-02
7.133814e-03
-8.758842e-02
1.857774e-01
6.085252e-03
-3.867538e-02
-6.127443e-02
-8.647904e-02
4.522898e-02
-4.451204e-02
-1.233521e-01
7.807536e-02
1.961997e-02
1.734629e-02
1.949968e-01
8.934253e-02
-1.873776e-02
3.283865e-02
-7.897785e-02
9.851553e-02
-4.961021e-02
