-5.075925e-01
-1.440811e+00
7.371246e-01
5.745778e+01
1.868595e+02
-1.120909e+01
3.416606e-04
-1.717985e+05
-2.769347e+04
-4.404051e+04
-6.183071e+03
1.249534e+05
-7.234568e+04
-9.135145e+04
3.793250e+03
-2.274677e+04
-2.052855e+03
-3.408933e+05
8.154036e+04
-4.529558e+04
-4.438003e+04
4.291659e+04
1.972665e+04
-4.049879e+04
2.721125e+04
-1.661673e+03
-7.040854e+04
-2.507106e+04
-8.846894e+03
-1.854018e+04
-7.315894e+03
3.813061e+04
2.789729e+04
-8.507737e+03
2.112170e+04
1.022283e+04
1.679829e+04
6.854519e+03
-7.780653e+03
3.678371e+03
-4.156490e+03
-2.513176e+04
6.600710e+02
-1.832569e+04
3.060912e+03
-4.064940e+03
-1.228183e+03
-5.256839e+03
-6.998405e+03
-8.368921e+03
4.831510e+03
-4.083410e+03
3.106152e+03
8.026175e+03
-1.606714e+04
1.291612e+03
6.270098e+03
3.531491e+03
-4.581557e+03
-1.447981e+04
-3.867026e+03
-6.561182e+02
4.240632e+03
3.180522e+01
-3.220447e+02
2.098938e+03
5.545894e+03
2.905059e+03
-1.548005e+03
1.994332e+03
3.381996e+02
-9.397972e+02
4.939287e+01
-2.187117e+03
1.003468e+03
1.492056e+03
-2.000017e+03
2.043699e+03
-5.137396e+03
-2.402898e+03
4.507125e+02
3.001253e+02
3.919330e+01
-9.981635e+02
3.955812e+03
8.935994e+02
-9.797066e+02
2.619372e+02
2.303382e+02
3.060246e+03
-1.067239e+03
1.050956e+03
3.969170e+02
1.398016e+03
-1.974161e+03
8.562851e+02
2.933503e+03
6.223870e+02
7.404945e+01
-1.308056e+03
-6.670999e+02
3.740174e+02
-1.259943e+03
-7.250779e+02
1.060508e+03
-2.157868e+02
9.885032e+02
1.000545e+03
5.480469e+02
1.576396e+03
3.789388e+02
4.574572e+02
-3.173058e+02
6.106614e+02
-1.447087e+01
-3.855068e+02
1.879184e+02
-4.682546e+01
-1.158685e+03
7.842078e+02
-6.951252e+02
1.685596e+02
-5.873174e+02
-4.096162e+01
2.572238e+02
2.781386e+02
-1.260720e+02
2.754209e+01
-6.539767e+02
9.074558e+01
4.688319e+02
-3.011261e+01
2.593023e+02
4.246150e+02
-7.367402e+02
-3.274954e+02
8.779888e+02
-4.922039e+02
5.770435e+01
5.499207e+02
-2.140266e+02
-2.204404e+02
8.904469e+01
-1.532236e+01
-1.632644e+02
6.939723e+01
-1.047291e+01
-5.727365e+01
-1.428643e+02
3.518839e+02
-1.844069e+00
3.377158e+02
1.953360e+02
-2.506796e+02
-2.937401e+02
-6.620142e+01
6.066281e+01
7.862048e+01
-7.764878e+01
-1.867744e+00
-8.773693e+00
-1.266007e+02
1.250938e+02
-1.982258e+02
6.695194e+01
-1.140470e+02
2.160292e+01
5.643152e+01
3.848455e+01
7.270249e+01
1.403999e+02
7.168624e+01
-9.467199e+00
2.279967e+02
-6.174712e+01
9.855130e+01
1.043050e+02
2.973398e+01
5.619431e+00
1.178746e+02
8.680010e+01
-6.062796e+01
3.736457e+01
7.552732e+00
7.271367e+01
2.061503e+00
1.018792e+02
5.769116e+01
-7.052619e+01
4.457258e+01
2.671156e+01
7.402956e+00
-2.009099e+01
-4.539943e+01
2.805503e+01
1.416303e+01
-7.485440e+01
-9.168674e+00
1.556995e+01
3.800903e+01
2.590466e+01
-2.273317e+01
7.928564e+01
1.215382e+01
9.366270e+00
5.118918e+01
-3.155826e+00
1.962738e+00
-2.594637e+00
1.126123e+00
-6.599119e-02
-2.086713e-01
1.886546e-01
-1.169556e+00
-5.856190e-01
-4.335457e-02
-4.444220e-02
1.631906e-01
5.420486e-02
8.511400e-02
9.594960e-02
1.102693e-02
4.558757e-02
1.138648e-02
-1.406797e-01
9.323148e-02
-1.399831e-01
1.120728e-01
6.028222e-02
-2.282889e-01
9.793499e-02
-5.193636e-02
1.868626e-01
9.274072e-03
-7.673186e-02
