-6.727187e-02
1.321643e+00
-4.478147e-02
5.290667e+01
1.709103e+02
-1.209370e+01
3.406251e-04
-1.230751e+05
6.604155e+04
6.532043e+04
-2.277499e+04
-1.651967e+04
5.297588e+04
-1.115184e+05
3.852447e+04
-8.540009e+04
6.395470e+04
-4.074573e+04
6.543675e+04
3.506199e+04
-1.901802e+03
-7.596652e+04
5.753584e+04
6.702780e+04
2.598079e+04
-5.827718e+04
3.894446e+04
-5.089417e+03
-2.796052e+04
1.942824e+04
-6.657805e+04
7.379478e+03
-1.668469e+04
-1.243982e+04
-2.055052e+03
9.117962e+03
7.948271e+03
4.197693e+03
-2.122778e+04
7.100809e+03
-1.754582e+04
-1.320577e+04
-2.574334e+03
6.906970e+03
1.162724e+04
-1.261299e+04
1.050177e+04
-1.903669e+03
5.762422e+03
1.130270e+03
1.803191e+03
4.700788e+03
-9.525833e+02
6.993883e+03
1.875626e+01
-1.191302e+03
-1.996414e+03
5.512769e+03
1.500981e+03
-2.900793e+03
-3.488954e+03
2.597009e+02
-9.155640e+02
-6.859672e+03
2.748226e+03
1.259521e+03
1.579202e+03
5.992390e+03
-4.109193e+03
5.044199e+02
4.113899e+03
3.619017e+03
3.475020e+03
-3.332116e+03
-2.417873e+03
-6.176926e+02
1.191694e+03
-1.428525e+03
-2.538750e+03
-1.044647e+03
-4.268882e+02
-1.248191e+03
-1.142101e+03
-3.405445e+02
1.383093e+03
6.642204e+02
-1.108317e+03
1.028399e+03
-2.024897e+02
1.546701e+03
6.557957e+02
-6.972509e+02
2.597664e+03
1.336857e+03
-5.145381e+02
1.868901e+02
9.509725e+02
5.646880e+01
-7.546395e+01
1.560554e+02
-5.640515e+02
-5.036477e+02
7.008196e+02
-4.333769e+02
8.706539e+02
-8.710741e+02
-1.976181e+02
1.536718e+02
1.325419e+03
1.086733e+03
7.220861e+02
8.749991e+02
-4.980826e+02
1.206705e+02
-9.870439e+02
-2.021161e+01
-1.428891e+02
-3.237155e+02
-2.638165e+02
8.080461e+02
-3.985086e+01
4.046514e+01
-3.108093e+02
3.580265e+02
1.619098e+02
-3.038085e+02
1.096076e+01
-3.262900e+01
6.478086e+01
2.807884e+02
-8.834578e+01
3.166086e+02
1.217844e+02
3.377036e+02
-9.012714e+01
-2.413584e+02
2.143455e+02
-9.089079e+01
-7.187803e+01
-8.384261e+01
9.859818e+01
-1.968548e+02
-2.876788e+01
1.978446e+02
-7.038642e+01
2.848055e+02
-1.201228e+02
-2.290492e+02
-1.151177e+02
1.033748e+02
2.663852e+02
3.846780e+01
1.780345e+00
5.574163e+01
-1.565961e+02
7.541838e+01
1.652046e+02
2.385917e+02
-3.591462e+01
-4.672199e+01
1.898192e+02
9.699432e+01
-7.036797e+01
-1.861025e+00
-9.613330e+01
-2.545076e+01
1.197053e+01
1.840685e+02
-1.906347e+02
-1.149725e+02
-5.321975e+01
1.248781e+02
1.074236e+02
-1.048136e+01
-1.505556e+02
-9.221375e+01
-1.265274e+01
1.162365e+01
-6.554835e+01
-1.636930e+00
7.398887e+01
-4.530040e+01
-1.985620e+01
3.699451e+01
9.256200e+01
-2.409729e+01
3.779321e+00
-1.729216e+00
-9.046719e+01
-3.729084e+01
3.686510e+01
1.338892e+01
-1.123035e+01
4.843923e+01
2.706516e+01
1.657177e+00
-3.611507e+01
-2.918827e+00
-2.535930e+01
-2.194233e+00
-2.351828e+00
-5.901171e+00
1.633732e+01
-2.368084e+01
6.536229e+00
1.838392e+01
-6.629449e-01
-1.255266e+00
1.630076e-01
-3.791647e-01
2.088677e-01
-1.315947e-01
-8.798033e-01
-4.523303e-01
2.981373e-01
2.651225e-01
2.546174e-02
-4.108746e-01
1.116105e-01
-3.539498e-02
2.226126e-02
1.275395e-01
1.442257e-02
-2.077920e-01
8.032747e-03
-2.713792e-01
-7.798044e-03
7.530909e-02
-8.578703e-02
-4.759992e-02
-1.040859e-01
1.342067e-02
-5.500074e-02
-4.728433e-04
-5.717584e-04
