-1.004650e-01
-8.189856e-01
1.055126e-01
4.750222e+01
1.806398e+02
-2.291046e+01
3.449195e-04
1.473262e+04
1.373429e+05
-2.786015e+05
-7.150834e+04
-1.100617e+05
3.043379e+04
-1.195298e+05
8.721188e+04
-3.944398e+04
1.416669e+04
-3.848259e+04
5.528136e+04
-8.455258e+04
-1.934939e+04
1.350174e+04
4.727869e+04
-2.776687e+04
1.286326e+04
1.647855e+04
-2.814171e+04
-5.888734e+04
-2.713565e+04
7.468324e+03
1.498640e+03
-3.713377e+04
1.203244e+04
6.371730e+03
-4.522785e+03
-5.244033e+03
-1.528881e+04
4.918728e+03
-1.488837e+03
7.991985e+03
-1.112403e+04
1.134555e+04
2.915920e+03
2.448626e+03
-1.893224e+03
-1.394785e+04
8.324160e+03
-1.472568e+03
6.785879e+03
-3.830285e+03
3.401442e+03
-1.395700e+04
-2.626104e+03
1.057199e+04
-8.553532e+03
-2.634741e+03
5.634465e+02
4.612389e+03
-3.257100e+03
-2.018160e+03
3.555989e+03
1.588060e+03
-5.348541e+02
-2.334577e+02
4.114366e+03
5.246359e+03
2.052450e+03
-3.462602e+03
-9.650461e+02
4.373603e+03
2.441785e+03
-2.643563e+03
-4.070350e+03
-5.411500e+02
-4.674471e+02
-6.232366e+02
3.942204e+02
5.136008e+03
-1.820255e+03
-1.282292e+03
2.413645e+03
-6.885100e+02
8.458686e+02
6.674880e+01
1.378729e+03
7.295820e+02
-1.590844e+03
1.324987e+02
1.673086e+01
2.131394e+03
6.664278e+01
-9.524657e+01
-1.313461e+03
8.549990e+02
-1.127799e+03
9.253544e+02
-1.618795e+02
-5.092108e+02
-2.497530e+02
4.295117e+02
-6.114163e+02
-3.227754e+02
1.076885e+03
7.647431e+02
-7.280339e+02
1.557729e+02
7.189507e+02
2.015551e+02
-3.370229e+02
3.316084e+02
4.411291e+02
1.262268e+02
-9.297465e+02
8.180696e+01
-3.023682e+02
-1.948836e+02
-5.321317e+02
-1.012765e+02
5.250402e+01
3.012951e+02
-5.173870e+02
-3.196273e+02
-9.499390e+01
4.870422e+01
-1.026898e+02
4.456205e+02
2.378351e+01
5.205053e+01
-2.947977e+02
2.887433e+02
4.936800e+02
7.366415e+02
4.093583e+02
4.072720e+02
4.535672e+01
-6.571426e+01
2.356008e+02
8.060030e+01
3.573598e+02
-1.808033e+01
3.675804e+00
-2.458992e+02
1.535575e+01
8.138997e+01
1.830853e+02
1.534076e+02
-1.185254e+02
-2.020525e+01
5.000907e+01
1.410748e+01
5.421320e+01
4.201344e+00
-7.981224e+01
-8.873153e+01
-1.060690e+02
3.087531e+01
1.286647e+02
-3.762111e+01
-5.526302e+01
3.230814e+01
-1.856371e+01
6.222609e+01
-5.605579e+01
8.319870e+00
1.407526e+02
-7.344200e+01
-1.463300e+02
4.266445e+01
7.843187e+01
-8.423615e+01
-1.603968e+01
5.996986e+01
-1.272088e+00
5.684805e+00
2.161478e+01
-1.589017e+01
6.024513e+01
5.462756e+01
-4.118164e+01
4.637769e+01
-1.065496e+01
2.227147e+01
-2.887849e+00
3.023329e+01
6.782932e+01
-7.527902e+01
-5.576528e+01
1.502199e-01
-3.449632e+01
-6.675085e+01
1.630569e+01
1.472237e+01
2.476217e+01
2.445453e+00
5.842671e+01
-6.163793e+01
9.650691e+00
1.329097e+01
-4.965041e+00
-1.446700e+01
4.169464e+01
1.007255e+01
4.759660e+01
-9.480367e+00
9.547359e+00
6.824188e+00
-3.427603e-01
-4.052811e-01
1.793198e-01
-3.309082e-01
-1.649811e-01
3.774351e-01
1.253659e-01
-5.263453e-01
-3.647363e-02
2.161710e-02
-1.277896e-01
-7.050683e-02
1.591405e-01
6.461824e-02
-2.104526e-01
-5.608415e-02
4.534729e-02
5.983755e-02
7.984116e-02
-6.531557e-02
-5.406533e-02
-2.655964e-02
-1.123572e-02
3.600511e-02
-9.070230e-02
4.345733e-02
-2.173787e-03
-1.364540e-02
1.239927e-01
