-3.615341e-01
-1.035813e+00
3.434220e-01
5.489778e+01
1.954699e+02
-2.052275e+01
3.729204e-04
-4.903330e+04
-1.634016e+03
-1.278579e+04
1.657310e+05
2.490875e+05
-4.173046e+05
1.737354e+05
-3.083000e+04
1.554102e+05
-6.478815e+04
-1.703014e+05
5.329418e+04
-7.015285e+04
4.419398e+04
-4.064452e+04
5.542827e+04
-2.238856e+04
2.527688e+04
-5.333960e+04
-5.688199e+04
-6.031828e+03
-1.520233e+04
1.940861e+04
-1.108481e+04
-5.008647e+03
1.307204e+04
1.421332e+04
-2.604781e+04
1.921869e+04
7.565734e+03
-6.683181e+03
-4.669259e+03
-5.100061e+03
-2.705415e+04
-2.974641e+02
-9.883370e+03
1.628875e+03
-2.101536e+04
5.603851e+03
-8.840962e+01
-9.825151e+03
1.476162e+04
-5.496054e+03
1.562224e+03
-1.779801e+02
-4.801995e+03
1.816562e+04
-5.158167e+03
-3.755587e+03
5.771359e+03
2.206659e+03
-7.083761e+03
-1.251553e+04
-5.330796e+03
7.956128e+03
9.365247e+02
-2.077758e+02
1.059875e+03
-4.250812e+02
-9.521396e+02
-1.679819e+03
-2.397544e+03
6.018719e+03
5.121281e+02
-6.392924e+01
-4.341263e+03
-2.818508e+03
-3.172456e+03
7.058494e+02
-6.883603e+01
2.516579e+03
-7.441286e+02
-2.919996e+03
3.083264e+03
-1.500732e+03
6.813616e+02
-8.508614e+02
1.530830e+03
1.429356e+03
-3.888755e+02
-8.871003e+02
-4.629772e+02
1.720597e+03
9.063481e+02
-3.923150e+02
-9.715198e+02
9.712115e+01
-8.822643e+02
1.698607e+03
5.582616e+02
-7.469287e+02
-6.425611e+02
-1.364473e+03
3.007768e+01
3.094300e+02
5.628358e+02
1.780729e+02
-8.113823e+02
6.573448e+01
1.142400e+03
4.145124e+02
-4.461019e+02
5.925925e+02
4.556344e+01
-1.275177e+03
-4.110854e+02
9.907195e+02
-7.076649e+02
5.611183e+02
-1.085206e+03
1.966407e+02
-5.377631e+02
3.591686e+02
-4.018688e+02
-5.585638e+02
-1.165801e+02
-3.349685e+02
5.680381e+02
4.414436e+02
-3.107479e+02
-1.319478e+02
-6.263930e+02
4.182996e+02
4.248985e+02
7.502437e+02
5.617335e+02
2.759495e+02
2.049054e+02
-1.008416e+02
3.675252e+01
5.812982e+01
2.958877e+00
-6.926019e+01
-1.765454e+02
-3.366495e+02
2.804688e+01
-1.621243e+02
1.519454e+02
1.650270e+02
-1.501301e+02
1.532236e+02
5.994318e+01
4.605336e+02
1.422131e+02
-1.038564e+01
-7.311372e+01
1.642376e+02
-5.813417e+01
8.235152e+01
1.364445e+02
3.071203e+02
1.959326e+02
-2.562067e+00
-9.511954e+01
3.265144e+01
1.827023e+02
-4.349071e+01
5.280035e+01
-3.420041e+01
-5.789631e+01
4.938537e+01
1.119482e+02
3.983881e+01
6.964080e+01
-2.533695e+01
-1.465156e+02
5.721836e+01
-1.036787e+01
3.977368e+00
1.133273e+02
7.569681e+01
2.001547e+01
5.891020e+00
-6.839305e+01
1.130622e+02
4.262565e+00
1.963417e+01
1.021414e+02
-6.755417e+00
-4.197020e+01
-1.035080e+01
-1.619882e+01
-6.906203e+01
-2.378805e+01
2.389636e+01
9.632865e+01
5.464757e+01
5.202149e+01
2.177943e+00
5.398906e+01
-1.867786e+01
4.515192e+01
1.590829e+01
5.699878e+01
-2.880252e+01
-3.111399e+01
2.401080e+00
4.412980e+01
2.821309e+01
9.604642e-01
1.065074e+00
-7.680622e-01
-8.863442e-01
-1.758075e-01
1.754657e-01
-5.744493e-01
-4.087972e-01
-1.079521e-01
-2.999571e-01
1.449444e-02
5.176148e-02
7.313815e-02
-4.222003e-02
1.302196e-02
1.738645e-01
5.091721e-02
4.028782e-02
-1.363880e-01
4.438246e-02
-2.337022e-01
-1.237514e-01
1.510553e-01
8.837802e-03
-1.867322e-03
-1.092163e-02
-3.633528e-04
-3.962523e-02
1.535243e-02
