5.483900e-01
8.600616e-01
9.092047e-01
5.176889e+01
1.285779e+02
-1.571466e+01
3.296194e-04
-3.385514e+04
4.715441e+04
-1.211955e+05
-7.041313e+04
-9.749606e+04
-1.360000e+05
-5.564245e+03
4.166139e+04
-5.857632e+04
2.776807e+04
-6.399060e+04
1.001937e+05
-3.207115e+04
-1.804928e+04
-4.475461e+04
4.825563e+04
1.197149e+04
6.153228e+02
-3.628944e+04
2.835414e+04
-1.013291e+04
-2.587638e+04
1.889538e+04
-2.237274e+04
-2.349856e+04
-1.606688e+04
-3.697648e+04
-5.822789e+03
-5.106093e+03
1.598584e+04
-3.313177e+02
-2.569684e+03
-3.925385e+03
-3.726979e+03
-3.654250e+03
-4.954943e+03
-6.262199e+03
9.723436e+03
-1.363712e+04
1.241363e+02
-2.661411e+03
8.421259e+03
-2.335300e+03
-5.080016e+03
-2.595815e+03
-7.094411e+03
4.021250e+03
-4.935912e+03
2.939428e+03
-3.225531e+03
7.133747e+03
6.156309e+02
-4.353307e+03
-3.930589e+03
-2.481961e+03
-2.020124e+03
-1.655843e+03
2.722339e+03
3.020232e+03
4.810548e+02
7.885520e+02
-4.375723e+03
4.537162e+01
1.842229e+03
1.736987e+03
1.032971e+03
-1.025348e+03
-1.774635e+02
1.580554e+03
4.491936e+02
1.218802e+03
-3.091405e+03
-1.203259e+03
-3.393770e+00
-9.983618e+02
-3.952816e+02
-4.092470e+02
2.031659e+03
7.793907e+01
-2.368705e+03
-2.327410e+02
-1.092490e+02
1.050707e+03
-1.453013e+02
-4.004966e+02
1.335450e+03
1.321437e+03
-1.261811e+03
6.212681e+02
2.145024e+02
-9.638727e+01
-3.124968e+02
-2.456891e+02
-1.879191e+02
-4.674777e+02
3.835259e+02
-3.360269e+02
7.090566e+01
-8.509449e+02
3.223404e+02
2.236871e+02
2.404128e+02
8.456572e+02
8.708376e+01
5.319418e+02
-4.555295e+02
1.622902e+02
-3.000975e+02
-5.252820e+01
-6.042018e+01
-1.722696e+02
-2.512680e+02
2.849244e+02
-1.947138e+02
-3.653922e+02
-4.270796e+02
1.447214e+02
1.118074e+02
-1.180778e+02
-1.204347e+01
5.876610e+01
2.710640e+01
2.490117e+02
3.300252e+02
5.617051e+02
2.179718e+02
4.227364e+02
-1.528626e+01
-2.672410e+01
4.184945e+01
-9.314774e+01
6.313850e+01
-8.172268e+01
-6.789439e+01
-1.234160e+02
9.299461e+01
-8.363626e+01
4.981411e+01
1.808273e+02
-1.263357e+02
-1.984008e+02
3.474007e+01
1.474081e+02
1.519972e+02
6.874906e+01
1.367707e+02
1.171013e+02
-8.415483e+01
-4.432784e+01
2.291655e+02
1.549233e+02
3.646363e+01
-7.827547e+01
7.333949e+01
8.232977e+01
4.849871e+01
-3.652280e+01
-5.105465e+00
-5.590061e+01
-5.011056e+01
2.218474e+01
-7.382487e+01
-2.827167e+01
9.087363e+00
8.377366e+01
-3.238566e+01
-5.076408e+00
1.279560e+01
-5.041669e+01
4.104811e+01
-2.806493e+01
-2.438629e+01
3.719384e+01
7.545044e+00
-2.342018e+01
2.743595e+01
3.514238e+01
7.819360e+01
-9.916977e+01
-1.881084e+01
1.068507e+01
-3.544186e+01
-1.512321e+01
8.126995e+00
-1.549557e+01
1.242399e+01
3.914727e+01
2.078534e+01
-1.446647e+01
-6.508052e+00
-1.715668e+01
-6.871187e+00
3.397415e+00
9.079765e+00
6.768464e+00
1.574794e+01
-1.811084e+01
1.453818e+01
6.002198e+00
-4.813189e-01
-2.278385e-02
-3.801542e-01
-7.909793e-01
-5.477507e-02
-2.382867e-01
5.727403e-02
-2.819032e-01
1.691929e-01
-3.783962e-01
6.930620e-02
-2.273227e-01
5.786814e-02
-1.529012e-03
-1.025871e-01
2.823448e-01
1.070751e-02
-4.577278e-03
2.952331e-02
-1.672620e-01
-7.790037e-02
6.367514e-02
-5.173902e-02
-2.175741e-02
-1.228193e-01
4.248226e-02
-1.082067e-02
-7.772610e-02
7.621606e-02
