-4.499085e-01
5.872182e-01
-3.563215e-01
5.603556e+01
2.120088e+02
-2.052943e+01
3.371268e-04
-1.223946e+05
2.827052e+05
-2.975257e+05
-2.842648e+05
1.110950e+05
-2.168119e+05
8.787059e+04
-1.260497e+04
-1.051065e+05
-1.248687e+04
-1.496766e+05
1.140635e+05
1.800436e+04
3.216276e+04
-2.921149e+04
-6.244991e+03
8.565578e+04
-1.157783e+04
-1.279739e+04
8.505685e+02
2.859824e+04
-2.446105e+04
-9.553986e+03
3.083170e+04
2.324677e+04
-1.763060e+04
1.334610e+04
-2.380098e+04
-7.849370e+03
1.115219e+04
-1.643315e+04
7.026531e+03
1.026429e+04
-1.231160e+04
-8.257948e+03
2.100654e+03
-1.522154e+04
-1.082116e+03
-3.354262e+03
1.871992e+04
-3.372121e+03
4.287996e+03
-3.010742e+02
-1.971756e+03
2.607878e+03
5.813946e+01
1.269919e+04
5.675378e+03
4.823104e+03
5.956001e+03
5.522418e+03
2.872031e+03
4.250623e+03
-8.529182e+03
4.454987e+03
2.853459e+03
3.008337e+03
9.436553e+02
-3.400918e+02
9.931412e+02
3.818274e+03
5.456431e+02
2.389818e+03
-6.009746e+02
1.531561e+03
1.920910e+03
-2.123832e+03
-3.633567e+03
-3.650349e+03
-1.451223e+03
-1.369185e+03
-1.068108e+03
-9.396531e+02
-1.638841e+03
-6.441681e+02
-5.754197e+02
9.219048e+01
2.653945e+03
-9.749114e+02
-1.154362e+03
6.466704e+02
1.117669e+03
1.300500e+03
8.829373e+02
8.282233e+02
1.449134e+03
7.865252e+02
-2.012465e+02
1.307747e+02
1.523104e+03
-3.190377e+02
-1.068334e+03
-8.989983e+02
1.701709e+02
3.007345e+01
1.258949e+03
-3.766935e+01
-4.767686e+02
-6.527939e+02
-6.039833e+02
1.761611e+03
9.287873e+02
1.256907e+03
1.231349e+03
-3.719074e+02
-8.803793e+02
-2.497424e+02
-1.862374e+01
6.263121e+01
-1.559400e+02
-7.299095e+02
-5.055816e+02
3.315111e+02
5.099900e+02
8.191128e+02
-2.419425e+02
-1.469954e+02
5.532177e+02
-1.981495e+02
-1.728463e+02
-2.881471e+02
-1.540799e+02
6.465807e+02
2.033270e+02
6.821514e+02
-6.452002e+01
1.828646e+02
-1.448805e+02
-2.189060e+02
-4.802266e+01
3.584574e+01
-1.735634e+02
-4.141284e+02
-3.125010e+02
-1.590913e+02
1.037286e+02
1.589669e+02
-6.739501e+01
2.636155e+02
-2.267140e+02
-6.507417e+01
-2.101656e+02
1.512084e+02
1.356767e+02
1.505827e+02
-9.098148e+01
-3.385427e+01
2.484293e+02
1.791616e+02
1.683459e+01
1.106875e+02
1.864107e+02
2.087769e+01
-4.723552e+01
-2.372851e+01
-4.865556e+01
-7.787103e+01
-2.466240e+02
2.744992e+01
-6.635709e+01
2.739239e+02
-1.372959e+02
-1.523345e+02
-2.618222e+01
-5.522728e+01
9.835371e+01
5.034949e+01
-1.113528e+02
-8.073924e+01
3.419162e+01
4.013718e+00
-8.611043e+01
1.541318e+01
-5.304264e+01
5.010257e+00
-2.026958e+01
2.187998e+01
7.250343e+01
-6.379327e+01
-8.163446e+00
7.998985e+01
-1.365601e+02
-6.112162e+01
6.139115e+01
3.125406e+00
2.291736e+01
-1.013053e+01
1.464110e+01
7.337820e+00
1.818686e+01
3.322513e+01
-2.207763e+01
-1.475139e+01
1.965121e+00
-1.724839e+01
7.001547e+00
4.181439e+01
-6.366268e+00
1.391099e+01
-1.900126e+00
-1.368992e+00
-1.016061e-01
-4.590834e-01
3.392349e-01
-2.204672e-01
-6.004689e-01
-7.747362e-01
2.388575e-01
2.757335e-01
4.615076e-01
5.756403e-01
-6.471194e-02
-2.133597e-02
2.605054e-01
1.231154e-01
3.357076e-03
-1.453940e-01
-1.577538e-01
2.126283e-01
-1.345923e-01
9.231944e-02
1.205045e-01
-2.397355e-01
-2.848051e-03
-1.252874e-02
-1.267544e-02
5.052401e-02
8.051643e-02
