-7.727730e-01
-5.863265e-01
1.458084e-01
5.831111e+01
2.224178e+02
-1.635339e+01
3.619528e-04
-3.508772e+05
-1.564218e+05
6.923056e+05
-2.641827e+05
5.366212e+04
4.947843e+04
-3.449042e+05
1.909490e+05
-1.749071e+05
2.368772e+05
-4.880613e+04
8.876330e+04
-1.974910e+04
-1.812538e+04
-4.099991e+04
1.058971e+05
7.787116e+04
5.741558e+04
-1.900358e+05
-8.538693e+04
1.051016e+04
-4.498107e+03
-9.445578e+03
-8.507452e+04
-1.030605e+05
1.177222e+04
-7.137588e+03
-1.497078e+04
-1.007787e+04
2.163264e+04
-1.992221e+04
-6.070988e+00
3.601304e+04
2.513069e+04
-2.336710e+04
-3.264361e+04
-2.613899e+04
2.235976e+04
9.358765e+03
-7.671796e+03
1.350787e+04
-1.227224e+03
1.715982e+03
1.349020e+04
-9.065087e+03
2.262077e+03
-1.712398e+03
-5.043916e+03
-4.376314e+03
-5.110043e+03
6.753370e+03
-3.497780e+03
-5.052966e+03
-3.952438e+03
3.158564e+03
-2.927865e+03
-6.111386e+03
1.323561e+03
2.156483e+03
9.376862e+03
1.797254e+04
-7.247991e+03
3.775309e+03
3.917232e+03
1.015395e+04
5.632488e+03
-3.080865e+03
3.820624e+03
-9.552043e+00
1.396665e+04
6.618683e+02
-5.343674e+03
-3.818804e+03
-2.245556e+03
-2.651844e+03
-5.342281e+03
-2.557390e+03
-2.015311e+03
2.783497e+03
-3.018855e+03
1.889534e+03
-2.084185e+03
1.311510e+03
1.125725e+03
-4.948031e+02
5.579329e+03
4.416412e+03
9.496971e+02
8.812412e+02
4.938808e+03
-8.208576e+02
8.104594e+02
8.906560e+02
-6.072870e+02
-7.151448e+02
-9.782092e+02
-1.246801e+03
2.910428e+03
7.578276e+02
8.980689e+02
3.146765e+02
2.014349e+03
1.794023e+03
2.830281e+03
2.259859e+03
-1.823151e+02
5.846259e+02
1.169222e+02
-1.211129e+03
-1.928777e+03
-1.241460e+03
-1.767764e+03
1.201629e+03
-7.027171e+02
2.087801e+02
-1.477430e+03
1.686977e+03
-1.257480e+02
-6.142558e+02
-6.747384e+02
4.060145e+02
2.158571e+02
-8.144572e+02
-7.789468e+02
3.879507e+02
6.387207e+00
4.317570e+02
-3.860568e+02
-4.588035e+02
5.750560e+02
-2.331705e+02
-4.025527e+02
5.513516e+02
8.686840e+01
-3.723975e+02
-7.909207e+00
7.485854e+01
-2.265207e+02
3.122915e+02
2.612833e+01
-6.257486e+01
1.744298e+02
4.601243e+02
2.061129e+02
3.167185e+02
-3.231226e+02
4.023880e+02
1.003492e+02
-9.830216e+01
1.385080e+02
5.191919e+02
-4.903626e+02
2.010739e+02
5.697310e+02
-2.431427e+02
-1.100374e+02
1.807919e+02
-1.952855e+02
6.588245e+01
1.549596e+02
1.153509e+02
-2.747099e+02
-3.459743e+01
1.905906e+01
3.754739e+02
3.038154e+02
1.720168e+00
7.178277e+00
-1.824207e+02
-2.638503e+01
-1.421673e+02
-7.235172e+01
-3.502119e+01
2.658590e+02
-7.396032e+01
-1.593817e+02
4.504223e+01
-2.874528e+01
-2.535932e+01
3.644014e+01
1.575080e+02
-1.429695e+02
-9.312709e+01
-9.922758e+01
1.247557e+02
8.985828e+01
-1.743838e+00
6.220630e+01
-3.665214e+01
-1.485983e+02
-9.001846e-01
-5.145480e+01
6.993678e+01
-2.829685e+01
-1.133011e+02
8.106103e+01
-1.420503e+02
7.099298e+00
2.173253e+01
-1.130497e+00
-1.756306e+00
-3.723856e-01
-8.863927e-01
-7.255427e-03
-9.107347e-01
-1.022989e+00
7.112870e-01
-2.677829e-01
-4.131500e-01
1.791047e-01
-6.782626e-01
6.442440e-01
3.482345e-01
6.803373e-01
5.887665e-01
-2.103364e-02
-1.361372e-01
7.731858e-02
-3.308471e-01
-4.303456e-02
-5.856505e-02
-1.530931e-01
1.376107e-01
-6.879500e-02
1.097463e-01
4.281368e-02
-6.842443e-02
6.867897e-02
