-6.544858e-01
-8.370898e-01
8.230589e-01
5.347556e+01
2.047647e+02
-1.817990e+01
3.387655e-04
-1.153072e+05
1.195165e+05
-2.270838e+05
8.613115e+04
2.738509e+05
-2.966212e+05
-1.250970e+04
-1.391815e+04
3.969065e+04
1.331581e+05
-9.900086e+04
-2.620828e+04
-2.698415e+04
3.006427e+04
1.116737e+04
2.383163e+04
-1.159827e+04
-4.526793e+03
-1.350817e+04
-3.555075e+04
-3.177406e+04
-9.334624e+03
-2.072994e+04
2.043561e+04
-2.211257e+04
3.736870e+04
1.614017e+04
-7.288799e+03
-1.608399e+04
7.568552e+03
8.403778e+03
-1.395715e+04
-1.941741e+04
-1.947122e+04
-1.016752e+04
3.657853e+03
1.001683e+04
-1.515759e+04
-1.088656e+04
2.357857e+04
-8.582115e+03
1.034006e+04
-4.768408e+03
-1.905621e+03
-9.439238e+03
-3.920483e+03
1.217931e+04
-8.606518e+03
-5.754844e+03
6.323560e+03
4.042832e+03
-2.105378e+03
-9.672806e+03
-6.632228e+03
1.698179e+03
3.008312e+03
5.960382e+03
4.598114e+03
4.002282e+03
-3.895683e+01
-9.712022e+02
-2.694313e+03
4.709205e+03
2.504523e+03
1.508291e+03
-4.255766e+03
-1.484360e+03
-1.620885e+03
-1.971509e+03
-2.405821e+03
1.564810e+03
-2.942938e+03
-9.810272e+02
3.371813e+03
-2.470273e+03
7.011185e+02
-2.541826e+02
2.373481e+03
1.161335e+03
-2.945154e+02
4.022159e+02
-3.549647e+02
1.239967e+03
-2.856369e+02
-1.006248e+03
-2.902369e+03
9.091671e+02
-1.644645e+03
1.039327e+03
2.274085e+02
-3.873814e+02
-1.161783e+03
-9.653604e+02
1.350956e+02
4.523500e+02
5.890309e+02
1.838251e+02
-5.530422e+02
-6.142678e+02
1.250591e+02
7.551464e+02
-2.374682e+02
3.752533e+02
-4.755075e+02
-7.188571e+02
7.884779e+01
5.280433e+02
-2.636770e+02
2.886685e+01
-6.597379e+02
-1.999272e+02
-9.513475e+02
5.278239e+02
-5.199058e+02
-1.655401e+02
-2.598501e+02
-3.503268e+02
2.484278e+02
2.862717e+02
-2.298774e+02
-2.462830e+02
-7.085336e+02
3.127030e+02
4.931667e+02
6.155107e+02
6.336860e+02
2.020233e+02
-1.084195e+02
-1.779542e+02
-2.369993e+01
2.082702e+01
1.187426e+01
-3.067881e+02
-1.175759e+02
-4.070209e+02
3.285016e+02
-1.417106e+01
3.465728e+02
1.250936e+02
-1.689273e+02
-6.013100e+01
6.342952e+01
2.535972e+02
1.596728e+02
1.527719e+02
-1.306140e+02
3.018571e+01
-5.653651e+01
1.699256e+01
1.338324e+02
1.315842e+02
5.249910e+01
2.183852e+02
-6.111207e+01
-4.122065e+01
4.160502e+01
-5.637085e+01
2.407305e+01
-1.412556e+01
-5.324981e+01
1.199195e+02
9.433688e+01
-4.857258e+01
7.176117e+01
4.909624e+01
-4.351407e+01
7.163821e+01
-5.183541e+01
2.158943e+01
1.554102e+02
8.327071e+01
1.805149e+01
8.895777e+01
-1.317067e+01
6.230865e+01
1.189413e+01
-3.272141e+01
9.217710e+01
-4.535076e-01
-5.936169e+01
2.891613e+01
-6.551335e+01
-6.287755e+01
4.534510e+01
2.343989e+01
8.584718e+01
3.333445e+01
2.168982e+01
-7.195226e+01
3.058688e+01
2.793259e+01
2.729290e+01
3.641715e+01
8.031445e+01
-2.772000e+01
2.379536e+01
-2.472921e+01
2.527375e+01
2.909476e+01
-1.047674e+00
5.469536e-01
2.310808e-01
-6.523436e-01
-1.977711e-02
-1.633273e-01
-1.546171e-01
-4.307971e-01
-2.490336e-01
2.028171e-01
4.111660e-01
3.872053e-01
3.472083e-01
-7.361419e-02
3.600634e-03
2.295395e-01
9.294300e-02
-9.386406e-02
-1.520935e-01
2.258485e-01
-2.875182e-01
-5.956756e-02
1.758669e-02
-5.629195e-02
1.586241e-01
1.414184e-02
-5.775520e-03
1.041798e-02
1.277165e-02
