-7.252839e-01
-1.458800e+00
2.106353e-01
5.973333e+01
1.887520e+02
-6.826757e+00
3.619544e-04
-3.509099e+05
-1.561730e+05
6.921054e+05
-2.642524e+05
5.376385e+04
4.940611e+04
-3.449714e+05
1.909584e+05
-1.749463e+05
2.368771e+05
-4.878803e+04
8.881218e+04
-1.974147e+04
-1.809082e+04
-4.095676e+04
1.058725e+05
7.787306e+04
5.741970e+04
-1.900105e+05
-8.537997e+04
1.052801e+04
-4.466952e+03
-9.441092e+03
-8.509167e+04
-1.030762e+05
1.176349e+04
-7.151147e+03
-1.496461e+04
-1.006471e+04
2.162651e+04
-1.992584e+04
-4.475091e+00
3.602643e+04
2.514428e+04
-2.338396e+04
-3.263962e+04
-2.614406e+04
2.237297e+04
9.359399e+03
-7.668313e+03
1.350982e+04
-1.235238e+03
1.712270e+03
1.349572e+04
-9.070443e+03
2.264446e+03
-1.724110e+03
-5.048818e+03
-4.378156e+03
-5.111991e+03
6.756014e+03
-3.496358e+03
-5.061128e+03
-3.954349e+03
3.161490e+03
-2.931796e+03
-6.108269e+03
1.318377e+03
2.158830e+03
9.382854e+03
1.797979e+04
-7.252722e+03
3.772467e+03
3.915871e+03
1.015339e+04
5.633467e+03
-3.079844e+03
3.820790e+03
-7.198792e+00
1.396860e+04
6.607165e+02
-5.342736e+03
-3.817448e+03
-2.248104e+03
-2.651944e+03
-5.341870e+03
-2.556720e+03
-2.015696e+03
2.783576e+03
-3.019243e+03
1.889677e+03
-2.084887e+03
1.312316e+03
1.125894e+03
-4.930752e+02
5.579804e+03
4.417281e+03
9.502315e+02
8.807587e+02
4.939306e+03
-8.219890e+02
8.113890e+02
8.908337e+02
-6.068621e+02
-7.152854e+02
-9.791331e+02
-1.247947e+03
2.911250e+03
7.579482e+02
8.984421e+02
3.140673e+02
2.015818e+03
1.795124e+03
2.830042e+03
2.260942e+03
-1.818402e+02
5.849944e+02
1.163126e+02
-1.211266e+03
-1.929943e+03
-1.241662e+03
-1.767619e+03
1.201652e+03
-7.024417e+02
2.095606e+02
-1.478117e+03
1.686856e+03
-1.252705e+02
-6.143722e+02
-6.743624e+02
4.059944e+02
2.153667e+02
-8.148380e+02
-7.791492e+02
3.877528e+02
6.336376e+00
4.312957e+02
-3.866892e+02
-4.590839e+02
5.751995e+02
-2.332242e+02
-4.027525e+02
5.517231e+02
8.684599e+01
-3.722820e+02
-7.875299e+00
7.490324e+01
-2.267594e+02
3.120677e+02
2.645035e+01
-6.262658e+01
1.741551e+02
4.603683e+02
2.060087e+02
3.169560e+02
-3.231465e+02
4.022881e+02
1.001189e+02
-9.830747e+01
1.384201e+02
5.191422e+02
-4.905302e+02
2.009335e+02
5.698233e+02
-2.431952e+02
-1.100555e+02
1.805695e+02
-1.954037e+02
6.594690e+01
1.550969e+02
1.154129e+02
-2.749385e+02
-3.438676e+01
1.921456e+01
3.754999e+02
3.039918e+02
1.768578e+00
7.081734e+00
-1.824395e+02
-2.637931e+01
-1.420453e+02
-7.238910e+01
-3.509711e+01
2.659829e+02
-7.391206e+01
-1.594541e+02
4.495411e+01
-2.868356e+01
-2.525011e+01
3.661371e+01
1.576252e+02
-1.429989e+02
-9.309710e+01
-9.920016e+01
1.247973e+02
8.971738e+01
-1.814633e+00
6.220116e+01
-3.664299e+01
-1.487052e+02
-9.047076e-01
-5.147870e+01
6.996899e+01
-2.826516e+01
-1.133565e+02
8.108193e+01
-1.421346e+02
7.143004e+00
2.176600e+01
-1.129631e+00
-1.755780e+00
-3.721788e-01
-8.856553e-01
-7.331106e-03
-9.110712e-01
-1.023149e+00
7.113290e-01
-2.677397e-01
-4.128675e-01
1.794197e-01
-6.787742e-01
6.442752e-01
3.481976e-01
6.806315e-01
5.887012e-01
-2.106349e-02
-1.361580e-01
7.728392e-02
-3.307569e-01
-4.285257e-02
-5.854285e-02
-1.532217e-01
1.375345e-01
-6.854559e-02
1.097938e-01
4.294063e-02
-6.844585e-02
6.862118e-02
