-5.013309e-01
-8.266402e-01
3.160405e-01
5.774222e+01
2.168873e+02
-1.803179e+01
3.558307e-04
-3.556058e+05
-8.821655e+03
9.760741e+04
-2.839754e+05
1.694382e+05
-1.425370e+05
-1.288215e+05
8.054255e+04
-2.648692e+05
-4.713268e+04
-2.746757e+05
5.339961e+04
-7.947345e+04
-3.165047e+04
-2.725211e+04
3.499138e+04
1.423117e+04
1.613112e+04
-4.141998e+04
-1.492193e+04
-2.105263e+04
1.146254e+04
-4.926917e+04
-3.313259e+04
2.670463e+04
-5.693602e+03
-1.574111e+04
4.147779e+03
-2.973462e+03
5.043094e+03
6.943265e+03
-2.503442e+04
2.013216e+04
1.137747e+04
-1.801938e+04
-2.189136e+04
-2.169964e+04
1.390890e+04
6.221816e+03
1.144400e+04
-8.156286e+03
-8.319325e+03
-7.645474e+02
1.882058e+04
-9.594878e+03
7.194973e+03
1.737159e+02
-1.246510e+04
5.677148e+03
7.781468e+03
9.373225e+03
-2.275167e+03
-1.284830e+04
-5.280146e+03
5.739712e+03
2.772340e+03
2.193271e+03
-3.753902e+02
2.100399e+03
3.320941e+03
1.189188e+04
-4.110893e+03
4.512119e+03
1.737955e+03
1.408001e+03
9.908582e+02
-4.929825e+03
1.982164e+02
-1.515552e+03
-1.223876e+03
2.399717e+03
-6.821501e+03
-1.368762e+03
-2.708467e+03
1.224547e+02
-2.819086e+03
3.681117e+02
2.942447e+03
1.545764e+03
-9.867903e+02
-5.727358e+02
-8.631820e+02
1.753176e+03
1.288655e+03
1.416568e+03
1.665725e+03
2.818812e+03
-1.078338e+03
9.230906e+02
3.555729e+03
-1.271600e+03
-6.416569e+02
-9.637665e+02
-1.178690e+03
-1.880735e+02
2.780926e+02
-1.193636e+03
7.113071e+02
-7.009359e+02
1.063077e+03
1.992619e+03
9.265096e+02
2.506753e+03
1.118962e+03
1.363687e+03
-4.055011e+02
8.943496e+02
2.357270e+02
-1.149723e+03
-8.451098e+02
-8.348421e+02
-1.117760e+03
8.506661e+02
-5.169321e+01
6.562255e+02
-6.996644e+02
2.868906e+02
1.260223e+03
-2.272914e+02
-5.069684e+02
-4.478043e+02
-4.223259e+02
-3.387663e+02
1.448828e+02
3.352142e+02
-3.730372e+02
2.760486e+02
-8.675831e+02
-1.936575e+02
7.132753e+02
-3.160601e+02
2.034929e+02
4.375956e+02
-3.143490e+02
-2.594988e+02
-8.367161e+01
3.261105e+02
-2.890745e+02
3.393141e+02
9.139157e+01
-6.096755e+01
-2.720081e+02
4.908445e+02
4.067579e+02
3.510724e+02
-7.521138e+01
-1.382776e+02
4.335867e+01
8.095831e+01
-1.422657e+02
2.131969e+02
-6.288529e+01
-2.421383e+01
1.274394e+02
-1.299210e+02
4.008878e+01
-1.149698e+02
-6.214504e+01
-7.293884e+01
7.453825e+00
1.535600e+02
-2.867965e+02
-2.318727e+01
7.813033e+01
6.389020e+01
2.046158e+02
1.754801e+02
-1.639357e+02
-1.757342e+01
6.449565e+01
1.094705e+02
1.750368e+01
1.471924e+01
5.426423e+01
1.808549e+01
-8.944351e+01
-5.608264e+01
8.272018e+01
2.383259e+01
1.804253e+02
1.582770e+02
-1.691812e+02
-8.518756e+00
-1.876681e+00
4.871557e+01
1.589982e+00
2.735911e+01
-1.349358e+01
1.046363e+01
-9.496767e+01
6.874305e+00
-2.055338e+01
5.505633e+01
-6.674145e+00
-8.341706e+01
3.341661e+01
-3.328675e+01
1.715186e+01
5.289729e+01
-4.092008e+00
1.695502e-01
-4.139709e-01
5.146193e-01
1.520022e-01
-3.615338e-01
-5.849013e-01
-1.147170e+00
5.982106e-02
-3.156800e-01
4.700874e-01
-1.922248e-01
6.219174e-02
1.440810e-01
4.381280e-01
6.951515e-02
1.358952e-02
-1.344253e-01
-1.630810e-01
3.086695e-02
-2.361671e-01
1.771711e-01
5.903183e-02
-1.670998e-01
2.085246e-01
-2.471462e-02
1.202660e-01
-3.147924e-02
-9.756709e-03
