-3.980266e-01
1.167940e+00
-4.588079e-02
5.091555e+01
1.966650e+02
-1.166237e+01
3.329376e-04
-1.167797e+05
6.469497e+04
2.520255e+05
-1.152294e+05
-1.682309e+03
1.154615e+05
-2.000195e+05
1.739786e+05
-2.721109e+04
7.673964e+04
-9.574966e+03
7.479048e+04
1.626735e+03
1.374919e+04
3.471923e+04
2.900948e+04
4.016370e+04
-1.407155e+03
-2.812838e+04
-3.924535e+04
-2.434076e+04
3.953438e+03
2.673038e+04
-2.311790e+04
-1.374710e+04
3.903653e+04
-1.036543e+04
1.693767e+03
3.362244e+03
5.201019e+02
1.202432e+04
-1.420927e+04
-3.044785e+03
5.092663e+03
3.500655e+03
-1.390131e+04
-8.932411e+02
1.085964e+04
-2.014617e+04
1.004434e+04
9.622747e+03
-5.460375e+03
1.413360e+03
9.145771e+03
1.252494e+04
5.140407e+02
1.001330e+04
4.492829e+01
-1.038447e+03
1.985443e+03
6.224433e+03
-4.285229e+02
-1.107739e+04
-5.605600e+03
-9.194822e+02
-6.929984e+02
-5.555983e+03
-1.376877e+03
4.481460e+02
2.981842e+03
5.831052e+02
-1.260042e+03
1.312589e+03
2.090783e+03
1.503982e+03
5.411757e+02
-4.038911e+02
-6.392080e+02
-9.993989e+02
3.431103e+02
1.510032e+03
-3.499390e+03
-1.253526e+03
-1.221173e+03
-7.114258e+02
-2.700004e+02
1.339050e+03
3.360395e+02
2.043002e+03
-2.486299e+03
2.329483e+03
1.033162e+03
4.149241e+02
-2.413278e+02
1.761955e+02
2.072407e+03
2.010383e+03
-3.613605e+02
-2.762249e+02
2.333091e+03
-9.618647e+01
-1.516841e+03
1.085318e+02
-7.783488e+02
-5.763132e+02
2.606264e+02
-1.845604e+02
5.275215e+02
-6.134177e+02
2.820964e+02
5.496172e+02
1.064896e+03
1.301026e+03
6.700427e+02
1.419790e+03
-5.835505e+02
9.724619e+02
-2.120191e+02
-7.747422e+02
-1.168863e+02
-2.132045e+02
-4.777718e+02
6.006691e+02
-2.333722e+02
1.609678e+02
3.355496e+01
6.605421e+02
1.050449e+02
-2.354326e+02
1.348295e+02
1.436884e+02
2.135295e+02
-1.252448e+02
7.861059e+01
3.082904e+02
7.219019e+01
1.921557e+02
2.321311e+02
3.006580e+01
3.330361e+02
2.388776e+02
-1.323037e+02
-6.521447e+01
-4.798298e+01
-2.979173e+02
-4.461800e+01
6.519459e+01
-2.304612e+01
2.582698e+00
-3.155693e+02
-6.895033e+01
9.229774e+01
-4.896978e+00
5.808146e+01
8.845852e+01
-7.352896e+01
-3.398250e+01
-1.249750e+02
-1.416610e+02
1.093633e+02
1.070359e+02
-1.958222e+02
1.345897e+02
3.516586e+02
-5.878162e+01
-9.508228e+01
6.418760e+00
-9.221881e+01
-3.727090e+01
1.308478e+00
1.268379e+02
-1.244393e+02
-3.153631e+00
-2.376430e+01
8.809515e+01
1.196880e+02
9.816761e+01
4.173902e+00
-1.226024e+01
5.885629e+01
3.635888e+01
-1.197978e+02
-2.820963e+01
3.771961e+01
-7.977056e+01
1.800991e+01
-1.638902e+01
-2.745518e+01
-1.920628e+01
-4.696076e+00
2.677551e+01
-9.591734e+01
-5.863364e+01
8.105940e+01
2.719059e+01
-3.008079e+00
-5.052745e+01
2.918684e+01
-5.067950e+01
2.963552e+01
2.336579e+01
1.671298e+01
2.168564e+01
2.387384e+00
-1.590847e+01
-4.371336e+00
1.415217e+01
-2.972565e+00
1.609137e+01
-7.003663e-01
-9.612156e-01
2.184137e-01
8.652660e-02
5.220580e-01
-2.416378e-01
-1.092760e-01
-3.882892e-02
5.511800e-02
2.726156e-01
-9.319046e-02
-9.194066e-02
-3.650884e-01
-8.412211e-02
2.366093e-01
1.074753e-01
-4.562838e-02
1.112807e-01
-7.655547e-02
-1.160273e-01
6.437715e-02
1.182509e-01
-1.336261e-02
-7.769104e-02
-3.996406e-02
-8.258186e-02
6.054585e-02
-2.370999e-02
-6.169349e-02
