-5.821199e-01
9.335067e-01
-4.897270e-01
5.518222e+01
2.097993e+02
-1.589682e+01
3.371260e-04
-1.221248e+05
2.832265e+05
-2.973987e+05
-2.841975e+05
1.109359e+05
-2.168542e+05
8.788943e+04
-1.264301e+04
-1.050969e+05
-1.247785e+04
-1.497205e+05
1.140685e+05
1.799550e+04
3.214712e+04
-2.915950e+04
-6.258106e+03
8.561030e+04
-1.157847e+04
-1.279347e+04
8.316044e+02
2.860627e+04
-2.443921e+04
-9.492442e+03
3.083644e+04
2.321881e+04
-1.756889e+04
1.331960e+04
-2.382371e+04
-7.853952e+03
1.114007e+04
-1.641960e+04
7.032141e+03
1.028704e+04
-1.233092e+04
-8.249989e+03
2.091780e+03
-1.521542e+04
-1.098993e+03
-3.379469e+03
1.871118e+04
-3.372045e+03
4.308735e+03
-2.853503e+02
-1.980876e+03
2.597329e+03
5.472360e+01
1.271676e+04
5.691159e+03
4.819179e+03
5.954266e+03
5.524294e+03
2.873080e+03
4.251652e+03
-8.531531e+03
4.456589e+03
2.851921e+03
3.019805e+03
9.316557e+02
-3.411261e+02
9.925385e+02
3.825601e+03
5.393514e+02
2.386235e+03
-5.979161e+02
1.532229e+03
1.915506e+03
-2.121239e+03
-3.636798e+03
-3.650307e+03
-1.453962e+03
-1.375253e+03
-1.068554e+03
-9.388494e+02
-1.638509e+03
-6.430250e+02
-5.783091e+02
9.185701e+01
2.652085e+03
-9.776485e+02
-1.156313e+03
6.461122e+02
1.119411e+03
1.297829e+03
8.839240e+02
8.279266e+02
1.447880e+03
7.859104e+02
-2.000764e+02
1.303137e+02
1.521061e+03
-3.209836e+02
-1.069092e+03
-8.966576e+02
1.685345e+02
2.824530e+01
1.259764e+03
-3.764989e+01
-4.776938e+02
-6.533626e+02
-6.048184e+02
1.761468e+03
9.302094e+02
1.256213e+03
1.231739e+03
-3.726852e+02
-8.804787e+02
-2.501008e+02
-1.777363e+01
6.297642e+01
-1.559601e+02
-7.303697e+02
-5.055878e+02
3.316137e+02
5.107394e+02
8.181047e+02
-2.418542e+02
-1.476152e+02
5.537683e+02
-1.983588e+02
-1.717929e+02
-2.881772e+02
-1.541389e+02
6.466025e+02
2.039000e+02
6.824020e+02
-6.502962e+01
1.828915e+02
-1.449273e+02
-2.187864e+02
-4.878848e+01
3.643708e+01
-1.737014e+02
-4.145655e+02
-3.126862e+02
-1.597565e+02
1.041926e+02
1.596850e+02
-6.753060e+01
2.636368e+02
-2.266115e+02
-6.499197e+01
-2.100921e+02
1.514939e+02
1.362344e+02
1.502119e+02
-9.080845e+01
-3.340493e+01
2.485580e+02
1.792896e+02
1.707914e+01
1.110500e+02
1.864578e+02
2.116233e+01
-4.716095e+01
-2.402839e+01
-4.863418e+01
-7.808285e+01
-2.469004e+02
2.730689e+01
-6.640900e+01
2.739441e+02
-1.375813e+02
-1.522999e+02
-2.615266e+01
-5.526680e+01
9.846492e+01
4.997124e+01
-1.115543e+02
-8.079034e+01
3.416020e+01
4.060233e+00
-8.619066e+01
1.534833e+01
-5.305574e+01
5.236760e+00
-2.038995e+01
2.192282e+01
7.241802e+01
-6.390690e+01
-7.928372e+00
7.994727e+01
-1.367984e+02
-6.107116e+01
6.124538e+01
3.086658e+00
2.297993e+01
-1.004110e+01
1.467585e+01
7.366585e+00
1.813298e+01
3.319171e+01
-2.218721e+01
-1.468224e+01
1.981421e+00
-1.731394e+01
6.942342e+00
4.173402e+01
-6.299165e+00
1.395179e+01
-1.900910e+00
-1.367293e+00
-1.012853e-01
-4.587417e-01
3.389609e-01
-2.206723e-01
-6.012496e-01
-7.743087e-01
2.390198e-01
2.762530e-01
4.613773e-01
5.750616e-01
-6.477831e-02
-2.139123e-02
2.608168e-01
1.232309e-01
3.343213e-03
-1.456214e-01
-1.579987e-01
2.127734e-01
-1.343468e-01
9.214226e-02
1.204158e-01
-2.399635e-01
-2.746642e-03
-1.223653e-02
-1.317046e-02
5.038175e-02
8.086393e-02
