-3.797573e-01
1.476792e+00
-3.756862e-01
5.717333e+01
1.830423e+02
-9.637049e+00
3.441276e-04
-4.721679e+04
-1.196601e+05
-1.329970e+05
-9.411655e+04
2.181457e+04
-2.856288e+05
-5.648320e+04
8.578521e+04
-1.921385e+04
1.280495e+05
-6.312268e+04
1.837872e+05
-1.383214e+05
-3.264671e+04
-9.861311e+04
3.294390e+03
1.466593e+04
-4.608473e+04
-5.511462e+04
1.204075e+04
1.809021e+04
1.722076e+04
-8.890415e+03
3.266016e+04
-1.846067e+04
-1.660936e+04
-3.609016e+04
-4.607723e+04
1.327375e+04
2.760918e+04
8.240587e+03
5.760462e+03
1.232225e+04
-1.831798e+03
1.792779e+03
-9.445629e+03
-2.147820e+04
1.233125e+03
-9.293741e+02
-7.908085e+03
-2.915064e+03
1.561874e+03
-6.885658e+03
-5.614122e+02
-3.857136e+03
-5.132232e+03
9.256610e+03
-1.563296e+03
7.255927e+03
4.107062e+03
9.870407e+03
6.683503e+02
-1.595447e+03
-9.125367e+03
3.265389e+03
1.717429e+03
2.489056e+03
-2.188647e+03
2.131869e+03
-8.578239e+02
9.906879e+02
-5.528005e+03
1.230524e+03
2.929498e+03
2.568023e+03
6.651913e+01
-3.902017e+03
-2.899639e+03
-1.539227e+03
-1.551345e+03
2.173584e+03
-1.905233e+03
-1.690865e+03
-2.065938e+03
8.683000e+02
-3.133303e+02
2.225437e+02
7.314362e+02
-4.537909e+02
2.113240e+02
-1.573387e+03
2.284750e+03
3.509646e+02
1.636949e+03
-1.280358e+02
2.051264e+03
1.982197e+03
-5.593028e+02
1.290720e+03
5.493938e+02
-1.844543e+03
-7.555525e+02
-9.563051e+02
1.929105e+02
2.225271e+02
1.326094e+03
-8.007640e+02
-3.561326e+02
-1.143918e+03
1.294084e+03
-4.126824e+01
3.785974e+02
4.488627e+02
2.493027e+01
1.331503e+03
-5.795146e+02
4.550802e+02
-3.084662e+02
2.309362e+01
-5.790178e+02
-2.863856e+02
-3.281869e+02
1.735450e+02
-3.039669e+02
-1.780937e+02
-4.858899e+02
-1.112472e+02
1.088780e+03
-1.196897e+02
8.310667e+01
-2.127895e+02
-3.238221e+02
3.700116e+02
2.571404e+02
4.995452e+02
3.885380e+02
4.996464e+02
-2.306721e+02
-2.985705e+02
1.573905e+02
1.939903e+02
-2.903044e+01
-2.282025e+02
-2.062958e+02
1.352617e+02
1.710304e+02
-2.892727e+01
-5.121242e+01
2.310418e+02
-1.805663e+01
-1.023112e+02
6.061449e+01
4.590228e+02
1.395099e+02
5.402540e+01
1.850981e+02
2.687273e+02
4.612391e+01
6.234593e+01
9.470275e+01
2.574582e+02
7.784885e+01
2.495967e+01
-1.409546e+02
6.567775e+01
9.391658e+01
2.345143e+01
-4.827914e+01
1.211115e+02
-1.192585e+02
1.169114e+02
-1.161027e+02
1.842908e+01
1.599084e+01
1.740523e+01
3.938948e+01
-6.202552e+01
-1.973897e+01
-6.611186e+01
1.985790e+01
-1.292270e+01
-4.382220e+01
1.960418e+01
-5.406931e+01
1.108614e+02
7.366575e+00
-3.357394e+01
9.404763e+01
-4.580372e+01
8.176736e+01
3.850478e+01
-6.537128e+01
-1.038323e+02
5.359985e+01
2.501142e+01
-3.102586e+00
2.575845e+01
-5.798625e+00
1.108830e+01
-3.979332e+01
-3.470465e+01
3.875932e+01
3.162068e+01
7.041041e+01
-3.903885e+01
1.434213e+01
-8.479275e+00
3.011361e+01
5.979763e+00
-1.064382e+00
-6.561537e-02
-1.480653e+00
-2.531367e-01
2.390704e-02
-1.294948e-02
-3.777674e-01
-2.432788e-01
2.547977e-02
-2.027826e-01
-2.232242e-01
-2.492116e-01
-2.065242e-01
-1.926243e-01
1.750628e-01
1.083980e-01
-2.407300e-02
2.786987e-02
-1.190444e-01
-1.153205e-01
-4.903170e-02
-3.071200e-02
-1.616025e-02
-1.293309e-01
-2.492517e-01
-1.714367e-02
7.730439e-02
-1.391455e-01
1.952821e-01
