-7.233736e-01
-8.228450e-01
-5.184717e-01
4.835556e+01
1.908190e+02
-1.418589e+01
3.115496e-04
7.481832e+04
-1.182155e+05
-2.187267e+05
-7.174899e+04
-8.723060e+04
1.089454e+05
9.306145e+04
-9.064241e+04
-4.498596e+04
-1.542378e+04
-4.338795e+04
1.323721e+05
9.460312e+04
1.116043e+04
1.851894e+04
-2.303842e+03
7.494746e+04
4.826220e+02
3.035064e+04
7.792885e+03
-1.481677e+04
-6.661200e+03
-1.362551e+03
-2.281147e+04
-1.725538e+04
-5.842159e+04
-3.028522e+04
1.055414e+04
-1.958579e+03
-1.797168e+04
-1.232933e+04
2.749747e+04
1.287803e+04
-3.037035e+03
1.527009e+04
-9.284658e+03
-2.979362e+03
5.614542e+03
4.921417e+03
9.205117e+03
6.893069e+03
-8.298037e+03
1.255649e+03
7.778786e+03
5.668378e+03
-1.058327e+03
2.026488e+03
6.629704e+03
-1.585015e+03
3.254338e+03
3.716577e+02
4.111272e+03
-1.310957e+03
-4.034805e+02
1.521865e+01
2.326301e+03
-2.386759e+03
2.810378e+03
4.416650e+03
-1.005697e+03
-1.509697e+03
-1.074767e+03
2.436518e+03
-1.301239e+02
-3.243378e+03
-3.909861e+02
8.355155e+02
5.733363e+01
-8.396885e+02
5.342488e+02
1.302735e+03
-1.993940e+03
8.202836e+01
-1.180304e+03
-1.368604e+03
3.648220e+02
1.275028e+03
-4.193061e+02
7.500381e+02
-7.513195e+02
3.830371e+02
1.494143e+03
-8.448991e+02
1.211050e+02
9.807694e+02
1.547356e+03
4.668801e+02
-4.629101e+02
4.918745e+02
1.096282e+03
-3.268893e+02
-2.640170e+02
-3.187812e+02
-7.666281e+02
4.009588e+01
8.254708e+02
-2.941809e+02
-9.840189e+02
3.926185e+02
1.551095e+02
3.798348e+02
6.448251e+02
9.239499e+02
5.039292e+02
-7.453714e+01
-9.027151e+02
4.404602e+02
3.505502e+01
2.687723e+02
3.955958e+02
-1.985362e+02
1.056026e+01
2.032407e+02
2.740083e+02
2.723803e+01
1.289356e+02
-1.856366e+02
1.917251e+02
-3.388678e+02
1.216683e+02
1.316782e+02
1.018319e+02
-7.898804e+01
7.068132e+01
5.590082e+02
-3.554107e+01
2.321031e+02
6.999705e+01
-9.433390e+00
-8.381760e+01
-6.310916e+00
-5.348726e+01
-4.998386e+02
-1.073045e+02
1.253086e+02
-1.904652e+01
2.794507e+02
-1.420102e+01
-5.349258e+01
-2.328284e+01
-1.178335e+01
1.033998e+02
1.947170e+01
6.982871e+01
-6.007850e+01
-1.100194e+02
-1.025244e+02
-7.555095e+01
-2.590109e+01
1.026244e+02
-3.062603e+01
-1.831529e+01
-1.042498e+02
7.157423e+01
6.121479e+01
5.701977e+01
-1.704306e+01
-1.075509e+02
-7.595253e+01
-2.140815e+01
1.120546e+02
-5.064782e+01
-2.214258e+01
-3.693429e+01
-2.963273e-01
5.026290e+01
-5.444746e+00
6.056246e+01
-1.564749e+02
1.885006e+00
-3.556814e+01
-1.245323e+02
7.562334e+01
-6.359312e+01
6.356372e+01
-4.571584e+00
-1.593730e+01
4.384700e+01
-7.793890e+01
1.307036e+01
3.629353e+01
-3.258323e+01
1.027902e+01
4.515108e+01
1.904072e+01
-2.563350e+01
1.651203e+01
4.389559e+01
1.117032e+01
3.759831e+01
8.596939e-01
-2.556049e+01
-4.509903e+01
-2.438144e+01
-1.634458e+01
-1.381537e+00
2.973623e+01
1.834053e+01
1.520066e+00
-4.508985e-01
1.366533e+00
-3.183676e-01
-1.454343e-01
2.230778e-02
-2.176102e-01
-1.784039e-01
-1.618458e-01
3.407370e-01
-6.143146e-02
-1.841719e-01
1.190679e-01
1.235336e-01
-1.140529e-01
-7.978368e-02
-2.837867e-01
4.715051e-03
-2.347325e-02
-5.944624e-02
-3.931895e-02
3.646471e-02
7.573136e-02
1.161665e-01
3.085690e-02
5.743177e-02
5.882290e-02
-6.683792e-02
-1.351827e-03
-4.108574e-03
