-6.621622e-02
-1.243054e+00
-4.863546e-02
5.376000e+01
1.824746e+02
-1.484051e+01
3.710526e-04
3.000773e+04
-6.303467e+04
-6.403137e+04
-3.016588e+05
-1.669639e+05
2.376665e+05
-2.230587e+04
1.423077e+05
-3.747341e+04
-1.569108e+05
-2.037356e+04
3.465135e+04
6.686847e+04
-5.294058e+04
-8.940947e+03
9.384144e+04
6.050102e+04
8.752776e+04
8.155808e+03
-1.767192e+04
-1.144120e+04
-3.347949e+04
-1.121569e+04
1.869837e+04
2.913453e+04
-5.322277e+04
1.340497e+04
-2.527187e+04
-1.588190e+03
-2.132776e+04
-2.747750e+04
2.371470e+04
2.361608e+04
2.531106e+03
-5.060336e+04
-1.174134e+04
-7.932271e+03
2.290127e+04
-6.421681e+02
-2.589049e+04
1.762399e+04
-6.938446e+03
-1.202751e+03
5.428557e+03
1.930381e+04
-7.237087e+03
1.066395e+03
1.905329e+04
-1.137255e+03
-4.333356e+03
8.331463e+01
-9.214027e+02
1.237972e+03
5.021554e+03
-6.104312e+02
-1.562003e+03
-2.118482e+03
-7.954450e+03
9.812823e+02
1.946881e+03
1.341251e+03
-6.286608e+03
-8.218213e+02
8.988715e+02
2.476206e+03
3.105057e+03
3.837091e+03
2.874936e+03
1.470353e+03
3.074999e+03
9.235112e+02
-3.660021e+03
9.515939e+02
-1.767639e+03
-3.331356e+03
-9.416245e+02
1.596594e+03
5.677321e+02
3.511642e+03
-3.909346e+03
-4.985826e+02
-1.654121e+03
1.655706e+03
-1.180774e+03
1.910683e+03
1.018442e+03
3.566135e+02
-2.858957e+02
1.765378e+02
1.400993e+03
2.608713e+02
1.820330e+03
8.272661e+02
-1.946939e+03
3.791139e+02
1.675899e+03
1.083950e+03
-2.378627e+02
-1.319307e+02
3.208748e+02
1.564222e+03
9.285206e+02
1.570457e+03
1.413086e+03
1.895798e+02
-1.396605e+03
-1.662110e+02
-3.758704e+02
4.426063e+02
-9.732236e+02
-1.670895e+02
-2.746358e+01
1.270500e+03
7.604593e+02
7.600442e+02
-4.711613e+02
5.980853e+01
-7.759792e+02
-1.045337e+02
-2.671203e+02
7.179858e+02
3.170744e+02
-2.932252e+02
-6.006969e+02
5.326872e+02
-9.157689e+01
2.461920e+02
2.064904e+02
-5.690602e+01
5.963935e+01
-6.060123e+02
1.746785e+01
-2.105944e+02
-8.406095e+01
3.265215e+02
-4.591537e+02
1.343042e+02
-3.301457e+02
-1.078243e+02
1.940418e+02
7.562086e+01
1.112827e+02
2.699012e+02
1.896490e+01
-2.184413e+00
-3.761774e+02
-3.206754e+02
-1.752061e+02
1.456353e+02
1.038876e+02
-1.918947e+02
2.084519e+02
-2.541167e+02
1.014775e+02
7.067912e+01
-9.764738e+00
-3.090932e+00
-1.078233e+02
1.411203e+01
3.024058e+01
8.878587e+01
-1.190443e+02
-1.353435e+02
1.835878e+01
1.858750e+02
2.859406e+01
-6.298363e+01
-8.882679e+01
-1.707769e+02
-3.830305e+01
5.109867e+00
-1.313848e+02
7.739725e-01
4.491431e+01
-1.819253e+01
-1.027151e+02
2.430455e+01
4.178430e+01
-1.564978e+01
1.093903e+02
8.237824e+01
-9.897000e+00
2.509049e+01
1.867673e+01
6.619775e+01
-4.268949e+01
-3.161257e+00
7.950970e+01
6.728882e+01
-6.861788e+01
-1.267236e+01
-5.061309e+01
-6.772847e+01
-8.375005e+01
-5.307878e+01
2.541207e+01
-2.368811e+01
2.463770e+01
-1.673105e+00
-9.740272e-01
1.046065e-01
1.508884e-01
1.168960e-01
-4.778672e-02
-4.364406e-01
-1.154366e-01
2.258655e-01
6.429696e-02
-4.092013e-02
6.699292e-02
-3.437168e-02
-4.777116e-03
9.579352e-02
4.515758e-02
-8.162902e-02
1.253397e-02
4.831519e-02
1.718620e-01
-1.432173e-01
1.936078e-01
1.137546e-02
-8.495954e-02
4.897454e-02
1.188055e-01
6.840732e-02
-6.906122e-02
-4.276743e-02
-1.440307e-01
