-3.531771e-01
-7.810752e-01
2.194356e-01
4.835556e+01
2.009415e+02
-2.093121e+01
3.467124e-04
-4.030335e+04
-1.261439e+05
2.803470e+04
5.897916e+04
2.521927e+05
6.077749e+04
3.176423e+03
1.348998e+05
1.540565e+05
7.283854e+04
1.314142e+05
-6.817336e+04
1.748460e+05
-3.747670e+04
8.483747e+04
2.938351e+04
-2.350838e+04
-2.027957e+03
-9.021052e+03
1.930788e+04
-1.158844e+04
1.551019e+04
4.053168e+04
-1.738126e+04
-4.688321e+04
-3.244988e+04
9.370135e+03
1.301121e+04
4.545385e+04
1.320911e+04
-1.257943e+04
3.313758e+04
4.266732e+04
3.179024e+04
-1.043717e+04
-2.774217e+04
-5.472234e+03
-1.316402e+04
-6.132239e+03
8.212297e+00
7.528943e+03
4.263737e+03
6.883340e+02
1.631816e+04
4.773844e+03
-6.890526e+03
1.958777e+03
2.677603e+03
9.373344e+03
1.472744e+01
-2.666447e+03
-1.196011e+03
-4.297743e+03
-6.871768e+03
-6.232187e+03
7.885151e+02
-1.097970e+03
6.987338e+03
7.015494e+03
-4.796329e+03
2.776896e+03
-3.848454e+03
1.690250e+03
-8.323288e+02
-1.976429e+03
-9.352539e+01
1.080918e+03
1.037627e+03
2.760166e+03
2.937226e+03
-2.208935e+03
-2.379428e+03
8.260455e+02
1.187311e+03
-3.373329e+03
-9.002704e+02
-1.418194e+03
1.588324e+02
4.188325e+02
-5.251617e+02
-4.395336e+02
9.544877e+02
-2.188108e+03
2.327818e+03
1.665182e+02
4.143441e+02
-8.437865e+01
1.610748e+02
-6.571555e+02
-1.815574e+02
-1.408560e+03
-1.104929e+03
-3.417047e+02
-5.714880e+02
-6.445746e+02
7.736799e+02
-9.268514e+02
-2.934647e+02
-9.232228e+02
-4.962907e+01
1.581131e+02
6.156768e+02
1.551337e+03
2.374573e+02
-3.679685e+02
-5.590316e+02
-8.487048e+01
-3.921443e+02
4.145639e+02
-1.625007e+02
-9.217267e+02
-1.360608e+03
3.840275e+02
8.211235e+02
-4.779965e+02
-1.031618e+02
-1.474790e+01
-2.061465e+02
-6.650020e+02
1.822835e+02
-2.822686e+02
-2.813399e+00
-4.372297e+02
1.970722e+02
4.521420e+02
-4.563564e+02
1.600333e+02
-8.260599e+01
-7.725740e+00
-3.828792e+02
-2.954020e+02
-3.407493e+02
-5.744675e+02
-7.446345e+01
-3.941584e+02
3.351985e+02
3.315563e+02
2.625986e+01
-9.649868e+01
-2.036850e+02
1.317763e+00
4.347003e+01
5.020548e+00
3.277021e+02
-1.034351e+02
-8.716372e+01
-5.032132e+01
9.828160e+01
3.446690e+02
2.121112e+02
-2.417706e+01
-9.341132e+01
2.151529e+02
8.356794e+01
-2.006409e+02
1.919131e+02
1.097058e+02
-3.076778e+02
-7.333722e+01
-2.238878e+01
5.479305e+01
-1.925819e+02
-4.669642e+01
6.715176e+01
1.563443e+02
8.701895e+01
-1.764815e+02
9.211160e+01
-8.088305e+01
1.605086e+02
4.782818e+01
-1.549216e+02
-5.452264e+00
-1.634376e+01
1.223404e+02
-3.039139e+01
-7.544398e+01
4.601455e+01
-7.224187e+01
1.178871e+02
1.615511e+02
-1.510017e+01
3.421384e+01
3.486057e+01
4.758031e+01
3.683206e+01
3.741096e+01
1.529972e+01
-8.325330e+01
2.797331e+00
2.094410e+01
-6.315594e+01
-2.571038e+01
-1.736911e+01
-1.381124e+01
-2.941215e+01
-1.997824e+01
3.017627e+01
-1.397485e+01
6.459370e-01
-2.879578e-01
2.480981e-01
2.074841e-01
-1.967858e-01
3.002562e-01
-4.503031e-01
5.086641e-01
1.727572e-01
5.057593e-01
1.164193e-01
1.269596e-01
-2.241012e-01
3.074027e-02
4.661574e-02
-3.454908e-02
-7.247998e-02
4.239625e-02
-2.547260e-02
1.166063e-01
9.429268e-02
-9.209386e-02
-7.473957e-02
8.071265e-02
1.670292e-01
8.745626e-02
-1.341414e-01
-5.009528e-02
6.196079e-03
