7.820388e-02
8.477254e-01
-7.958256e-02
4.551111e+01
1.732128e+02
-2.245075e+01
3.374892e-04
-8.398761e+04
1.022020e+05
-3.396745e+05
-4.793011e+05
-1.070107e+05
-1.417372e+05
8.094424e+04
-4.715370e+04
-1.487281e+05
-6.059050e+04
-5.400522e+04
1.834252e+05
6.452702e+03
-1.294678e+04
8.929812e+03
-1.244452e+04
4.696054e+04
1.041689e+04
4.784459e+04
-9.945510e+03
1.877779e+04
5.418008e+03
-3.505791e+04
3.258456e+04
-1.688628e+04
-2.509777e+04
-2.585388e+04
-3.486951e+04
-1.956764e+04
-1.001531e+04
-2.317504e+04
1.973290e+04
1.043111e+04
-2.928959e+03
-1.979330e+04
9.209367e+03
-1.304981e+04
6.244516e+03
-5.097668e+03
1.586106e+04
6.933238e+03
-1.462216e+04
-6.787029e+02
-3.687391e+03
-8.630229e+03
-9.366954e+02
-3.153017e+03
-1.978799e+03
5.612517e+03
-7.235087e+02
8.294700e+03
7.468154e+03
-3.023279e+03
-7.221789e+03
3.651354e+03
-1.343634e+03
9.253701e+02
1.356810e+02
3.588814e+03
6.979018e+02
2.741054e+03
1.851300e+02
-3.638237e+02
-4.735909e+02
-2.131356e+03
3.524990e+03
6.741930e+02
-6.841803e+02
-2.039884e+03
-1.769322e+03
-1.602077e+03
-3.778442e+03
6.719929e+02
-1.616129e+02
4.705670e+02
7.442852e+02
1.347326e+03
1.234604e+03
-1.583928e+03
-2.359309e+03
2.064315e+00
2.328991e+02
1.642322e+03
2.259111e+01
2.749825e+03
1.178256e+03
7.430961e+02
-2.319722e+02
-3.563950e+02
1.601383e+03
-2.135064e+03
-1.498597e+02
-2.578427e+02
-6.948600e+02
2.769343e+02
8.328971e+02
-1.081961e+03
1.915838e+02
-1.234487e+03
1.346920e+01
1.244159e+03
1.003964e+03
1.765179e+03
8.740984e+02
3.839493e+02
-5.451602e+02
-3.454219e+02
2.072480e+02
2.157322e+02
1.008946e+02
-8.212569e+02
-3.767864e+02
4.435896e+02
6.362437e+02
7.853977e+02
-6.938570e+01
-1.473079e+02
3.327520e+02
-8.108300e+01
3.217311e+02
-2.084608e+02
-4.880846e+02
2.669924e+02
7.325979e+01
3.929996e+02
-3.728040e+02
8.401862e+01
-2.791638e+02
-4.721393e+02
6.315608e+01
-3.098793e+02
9.184831e+01
-8.352467e+01
-2.581708e+02
1.648071e+02
7.226605e+01
2.845432e+02
-1.509208e+02
5.709585e+01
-1.241754e+02
-2.477208e+02
-1.566674e+02
1.308665e+02
1.796662e+02
3.373994e+02
-8.678502e+01
-1.912163e+02
-7.124696e+01
-4.220971e+01
3.321885e+01
1.437243e+01
2.090868e+02
-1.188133e+02
5.284566e+01
1.212750e+02
-6.799760e+01
-1.270038e+02
-2.989276e+02
1.038340e+01
-4.812774e+01
2.199230e+02
-2.119501e+02
-6.359813e+01
4.350224e+01
-1.161817e+01
1.321203e+02
7.475496e+01
-8.356261e+01
-1.129786e+02
1.159500e+02
6.881018e+01
-4.571883e+01
1.211289e+02
6.531276e+00
4.394417e+01
2.823712e+01
-2.863272e+01
9.978549e+01
-5.435878e+01
3.248078e+01
1.141973e+02
-1.083250e+02
-3.002064e+01
6.603291e+01
2.657104e+01
-4.776475e+01
-2.834388e+01
2.411356e+01
3.849775e-02
1.653783e+01
4.705900e+01
-4.826803e+01
6.713705e+00
3.671696e+00
-4.138279e+01
7.574876e+01
2.624582e+01
-4.162591e+00
1.543135e+01
-2.380622e+00
-8.801015e-01
-3.118547e-01
5.970936e-01
2.281162e-01
5.314997e-01
-1.490047e-01
-6.502621e-01
1.553227e-01
2.017047e-02
4.986454e-01
2.851709e-01
-8.962022e-02
-6.675920e-02
2.499181e-01
-9.370568e-02
-3.796895e-02
-3.815882e-02
-1.139580e-03
2.053377e-01
-7.078221e-02
2.212369e-01
2.588936e-02
-1.117035e-01
2.306877e-01
7.088621e-02
-8.699279e-03
6.670086e-02
2.846334e-02
