-8.024035e-01
9.813201e-01
-4.574860e-01
5.148444e+01
1.967711e+02
-1.303160e+01
3.303375e-04
9.587366e+04
-2.007635e+04
7.110955e+04
1.931335e+04
-1.811223e+05
-2.120526e+04
1.780344e+05
-2.342803e+03
9.652728e+04
-1.456546e+05
-5.261289e+04
1.896429e+05
-4.481732e+04
1.386667e+04
1.666597e+03
7.710113e+04
1.597497e+04
3.745591e+04
4.405807e+04
4.440291e+04
5.420173e+03
-3.480476e+04
2.117682e+03
-3.616428e+04
2.525333e+04
-7.601356e+04
5.303029e+02
-2.342156e+04
2.068515e+04
-7.962721e+03
-4.347139e+04
2.420762e+04
-2.661178e+04
-2.051831e+04
8.728538e+03
-1.458446e+04
-6.268213e+03
6.110055e+03
-2.573409e+04
-4.228758e+03
-5.340781e+02
-9.472055e+03
2.558833e+03
-7.045139e+03
3.565033e+03
6.349328e+03
-3.447253e+03
-1.655096e+03
3.252974e+03
-2.869704e+03
6.907172e+03
3.763881e+03
-6.047323e+03
1.086422e+02
8.033168e+02
-9.580452e+02
-5.713126e+03
-1.920860e+02
6.162169e+02
-7.925164e+01
-2.844837e+03
7.803427e+02
1.814255e+03
8.718287e+02
-7.109604e+00
9.701830e+02
-8.408660e+02
-2.231548e+03
6.105129e+02
2.340960e+03
9.674970e+02
-2.034575e+03
6.798937e+01
-3.454760e+02
-7.902569e+02
2.631989e+02
4.321513e+02
4.853283e+02
5.723860e+02
-1.580838e+02
8.348142e+02
6.826773e+02
1.022594e+03
-2.441780e+03
1.085057e+02
1.705771e+03
5.226462e+02
-9.571812e+02
1.460609e+03
1.375305e+03
-4.182201e+02
2.201184e+02
1.298032e+03
-1.874413e+03
6.930146e+02
4.055794e+02
1.550669e+02
-4.461017e+02
-9.286217e+01
5.551204e+02
-1.311826e+02
7.583542e+02
1.064074e+03
3.451454e+02
-3.388420e+02
-5.531777e+02
4.935488e+02
-2.419952e+02
5.032314e+02
4.845901e+02
3.825009e+01
2.562552e+02
3.597235e+02
1.174139e+02
-1.323387e+02
-6.639697e+01
-2.365537e+02
3.112726e+02
-2.253335e+02
-3.526770e+01
2.374902e+02
-1.322307e+02
2.662907e+02
3.438111e+02
3.762992e+02
3.918973e+02
3.009240e+02
1.681301e+02
-6.378638e+01
3.794653e+02
-6.783128e+01
-1.682701e+02
-8.422935e+01
-2.200652e+02
1.348768e+02
-1.829050e+02
1.944718e+02
-1.506612e+02
-1.361395e+02
-2.693053e+02
-2.620213e+02
3.203463e+01
-9.667069e+00
-3.203471e+01
1.625276e+01
7.018654e+01
-2.934432e+02
7.102456e+00
-2.887200e+00
9.732023e+01
3.987239e+01
4.645309e+01
-2.059492e+02
1.159111e+02
1.263726e+02
2.905718e+01
-7.321236e+01
-3.106290e+01
-4.750803e+01
-3.832388e+01
6.762800e+01
2.188247e+01
-1.810872e+01
1.006150e+02
4.413936e+01
-8.152895e+01
5.582160e+01
-2.892236e+01
-1.390325e+02
-3.328159e+01
-6.399366e+01
-1.248559e+02
7.751872e+01
-6.561912e+01
1.813213e+00
4.669730e+01
-3.063968e+01
1.463392e+02
-8.793460e+01
-6.489172e+01
-6.841748e+01
-2.384176e+01
2.576997e+01
3.906703e+01
-4.524701e+01
-6.553641e+01
-4.833075e+01
2.588343e+01
6.056440e+01
5.356118e+01
2.503439e+00
2.410394e+01
-3.525521e+01
-1.759480e+01
2.811372e+01
2.510368e+01
4.384993e+01
9.216320e+00
3.968059e+01
7.049900e-01
2.201736e+00
-9.719408e-01
4.888230e-01
5.062851e-01
1.679035e-01
7.700962e-02
-3.044438e-01
-1.651590e-01
4.403851e-03
-2.719089e-01
2.358967e-01
2.192079e-01
-1.761522e-02
-1.850341e-01
-2.742748e-01
4.460054e-02
-1.240033e-01
-7.928826e-02
-3.460433e-02
-1.043271e-01
1.897084e-01
-5.227173e-02
1.508719e-02
-1.458084e-01
1.027335e-01
-6.849449e-02
-5.986637e-02
-1.777278e-02
