-1.605217e-01
1.330662e+00
1.520774e-02
5.461333e+01
1.809381e+02
-1.261176e+01
3.417540e-04
-1.449130e+04
-3.076979e+05
-3.930117e+05
-5.758524e+04
-38573
-2.297044e+05
6.899410e+04
9.822322e+03
-8.092712e+04
-6.628309e+04
-1.508330e+05
5.813300e+04
-3.685301e+04
-8.083755e+04
-3.758236e+04
8.749152e+04
8.734304e+03
2.500601e+03
5.621536e+03
8.285845e+03
5.066761e+04
-3.206245e+03
1.436758e+04
1.898012e+04
3.244785e+04
-4.152288e+04
-1.290644e+04
1.105913e+03
1.203526e+04
7.887370e+03
-2.327598e+04
2.443614e+03
2.716308e+04
1.589419e+03
-1.847549e+04
-1.808739e+04
1.178034e+02
1.384434e+04
5.646817e+03
-9.013928e+03
-3.584362e+03
1.458921e+04
-3.712951e+03
-1.363083e+03
-7.284339e+02
3.840850e+03
-2.126242e+02
-2.883295e+03
1.543717e+04
1.352206e+03
6.424400e+03
1.468234e+03
-2.080480e+03
3.222735e+03
3.311430e+03
-5.300029e+03
-1.865800e+03
3.179510e+03
2.428719e+03
5.129744e+03
2.361301e+03
-5.667222e+03
2.021659e+03
9.002275e+02
-4.328968e+02
-3.283589e+02
-3.310187e+03
3.096597e+01
8.510333e+02
2.073440e+03
-1.378849e+03
-1.563247e+03
-1.364233e+03
-5.933984e+02
2.160449e+02
-3.228122e+02
-2.325490e+03
5.774065e+03
1.625543e+02
-1.140207e+03
-2.279988e+03
-1.164346e+03
-2.059694e+02
-8.406008e+02
1.879647e+03
2.476853e+03
1.683939e+03
-2.456377e+03
6.977148e+02
-5.471816e+02
5.553766e+02
7.096783e+02
1.922589e+02
-8.235322e+02
5.083369e+02
-1.500020e+01
-1.290147e+03
1.661712e+00
6.901191e+02
8.601421e+01
1.041144e+03
-1.337013e+03
1.362329e+03
-3.521620e+02
9.563080e+02
-8.499918e+02
1.179452e+03
3.225060e+02
-2.354205e+02
-2.585515e+02
-4.184053e+02
2.567725e+02
-8.847353e+01
8.130635e+00
1.188923e+01
-8.372017e+02
1.508211e+02
7.038570e+02
-3.259648e+02
-3.449900e+02
-2.349076e+02
-1.619312e+02
5.281830e+02
1.195510e+02
5.409022e+02
6.814453e+01
5.274510e+02
-5.535685e+02
7.675732e+01
4.149719e+02
-5.894081e+02
-9.316708e+00
2.378842e+02
-4.441671e+02
-3.517173e+01
6.154951e+01
-3.914194e+02
-5.519593e+01
2.955538e+02
9.536411e+01
-1.376955e+02
-1.250194e+02
1.294036e+02
1.510645e+02
2.059559e+02
5.065304e+02
1.410524e+02
-1.444423e+02
2.879097e+01
1.777033e+02
1.138317e+02
7.273750e+01
-3.785068e+02
-6.772115e+01
-2.304126e+01
2.313626e+02
-6.719159e+01
8.974861e+01
2.744043e+01
6.393134e+01
-2.292039e+01
1.232899e+02
1.741083e+02
4.436480e+01
-8.195679e+01
-1.109226e+02
-6.480597e+00
-1.359305e+01
-2.476083e+01
-1.334099e+01
-1.910807e+01
5.804320e+01
9.136732e+01
-2.737057e+01
1.113425e+01
3.817427e+01
8.775993e+01
1.686210e+02
-6.348209e+01
4.301638e+00
2.092190e+01
-1.694997e+01
2.153355e+01
2.166081e+01
5.628207e+01
-1.484214e+00
2.718611e+01
-3.532941e+01
2.475633e+01
6.455699e+00
-2.497902e+01
1.139188e+01
1.736946e+01
-5.313588e+01
-1.531577e+01
4.416467e+01
-2.161788e+01
2.931315e+01
2.262148e+01
-2.275643e+00
4.148170e+00
-5.823182e-01
4.973642e-01
1.565207e-01
-8.869134e-02
-9.624042e-02
-1.133739e+00
1.587551e-01
-1.153278e+00
-3.403672e-01
-8.778163e-02
1.001840e-01
1.703103e-01
-2.121916e-02
-7.778513e-02
7.931983e-02
5.522993e-02
6.906003e-02
-2.189562e-02
-6.418096e-03
3.012908e-02
1.486707e-01
-1.283660e-03
-4.778325e-02
-4.638569e-02
8.779959e-02
-1.887539e-01
-3.698921e-02
