-6.942728e-02
1.211087e+00
-5.576367e-01
5.546667e+01
1.694668e+02
-1.524732e+01
3.400650e-04
2.540380e+03
1.432508e+05
-4.148736e+05
-2.801761e+04
-1.327737e+05
-1.073661e+05
-1.447440e+04
1.877344e+04
-3.230668e+04
1.133632e+05
-4.718476e+04
5.676292e+04
1.897379e+04
-4.776425e+04
-4.845623e+04
7.443467e+04
-1.393916e+03
1.465937e+04
2.870052e+03
2.389918e+04
1.859504e+04
-2.954054e+04
-1.207582e+04
-2.072414e+04
1.892803e+04
3.999817e+03
-1.162984e+04
1.341264e+04
1.333965e+04
2.671984e+04
7.568623e+03
-1.945814e+04
-3.476077e+03
-1.184595e+04
-1.503007e+04
2.851959e+03
2.195919e+03
6.861453e+03
-2.044290e+04
2.447318e+04
4.716670e+03
1.679195e+03
-5.190104e+03
-3.892229e+03
-2.389214e+03
-2.345945e+03
5.420591e+03
-4.427233e+03
9.665727e+03
1.437853e+03
1.011475e+04
3.368189e+03
-5.764744e+03
-6.255715e+03
-6.081358e+03
-1.342861e+03
-5.133107e+03
3.168188e+03
8.853298e+01
2.416679e+03
-8.128656e+02
1.985152e+03
-2.856625e+02
4.281488e+03
1.138130e+03
-9.198218e+02
-2.536556e+03
-1.197894e+03
2.945945e+02
-3.058630e+03
2.378346e+02
-4.866782e+03
-1.238807e+03
1.842559e+03
-4.362530e+02
3.115760e+02
-2.749117e+03
4.925744e+03
-1.552687e+03
-1.939368e+03
-4.812791e+02
7.612324e+02
1.392313e+03
6.365032e+02
-1.970503e+03
2.553221e+02
5.951689e+02
-1.715582e+03
-3.699777e+02
5.420569e+02
2.795274e+02
-1.061438e+03
2.226121e+02
-1.657169e+02
-1.648711e+02
4.043281e+02
-9.501912e+02
9.631447e+02
-8.440757e+02
-1.542733e+02
9.753038e+02
4.056719e+02
1.162047e+03
-4.451749e+02
3.422452e+02
-1.222699e+02
1.316326e+02
-2.750746e+02
5.662671e+00
5.392104e+02
-8.438850e+02
-6.863989e+02
1.752818e+01
-2.803755e+02
-3.208419e+02
-5.356780e+01
9.873249e+01
-1.254000e+02
-1.474722e+02
3.458351e+02
-1.542449e+02
-2.754517e+02
7.543302e+02
5.413195e+02
1.288956e+02
2.340199e+02
2.435719e+02
-1.598247e+02
5.372144e+01
3.998848e+02
-3.368399e+02
-2.336721e+01
9.262136e+01
-1.098483e+02
-2.259059e+02
1.904659e+02
1.479578e+02
1.220411e+02
1.927200e+02
-1.529381e+02
-4.288698e+02
-1.287839e+02
-5.650724e+01
2.085594e+02
1.828710e+02
2.944104e+02
7.900781e+01
-1.955871e+02
-2.433877e+01
1.487735e+02
1.761565e+02
-6.760548e+01
7.269920e+01
1.293677e+02
5.543387e+01
2.459334e+01
7.340430e+01
-1.428091e+02
-9.636118e+01
-1.178415e+02
1.469518e+02
-3.976058e+01
1.405818e+01
-7.619302e+01
4.879134e+01
2.354051e+01
1.836998e+01
-3.403167e+01
-4.290510e+01
6.595117e+01
4.417094e+01
-4.596841e+01
2.726259e+01
-8.400203e+01
-3.657680e+01
9.526788e+01
3.805619e+01
9.803008e+01
-1.220660e+02
-3.398967e+01
5.725491e+01
-8.749258e+01
-1.034983e+01
8.024612e+01
-1.925491e+01
-3.582819e+01
2.255924e+01
1.041488e+01
-4.139798e+01
5.018187e+01
5.552458e+01
-2.526904e+01
4.166243e+00
2.825947e+01
6.844942e+00
6.380246e+01
5.053887e+01
-7.240930e+00
2.359573e+01
-3.924274e-01
-6.464531e-02
-3.530084e-01
6.965435e-01
1.074791e-01
7.411141e-01
8.859171e-02
-5.934745e-01
-6.221289e-03
1.108196e-01
-1.668774e-01
2.359594e-01
-2.849803e-01
-1.241755e-02
-3.021641e-02
1.676576e-02
3.088158e-02
-1.538723e-01
-4.219690e-04
9.768194e-02
-3.271906e-01
8.987118e-02
2.007783e-02
-2.071065e-01
-1.353434e-01
-4.083937e-02
6.788570e-02
-5.996729e-02
3.483405e-02
