-4.337710e-01
-8.441206e-01
2.676042e-01
5.034667e+01
2.059092e+02
-2.093399e+01
3.376193e-04
-9.731738e+04
-1.952903e+05
-2.547338e+05
5.351679e+02
3.024942e+05
-147444
8.921548e+04
-5.071725e+04
7.044747e+04
1.759740e+04
-4.419648e+04
8.695079e+04
2.433348e+03
-6.413706e+04
-4.372039e+04
-3.616953e+04
-2.048625e+02
-7.273291e+03
9.851520e+03
-4.416369e+04
6.990748e+04
2.767775e+04
-2.154485e+04
-7.508383e+03
-3.542938e+04
1.108735e+04
-1.131017e+04
-1.302720e+04
-1.190002e+04
-1.666109e+04
-1.708597e+04
1.469834e+04
1.650699e+04
-2.247684e+04
-7.910973e+03
4.051826e+02
-3.005010e+03
5.835631e+03
5.745418e+03
6.138641e+03
1.509020e+03
-9.893127e+03
3.233433e+03
2.602806e+03
-4.058440e+03
-2.136303e+03
-6.191218e+03
5.361432e+03
2.541757e+01
2.500347e+03
9.332014e+03
5.056024e+03
-7.855995e+03
-9.453262e+03
2.887827e+03
1.040196e+03
2.051078e+03
-1.814088e+03
3.204442e+03
8.067716e+02
3.651662e+03
-5.588865e+03
2.411212e+03
8.860256e+01
-1.411460e+03
-2.243826e+03
-2.674665e+02
-1.915363e+03
-4.213031e+02
-1.769866e+03
-7.327639e+02
-1.730566e+03
2.123576e+03
-1.830795e+03
-1.635981e+02
1.167253e+03
9.419425e+02
-2.746242e+02
-1.579000e+03
-1.461883e+03
6.180308e+02
5.533401e+02
8.358102e+02
4.548437e+02
2.804114e+03
1.084435e+03
6.376952e+02
4.267008e+02
1.991252e+02
7.475606e+02
-1.754967e+03
-8.478362e+01
-1.366055e+02
5.453143e+02
5.434213e+02
8.188488e+02
-1.214885e+03
4.612546e+02
-5.439118e+02
2.682208e+02
9.589644e+02
1.681626e+03
1.302599e+03
5.364554e+02
1.677807e+01
1.153044e+02
1.750790e+02
7.408241e+00
3.265019e+02
-3.789553e+02
-6.744886e+02
-4.431025e+02
-8.757345e+01
8.083818e+02
4.491908e+02
-1.721314e+02
-2.895363e+02
9.087495e+02
-5.014213e+02
5.439296e+02
-9.549002e+01
-5.704813e+02
-2.004790e+01
3.006311e+02
3.277428e+02
-2.652069e+02
-2.039381e+02
-1.891723e+02
-3.876786e+02
1.907649e+02
-2.605277e+01
1.248993e+02
7.050336e+01
-1.200510e+02
5.319770e+01
3.161404e+02
2.483918e+02
-4.969419e+01
1.106354e+01
-1.632825e+00
-2.277411e+02
5.094661e+01
5.101065e+02
2.413250e+02
2.433827e+02
-1.876403e+01
-4.151965e+01
-1.215979e+02
1.341507e+01
1.406948e+02
-2.661563e+01
9.183543e+01
-1.035617e+02
-2.802272e+01
-6.810674e+00
4.595376e+01
-1.203936e+02
-2.353015e+02
2.807070e+01
4.251294e+00
2.051733e+02
-2.303659e+02
1.422468e+02
9.869188e+01
-1.926231e+01
1.952215e+02
5.740155e+00
-2.543271e+01
-8.524407e+01
8.917613e+01
2.753582e+01
-7.264696e+01
1.296056e+01
-1.647942e+01
1.197929e+02
-1.494899e+00
-9.982902e+01
4.195440e+01
5.329245e+00
1.093110e+02
1.135163e+02
-5.986371e+01
-1.814819e+01
4.846323e+01
8.531288e+00
-7.910419e+01
3.391870e+01
1.550605e+01
-1.905466e+01
-2.802254e+01
1.787925e+00
-7.598166e+01
1.402046e+01
-3.749055e+01
-6.530054e+01
-1.889420e-01
1.668815e+01
5.234312e+01
2.271863e+01
-1.976682e+00
-5.322173e-01
-2.187702e-01
1.006263e+00
4.591865e-01
3.738277e-01
-2.267174e-01
-2.278927e-01
3.451543e-01
-7.582722e-02
3.514068e-01
-9.020448e-02
-2.363733e-01
-1.934006e-02
2.043831e-01
-1.326960e-01
-1.392950e-01
-1.540013e-01
-9.629681e-02
1.075741e-01
1.027387e-02
-2.426209e-02
-1.375204e-01
-1.261739e-01
3.035970e-01
-2.925332e-03
-1.228106e-01
-3.024014e-02
-2.991508e-02
