-3.444761e-01
5.791191e-01
2.176346e-01
5.063111e+01
1.970610e+02
-1.977922e+01
3.321772e-04
-2.635456e+05
3.947629e+05
-2.944128e+05
1.705769e+05
4.574608e+05
-4.044961e+05
8.313662e+04
-1.290961e+05
-5.829677e+04
2.018782e+05
-6.881726e+05
-8.336245e+04
3.745126e+04
6.305158e+04
-8.663210e+04
7.082692e+04
2.480868e+04
-4.717127e+04
-1.310696e+05
-1.894482e+05
5.771240e+04
7.167111e+04
1.211586e+04
-4.485122e+04
-1.600915e+04
1.185860e+05
6.894952e+04
2.323554e+04
-5.034377e+04
6.382717e+04
8.705778e+04
-1.508330e+04
4.796140e+03
-2.892330e+04
1.362538e+04
-4.319405e+04
-2.525300e+04
-6.534007e+03
2.574158e+04
2.493642e+04
-8.161991e+03
-1.417848e+03
-2.571409e+04
4.488945e+04
-1.672613e+04
1.848256e+03
3.668512e+04
-1.878858e+04
-6.816780e+03
2.047008e+04
1.439286e+04
-2.567211e+04
-6.587378e+03
4.872060e+03
2.232320e+04
7.996742e+03
1.262376e+04
5.023842e+02
-1.328420e+04
-3.119407e+03
-1.644396e+03
8.440646e+03
1.815338e+04
-8.603301e+02
-7.259270e+03
-1.074448e+03
-7.526107e+03
-5.457288e+03
-1.090244e+04
6.836758e+02
6.536771e+03
-1.689136e+03
-1.413696e+03
-3.094507e+03
7.438682e+02
5.549266e+02
-4.157993e+03
2.953185e+03
3.208573e+03
-2.786621e+03
7.595718e+03
1.455597e+03
4.171821e+02
1.626070e+03
-1.910641e+03
-6.574732e+01
5.257413e+02
4.109704e+02
2.137292e+02
3.827607e+03
1.391615e+02
-1.668453e+03
-5.324786e+02
1.104619e+03
3.549881e+03
-2.144988e+03
-2.069409e+03
-6.546591e+02
2.555653e+03
-4.250532e+02
2.455507e+03
4.337718e+02
2.529450e+03
2.764402e+03
-5.702602e+02
7.282609e+02
1.995847e+03
1.091373e+03
-1.517649e+03
7.495645e+02
-1.805226e+03
-1.766871e+03
7.963685e+02
1.460761e+02
-1.652427e+02
-9.666940e+01
1.115618e+03
8.480577e+02
-6.357552e+02
-1.034555e+03
-2.750766e+02
-2.562766e+02
9.889848e+02
8.896265e+02
1.130062e+03
1.326216e+02
-6.627218e+01
-1.944347e+02
4.416470e+02
2.747558e+02
-3.385161e+02
3.165135e+01
-1.976340e+02
-2.057255e+02
-5.660019e+02
-4.898894e+02
5.247388e+02
-3.728008e+01
2.942506e+02
-1.685111e+02
9.298449e+02
-2.355372e+00
-1.160750e+02
1.882095e+02
5.005329e+02
-7.540928e+02
1.193606e+02
1.123997e+01
-2.996774e+02
1.911302e+02
7.943173e+02
-2.480517e+02
-2.216587e+02
1.811438e+02
5.487598e+00
2.101666e+02
-1.424518e+02
3.727550e+01
-3.424907e+02
-1.416060e+02
2.148940e+02
-1.991337e+00
6.673523e+01
-3.448251e+00
-3.969469e+02
-8.971276e+01
4.507005e+02
8.418277e+00
-2.254473e+02
3.990304e+01
-4.456563e+01
1.696596e+02
3.809003e+01
-2.791986e+02
4.523906e+01
-5.929847e+01
-4.869306e+00
5.007371e+01
-9.032677e+01
-6.123740e+01
-4.383713e+01
-1.653776e+02
-1.374255e+02
2.331571e+01
3.359661e+01
6.837089e+01
8.944110e+01
1.977028e+01
-4.014521e+01
4.609745e+01
-9.054259e+00
3.248099e+01
3.617400e+01
8.697375e+01
-1.068895e+02
9.197879e+01
1.481628e+02
-4.923990e+01
5.029253e+01
-1.926755e+00
-8.354621e-01
-5.028444e-01
-1.776746e+00
1.566970e-01
-5.585714e-01
-2.390570e-01
-1.170244e+00
-1.291699e-01
-1.320807e-01
4.117426e-01
2.739022e-01
5.038439e-02
-2.130462e-01
4.569234e-02
4.457700e-01
-3.147274e-02
-6.512087e-02
-1.921331e-01
1.821312e-01
-3.029110e-01
-2.973725e-01
3.406773e-01
-4.853362e-01
-1.410289e-01
5.200054e-03
4.660852e-01
2.313486e-01
2.139337e-01
