-8.533432e-01
8.067742e-01
-4.050056e-01
5.262222e+01
2.038881e+02
-1.398715e+01
3.303392e-04
9.569253e+04
-2.035252e+04
7.107722e+04
1.927884e+04
-1.810562e+05
-2.116816e+04
1.780746e+05
-2.304419e+03
9.649812e+04
-1.456426e+05
-5.259546e+04
1.896485e+05
-4.481145e+04
1.388336e+04
1.637247e+03
7.711883e+04
1.598431e+04
37466
4.406512e+04
4.440157e+04
5.416467e+03
-3.480748e+04
2.082550e+03
-3.616430e+04
2.527129e+04
-7.602934e+04
5.465914e+02
-2.341639e+04
2.068819e+04
-7.957534e+03
-4.347346e+04
2.420431e+04
-2.662638e+04
-2.051336e+04
8.726815e+03
-1.457981e+04
-6.269495e+03
6.114663e+03
-2.572673e+04
-4.227564e+03
-5.389102e+02
-9.479652e+03
2.553855e+03
-7.044819e+03
3.568865e+03
6.350334e+03
-3.452717e+03
-1.658719e+03
3.255198e+03
-2.867842e+03
6.905938e+03
3.763231e+03
-6.045330e+03
1.098371e+02
8.014805e+02
-9.552159e+02
-5.717306e+03
-1.863469e+02
6.163811e+02
-7.879800e+01
-2.849813e+03
7.840029e+02
1.815142e+03
8.715726e+02
-7.030609e+00
9.715392e+02
-8.421797e+02
-2.230253e+03
6.107078e+02
2.341731e+03
9.704545e+02
-2.034287e+03
6.672371e+01
-3.442471e+02
-7.908250e+02
2.641915e+02
4.312740e+02
4.854039e+02
5.730842e+02
-1.567216e+02
8.352109e+02
6.820856e+02
1.023937e+03
-2.442432e+03
1.084030e+02
1.705900e+03
5.224728e+02
-9.577195e+02
1.460903e+03
1.375922e+03
-4.172400e+02
2.203663e+02
1.297258e+03
-1.873980e+03
6.938536e+02
4.050352e+02
1.555017e+02
-4.457666e+02
-9.262830e+01
5.555206e+02
-1.314512e+02
7.576292e+02
1.063824e+03
3.449951e+02
-3.388666e+02
-5.532596e+02
4.934762e+02
-2.422972e+02
5.029714e+02
4.846534e+02
3.843646e+01
2.562385e+02
3.595866e+02
1.169570e+02
-1.321046e+02
-6.627422e+01
-2.363658e+02
3.108897e+02
-2.251857e+02
-3.557470e+01
2.375980e+02
-1.321560e+02
2.663674e+02
3.435857e+02
3.761902e+02
3.921446e+02
3.010627e+02
1.681763e+02
-6.379730e+01
3.796658e+02
-6.808167e+01
-1.683197e+02
-8.408502e+01
-2.199918e+02
1.350918e+02
-1.831071e+02
1.941723e+02
-1.505434e+02
-1.361728e+02
-2.693965e+02
-2.621169e+02
3.204387e+01
-9.802659e+00
-3.221808e+01
1.633998e+01
7.020135e+01
-2.935860e+02
7.009798e+00
-2.972261e+00
9.728128e+01
3.972038e+01
4.648738e+01
-2.059920e+02
1.158343e+02
1.264405e+02
2.908278e+01
-7.310822e+01
-3.089414e+01
-4.746974e+01
-3.834387e+01
6.762784e+01
2.200907e+01
-1.814801e+01
1.005812e+02
4.415725e+01
-8.161806e+01
5.594212e+01
-2.884698e+01
-1.390027e+02
-3.325946e+01
-6.403707e+01
-1.248257e+02
7.756744e+01
-6.557895e+01
1.719813e+00
4.675786e+01
-3.063359e+01
1.463661e+02
-8.791498e+01
-6.503501e+01
-6.841413e+01
-2.372958e+01
2.576774e+01
3.911493e+01
-4.524691e+01
-6.554715e+01
-4.835440e+01
2.586519e+01
6.054409e+01
5.358790e+01
2.523989e+00
2.414496e+01
-3.527625e+01
-1.760080e+01
2.816060e+01
2.514627e+01
4.388224e+01
9.175594e+00
3.966185e+01
7.051808e-01
2.201019e+00
-9.720179e-01
4.885858e-01
5.063781e-01
1.680047e-01
7.740057e-02
-3.045863e-01
-1.651304e-01
4.211840e-03
-2.719431e-01
2.362345e-01
2.192137e-01
-1.760721e-02
-1.852244e-01
-2.743361e-01
4.465798e-02
-1.238912e-01
-7.921080e-02
-3.468328e-02
-1.044501e-01
1.897640e-01
-5.226268e-02
1.522288e-02
-1.458957e-01
1.026616e-01
-6.826394e-02
-5.977828e-02
-1.787221e-02
