4.212355e-01
1.172148e+00
4.583671e-01
5.148444e+01
1.481908e+02
-1.421368e+01
3.290540e-04
-3.854244e+05
2.335933e+04
1.488612e+05
-2.875496e+05
2.814916e+05
-3.244825e+05
-1.181066e+04
1.898434e+05
-2.202106e+05
4.934377e+04
-1.084879e+05
4.073935e+04
7.414129e+03
-3.135506e+04
-3.407939e+04
-7.664358e+03
3.924890e+04
1.692984e+03
-2.582158e+04
2.251307e+03
2.862149e+03
2.818145e+04
4.045757e+02
-4.890941e+03
2.572701e+04
-4.284852e+04
-3.320044e+04
-2.507959e+04
-1.313425e+04
3.431241e+04
-2.922161e+04
-1.871509e+03
1.912560e+03
1.096263e+04
-1.230195e+04
6.129335e+02
-1.969315e+04
4.608928e+03
-8.007939e+03
1.432494e+04
2.848981e+03
-2.672191e+03
-3.947331e+03
6.528100e+03
-1.833839e+03
-7.849044e+01
-4.098581e+03
-1.048729e+04
4.497229e+03
4.670228e+03
8.859642e+03
5.122196e+03
-9.478351e+03
-7.802423e+03
-5.690316e+02
-2.227003e+03
3.207552e+03
-5.238649e+03
2.034564e+03
1.451035e+02
1.096981e+04
-6.346094e+03
2.787300e+03
2.483796e+03
5.860972e+03
4.521771e+03
-1.232817e+03
-1.558167e+03
9.827583e+02
-3.649146e+02
-3.828747e+03
-5.315875e+03
-7.375748e+02
-2.852429e+03
-2.995942e+02
-3.347580e+02
1.252345e+03
4.050051e+03
-2.046253e+02
-5.139155e+03
2.343970e+02
5.065405e+02
8.501137e+01
1.372826e+03
3.641385e+02
1.545380e+03
2.216077e+03
-6.828636e+02
-4.852653e+02
9.201888e+02
-3.296686e+02
-1.173581e+03
-1.093793e+03
-7.301425e+02
-6.247428e+02
5.530724e+02
-2.134134e+03
1.308983e+03
-1.799326e+03
-5.881926e+02
1.891396e+03
1.746872e+03
2.308188e+03
5.613093e+02
1.252068e+03
-1.921963e+02
7.054982e+02
2.108182e+02
-5.559432e+02
-2.529675e+02
-1.078184e+03
-1.238234e+03
3.810052e+02
3.194600e+02
3.546210e+02
-9.936200e+02
-8.471329e+01
8.593989e+02
-5.808004e+02
-5.286637e+01
-3.034022e+02
-4.741363e+02
2.615821e+02
1.793184e+02
4.266285e+02
-1.177077e+02
1.926774e+02
-9.209448e+02
-2.809837e+02
6.845815e+01
-1.904749e+02
7.976632e+01
3.039677e+00
-3.254500e+02
-3.423616e+02
2.495417e+02
3.690079e+02
-1.887664e+02
2.600184e+02
-1.266085e+02
-2.919516e+02
-1.529108e+02
3.145610e+02
5.850292e+02
3.641917e+02
-9.977844e+01
1.140878e+02
-1.017591e+01
2.157111e+02
8.737861e+01
4.307247e+02
-4.548392e+01
-1.842815e+02
2.644216e+02
5.871141e+01
-3.482823e+01
-1.229285e+02
-3.132921e+02
-4.298889e+01
2.536795e+01
1.819799e+02
-3.262205e+02
7.866880e+01
1.255568e+02
7.720886e+00
1.747889e+02
4.083229e+01
-8.070301e+01
-1.205105e+02
8.425405e+01
-2.347985e+00
2.916158e+00
6.789975e+00
-7.694141e+01
5.546418e+01
-1.765700e+01
-8.894704e+01
1.037391e+02
-2.252528e+01
1.605435e+02
9.969260e+01
-2.238462e+02
-7.201237e+01
4.743387e+01
7.127934e+00
-3.025568e+01
3.667640e+01
-3.444904e+01
-2.875249e+01
-4.121215e+01
6.297339e+01
-3.453013e+01
5.375895e+01
1.903422e+01
-8.030698e+01
1.577335e+01
-5.500180e+01
2.507268e+01
3.619029e+01
-3.254123e+00
-8.148376e-01
-1.975452e-01
-4.095777e-01
7.865870e-02
-5.130396e-02
-7.882547e-01
-6.451364e-01
-3.151023e-02
-1.617723e-01
8.715594e-01
-4.216138e-01
-2.286325e-01
1.930644e-01
2.506796e-01
4.765656e-01
6.291343e-02
-2.630476e-01
-1.639340e-01
7.391639e-03
-3.564619e-01
3.851132e-02
-1.623755e-01
-1.610268e-01
6.426642e-02
-3.926938e-03
9.304488e-02
-1.947958e-02
6.189457e-03
