-1.068119e-01
6.847501e-01
-1.198697e-01
4.437333e+01
1.839851e+02
-2.201872e+01
3.449373e-04
4.584647e+04
8.442538e+04
-2.641344e+05
9.548523e+04
-2.004655e+05
3.107110e+04
-1.404173e+05
5.079991e+04
-3.541637e+04
3.837593e+04
-9.604786e+03
9.550362e+04
-2.421916e+01
-7.403480e+04
-6.864098e+03
1.200918e+05
-3.083899e+04
2.894121e+04
-1.444815e+04
1.845992e+04
-9.956132e+03
-3.682983e+04
7.632403e+03
-3.405495e+04
-1.926442e+03
1.145713e+03
-6.023299e+02
1.982393e+04
2.749426e+04
1.956540e+04
4.928837e+03
-1.853322e+04
-6.564436e+03
-1.436558e+04
5.786450e+03
1.330178e+03
6.731672e+03
5.099460e+02
-2.461432e+04
7.414258e+03
-1.061857e+03
1.588240e+04
3.663559e+03
-4.730356e+03
-1.411207e+03
-2.024892e+03
9.021794e+03
-4.904217e+03
2.494028e+03
1.357999e+02
7.131207e+03
-3.812014e+02
-5.199567e+03
2.155077e+03
-6.033742e+03
7.411037e+02
-6.474142e+03
6.716933e+03
-2.777962e+02
3.882764e+03
-3.611744e+03
-4.181142e+02
9.569438e+02
3.652752e+03
1.744512e+03
-2.147918e+03
-2.457667e+03
1.543861e+02
7.670236e+02
-1.178834e+03
8.898146e+02
-3.039780e+03
-2.634934e+03
2.579727e+03
-6.469402e+02
-8.859649e+02
-1.576345e+03
2.742877e+03
-9.231886e+02
-1.446672e+03
-3.100871e+01
-4.057764e+02
4.993271e+02
-6.827253e+02
-2.166314e+03
1.018808e+02
5.231473e+02
-1.906232e+03
1.839256e+02
3.894192e+02
7.144524e+02
-1.064813e+02
7.475154e+02
-6.776412e+02
-3.986808e+02
-2.522981e+02
-7.370584e+01
1.458632e+02
-8.676417e+01
2.473590e+02
-5.364429e+01
-1.615740e+02
3.310040e+02
-4.147331e+02
3.261936e+02
-3.145320e+02
6.134302e+02
-2.573824e+02
-2.440895e+02
4.831135e+02
2.761639e+02
1.014852e+02
-9.519015e+01
-7.867834e+02
-7.666540e+02
2.493933e+01
1.315978e+02
-1.367095e+02
-2.686655e+01
1.126003e+02
2.545293e+02
2.520294e+02
5.093451e+02
5.126497e+02
4.149693e+02
5.158414e+02
5.148208e+02
8.734982e+01
1.603146e+02
4.067518e+02
-3.521008e+01
7.074659e+01
1.643426e+02
-8.775591e+01
-3.009873e+02
6.422792e+01
-1.094926e+02
1.808698e+02
1.672385e+02
-1.397467e+02
-3.102591e+02
8.759047e+01
-2.316208e+02
1.481284e+02
3.250985e+01
3.650683e+02
1.519310e+02
-1.183141e+02
-4.577598e+01
2.594655e+02
1.577431e+02
-1.269148e+02
1.751644e+01
1.003521e+02
2.824338e+01
6.287802e+01
1.542777e+02
9.274076e+01
-1.234990e+02
-1.699424e+02
-2.731393e+01
1.254891e+02
3.511643e+01
-1.492157e+01
5.962628e+01
-6.676575e+01
-1.762726e+01
3.851665e+01
-2.052345e+01
1.619935e+01
-2.688382e+01
-3.752692e+00
6.343662e+01
1.555306e+01
-7.983862e+01
1.064084e+02
1.212792e+02
6.994705e+01
-1.430255e+02
-1.129341e+02
-1.409708e+01
-1.417093e+01
5.454777e+00
1.715693e+01
-7.952720e+00
4.547013e+00
2.089919e+01
1.257318e+01
-2.296664e+01
5.980668e+01
2.049172e+01
8.747807e+00
-2.481575e+01
1.919057e+01
4.694017e+01
4.301214e+01
1.135778e+01
3.281138e+00
1.348423e+01
1.106669e+00
2.094649e-01
-8.043008e-01
3.823630e-01
1.926474e-01
5.861132e-01
3.083266e-02
-2.756830e-01
-4.205823e-01
-4.463139e-01
-3.391035e-01
1.210317e-01
7.265542e-03
3.496091e-02
-2.081492e-01
-3.911230e-02
8.095176e-02
-1.053934e-01
-2.463157e-02
-5.926893e-02
-1.024549e-01
3.043077e-02
3.655450e-02
-1.724302e-02
-2.640367e-01
4.025197e-02
-3.519227e-02
-9.514681e-02
6.297801e-02
