-4.796928e-01
-5.891379e-01
2.600561e-01
5.575111e+01
2.146019e+02
-2.222877e+01
3.490078e-04
7.717862e+04
2.876357e+05
-3.625999e+05
-2.192561e+05
1.315318e+04
1.162469e+05
1.121997e+05
2.977912e+04
7.804436e+04
-7.845135e+04
3.081730e+04
7.115720e+04
1.199072e+05
4.077898e+04
1.077740e+05
2.836839e+04
1.556561e+04
4.405582e+04
5.207682e+04
-8.606124e+03
-1.280177e+04
-1.073145e+04
-4.429684e+03
3.768479e+04
-8.958405e+03
-1.821393e+04
1.311347e+04
-4.904627e+03
-9.271484e+03
-7.988116e+03
-1.951996e+04
3.892052e+04
-1.392443e+03
-6.696289e+03
-9.970708e+03
-8.508871e+03
-1.368871e+04
6.008251e+03
-5.448598e+03
1.422530e+04
1.026629e+04
1.724873e+03
3.468945e+03
-4.741499e+03
1.284209e+04
-2.053163e+03
1.704200e+04
1.170196e+04
5.092966e+03
5.558252e+03
3.790217e+03
-1.453320e+03
2.952506e+03
1.835835e+03
2.007716e+03
-1.461766e+03
-1.833131e+03
7.042137e+01
9.213643e+02
-2.919682e+03
-4.128581e+03
3.162243e+03
1.398229e+03
-2.482518e+03
-1.047138e+03
1.148683e+03
2.622853e+03
-3.585152e+02
-2.898229e+03
-1.466424e+03
1.487996e+03
-3.203042e+03
-5.999696e+02
1.419384e+03
-1.180340e+03
1.078018e+03
-2.508311e+02
4.674952e+02
6.975636e+02
-3.235195e+03
1.694028e+03
6.331824e+02
3.733731e+02
2.151466e+02
1.638895e+03
-3.118705e+02
-9.747001e+02
-5.832339e+02
6.490701e+02
9.080628e+02
4.387490e+02
-9.799248e+02
6.998838e+01
-1.769266e+03
-3.475742e+02
1.283099e+03
4.073195e+02
-9.994813e+02
-4.196884e+02
-4.302784e+02
2.343274e+03
2.283844e+02
1.327595e+03
7.464304e+02
-1.135124e+03
-9.662407e+02
-1.962398e+02
3.984134e+02
2.323661e+02
4.051080e+02
-6.065870e+02
-7.562103e+02
4.594486e+02
1.530987e+02
3.506096e+02
4.176677e+02
-4.556550e+02
-3.875013e+02
-8.385880e+01
2.351937e+02
-1.072590e+02
8.396398e+01
3.966161e+02
2.005417e+01
3.203163e+02
-5.250097e+02
1.589763e+02
3.717022e+02
-3.614917e+01
-8.674037e+01
-1.193834e+02
-2.319718e+01
-4.770993e+02
-2.046111e+02
-2.532250e+02
2.957955e+01
6.618688e+02
1.321164e+02
-8.423122e+01
-3.328505e+02
1.473646e+02
-3.064836e+01
-2.718006e+02
8.894896e+01
3.219798e+01
-3.749517e+02
-4.203156e+02
1.914193e+01
5.815290e+01
6.765775e+01
-2.832123e+02
1.118242e+02
1.363255e+02
3.181117e+01
3.152510e+01
-1.372077e+02
1.150727e+01
-3.016613e+02
-9.353352e+01
-9.720324e+01
1.818788e+02
-1.458199e+02
-1.752426e+02
-2.764336e+01
3.161604e+01
6.021299e+01
8.862548e-01
6.068177e+01
-1.265469e+02
9.760919e+01
5.567136e+01
-1.762528e+02
5.019754e+01
-7.529595e+01
1.049643e+01
2.102557e+01
-2.870832e+01
-1.143695e+01
-1.091070e+02
-1.175763e+01
8.562325e+01
-6.139239e+01
-7.477650e+01
9.400594e+01
8.145033e+00
3.414623e+01
-3.374084e+01
5.434277e+01
-6.584100e+01
1.064114e+02
8.432652e+01
-5.037317e+01
-5.971347e+01
-8.100240e+00
-1.829365e+00
2.974796e+01
8.687292e+01
-9.279094e+00
-6.788023e+00
-5.003182e-02
-1.011029e+00
2.626833e-01
-2.178638e-01
1.195828e-02
2.245576e-01
-9.044243e-02
-2.854454e-01
-1.230285e-01
5.597162e-01
7.433666e-02
6.791370e-01
4.363149e-02
-9.173577e-02
-1.226760e-01
-1.490350e-01
-1.579460e-02
6.250968e-02
4.720129e-02
1.639146e-01
1.407282e-03
8.357988e-02
-7.767508e-03
4.504284e-03
5.916112e-02
2.190037e-02
-6.134605e-02
1.330881e-01
1.948811e-03
