-4.370995e-01
-1.189555e+00
5.388508e-01
5.489778e+01
1.868929e+02
-1.390269e+01
3.238920e-04
-4.876638e+05
3.745773e+05
1.559370e+05
-2.910901e+05
2.384241e+05
2.812236e+04
-3.647133e+05
2.482814e+05
-3.197580e+05
-3.054992e+04
-2.747538e+05
-3.148724e+03
-1.544893e+05
-4.661006e+04
6.034600e+04
7.443660e+04
3.493002e+04
6.178542e+03
-4.674139e+04
5.221582e+04
-8.767041e+04
-4.866700e+03
-9.051925e+03
3.904710e+03
3.074656e+04
1.910961e+04
-6.343486e+03
3.111623e+04
-6.024572e+02
2.099121e+04
9.803064e+03
-5.298304e+04
1.614795e+04
1.025374e+04
-1.293079e+04
8.411577e+03
-1.673193e+04
8.276699e+03
6.630435e+03
1.439552e+04
-1.815998e+04
2.704374e+03
-6.200385e+03
1.490489e+04
-1.057400e+04
1.276549e+04
3.143908e+03
-1.338525e+04
-1.148433e+03
6.251001e+02
2.327082e+03
-3.706489e+03
-2.162184e+03
-5.478617e+03
3.438494e+01
1.092303e+04
3.327248e+03
2.501608e+03
3.042361e+03
1.382679e+02
1.219442e+04
-3.137691e+03
-4.581580e+02
6.887957e+03
6.532159e+03
4.078558e+03
-3.042393e+03
-2.605444e+03
-1.978911e+03
-7.687102e+02
3.336599e+02
-5.718184e+03
-3.801797e+03
-1.649100e+03
-3.639582e+03
-3.045866e+03
-6.468851e+01
2.778706e+03
1.374705e+03
-1.753691e+03
-5.382880e+02
7.388461e+01
2.175227e+03
1.726923e+03
-5.781428e+02
2.496466e+02
2.145328e+03
-2.355330e+03
1.288225e+03
2.668455e+03
4.650823e+02
-1.234117e+03
-1.809905e+03
-1.980946e+03
-1.915018e+03
3.982816e+01
6.311381e+02
2.028441e+02
-5.818969e+02
-6.353063e+01
1.904940e+03
8.289583e+02
1.226122e+03
7.240475e+02
4.684846e+02
-6.605176e+02
1.091954e+02
-1.638639e+02
-9.329163e+02
-1.225251e+03
1.627519e+02
-9.965954e+02
1.249989e+03
-5.735156e+02
5.913552e+02
-1.079346e+03
1.124930e+02
3.782072e+02
1.714052e+02
-5.720123e+02
1.566276e+02
-2.943811e+01
-4.722307e+02
1.353092e+02
1.132829e+02
1.910334e+02
4.126073e+02
-5.951223e+02
-3.813483e+02
5.327553e+02
-3.390000e+01
-6.440947e+01
2.230304e+02
-8.191495e+01
-7.225533e+02
-2.425795e+01
-5.148583e+01
-2.448442e+02
4.035439e+02
-1.705188e+02
3.571675e+01
-8.998538e+00
2.123154e+02
4.301156e+02
1.503313e+02
-1.375737e+02
6.494733e+01
1.541482e+02
1.067459e+02
-8.179059e+01
4.117551e+01
1.268410e+01
2.857322e+02
-4.030971e+01
-4.273965e+01
-6.056370e+01
1.128886e+02
-3.445953e+01
-3.040763e+01
-5.564016e+01
8.688461e+01
-1.632848e+02
-1.717622e+02
-2.051526e+01
1.563035e+02
3.367915e+01
1.093557e+02
-1.680161e+02
1.690208e+01
4.800904e+01
8.916098e+01
5.334433e+01
-2.238783e+01
1.596839e+02
-1.242216e+02
-4.883392e+01
7.484608e+01
3.344753e+00
3.438776e+01
1.201794e+02
1.146963e+02
-1.110129e+02
-8.336341e+01
-5.190314e+01
5.472696e+01
7.942495e+01
2.284023e+01
-7.302502e+01
-8.540747e+00
-3.850459e+01
2.681597e+01
-2.014452e+01
5.401240e+01
6.241094e+01
-3.378918e+01
9.872620e+00
-1.004391e+02
1.080036e+01
1.068303e+01
-2.525389e+00
-7.475623e-01
-1.741749e-01
-1.661413e+00
-1.680307e-01
-1.809197e-01
-8.317400e-01
-7.314656e-01
1.192442e-01
-5.843623e-01
9.387653e-01
-1.858937e-01
5.767289e-01
3.303148e-02
1.587154e-01
5.938641e-01
1.181129e-01
-6.599425e-02
-1.402548e-01
-6.907802e-02
-3.823886e-01
-8.359761e-02
-1.875979e-01
-2.243671e-01
-6.881601e-02
-2.027474e-01
1.709974e-01
1.201348e-01
-2.221943e-02
