-4.566641e-01
-4.149280e-01
2.403044e-01
5.632000e+01
2.158382e+02
-2.378259e+01
3.490059e-04
7.728507e+04
2.876623e+05
-3.625552e+05
-2.192308e+05
1.311260e+04
1.162794e+05
1.122341e+05
2.980774e+04
7.804542e+04
-7.843926e+04
3.083075e+04
7.111639e+04
1.198943e+05
4.077665e+04
1.077609e+05
2.836609e+04
1.556168e+04
4.407053e+04
5.206936e+04
-8.611894e+03
-1.280333e+04
-1.074203e+04
-4.425824e+03
3.769364e+04
-8.964829e+03
-1.820961e+04
1.310906e+04
-4.905993e+03
-9.284448e+03
-7.981988e+03
-1.951718e+04
3.891907e+04
-1.395803e+03
-6.694826e+03
-9.965496e+03
-8.515090e+03
-1.368361e+04
5.996571e+03
-5.448353e+03
1.422954e+04
1.026864e+04
1.726164e+03
3.470434e+03
-4.737811e+03
1.284366e+04
-2.054147e+03
1.704431e+04
1.169978e+04
5.090577e+03
5.560532e+03
3.792369e+03
-1.452337e+03
2.950045e+03
1.836054e+03
2.009295e+03
-1.464578e+03
-1.833977e+03
7.108933e+01
9.198332e+02
-2.920632e+03
-4.126506e+03
3.163745e+03
1.399580e+03
-2.481995e+03
-1.047693e+03
1.148589e+03
2.622139e+03
-3.585620e+02
-2.898974e+03
-1.465721e+03
1.487147e+03
-3.203064e+03
-5.985018e+02
1.419118e+03
-1.179611e+03
1.077483e+03
-2.502330e+02
4.681741e+02
6.978078e+02
-3.235964e+03
1.693655e+03
6.330167e+02
3.724224e+02
2.152275e+02
1.638357e+03
-3.123181e+02
-9.750668e+02
-5.829905e+02
6.488836e+02
9.073928e+02
4.388418e+02
-9.801183e+02
7.014223e+01
-1.769432e+03
-3.477642e+02
1.283651e+03
4.072734e+02
-9.996389e+02
-4.199384e+02
-4.307155e+02
2.343772e+03
2.278300e+02
1.327712e+03
7.465659e+02
-1.135098e+03
-9.664093e+02
-1.962146e+02
3.985322e+02
2.322625e+02
4.052907e+02
-6.065558e+02
-7.564445e+02
4.596877e+02
1.533066e+02
3.505966e+02
4.176017e+02
-4.554276e+02
-3.872255e+02
-8.382108e+01
2.349426e+02
-1.075042e+02
8.396857e+01
3.965228e+02
2.017295e+01
3.204644e+02
-5.252341e+02
1.590042e+02
3.718910e+02
-3.604718e+01
-8.675079e+01
-1.193751e+02
-2.296618e+01
-4.771651e+02
-2.046620e+02
-2.535356e+02
2.966804e+01
6.618701e+02
1.321580e+02
-8.410417e+01
-3.329398e+02
1.474436e+02
-3.055979e+01
-2.717829e+02
8.903723e+01
3.227607e+01
-3.750020e+02
-4.202628e+02
1.932563e+01
5.820477e+01
6.765914e+01
-2.831495e+02
1.117951e+02
1.364123e+02
3.183490e+01
3.155509e+01
-1.372006e+02
1.152462e+01
-3.016625e+02
-9.351717e+01
-9.712730e+01
1.818340e+02
-1.457467e+02
-1.752709e+02
-2.763651e+01
3.156567e+01
6.018902e+01
8.825575e-01
6.068569e+01
-1.264766e+02
9.763057e+01
5.568721e+01
-1.762108e+02
5.023512e+01
-7.534560e+01
1.050936e+01
2.101013e+01
-2.873382e+01
-1.143610e+01
-1.091245e+02
-1.177754e+01
8.557399e+01
-6.143836e+01
-7.478916e+01
9.398316e+01
8.158355e+00
3.422425e+01
-3.372564e+01
5.435720e+01
-6.584586e+01
1.064272e+02
8.432788e+01
-5.039184e+01
-5.970770e+01
-8.117667e+00
-1.854176e+00
2.971290e+01
8.686626e+01
-9.269855e+00
-6.790146e+00
-5.020840e-02
-1.010989e+00
2.623364e-01
-2.179301e-01
1.209321e-02
2.246109e-01
-9.055898e-02
-2.854674e-01
-1.230559e-01
5.597087e-01
7.436243e-02
6.791246e-01
4.367976e-02
-9.171366e-02
-1.226406e-01
-1.489991e-01
-1.578760e-02
6.249782e-02
4.720174e-02
1.639465e-01
1.384851e-03
8.360036e-02
-7.717213e-03
4.642623e-03
5.918909e-02
2.184783e-02
-6.146331e-02
1.330925e-01
1.906767e-03
