-2.256983e-01
-9.494973e-01
8.089170e-01
5.205333e+01
1.731559e+02
-2.115788e+01
3.311520e-04
-2.359845e+05
-8.473628e+04
-9.165459e+03
9.611436e+04
2.022952e+05
-5.472778e+04
-1.078384e+05
-5.155670e+04
-1.479508e+05
-5.501297e+03
-1.508338e+05
7.839057e+04
-9.893896e+04
-2.924164e+04
2.460396e+04
-5.497413e+03
1.098633e+04
4.440869e+04
-1.568465e+04
-2.567283e+04
-2.917952e+03
-2.343813e+04
-1.751538e+04
-2.139992e+04
6.197261e+04
-7.417899e+02
-2.636964e+04
3.618183e+04
1.346567e+04
2.730582e+04
-1.242492e+04
-8.337984e+03
2.550592e+03
-2.320159e+04
-2.698070e+04
-5.344757e+03
-9.601792e+03
5.791584e+01
9.326963e+03
5.677556e+02
-6.710663e+03
-6.365754e+03
3.680209e+02
-1.995009e+03
-5.099521e+02
7.793208e+03
4.564576e+03
-8.285897e+03
4.797799e+03
3.510810e+03
6.668416e+03
2.976621e+01
-8.508035e+03
-6.264266e+03
-6.793325e+02
3.452833e+03
1.243455e+02
2.306632e+03
2.619793e+03
7.876505e+03
6.305533e+03
-3.620747e+03
1.979970e+03
4.405369e+03
8.245576e+02
9.277908e+02
-5.269019e+02
-2.328034e+02
8.008200e+02
-4.222634e+02
-2.880298e+02
-4.481964e+03
-9.273724e+02
-7.597968e+02
1.058841e+03
-1.814227e+03
9.803305e+02
5.453629e+03
1.341574e+02
-2.114539e+03
3.123608e+02
-4.787964e+02
1.044846e+03
-6.751012e+01
4.341620e+02
1.200059e+03
2.312991e+03
-2.201354e+03
1.216124e+03
1.779733e+03
1.510520e+03
7.590746e+01
-1.241057e+03
-1.300727e+03
-4.443630e+02
-3.145382e+02
-7.965444e+02
1.362939e+03
-5.224100e+01
-8.728616e+00
7.463010e+02
6.497330e+02
1.760090e+03
-4.829344e+02
1.726081e+03
-1.797997e+02
6.194978e+02
-5.825944e+01
-6.748984e+02
-5.231657e+01
-6.200901e+02
-6.493193e+02
5.179341e+02
-4.469453e+02
3.253840e+02
-6.164020e+02
5.697490e+01
6.104315e+02
-1.928857e+02
-4.096339e+02
-2.756745e+01
-1.907939e+02
-2.654069e+02
4.812113e+02
3.228673e+01
2.078795e+02
3.482949e+02
-7.631235e+02
-1.026090e+02
7.592925e+02
-3.587781e+02
7.385892e+00
3.885650e+02
-2.215009e+02
-3.611327e+02
1.193093e+02
1.928235e+02
-1.722610e+02
2.303625e+02
-6.335562e-01
-7.293002e+01
-1.306952e+01
2.719909e+02
7.074188e+01
1.707970e+02
3.465833e+02
-1.546068e+01
-2.158364e+02
3.600895e+01
3.305103e+01
5.369379e+01
-2.620375e+01
9.752542e+00
5.880963e+01
1.325096e+01
5.601437e+01
6.913052e+01
-4.123653e+01
-4.241656e+01
-3.951671e+00
1.073783e+02
1.080480e+00
9.596798e+01
9.066035e+01
8.790955e+00
7.201086e+01
6.099451e+01
-1.185548e+02
7.447739e+01
-3.540976e+01
1.100741e+02
9.363229e-01
5.474830e+01
7.040349e+01
-2.165494e+01
3.603503e+00
2.974079e+01
4.622203e+01
5.058955e+01
1.387772e+02
4.000141e+01
-7.993365e+01
2.172496e+01
1.203142e+01
2.080903e+01
1.782718e+01
9.153114e+00
-3.426677e+00
3.575291e+01
-5.207928e+01
5.494925e+00
-1.963922e+01
6.099498e+01
2.793134e+00
-7.952505e+01
4.582190e+01
-1.684318e+01
2.349928e+01
2.993223e+01
-3.041786e+00
9.971401e-01
-9.735078e-01
1.113281e+00
-6.700957e-02
-1.526364e-01
-3.887319e-01
-1.228415e+00
2.461091e-02
-5.254671e-01
4.507583e-02
-3.163300e-01
3.566623e-01
2.800775e-01
4.199362e-03
4.377969e-02
3.756584e-02
-5.380555e-02
-6.513658e-02
-3.422483e-02
-1.591358e-01
1.431060e-01
8.857820e-03
-2.066546e-01
-2.395862e-02
-2.815427e-02
1.306240e-01
-2.929568e-02
-1.134005e-01
